-4 -4 2 1
-4 -3.57895 2 1
-4 -3.15789 2 1
-4 -2.73684 2 1
-4 -2.31579 2 1
-4 -1.89474 2 1
-4 -1.47368 2 1
-4 -1.05263 2 1
-4 -0.631579 2 1
-4 -0.210526 2 1
-4 0.210526 2 1
-4 0.631579 2 1
-4 1.05263 2 1
-4 1.47368 2 1
-4 1.89474 2 1
-4 2.31579 2 1
-4 2.73684 2 1
-4 3.15789 2 1
-4 3.57895 2 1
-4 4 2 1
4 -4 2 1
4 -3.57895 2 1
4 -3.15789 2 1
4 -2.73684 2 1
4 -2.31579 2 1
4 -1.89474 2 1
4 -1.47368 2 1
4 -1.05263 2 1
4 -0.631579 2 1
4 -0.210526 2 1
4 0.210526 2 1
4 0.631579 2 1
4 1.05263 2 1
4 1.47368 2 1
4 1.89474 2 1
4 2.31579 2 1
4 2.73684 2 1
4 3.15789 2 1
4 3.57895 2 1
4 4 2 1
-4 -4 2 1
-3.57895 -4 2 1
-3.15789 -4 2 1
-2.73684 -4 2 1
-2.31579 -4 2 1
-1.89474 -4 2 1
-1.47368 -4 2 1
-1.05263 -4 2 1
-0.631579 -4 2 1
-0.210526 -4 2 1
0.210526 -4 2 1
0.631579 -4 2 1
1.05263 -4 2 1
1.47368 -4 2 1
1.89474 -4 2 1
2.31579 -4 2 1
2.73684 -4 2 1
3.15789 -4 2 1
3.57895 -4 2 1
4 -4 2 1
-4 4 2 1
-3.57895 4 2 1
-3.15789 4 2 1
-2.73684 4 2 1
-2.31579 4 2 1
-1.89474 4 2 1
-1.47368 4 2 1
-1.05263 4 2 1
-0.631579 4 2 1
-0.210526 4 2 1
0.210526 4 2 1
0.631579 4 2 1
1.05263 4 2 1
1.47368 4 2 1
1.89474 4 2 1
2.31579 4 2 1
2.73684 4 2 1
3.15789 4 2 1
3.57895 4 2 1
4 4 2 1
-4 -4 6 1
-4 -3.57895 6 1
-4 -3.15789 6 1
-4 -2.73684 6 1
-4 -2.31579 6 1
-4 -1.89474 6 1
-4 -1.47368 6 1
-4 -1.05263 6 1
-4 -0.631579 6 1
-4 -0.210526 6 1
-4 0.210526 6 1
-4 0.631579 6 1
-4 1.05263 6 1
-4 1.47368 6 1
-4 1.89474 6 1
-4 2.31579 6 1
-4 2.73684 6 1
-4 3.15789 6 1
-4 3.57895 6 1
-4 4 6 1
4 -4 6 1
4 -3.57895 6 1
4 -3.15789 6 1
4 -2.73684 6 1
4 -2.31579 6 1
4 -1.89474 6 1
4 -1.47368 6 1
4 -1.05263 6 1
4 -0.631579 6 1
4 -0.210526 6 1
4 0.210526 6 1
4 0.631579 6 1
4 1.05263 6 1
4 1.47368 6 1
4 1.89474 6 1
4 2.31579 6 1
4 2.73684 6 1
4 3.15789 6 1
4 3.57895 6 1
4 4 6 1
-4 -4 6 1
-3.57895 -4 6 1
-3.15789 -4 6 1
-2.73684 -4 6 1
-2.31579 -4 6 1
-1.89474 -4 6 1
-1.47368 -4 6 1
-1.05263 -4 6 1
-0.631579 -4 6 1
-0.210526 -4 6 1
0.210526 -4 6 1
0.631579 -4 6 1
1.05263 -4 6 1
1.47368 -4 6 1
1.89474 -4 6 1
2.31579 -4 6 1
2.73684 -4 6 1
3.15789 -4 6 1
3.57895 -4 6 1
4 -4 6 1
-4 4 6 1
-3.57895 4 6 1
-3.15789 4 6 1
-2.73684 4 6 1
-2.31579 4 6 1
-1.89474 4 6 1
-1.47368 4 6 1
-1.05263 4 6 1
-0.631579 4 6 1
-0.210526 4 6 1
0.210526 4 6 1
0.631579 4 6 1
1.05263 4 6 1
1.47368 4 6 1
1.89474 4 6 1
2.31579 4 6 1
2.73684 4 6 1
3.15789 4 6 1
3.57895 4 6 1
4 4 6 1
