0 0.474386 0.524365 -0.474386 -0.524365 1.55 0.0368052 2.03384 -0.148315 0.0942264 0.305346 -1.92855 0.393224 9.62281 
0.0333333 0.478727 0.52507 -0.470074 -0.523597 1.54975 0.0582745 2.13804 -0.148315 0.0942264 0.305346 -1.92855 0.393224 9.62281 
0.0666667 0.483095 0.525714 -0.465793 -0.522763 1.54934 0.0797459 2.24108 -0.148315 0.0942264 0.305346 -1.92855 0.393224 9.62281 
0.1 0.487487 0.526301 -0.461546 -0.521861 1.54874 0.101217 2.34184 -0.148315 0.0942264 0.305346 -1.92855 0.393224 9.62281 
0.133333 0.491902 0.526833 -0.457334 -0.520888 1.54798 0.122685 2.43921 -0.148315 0.0942264 0.305346 -1.92855 0.393224 9.62281 
0.166667 0.496337 0.527314 -0.45316 -0.519843 1.54704 0.144147 2.53212 -0.148315 0.0942264 0.305346 -1.92855 0.393224 9.62281 
0.2 0.500789 0.527745 -0.449025 -0.518721 1.54593 0.165602 2.61954 -0.148315 0.0942264 0.305346 -1.92855 0.393224 9.62281 
0.233333 0.505256 0.528132 -0.44493 -0.517523 1.54464 0.187046 2.70053 -0.148315 0.0942264 0.305346 -1.92855 0.393224 9.62281 
0.266667 0.509736 0.528475 -0.440879 -0.516245 1.54317 0.208477 2.77418 -0.148315 0.0942264 0.305346 -1.92855 0.393224 9.62281 
0.3 0.514225 0.52878 -0.436872 -0.514886 1.54154 0.229893 2.83968 -0.148315 0.0942264 0.305346 -1.92855 0.393224 9.62281 
0.333333 0.518721 0.529048 -0.432911 -0.513444 1.53972 0.25129 2.89632 -0.148315 0.0942264 0.305346 -1.92855 0.393224 9.62281 
0.366667 0.523221 0.529284 -0.428998 -0.511917 1.53774 0.272667 2.94348 -0.148315 0.0942264 0.305346 -1.92855 0.393224 9.62281 
0.4 0.527723 0.52949 -0.425133 -0.510305 1.53557 0.29402 2.98062 -0.148315 0.0942264 0.305346 -1.92855 0.393224 9.62281 
0.433333 0.532224 0.52967 -0.421318 -0.508604 1.53323 0.315347 3.00734 -0.148315 0.0942264 0.305346 -1.92855 0.393224 9.62281 
0.466667 0.536721 0.529827 -0.417555 -0.506815 1.53072 0.336646 3.02334 -0.148315 0.0942264 0.305346 -1.92855 0.393224 9.62281 
0.5 0.541211 0.529966 -0.413845 -0.504936 1.52803 0.357913 3.02845 -0.148315 0.0942264 0.305346 -1.92855 0.393224 9.62281 
0.533333 0.545691 0.530088 -0.410188 -0.502966 1.52516 0.379147 3.0226 -0.148315 0.0942264 0.305346 -1.92855 0.393224 9.62281 
0.566667 0.550158 0.530198 -0.406585 -0.500904 1.52212 0.400344 3.00586 -0.148315 0.0942264 0.305346 -1.92855 0.393224 9.62281 
0.6 0.55461 0.530298 -0.403038 -0.49875 1.5189 0.421501 2.97841 -0.148315 0.0942264 0.305346 -1.92855 0.393224 9.62281 
0.633333 0.559044 0.530393 -0.399547 -0.496503 1.51551 0.442617 2.94053 -0.148315 0.0942264 0.305346 -1.92855 0.393224 9.62281 
0.666667 0.563456 0.530486 -0.396112 -0.494162 1.51194 0.463689 2.89265 -0.148315 0.0942264 0.305346 -1.92855 0.393224 9.62281 
0.7 0.567844 0.53058 -0.392736 -0.491728 1.5082 0.484713 2.83529 -0.148315 0.0942264 0.305346 -1.92855 0.393224 9.62281 
0.733334 0.572205 0.530678 -0.389417 -0.4892 1.50428 0.505687 2.76906 -0.148315 0.0942264 0.305346 -1.92855 0.393224 9.62281 
0.766667 0.576536 0.530784 -0.386157 -0.486578 1.5002 0.526609 2.6947 -0.148315 0.0942264 0.305346 -1.92855 0.393224 9.62281 
0.8 0.580833 0.530901 -0.382955 -0.483862 1.49593 0.547476 2.61301 -0.148315 0.0942264 0.305346 -1.92855 0.393224 9.62281 
0.833334 0.585095 0.531032 -0.379813 -0.481053 1.4915 0.568286 2.52489 -0.148315 0.0942264 0.305346 -1.92855 0.393224 9.62281 
0.866667 0.589318 0.53118 -0.376729 -0.47815 1.48689 0.589035 2.43129 -0.148315 0.0942264 0.305346 -1.92855 0.393224 9.62281 
0.9 0.593498 0.531349 -0.373705 -0.475155 1.48211 0.609721 2.33324 -0.148315 0.0942264 0.305346 -1.92855 0.393224 9.62281 
0.933334 0.597635 0.531542 -0.37074 -0.472068 1.47716 0.630341 2.23182 -0.148315 0.0942264 0.305346 -1.92855 0.393224 9.62281 
0.966667 0.601723 0.531761 -0.367834 -0.46889 1.47203 0.650893 2.12812 -0.148315 0.0942264 0.305346 -1.92855 0.393224 9.62281 
1 0.605762 0.53201 -0.364986 -0.465621 1.46674 0.671375 2.02329 -0.148315 0.0942264 0.305346 -1.92855 0.393224 9.62281 
1.03333 0.609747 0.532291 -0.362198 -0.462264 1.46128 0.691783 1.91846 -0.148315 0.0942264 0.305346 -1.92855 0.393224 9.62281 
1.06667 0.613676 0.532607 -0.359467 -0.458818 1.45565 0.712116 1.81478 -0.148315 0.0942264 0.305346 -1.92855 0.393224 9.62281 
1.1 0.617547 0.532962 -0.356794 -0.455286 1.44985 0.73237 1.7134 -0.148315 0.0942264 0.305346 -1.92855 0.393224 9.62281 
1.13333 0.621357 0.533357 -0.354178 -0.451668 1.44388 0.752543 1.6154 -0.148315 0.0942264 0.305346 -1.92855 0.393224 9.62281 
1.16667 0.625102 0.533795 -0.351619 -0.447967 1.43775 0.772633 1.52187 -0.148315 0.0942264 0.305346 -1.92855 0.393224 9.62281 
1.2 0.628782 0.534279 -0.349115 -0.444183 1.43145 0.792637 1.43383 -0.148315 0.0942264 0.305346 -1.92855 0.393224 9.62281 
1.23333 0.632392 0.53481 -0.346666 -0.440319 1.42499 0.812553 1.35224 -0.148315 0.0942264 0.305346 -1.92855 0.393224 9.62281 
1.26667 0.635932 0.535392 -0.344271 -0.436376 1.41836 0.832377 1.27799 -0.148315 0.0942264 0.305346 -1.92855 0.393224 9.62281 
1.3 0.639397 0.536026 -0.341929 -0.432356 1.41157 0.852109 1.21189 -0.148315 0.0942264 0.305346 -1.92855 0.393224 9.62281 
1.33333 0.642786 0.536715 -0.339639 -0.428262 1.40462 0.871745 1.15467 -0.148315 0.0942264 0.305346 -1.92855 0.393224 9.62281 
1.36667 0.646097 0.537459 -0.3374 -0.424096 1.3975 0.891282 1.10694 -0.148315 0.0942264 0.305346 -1.92855 0.393224 9.62281 
1.4 0.649328 0.538262 -0.335209 -0.419859 1.39023 0.910719 1.06923 -0.148315 0.0942264 0.305346 -1.92855 0.393224 9.62281 
1.43333 0.652476 0.539125 -0.333067 -0.415554 1.3828 0.930054 1.04196 -0.148315 0.0942264 0.305346 -1.92855 0.393224 9.62281 
1.46667 0.655539 0.54005 -0.330972 -0.411184 1.37521 0.949283 1.02541 -0.148315 0.0942264 0.305346 -1.92855 0.393224 9.62281 
1.5 0.658516 0.541037 -0.328922 -0.40675 1.36746 0.968405 1.01977 -0.148315 0.0942264 0.305346 -1.92855 0.393224 9.62281 
1.53333 0.661405 0.542089 -0.326915 -0.402256 1.35956 0.987417 1.0251 -0.148315 0.0942264 0.305346 -1.92855 0.393224 9.62281 
1.56667 0.664203 0.543207 -0.32495 -0.397704 1.3515 1.00632 1.04134 -0.148315 0.0942264 0.305346 -1.92855 0.393224 9.62281 
1.6 0.66691 0.544391 -0.323026 -0.393096 1.34329 1.0251 1.0683 -0.148315 0.0942264 0.305346 -1.92855 0.393224 9.62281 
1.63333 0.669523 0.545643 -0.32114 -0.388436 1.33493 1.04377 1.1057 -0.148315 0.0942264 0.305346 -1.92855 0.393224 9.62281 
1.66667 0.672041 0.546964 -0.31929 -0.383726 1.32641 1.06232 1.15312 -0.148315 0.0942264 0.305346 -1.92855 0.393224 9.62281 
1.7 0.674463 0.548354 -0.317475 -0.378969 1.31775 1.08075 1.21003 -0.148315 0.0942264 0.305346 -1.92855 0.393224 9.62281 
1.73333 0.676787 0.549814 -0.315692 -0.374168 1.30894 1.09906 1.27583 -0.148315 0.0942264 0.305346 -1.92855 0.393224 9.62281 
1.76667 0.679013 0.551345 -0.313941 -0.369326 1.29998 1.11724 1.34978 -0.148315 0.0942264 0.305346 -1.92855 0.393224 9.62281 
1.8 0.681139 0.552947 -0.312217 -0.364445 1.29087 1.13529 1.43107 -0.148315 0.0942264 0.305346 -1.92855 0.393224 9.62281 
1.83333 0.683164 0.55462 -0.31052 -0.359529 1.28162 1.15322 1.51882 -0.148315 0.0942264 0.305346 -1.92855 0.393224 9.62281 
1.86667 0.685088 0.556365 -0.308846 -0.354581 1.27222 1.17101 1.61205 -0.148315 0.0942264 0.305346 -1.92855 0.393224 9.62281 
1.9 0.686909 0.558181 -0.307194 -0.349603 1.26268 1.18867 1.70975 -0.148315 0.0942264 0.305346 -1.92855 0.393224 9.62281 
1.93333 0.688627 0.560068 -0.305562 -0.344599 1.253 1.20619 1.81086 -0.148315 0.0942264 0.305346 -1.92855 0.393224 9.62281 
1.96667 0.690243 0.562026 -0.303946 -0.339571 1.24319 1.22358 1.91425 -0.148315 0.0942264 0.305346 -1.92855 0.393224 9.62281 
2 0.691754 0.564055 -0.302345 -0.334524 1.23323 1.24083 2.0188 -0.148315 0.0942264 0.305346 -1.92855 0.393224 9.62281 
2.03333 0.693161 0.566155 -0.300755 -0.329459 1.22313 1.25793 2.12336 -0.148315 0.0942264 0.305346 -1.92855 0.393224 9.62281 
2.06667 0.694464 0.568324 -0.299175 -0.324379 1.2129 1.27489 2.22679 -0.148315 0.0942264 0.305346 -1.92855 0.393224 9.62281 
2.1 0.695663 0.570562 -0.297602 -0.319289 1.20253 1.29171 2.32795 -0.148315 0.0942264 0.305346 -1.92855 0.393224 9.62281 
2.13333 0.696758 0.572868 -0.296032 -0.31419 1.19203 1.30838 2.42574 -0.148315 0.0942264 0.305346 -1.92855 0.393224 9.62281 
2.16667 0.697749 0.575241 -0.294465 -0.309086 1.1814 1.32489 2.51909 -0.148315 0.0942264 0.305346 -1.92855 0.393224 9.62281 
2.2 0.698637 0.57768 -0.292896 -0.30398 1.17064 1.34126 2.60697 -0.148315 0.0942264 0.305346 -1.92855 0.393224 9.62281 
2.23333 0.699422 0.580184 -0.291323 -0.298875 1.15975 1.35748 2.68842 -0.148315 0.0942264 0.305346 -1.92855 0.393224 9.62281 
2.26667 0.700105 0.582752 -0.289743 -0.293773 1.14873 1.37354 2.76255 -0.148315 0.0942264 0.305346 -1.92855 0.393224 9.62281 
2.3 0.700685 0.585382 -0.288155 -0.288677 1.13758 1.38944 2.82855 -0.148315 0.0942264 0.305346 -1.92855 0.393224 9.62281 
2.33333 0.701166 0.588073 -0.286554 -0.28359 1.12631 1.40518 2.8857 -0.148315 0.0942264 0.305346 -1.92855 0.393224 9.62281 
2.36667 0.701546 0.590823 -0.284939 -0.278516 1.11491 1.42077 2.93337 -0.148315 0.0942264 0.305346 -1.92855 0.393224 9.62281 
2.4 0.701828 0.59363 -0.283306 -0.273456 1.1034 1.43619 2.97105 -0.148315 0.0942264 0.305346 -1.92855 0.393224 9.62281 
2.43333 0.702013 0.596493 -0.281653 -0.268413 1.09176 1.45144 2.99831 -0.148315 0.0942264 0.305346 -1.92855 0.393224 9.62281 
2.46667 0.702102 0.599409 -0.279977 -0.26339 1.08 1.46654 3.01487 -0.148315 0.0942264 0.305346 -1.92855 0.393224 9.62281 
2.5 0.702096 0.602377 -0.278275 -0.258389 1.06813 1.48146 3.02054 -0.148315 0.0942264 0.305346 -1.92855 0.393224 9.62281 
2.53333 0.701998 0.605395 -0.276545 -0.253414 1.05613 1.49622 3.01527 -0.148315 0.0942264 0.305346 -1.92855 0.393224 9.62281 
2.56667 0.701809 0.60846 -0.274784 -0.248465 1.04403 1.5108 2.99911 -0.148315 0.0942264 0.305346 -1.92855 0.393224 9.62281 
2.6 0.70153 0.61157 -0.27299 -0.243546 1.03181 1.52522 2.97224 -0.148315 0.0942264 0.305346 -1.92855 0.393224 9.62281 
2.63333 0.701164 0.614722 -0.271159 -0.238659 1.01948 1.53946 2.93496 -0.148315 0.0942264 0.305346 -1.92855 0.393224 9.62281 
2.66667 0.700713 0.617915 -0.26929 -0.233806 1.00703 1.55352 2.88768 -0.148315 0.0942264 0.305346 -1.92855 0.393224 9.62281 
2.7 0.700179 0.621146 -0.267379 -0.228989 0.994482 1.56741 2.83092 -0.148315 0.0942264 0.305346 -1.92855 0.393224 9.62281 
2.73333 0.699564 0.624412 -0.265425 -0.22421 0.981824 1.58112 2.76531 -0.148315 0.0942264 0.305346 -1.92855 0.393224 9.62281 
2.76667 0.698871 0.62771 -0.263424 -0.219471 0.96906 1.59465 2.69156 -0.148315 0.0942264 0.305346 -1.92855 0.393224 9.62281 
2.8 0.698102 0.631038 -0.261375 -0.214774 0.956191 1.60799 2.61049 -0.148315 0.0942264 0.305346 -1.92855 0.393224 9.62281 
2.83333 0.69726 0.634393 -0.259276 -0.21012 0.943221 1.62116 2.52298 -0.148315 0.0942264 0.305346 -1.92855 0.393224 9.62281 
2.86667 0.696347 0.637772 -0.257123 -0.205512 0.930149 1.63414 2.43001 -0.148315 0.0942264 0.305346 -1.92855 0.393224 9.62281 
2.9 0.695367 0.641173 -0.254915 -0.20095 0.916978 1.64694 2.33258 -0.148315 0.0942264 0.305346 -1.92855 0.393224 9.62281 
2.93333 0.694322 0.644591 -0.25265 -0.196436 0.903709 1.65955 2.23178 -0.148315 0.0942264 0.305346 -1.92855 0.393224 9.62281 
2.96667 0.693215 0.648025 -0.250326 -0.191971 0.890344 1.67197 2.1287 -0.148315 0.0942264 0.305346 -1.92855 0.393224 9.62281 
3 0.692049 0.651471 -0.247941 -0.187557 0.876885 1.6842 2.02448 -0.148315 0.0942264 0.305346 -1.92855 0.393224 9.62281 
3.03333 0.690828 0.654927 -0.245493 -0.183196 0.863332 1.69624 1.92027 -0.148315 0.0942264 0.305346 -1.92855 0.393224 9.62281 
3.06667 0.689554 0.658388 -0.242981 -0.178886 0.849689 1.70809 1.81721 -0.148315 0.0942264 0.305346 -1.92855 0.393224 9.62281 
3.1 0.688231 0.661853 -0.240402 -0.174631 0.835957 1.71974 1.71643 -0.148315 0.0942264 0.305346 -1.92855 0.393224 9.62281 
3.13333 0.686862 0.665317 -0.237756 -0.170431 0.822136 1.73121 1.61904 -0.148315 0.0942264 0.305346 -1.92855 0.393224 9.62281 
3.16667 0.68545 0.668777 -0.23504 -0.166285 0.80823 1.74247 1.52611 -0.148315 0.0942264 0.305346 -1.92855 0.393224 9.62281 
3.2 0.683999 0.672231 -0.232254 -0.162196 0.794239 1.75354 1.43866 -0.148315 0.0942264 0.305346 -1.92855 0.393224 9.62281 
3.23333 0.682513 0.675676 -0.229397 -0.158164 0.780166 1.76441 1.35766 -0.148315 0.0942264 0.305346 -1.92855 0.393224 9.62281 
3.26666 0.680994 0.679107 -0.226467 -0.154188 0.766012 1.77509 1.28399 -0.148315 0.0942264 0.305346 -1.92855 0.393224 9.62281 
3.3 0.679446 0.682522 -0.223464 -0.15027 0.751778 1.78556 1.21846 -0.148315 0.0942264 0.305346 -1.92855 0.393224 9.62281 
3.33333 0.677873 0.685917 -0.220386 -0.146409 0.737468 1.79584 1.1618 -0.148315 0.0942264 0.305346 -1.92855 0.393224 9.62281 
3.36666 0.676279 0.689289 -0.217234 -0.142607 0.723082 1.80591 1.11463 -0.148315 0.0942264 0.305346 -1.92855 0.393224 9.62281 
3.4 0.674666 0.692636 -0.214005 -0.138861 0.708621 1.81578 1.07746 -0.148315 0.0942264 0.305346 -1.92855 0.393224 9.62281 
3.43333 0.673039 0.695953 -0.210701 -0.135174 0.694089 1.82545 1.05072 -0.148315 0.0942264 0.305346 -1.92855 0.393224 9.62281 
3.46666 0.671402 0.699238 -0.20732 -0.131544 0.679486 1.83491 1.0347 -0.148315 0.0942264 0.305346 -1.92855 0.393224 9.62281 
3.5 0.669757 0.702488 -0.203863 -0.127972 0.664815 1.84417 1.02957 -0.148315 0.0942264 0.305346 -1.92855 0.393224 9.62281 
3.53333 0.668108 0.705699 -0.200329 -0.124457 0.650077 1.85323 1.0354 -0.148315 0.0942264 0.305346 -1.92855 0.393224 9.62281 
3.56666 0.666459 0.708868 -0.196718 -0.120998 0.635274 1.86208 1.05212 -0.148315 0.0942264 0.305346 -1.92855 0.393224 9.62281 
3.6 0.664814 0.711992 -0.193031 -0.117595 0.620407 1.87072 1.07956 -0.148315 0.0942264 0.305346 -1.92855 0.393224 9.62281 
3.63333 0.663175 0.715069 -0.189268 -0.114248 0.605479 1.87916 1.11741 -0.148315 0.0942264 0.305346 -1.92855 0.393224 9.62281 
3.66666 0.661548 0.718094 -0.18543 -0.110956 0.590491 1.88738 1.16527 -0.148315 0.0942264 0.305346 -1.92855 0.393224 9.62281 
3.7 0.659934 0.721066 -0.181516 -0.107718 0.575445 1.8954 1.22262 -0.148315 0.0942264 0.305346 -1.92855 0.393224 9.62281 
3.73333 0.658337 0.723981 -0.177528 -0.104533 0.560343 1.90322 1.28883 -0.148315 0.0942264 0.305346 -1.92855 0.393224 9.62281 
3.76666 0.656762 0.726836 -0.173467 -0.101401 0.545186 1.91082 1.36318 -0.148315 0.0942264 0.305346 -1.92855 0.393224 9.62281 
3.8 0.65521 0.729629 -0.169333 -0.09832 0.529976 1.91821 1.44486 -0.148315 0.0942264 0.305346 -1.92855 0.393224 9.62281 
3.83333 0.653686 0.732357 -0.165129 -0.0952895 0.514715 1.92539 1.53297 -0.148315 0.0942264 0.305346 -1.92855 0.393224 9.62281 
3.86666 0.652192 0.735018 -0.160853 -0.0923082 0.499404 1.93236 1.62656 -0.148315 0.0942264 0.305346 -1.92855 0.393224 9.62281 
3.9 0.650732 0.737607 -0.15651 -0.0893749 0.484046 1.93913 1.7246 -0.148315 0.0942264 0.305346 -1.92855 0.393224 9.62281 
3.93333 0.649309 0.740124 -0.152099 -0.0864886 0.468642 1.94568 1.82602 -0.148315 0.0942264 0.305346 -1.92855 0.393224 9.62281 
3.96666 0.647925 0.742565 -0.147622 -0.0836478 0.453194 1.95202 1.92971 -0.148315 0.0942264 0.305346 -1.92855 0.393224 9.62281 
4 0.646585 0.744929 -0.143081 -0.0808511 0.437703 1.95814 2.03454 -0.148315 0.0942264 0.305346 -1.92855 0.393224 9.62281 
4.03333 0.645289 0.747213 -0.138478 -0.0780973 0.422171 1.96406 2.13937 -0.148315 0.0942264 0.305346 -1.92855 0.393224 9.62281 
4.06666 0.644042 0.749414 -0.133815 -0.0753847 0.4066 1.96976 2.24305 -0.148315 0.0942264 0.305346 -1.92855 0.393224 9.62281 
4.1 0.642845 0.75153 -0.129093 -0.0727119 0.390991 1.97526 2.34444 -0.148315 0.0942264 0.305346 -1.92855 0.393224 9.62281 
4.13333 0.641702 0.75356 -0.124315 -0.0700773 0.375345 1.98054 2.44244 -0.148315 0.0942264 0.305346 -1.92855 0.393224 9.62281 
4.16666 0.640615 0.755502 -0.119483 -0.0674793 0.359666 1.9856 2.53598 -0.148315 0.0942264 0.305346 -1.92855 0.393224 9.62281 
4.2 0.639585 0.757353 -0.1146 -0.0649162 0.343953 1.99046 2.62403 -0.148315 0.0942264 0.305346 -1.92855 0.393224 9.62281 
4.23333 0.638616 0.759112 -0.109667 -0.0623863 0.32821 1.9951 2.70564 -0.148315 0.0942264 0.305346 -1.92855 0.393224 9.62281 
4.26666 0.637709 0.760777 -0.104688 -0.059888 0.312436 1.99953 2.7799 -0.148315 0.0942264 0.305346 -1.92855 0.393224 9.62281 
4.3 0.636866 0.762346 -0.0996642 -0.0574193 0.296634 2.00375 2.84602 -0.148315 0.0942264 0.305346 -1.92855 0.393224 9.62281 
4.33333 0.636089 0.763819 -0.0945989 -0.0549786 0.280806 2.00775 2.90327 -0.148315 0.0942264 0.305346 -1.92855 0.393224 9.62281 
4.36666 0.63538 0.765192 -0.0894947 -0.0525639 0.264953 2.01154 2.95102 -0.148315 0.0942264 0.305346 -1.92855 0.393224 9.62281 
4.4 0.634741 0.766467 -0.0843543 -0.0501734 0.249075 2.01512 2.98875 -0.148315 0.0942264 0.305346 -1.92855 0.393224 9.62281 
4.43333 0.634172 0.76764 -0.0791807 -0.0478052 0.233176 2.01849 3.01605 -0.148315 0.0942264 0.305346 -1.92855 0.393224 9.62281 
4.46666 0.633676 0.768711 -0.0739766 -0.0454573 0.217256 2.02164 3.03263 -0.148315 0.0942264 0.305346 -1.92855 0.393224 9.62281 
4.5 0.633252 0.769679 -0.0687451 -0.0431279 0.201317 2.02458 3.03831 -0.148315 0.0942264 0.305346 -1.92855 0.393224 9.62281 
4.53333 0.632904 0.770543 -0.063489 -0.0408149 0.185359 2.02731 3.03302 -0.148315 0.0942264 0.305346 -1.92855 0.393224 9.62281 
4.56666 0.63263 0.771302 -0.0582114 -0.0385163 0.169386 2.02982 3.01682 -0.148315 0.0942264 0.305346 -1.92855 0.393224 9.62281 
4.6 0.632433 0.771956 -0.0529154 -0.0362302 0.153397 2.03213 2.9899 -0.148315 0.0942264 0.305346 -1.92855 0.393224 9.62281 
4.63333 0.632312 0.772504 -0.047604 -0.0339545 0.137395 2.03421 2.95255 -0.148315 0.0942264 0.305346 -1.92855 0.393224 9.62281 
4.66666 0.632269 0.772945 -0.0422803 -0.0316873 0.121381 2.03609 2.90518 -0.148315 0.0942264 0.305346 -1.92855 0.393224 9.62281 
4.7 0.632303 0.77328 -0.0369475 -0.0294263 0.105356 2.03775 2.84831 -0.148315 0.0942264 0.305346 -1.92855 0.393224 9.62281 
4.73333 0.632415 0.773508 -0.0316087 -0.0271697 0.0893217 2.0392 2.78257 -0.148315 0.0942264 0.305346 -1.92855 0.393224 9.62281 
4.76666 0.632605 0.773628 -0.026267 -0.0249152 0.0732792 2.04044 2.70867 -0.148315 0.0942264 0.305346 -1.92855 0.393224 9.62281 
4.8 0.632873 0.773641 -0.0209256 -0.0226609 0.0572299 2.04147 2.62744 -0.148315 0.0942264 0.305346 -1.92855 0.393224 9.62281 
4.83333 0.633218 0.773547 -0.0155876 -0.0204047 0.0411753 2.04228 2.53975 -0.148315 0.0942264 0.305346 -1.92855 0.393224 9.62281 
4.86666 0.633641 0.773347 -0.0102562 -0.0181446 0.0251167 2.04288 2.44658 -0.148315 0.0942264 0.305346 -1.92855 0.393224 9.62281 
4.9 0.63414 0.773039 -0.00493437 -0.0158783 0.00905536 2.04327 2.34894 -0.148315 0.0942264 0.305346 -1.92855 0.393224 9.62281 
4.93333 0.634716 0.772626 0.000374668 -0.013604 -0.00700733 2.04344 2.2479 -0.148315 0.0942264 0.305346 -1.92855 0.393224 9.62281 
4.96666 0.635366 0.772107 0.00566789 -0.0113194 -0.0230701 2.0434 2.14457 -0.148315 0.0942264 0.305346 -1.92855 0.393224 9.62281 
5 0.636092 0.771483 0.0109423 -0.00902258 -0.0391315 2.04315 2.04009 -0.148315 0.0942264 0.305346 -1.92855 0.393224 9.62281 
5.03333 0.636891 0.770755 0.0161948 -0.00671148 -0.0551903 2.04269 1.9356 -0.148315 0.0942264 0.305346 -1.92855 0.393224 9.62281 
5.06666 0.637762 0.769923 0.0214224 -0.00438406 -0.0712452 2.04201 1.83224 -0.148315 0.0942264 0.305346 -1.92855 0.393224 9.62281 
5.1 0.638704 0.768989 0.0266224 -0.00203829 -0.0872947 2.04112 1.73115 -0.148315 0.0942264 0.305346 -1.92855 0.393224 9.62281 
5.13333 0.639715 0.767954 0.0317918 0.000327828 -0.103338 2.04002 1.63343 -0.148315 0.0942264 0.305346 -1.92855 0.393224 9.62281 
5.16666 0.640794 0.766819 0.0369278 0.00271628 -0.119373 2.0387 1.54016 -0.148315 0.0942264 0.305346 -1.92855 0.393224 9.62281 
5.2 0.64194 0.765585 0.0420276 0.00512903 -0.135398 2.03717 1.45236 -0.148315 0.0942264 0.305346 -1.92855 0.393224 9.62281 
5.23333 0.64315 0.764254 0.0470887 0.00756801 -0.151413 2.03543 1.37098 -0.148315 0.0942264 0.305346 -1.92855 0.393224 9.62281 
5.26666 0.644422 0.762826 0.0521084 0.0100351 -0.167416 2.03347 1.29692 -0.148315 0.0942264 0.305346 -1.92855 0.393224 9.62281 
5.3 0.645755 0.761305 0.0570841 0.0125323 -0.183406 2.03131 1.231 -0.148315 0.0942264 0.305346 -1.92855 0.393224 9.62281 
5.33333 0.647146 0.75969 0.0620135 0.0150614 -0.199381 2.02892 1.17393 -0.148315 0.0942264 0.305346 -1.92855 0.393224 9.62281 
5.36666 0.648593 0.757985 0.0668941 0.0176241 -0.215339 2.02633 1.12633 -0.148315 0.0942264 0.305346 -1.92855 0.393224 9.62281 
5.4 0.650094 0.756191 0.0717237 0.0202223 -0.23128 2.02352 1.08873 -0.148315 0.0942264 0.305346 -1.92855 0.393224 9.62281 
5.43333 0.651645 0.75431 0.0765002 0.0228578 -0.247202 2.0205 1.06154 -0.148315 0.0942264 0.305346 -1.92855 0.393224 9.62281 
5.46666 0.653245 0.752344 0.0812214 0.0255322 -0.263104 2.01726 1.04506 -0.148315 0.0942264 0.305346 -1.92855 0.393224 9.62281 
5.5 0.654891 0.750296 0.0858854 0.0282471 -0.278984 2.01381 1.03946 -0.148315 0.0942264 0.305346 -1.92855 0.393224 9.62281 
5.53333 0.656579 0.748167 0.0904902 0.0310043 -0.29484 2.01015 1.04481 -0.148315 0.0942264 0.305346 -1.92855 0.393224 9.62281 
5.56666 0.658308 0.74596 0.0950342 0.0338051 -0.310671 2.00627 1.06104 -0.148315 0.0942264 0.305346 -1.92855 0.393224 9.62281 
5.6 0.660074 0.743677 0.0995156 0.0366512 -0.326476 2.00218 1.08798 -0.148315 0.0942264 0.305346 -1.92855 0.393224 9.62281 
5.63333 0.661874 0.741321 0.103933 0.039544 -0.342253 1.99787 1.12533 -0.148315 0.0942264 0.305346 -1.92855 0.393224 9.62281 
5.66666 0.663705 0.738895 0.108285 0.0424848 -0.358001 1.99335 1.17268 -0.148315 0.0942264 0.305346 -1.92855 0.393224 9.62281 
5.7 0.665563 0.7364 0.11257 0.045475 -0.373717 1.98862 1.2295 -0.148315 0.0942264 0.305346 -1.92855 0.393224 9.62281 
5.73333 0.667447 0.733841 0.116787 0.0485159 -0.389401 1.98367 1.29518 -0.148315 0.0942264 0.305346 -1.92855 0.393224 9.62281 
5.76666 0.669351 0.731218 0.120935 0.0516085 -0.405051 1.97851 1.36899 -0.148315 0.0942264 0.305346 -1.92855 0.393224 9.62281 
5.8 0.671274 0.728537 0.125013 0.054754 -0.420664 1.97313 1.45012 -0.148315 0.0942264 0.305346 -1.92855 0.393224 9.62281 
5.83333 0.673211 0.725798 0.129019 0.0579535 -0.436241 1.96755 1.53768 -0.148315 0.0942264 0.305346 -1.92855 0.393224 9.62281 
5.86666 0.675159 0.723006 0.132955 0.061208 -0.451778 1.96174 1.63071 -0.148315 0.0942264 0.305346 -1.92855 0.393224 9.62281 
5.9 0.677115 0.720162 0.136818 0.0645182 -0.467274 1.95572 1.72819 -0.148315 0.0942264 0.305346 -1.92855 0.393224 9.62281 
5.93333 0.679075 0.717272 0.140609 0.067885 -0.482728 1.94949 1.82904 -0.148315 0.0942264 0.305346 -1.92855 0.393224 9.62281 
5.96666 0.681035 0.714336 0.144327 0.0713091 -0.498137 1.94305 1.93216 -0.148315 0.0942264 0.305346 -1.92855 0.393224 9.62281 
6 0.682993 0.711359 0.147971 0.0747912 -0.5135 1.93639 2.03642 -0.148315 0.0942264 0.305346 -1.92855 0.393224 9.62281 
6.03333 0.684944 0.708344 0.151543 0.0783317 -0.528816 1.92952 2.14067 -0.148315 0.0942264 0.305346 -1.92855 0.393224 9.62281 
6.06666 0.686885 0.705294 0.155041 0.0819311 -0.544082 1.92243 2.24377 -0.148315 0.0942264 0.305346 -1.92855 0.393224 9.62281 
6.1 0.688812 0.702211 0.158467 0.0855898 -0.559296 1.91513 2.34459 -0.148315 0.0942264 0.305346 -1.92855 0.393224 9.62281 
6.13333 0.690722 0.699101 0.16182 0.089308 -0.574458 1.90762 2.442 -0.148315 0.0942264 0.305346 -1.92855 0.393224 9.62281 
6.16666 0.692611 0.695965 0.1651 0.0930859 -0.589564 1.8999 2.53496 -0.148315 0.0942264 0.305346 -1.92855 0.393224 9.62281 
6.2 0.694476 0.692807 0.16831 0.0969235 -0.604613 1.89196 2.62243 -0.148315 0.0942264 0.305346 -1.92855 0.393224 9.62281 
6.23333 0.696313 0.68963 0.171448 0.100821 -0.619604 1.88381 2.70346 -0.148315 0.0942264 0.305346 -1.92855 0.393224 9.62281 
6.26666 0.698118 0.686437 0.174516 0.104778 -0.634534 1.87545 2.77714 -0.148315 0.0942264 0.305346 -1.92855 0.393224 9.62281 
6.3 0.699889 0.683233 0.177515 0.108794 -0.649401 1.86689 2.84268 -0.148315 0.0942264 0.305346 -1.92855 0.393224 9.62281 
6.33333 0.701622 0.68002 0.180446 0.112869 -0.664204 1.85811 2.89935 -0.148315 0.0942264 0.305346 -1.92855 0.393224 9.62281 
6.36666 0.703312 0.676801 0.183309 0.117002 -0.678941 1.84912 2.94653 -0.148315 0.0942264 0.305346 -1.92855 0.393224 9.62281 
6.4 0.704958 0.673581 0.186107 0.121193 -0.693609 1.83992 2.9837 -0.148315 0.0942264 0.305346 -1.92855 0.393224 9.62281 
6.43333 0.706555 0.670361 0.18884 0.125442 -0.708207 1.83051 3.01044 -0.148315 0.0942264 0.305346 -1.92855 0.393224 9.62281 
6.46666 0.708101 0.667145 0.191511 0.129747 -0.722733 1.82089 3.02646 -0.148315 0.0942264 0.305346 -1.92855 0.393224 9.62281 
6.5 0.709592 0.663937 0.19412 0.134107 -0.737186 1.81107 3.03158 -0.148315 0.0942264 0.305346 -1.92855 0.393224 9.62281 
6.53333 0.711024 0.66074 0.196669 0.138523 -0.751562 1.80104 3.02574 -0.148315 0.0942264 0.305346 -1.92855 0.393224 9.62281 
6.56666 0.712396 0.657557 0.199159 0.142991 -0.76586 1.79081 3.009 -0.148315 0.0942264 0.305346 -1.92855 0.393224 9.62281 
6.6 0.713704 0.65439 0.201594 0.147512 -0.780079 1.78037 2.98154 -0.148315 0.0942264 0.305346 -1.92855 0.393224 9.62281 
6.63333 0.714945 0.651244 0.203974 0.152084 -0.794216 1.76973 2.94366 -0.148315 0.0942264 0.305346 -1.92855 0.393224 9.62281 
6.66666 0.716117 0.64812 0.206302 0.156705 -0.808269 1.75888 2.89578 -0.148315 0.0942264 0.305346 -1.92855 0.393224 9.62281 
6.7 0.717216 0.645023 0.208579 0.161374 -0.822237 1.74783 2.8384 -0.148315 0.0942264 0.305346 -1.92855 0.393224 9.62281 
6.73333 0.71824 0.641954 0.210808 0.16609 -0.836118 1.73659 2.77216 -0.148315 0.0942264 0.305346 -1.92855 0.393224 9.62281 
6.76666 0.719186 0.638918 0.212991 0.170851 -0.849909 1.72514 2.69778 -0.148315 0.0942264 0.305346 -1.92855 0.393224 9.62281 
6.79999 0.720053 0.635916 0.215129 0.175654 -0.863609 1.71349 2.61606 -0.148315 0.0942264 0.305346 -1.92855 0.393224 9.62281 
6.83333 0.720837 0.632951 0.217227 0.180498 -0.877215 1.70165 2.52791 -0.148315 0.0942264 0.305346 -1.92855 0.393224 9.62281 
6.86666 0.721537 0.630026 0.219285 0.185382 -0.890727 1.68961 2.43428 -0.148315 0.0942264 0.305346 -1.92855 0.393224 9.62281 
6.89999 0.722149 0.627144 0.221306 0.190302 -0.904142 1.67737 2.3362 -0.148315 0.0942264 0.305346 -1.92855 0.393224 9.62281 
6.93333 0.722673 0.624306 0.223292 0.195257 -0.917459 1.66494 2.23473 -0.148315 0.0942264 0.305346 -1.92855 0.393224 9.62281 
6.96666 0.723107 0.621516 0.225247 0.200245 -0.930675 1.65232 2.13099 -0.148315 0.0942264 0.305346 -1.92855 0.393224 9.62281 
6.99999 0.723448 0.618776 0.227172 0.205263 -0.943788 1.63951 2.02611 -0.148315 0.0942264 0.305346 -1.92855 0.393224 9.62281 
7.03333 0.723694 0.616088 0.22907 0.210309 -0.956798 1.62651 1.92123 -0.148315 0.0942264 0.305346 -1.92855 0.393224 9.62281 
7.06666 0.723845 0.613453 0.230943 0.21538 -0.969702 1.61332 1.8175 -0.148315 0.0942264 0.305346 -1.92855 0.393224 9.62281 
7.09999 0.723899 0.610875 0.232795 0.220474 -0.982498 1.59995 1.71605 -0.148315 0.0942264 0.305346 -1.92855 0.393224 9.62281 
7.13333 0.723854 0.608355 0.234627 0.225588 -0.995185 1.58639 1.618 -0.148315 0.0942264 0.305346 -1.92855 0.393224 9.62281 
7.16666 0.72371 0.605894 0.236442 0.230719 -1.00776 1.57265 1.5244 -0.148315 0.0942264 0.305346 -1.92855 0.393224 9.62281 
7.19999 0.723465 0.603495 0.238244 0.235866 -1.02022 1.55873 1.43629 -0.148315 0.0942264 0.305346 -1.92855 0.393224 9.62281 
7.23333 0.723117 0.601159 0.240033 0.241024 -1.03257 1.54462 1.35463 -0.148315 0.0942264 0.305346 -1.92855 0.393224 9.62281 
7.26666 0.722668 0.598888 0.241814 0.246192 -1.04481 1.53034 1.2803 -0.148315 0.0942264 0.305346 -1.92855 0.393224 9.62281 
7.29999 0.722114 0.596683 0.243588 0.251366 -1.05692 1.51589 1.21413 -0.148315 0.0942264 0.305346 -1.92855 0.393224 9.62281 
7.33333 0.721457 0.594546 0.245358 0.256543 -1.06892 1.50126 1.15682 -0.148315 0.0942264 0.305346 -1.92855 0.393224 9.62281 
7.36666 0.720696 0.592477 0.247127 0.261721 -1.0808 1.48645 1.10902 -0.148315 0.0942264 0.305346 -1.92855 0.393224 9.62281 
7.39999 0.719829 0.590477 0.248897 0.266896 -1.09255 1.47148 1.07122 -0.148315 0.0942264 0.305346 -1.92855 0.393224 9.62281 
7.43333 0.718858 0.588548 0.25067 0.272065 -1.10418 1.45634 1.04386 -0.148315 0.0942264 0.305346 -1.92855 0.393224 9.62281 
7.46666 0.717781 0.58669 0.25245 0.277226 -1.11568 1.44103 1.02722 -0.148315 0.0942264 0.305346 -1.92855 0.393224 9.62281 
7.49999 0.716599 0.584904 0.254238 0.282376 -1.12706 1.42556 1.02149 -0.148315 0.0942264 0.305346 -1.92855 0.393224 9.62281 
7.53333 0.715312 0.58319 0.256038 0.28751 -1.13831 1.40992 1.02673 -0.148315 0.0942264 0.305346 -1.92855 0.393224 9.62281 
7.56666 0.713921 0.581549 0.25785 0.292627 -1.14943 1.39412 1.04287 -0.148315 0.0942264 0.305346 -1.92855 0.393224 9.62281 
7.59999 0.712425 0.579982 0.259679 0.297723 -1.16042 1.37817 1.06974 -0.148315 0.0942264 0.305346 -1.92855 0.393224 9.62281 
7.63333 0.710825 0.578487 0.261525 0.302796 -1.17128 1.36205 1.10703 -0.148315 0.0942264 0.305346 -1.92855 0.393224 9.62281 
7.66666 0.709122 0.577066 0.263391 0.307841 -1.182 1.34579 1.15435 -0.148315 0.0942264 0.305346 -1.92855 0.393224 9.62281 
7.69999 0.707316 0.575718 0.26528 0.312857 -1.19259 1.32937 1.21117 -0.148315 0.0942264 0.305346 -1.92855 0.393224 9.62281 
7.73333 0.705408 0.574444 0.267194 0.317839 -1.20305 1.3128 1.27686 -0.148315 0.0942264 0.305346 -1.92855 0.393224 9.62281 
7.76666 0.703399 0.573242 0.269134 0.322786 -1.21336 1.29608 1.35071 -0.148315 0.0942264 0.305346 -1.92855 0.393224 9.62281 
7.79999 0.701291 0.572112 0.271102 0.327693 -1.22354 1.27921 1.4319 -0.148315 0.0942264 0.305346 -1.92855 0.393224 9.62281 
7.83333 0.699084 0.571053 0.273102 0.332559 -1.23358 1.26221 1.51954 -0.148315 0.0942264 0.305346 -1.92855 0.393224 9.62281 
7.86666 0.696779 0.570065 0.275134 0.337381 -1.24347 1.24505 1.61267 -0.148315 0.0942264 0.305346 -1.92855 0.393224 9.62281 
7.89999 0.694378 0.569148 0.277201 0.342154 -1.25323 1.22776 1.71026 -0.148315 0.0942264 0.305346 -1.92855 0.393224 9.62281 
7.93333 0.691883 0.568299 0.279303 0.346877 -1.26284 1.21034 1.81126 -0.148315 0.0942264 0.305346 -1.92855 0.393224 9.62281 
7.96666 0.689295 0.567517 0.281444 0.351548 -1.27231 1.19277 1.91455 -0.148315 0.0942264 0.305346 -1.92855 0.393224 9.62281 
7.99999 0.686615 0.566803 0.283625 0.356162 -1.28163 1.17508 2.01899 -0.148315 0.0942264 0.305346 -1.92855 0.393224 9.62281 
8.03333 0.683845 0.566153 0.285847 0.360718 -1.2908 1.15725 2.12345 -0.148315 0.0942264 0.305346 -1.92855 0.393224 9.62281 
8.06666 0.680988 0.565567 0.288112 0.365214 -1.29983 1.1393 2.22678 -0.148315 0.0942264 0.305346 -1.92855 0.393224 9.62281 
8.09999 0.678044 0.565043 0.290421 0.369646 -1.30871 1.12121 2.32784 -0.148315 0.0942264 0.305346 -1.92855 0.393224 9.62281 
8.13333 0.675017 0.564579 0.292776 0.374012 -1.31744 1.10301 2.42552 -0.148315 0.0942264 0.305346 -1.92855 0.393224 9.62281 
8.16666 0.671907 0.564174 0.295178 0.37831 -1.32602 1.08468 2.51877 -0.148315 0.0942264 0.305346 -1.92855 0.393224 9.62281 
8.2 0.668718 0.563825 0.297628 0.382538 -1.33445 1.06623 2.60654 -0.148315 0.0942264 0.305346 -1.92855 0.393224 9.62281 
8.23333 0.665451 0.56353 0.300128 0.386693 -1.34272 1.04767 2.6879 -0.148315 0.0942264 0.305346 -1.92855 0.393224 9.62281 
8.26666 0.662109 0.563287 0.302678 0.390774 -1.35085 1.02899 2.76193 -0.148315 0.0942264 0.305346 -1.92855 0.393224 9.62281 
8.3 0.658694 0.563095 0.30528 0.394779 -1.35882 1.01019 2.82783 -0.148315 0.0942264 0.305346 -1.92855 0.393224 9.62281 
8.33333 0.655209 0.562949 0.307934 0.398706 -1.36663 0.991289 2.88488 -0.148315 0.0942264 0.305346 -1.92855 0.393224 9.62281 
8.36666 0.651655 0.562849 0.310642 0.402552 -1.37429 0.972277 2.93245 -0.148315 0.0942264 0.305346 -1.92855 0.393224 9.62281 
8.4 0.648036 0.562791 0.313404 0.406317 -1.38179 0.95316 2.97003 -0.148315 0.0942264 0.305346 -1.92855 0.393224 9.62281 
8.43333 0.644354 0.562772 0.316221 0.41 -1.38913 0.933939 2.9972 -0.148315 0.0942264 0.305346 -1.92855 0.393224 9.62281 
8.46667 0.640612 0.562791 0.319093 0.413597 -1.39632 0.914617 3.01366 -0.148315 0.0942264 0.305346 -1.92855 0.393224 9.62281 
8.5 0.636812 0.562843 0.322022 0.417109 -1.40334 0.895196 3.01924 -0.148315 0.0942264 0.305346 -1.92855 0.393224 9.62281 
8.53333 0.632957 0.562926 0.325007 0.420535 -1.41021 0.875678 3.01387 -0.148315 0.0942264 0.305346 -1.92855 0.393224 9.62281 
8.56667 0.629051 0.563038 0.328049 0.423872 -1.41691 0.856066 2.99762 -0.148315 0.0942264 0.305346 -1.92855 0.393224 9.62281 
8.6 0.625095 0.563174 0.331148 0.427121 -1.42346 0.836363 2.97066 -0.148315 0.0942264 0.305346 -1.92855 0.393224 9.62281 
8.63334 0.621092 0.563333 0.334304 0.43028 -1.42984 0.81657 2.9333 -0.148315 0.0942264 0.305346 -1.92855 0.393224 9.62281 
8.66667 0.617046 0.56351 0.337518 0.43335 -1.43606 0.796689 2.88593 -0.148315 0.0942264 0.305346 -1.92855 0.393224 9.62281 
8.7 0.61296 0.563702 0.340789 0.436329 -1.44212 0.776724 2.82909 -0.148315 0.0942264 0.305346 -1.92855 0.393224 9.62281 
8.73334 0.608836 0.563906 0.344118 0.439217 -1.44801 0.756677 2.76339 -0.148315 0.0942264 0.305346 -1.92855 0.393224 9.62281 
8.76667 0.604676 0.56412 0.347504 0.442014 -1.45374 0.736549 2.68957 -0.148315 0.0942264 0.305346 -1.92855 0.393224 9.62281 
8.8 0.600485 0.564338 0.350948 0.44472 -1.4593 0.716344 2.60842 -0.148315 0.0942264 0.305346 -1.92855 0.393224 9.62281 
8.83334 0.596265 0.564559 0.354447 0.447334 -1.4647 0.696063 2.52084 -0.148315 0.0942264 0.305346 -1.92855 0.393224 9.62281 
8.86667 0.592019 0.564778 0.358004 0.449858 -1.46993 0.67571 2.42779 -0.148315 0.0942264 0.305346 -1.92855 0.393224 9.62281 
8.90001 0.58775 0.564992 0.361616 0.452291 -1.47499 0.655286 2.3303 -0.148315 0.0942264 0.305346 -1.92855 0.393224 9.62281 
8.93334 0.583461 0.565198 0.365283 0.454634 -1.47989 0.634794 2.22943 -0.148315 0.0942264 0.305346 -1.92855 0.393224 9.62281 
8.96667 0.579155 0.565392 0.369005 0.456888 -1.48462 0.614236 2.12629 -0.148315 0.0942264 0.305346 -1.92855 0.393224 9.62281 
9.00001 0.574835 0.56557 0.372781 0.459053 -1.48918 0.593615 2.02201 -0.148315 0.0942264 0.305346 -1.92855 0.393224 9.62281 
9.03334 0.570503 0.56573 0.37661 0.46113 -1.49358 0.572933 1.91774 -0.148315 0.0942264 0.305346 -1.92855 0.393224 9.62281 
9.06667 0.566163 0.565867 0.380491 0.463121 -1.4978 0.552193 1.81463 -0.148315 0.0942264 0.305346 -1.92855 0.393224 9.62281 
9.10001 0.561817 0.565979 0.384423 0.465025 -1.50186 0.531397 1.7138 -0.148315 0.0942264 0.305346 -1.92855 0.393224 9.62281 
9.13334 0.557469 0.566061 0.388405 0.466846 -1.50574 0.510547 1.61636 -0.148315 0.0942264 0.305346 -1.92855 0.393224 9.62281 
9.16668 0.553122 0.566111 0.392435 0.468583 -1.50946 0.489646 1.52339 -0.148315 0.0942264 0.305346 -1.92855 0.393224 9.62281 
9.20001 0.548777 0.566124 0.396513 0.470239 -1.513 0.468696 1.4359 -0.148315 0.0942264 0.305346 -1.92855 0.393224 9.62281 
9.23334 0.544438 0.566099 0.400637 0.471815 -1.51638 0.4477 1.35486 -0.148315 0.0942264 0.305346 -1.92855 0.393224 9.62281 
9.26668 0.540107 0.566031 0.404806 0.473314 -1.51958 0.42666 1.28116 -0.148315 0.0942264 0.305346 -1.92855 0.393224 9.62281 
9.30001 0.535788 0.565917 0.409017 0.474736 -1.52262 0.405579 1.2156 -0.148315 0.0942264 0.305346 -1.92855 0.393224 9.62281 
9.33334 0.531483 0.565754 0.41327 0.476084 -1.52548 0.384459 1.15891 -0.148315 0.0942264 0.305346 -1.92855 0.393224 9.62281 
9.36668 0.527194 0.565539 0.417563 0.477361 -1.52817 0.363302 1.11172 -0.148315 0.0942264 0.305346 -1.92855 0.393224 9.62281 
9.40001 0.522924 0.565269 0.421894 0.478568 -1.53069 0.342111 1.07454 -0.148315 0.0942264 0.305346 -1.92855 0.393224 9.62281 
9.43335 0.518675 0.564941 0.426261 0.479707 -1.53304 0.320889 1.04779 -0.148315 0.0942264 0.305346 -1.92855 0.393224 9.62281 
9.46668 0.514451 0.564552 0.430663 0.480782 -1.53522 0.299637 1.03175 -0.148315 0.0942264 0.305346 -1.92855 0.393224 9.62281 
9.50001 0.510253 0.564099 0.435096 0.481794 -1.53722 0.278359 1.02662 -0.148315 0.0942264 0.305346 -1.92855 0.393224 9.62281 
9.53335 0.506084 0.563579 0.43956 0.482747 -1.53906 0.257057 1.03244 -0.148315 0.0942264 0.305346 -1.92855 0.393224 9.62281 
9.56668 0.501945 0.562991 0.444052 0.483643 -1.54072 0.235732 1.04917 -0.148315 0.0942264 0.305346 -1.92855 0.393224 9.62281 
9.60001 0.49784 0.562331 0.448569 0.484484 -1.54221 0.214388 1.07661 -0.148315 0.0942264 0.305346 -1.92855 0.393224 9.62281 
9.63335 0.49377 0.561597 0.45311 0.485274 -1.54353 0.193027 1.11447 -0.148315 0.0942264 0.305346 -1.92855 0.393224 9.62281 
9.66668 0.489737 0.560787 0.457673 0.486016 -1.54468 0.171651 1.16235 -0.148315 0.0942264 0.305346 -1.92855 0.393224 9.62281 
9.70002 0.485743 0.559898 0.462254 0.486713 -1.54566 0.150264 1.21971 -0.148315 0.0942264 0.305346 -1.92855 0.393224 9.62281 
9.73335 0.481791 0.558929 0.466851 0.487367 -1.54647 0.128866 1.28594 -0.148315 0.0942264 0.305346 -1.92855 0.393224 9.62281 
9.76668 0.477882 0.557877 0.471462 0.487982 -1.5471 0.107461 1.36031 -0.148315 0.0942264 0.305346 -1.92855 0.393224 9.62281 
9.80002 0.474017 0.556741 0.476085 0.48856 -1.54757 0.0860504 1.442 -0.148315 0.0942264 0.305346 -1.92855 0.393224 9.62281 
9.83335 0.470199 0.555518 0.480716 0.489106 -1.54787 0.0646374 1.53014 -0.148315 0.0942264 0.305346 -1.92855 0.393224 9.62281 
9.86668 0.466428 0.554208 0.485353 0.489623 -1.548 0.0432241 1.62376 -0.148315 0.0942264 0.305346 -1.92855 0.393224 9.62281 
9.90002 0.462708 0.552809 0.489994 0.490113 -1.54796 0.0218127 1.72183 -0.148315 0.0942264 0.305346 -1.92855 0.393224 9.62281 
9.93335 0.459038 0.551319 0.494635 0.490579 -1.54775 0.000405568 1.82328 -0.148315 0.0942264 0.305346 -1.92855 0.393224 9.62281 
9.96669 0.45542 0.549738 0.499274 0.491026 -1.54737 -0.0209949 1.92701 -0.148315 0.0942264 0.305346 -1.92855 0.393224 9.62281 
10 0.451856 0.548064 0.503908 0.491457 -1.54682 -0.0423866 2.03188 -0.148315 0.0942264 0.305346 -1.92855 0.393224 9.62281 
10.0334 0.448346 0.546296 0.508534 0.491874 -1.54611 -0.063767 2.13674 -0.148315 0.0942264 0.305346 -1.92855 0.393224 9.62281 
10.0667 0.444892 0.544433 0.513149 0.492282 -1.54523 -0.0851341 2.24046 -0.148315 0.0942264 0.305346 -1.92855 0.393224 9.62281 
10.1 0.441495 0.542476 0.517751 0.492682 -1.54418 -0.106485 2.3419 -0.148315 0.0942264 0.305346 -1.92855 0.393224 9.62281 
10.1334 0.438156 0.540423 0.522336 0.49308 -1.54297 -0.127819 2.43994 -0.148315 0.0942264 0.305346 -1.92855 0.393224 9.62281 
10.1667 0.434874 0.538274 0.526902 0.493477 -1.54159 -0.149132 2.53352 -0.148315 0.0942264 0.305346 -1.92855 0.393224 9.62281 
10.2 0.431652 0.536028 0.531446 0.493878 -1.54004 -0.170423 2.62162 -0.148315 0.0942264 0.305346 -1.92855 0.393224 9.62281 
10.2334 0.428489 0.533686 0.535964 0.494286 -1.53834 -0.19169 2.70328 -0.148315 0.0942264 0.305346 -1.92855 0.393224 9.62281 
10.2667 0.425387 0.531248 0.540454 0.494702 -1.53646 -0.21293 2.77759 -0.148315 0.0942264 0.305346 -1.92855 0.393224 9.62281 
10.3 0.422345 0.528714 0.544913 0.495132 -1.53443 -0.234142 2.84376 -0.148315 0.0942264 0.305346 -1.92855 0.393224 9.62281 
10.3334 0.419364 0.526084 0.549338 0.495578 -1.53223 -0.255322 2.90106 -0.148315 0.0942264 0.305346 -1.92855 0.393224 9.62281 
10.3667 0.416444 0.523358 0.553726 0.496042 -1.52987 -0.27647 2.94887 -0.148315 0.0942264 0.305346 -1.92855 0.393224 9.62281 
10.4 0.413585 0.520537 0.558075 0.496529 -1.52735 -0.297582 2.98665 -0.148315 0.0942264 0.305346 -1.92855 0.393224 9.62281 
10.4334 0.410788 0.517622 0.56238 0.49704 -1.52467 -0.318658 3.01401 -0.148315 0.0942264 0.305346 -1.92855 0.393224 9.62281 
10.4667 0.408052 0.514614 0.56664 0.497579 -1.52183 -0.339694 3.03065 -0.148315 0.0942264 0.305346 -1.92855 0.393224 9.62281 
10.5 0.405376 0.511513 0.570852 0.498149 -1.51883 -0.36069 3.03638 -0.148315 0.0942264 0.305346 -1.92855 0.393224 9.62281 
10.5334 0.402762 0.508321 0.575012 0.498752 -1.51567 -0.381642 3.03115 -0.148315 0.0942264 0.305346 -1.92855 0.393224 9.62281 
10.5667 0.400208 0.505039 0.579119 0.499391 -1.51235 -0.40255 3.01502 -0.148315 0.0942264 0.305346 -1.92855 0.393224 9.62281 
10.6 0.397714 0.501667 0.583168 0.500068 -1.50888 -0.42341 2.98816 -0.148315 0.0942264 0.305346 -1.92855 0.393224 9.62281 
10.6334 0.395279 0.498209 0.587159 0.500786 -1.50524 -0.444222 2.95087 -0.148315 0.0942264 0.305346 -1.92855 0.393224 9.62281 
10.6667 0.392903 0.494664 0.591087 0.501548 -1.50146 -0.464982 2.90357 -0.148315 0.0942264 0.305346 -1.92855 0.393224 9.62281 
10.7 0.390585 0.491035 0.594951 0.502356 -1.49752 -0.48569 2.84677 -0.148315 0.0942264 0.305346 -1.92855 0.393224 9.62281 
10.7334 0.388325 0.487324 0.598747 0.503211 -1.49342 -0.506344 2.78109 -0.148315 0.0942264 0.305346 -1.92855 0.393224 9.62281 
10.7667 0.38612 0.483531 0.602474 0.504117 -1.48917 -0.526941 2.70727 -0.148315 0.0942264 0.305346 -1.92855 0.393224 9.62281 
10.8 0.383971 0.47966 0.606129 0.505074 -1.48476 -0.547479 2.62611 -0.148315 0.0942264 0.305346 -1.92855 0.393224 9.62281 
10.8334 0.381876 0.475713 0.609709 0.506086 -1.48021 -0.567958 2.5385 -0.148315 0.0942264 0.305346 -1.92855 0.393224 9.62281 
10.8667 0.379834 0.47169 0.613213 0.507153 -1.4755 -0.588374 2.4454 -0.148315 0.0942264 0.305346 -1.92855 0.393224 9.62281 
10.9 0.377844 0.467596 0.616638 0.508278 -1.47064 -0.608727 2.34784 -0.148315 0.0942264 0.305346 -1.92855 0.393224 9.62281 
10.9334 0.375904 0.463431 0.619981 0.509462 -1.46563 -0.629014 2.24689 -0.148315 0.0942264 0.305346 -1.92855 0.393224 9.62281 
10.9667 0.374013 0.459198 0.623242 0.510706 -1.46047 -0.649233 2.14364 -0.148315 0.0942264 0.305346 -1.92855 0.393224 9.62281 
11 0.372169 0.454901 0.626418 0.512012 -1.45516 -0.669384 2.03925 -0.148315 0.0942264 0.305346 -1.92855 0.393224 9.62281 
11.0334 0.370371 0.45054 0.629506 0.513382 -1.4497 -0.689464 1.93484 -0.148315 0.0942264 0.305346 -1.92855 0.393224 9.62281 
11.0667 0.368616 0.44612 0.632506 0.514816 -1.44409 -0.70947 1.83157 -0.148315 0.0942264 0.305346 -1.92855 0.393224 9.62281 
11.1 0.366904 0.441641 0.635416 0.516315 -1.43833 -0.729403 1.73057 -0.148315 0.0942264 0.305346 -1.92855 0.393224 9.62281 
11.1334 0.365232 0.437109 0.638233 0.51788 -1.43243 -0.749259 1.63295 -0.148315 0.0942264 0.305346 -1.92855 0.393224 9.62281 
11.1667 0.363598 0.432524 0.640957 0.519513 -1.42638 -0.769037 1.53978 -0.148315 0.0942264 0.305346 -1.92855 0.393224 9.62281 
11.2 0.362001 0.427889 0.643586 0.521213 -1.42019 -0.788735 1.45207 -0.148315 0.0942264 0.305346 -1.92855 0.393224 9.62281 
11.2334 0.360437 0.423209 0.646119 0.522982 -1.41385 -0.808352 1.37079 -0.148315 0.0942264 0.305346 -1.92855 0.393224 9.62281 
11.2667 0.358906 0.418484 0.648554 0.524819 -1.40736 -0.827886 1.29684 -0.148315 0.0942264 0.305346 -1.92855 0.393224 9.62281 
11.3 0.357404 0.413719 0.650891 0.526725 -1.40073 -0.847334 1.23102 -0.148315 0.0942264 0.305346 -1.92855 0.393224 9.62281 
11.3334 0.35593 0.408917 0.653129 0.528701 -1.39396 -0.866696 1.17405 -0.148315 0.0942264 0.305346 -1.92855 0.393224 9.62281 
11.3667 0.35448 0.404079 0.655266 0.530745 -1.38704 -0.885969 1.12656 -0.148315 0.0942264 0.305346 -1.92855 0.393224 9.62281 
11.4 0.353053 0.39921 0.657302 0.532859 -1.37998 -0.905152 1.08907 -0.148315 0.0942264 0.305346 -1.92855 0.393224 9.62281 
11.4334 0.351647 0.394312 0.659236 0.535042 -1.37277 -0.924243 1.06198 -0.148315 0.0942264 0.305346 -1.92855 0.393224 9.62281 
11.4667 0.350257 0.389388 0.661068 0.537294 -1.36543 -0.94324 1.04561 -0.148315 0.0942264 0.305346 -1.92855 0.393224 9.62281 
11.5 0.348883 0.384442 0.662798 0.539615 -1.35794 -0.962141 1.04012 -0.148315 0.0942264 0.305346 -1.92855 0.393224 9.62281 
11.5334 0.347521 0.379476 0.664425 0.542003 -1.35031 -0.980945 1.04558 -0.148315 0.0942264 0.305346 -1.92855 0.393224 9.62281 
11.5667 0.346168 0.374492 0.665949 0.544459 -1.34254 -0.999649 1.06192 -0.148315 0.0942264 0.305346 -1.92855 0.393224 9.62281 
11.6 0.344822 0.369495 0.66737 0.546981 -1.33463 -1.01825 1.08896 -0.148315 0.0942264 0.305346 -1.92855 0.393224 9.62281 
11.6334 0.343481 0.364488 0.668688 0.549569 -1.32658 -1.03675 1.12642 -0.148315 0.0942264 0.305346 -1.92855 0.393224 9.62281 
11.6667 0.34214 0.359472 0.669904 0.552221 -1.31839 -1.05515 1.17387 -0.148315 0.0942264 0.305346 -1.92855 0.393224 9.62281 
11.7 0.340798 0.354451 0.671018 0.554937 -1.31006 -1.07344 1.2308 -0.148315 0.0942264 0.305346 -1.92855 0.393224 9.62281 
11.7334 0.339452 0.349428 0.672031 0.557716 -1.30159 -1.09162 1.29658 -0.148315 0.0942264 0.305346 -1.92855 0.393224 9.62281 
11.7667 0.338099 0.344406 0.672942 0.560556 -1.29299 -1.10969 1.3705 -0.148315 0.0942264 0.305346 -1.92855 0.393224 9.62281 
11.8 0.336735 0.339388 0.673753 0.563456 -1.28424 -1.12764 1.45173 -0.148315 0.0942264 0.305346 -1.92855 0.393224 9.62281 
11.8334 0.335358 0.334375 0.674465 0.566414 -1.27536 -1.14549 1.53939 -0.148315 0.0942264 0.305346 -1.92855 0.393224 9.62281 
11.8667 0.333966 0.329373 0.675079 0.569429 -1.26634 -1.16321 1.63251 -0.148315 0.0942264 0.305346 -1.92855 0.393224 9.62281 
11.9 0.332555 0.324381 0.675596 0.572498 -1.25719 -1.18082 1.73008 -0.148315 0.0942264 0.305346 -1.92855 0.393224 9.62281 
11.9334 0.331122 0.319405 0.676017 0.575622 -1.2479 -1.19831 1.83102 -0.148315 0.0942264 0.305346 -1.92855 0.393224 9.62281 
11.9667 0.329665 0.314445 0.676344 0.578796 -1.23847 -1.21568 1.93423 -0.148315 0.0942264 0.305346 -1.92855 0.393224 9.62281 
12 0.32818 0.309505 0.676578 0.58202 -1.22891 -1.23292 2.03858 -0.148315 0.0942264 0.305346 -1.92855 0.393224 9.62281 
12.0334 0.326666 0.304587 0.67672 0.585291 -1.21921 -1.25004 2.14291 -0.148315 0.0942264 0.305346 -1.92855 0.393224 9.62281 
12.0667 0.325118 0.299693 0.676774 0.588608 -1.20938 -1.26703 2.24608 -0.148315 0.0942264 0.305346 -1.92855 0.393224 9.62281 
12.1 0.323535 0.294826 0.67674 0.591967 -1.19941 -1.28388 2.34697 -0.148315 0.0942264 0.305346 -1.92855 0.393224 9.62281 
12.1334 0.321914 0.289988 0.676621 0.595367 -1.18932 -1.30061 2.44445 -0.148315 0.0942264 0.305346 -1.92855 0.393224 9.62281 
12.1667 0.320251 0.285181 0.676419 0.598806 -1.17909 -1.3172 2.53747 -0.148315 0.0942264 0.305346 -1.92855 0.393224 9.62281 
12.2 0.318545 0.280408 0.676135 0.60228 -1.16872 -1.33366 2.625 -0.148315 0.0942264 0.305346 -1.92855 0.393224 9.62281 
12.2334 0.316792 0.27567 0.675773 0.605788 -1.15823 -1.34998 2.70608 -0.148315 0.0942264 0.305346 -1.92855 0.393224 9.62281 
12.2667 0.314991 0.270969 0.675335 0.609327 -1.14761 -1.36616 2.77982 -0.148315 0.0942264 0.305346 -1.92855 0.393224 9.62281 
12.3001 0.313139 0.266307 0.674824 0.612893 -1.13685 -1.38219 2.84541 -0.148315 0.0942264 0.305346 -1.92855 0.393224 9.62281 
12.3334 0.311233 0.261685 0.674241 0.616485 -1.12597 -1.39808 2.90212 -0.148315 0.0942264 0.305346 -1.92855 0.393224 9.62281 
12.3667 0.309271 0.257107 0.67359 0.6201 -1.11496 -1.41383 2.94934 -0.148315 0.0942264 0.305346 -1.92855 0.393224 9.62281 
12.4001 0.307251 0.252572 0.672874 0.623735 -1.10382 -1.42943 2.98654 -0.148315 0.0942264 0.305346 -1.92855 0.393224 9.62281 
12.4334 0.30517 0.248083 0.672096 0.627386 -1.09256 -1.44487 3.01331 -0.148315 0.0942264 0.305346 -1.92855 0.393224 9.62281 
12.4667 0.303028 0.243641 0.671258 0.631052 -1.08116 -1.46016 3.02935 -0.148315 0.0942264 0.305346 -1.92855 0.393224 9.62281 
12.5001 0.300821 0.239247 0.670364 0.634728 -1.06965 -1.4753 3.0345 -0.148315 0.0942264 0.305346 -1.92855 0.393224 9.62281 
12.5334 0.298548 0.234902 0.669417 0.638413 -1.058 -1.49029 3.02867 -0.148315 0.0942264 0.305346 -1.92855 0.393224 9.62281 
12.5667 0.296208 0.230608 0.66842 0.642103 -1.04624 -1.50511 3.01195 -0.148315 0.0942264 0.305346 -1.92855 0.393224 9.62281 
12.6001 0.293798 0.226366 0.667376 0.645795 -1.03435 -1.51977 2.98451 -0.148315 0.0942264 0.305346 -1.92855 0.393224 9.62281 
12.6334 0.291316 0.222176 0.666289 0.649485 -1.02234 -1.53427 2.94664 -0.148315 0.0942264 0.305346 -1.92855 0.393224 9.62281 
12.6667 0.288763 0.21804 0.665162 0.653172 -1.01021 -1.54861 2.89875 -0.148315 0.0942264 0.305346 -1.92855 0.393224 9.62281 
12.7001 0.286135 0.213957 0.663999 0.656851 -0.997966 -1.56277 2.84138 -0.148315 0.0942264 0.305346 -1.92855 0.393224 9.62281 
12.7334 0.283433 0.20993 0.662803 0.66052 -0.9856 -1.57677 2.77514 -0.148315 0.0942264 0.305346 -1.92855 0.393224 9.62281 
12.7667 0.280654 0.205957 0.661578 0.664176 -0.973116 -1.5906 2.70075 -0.148315 0.0942264 0.305346 -1.92855 0.393224 9.62281 
12.8001 0.277798 0.20204 0.660327 0.667815 -0.960517 -1.60426 2.61903 -0.148315 0.0942264 0.305346 -1.92855 0.393224 9.62281 
12.8334 0.274865 0.19818 0.659053 0.671433 -0.947803 -1.61774 2.53087 -0.148315 0.0942264 0.305346 -1.92855 0.393224 9.62281 
12.8667 0.271853 0.194375 0.657761 0.675029 -0.934977 -1.63104 2.43723 -0.148315 0.0942264 0.305346 -1.92855 0.393224 9.62281 
12.9001 0.268762 0.190627 0.656454 0.678599 -0.922038 -1.64417 2.33914 -0.148315 0.0942264 0.305346 -1.92855 0.393224 9.62281 
12.9334 0.265591 0.186935 0.655135 0.682139 -0.908989 -1.65711 2.23765 -0.148315 0.0942264 0.305346 -1.92855 0.393224 9.62281 
12.9667 0.262341 0.1833 0.653809 0.685648 -0.89583 -1.66988 2.1339 -0.148315 0.0942264 0.305346 -1.92855 0.393224 9.62281 
13.0001 0.25901 0.179721 0.652478 0.68912 -0.882564 -1.68246 2.029 -0.148315 0.0942264 0.305346 -1.92855 0.393224 9.62281 
13.0334 0.255599 0.176198 0.651147 0.692554 -0.869192 -1.69485 1.9241 -0.148315 0.0942264 0.305346 -1.92855 0.393224 9.62281 
13.0667 0.252108 0.172731 0.649818 0.695947 -0.855714 -1.70706 1.82035 -0.148315 0.0942264 0.305346 -1.92855 0.393224 9.62281 
13.1001 0.248538 0.16932 0.648496 0.699294 -0.842134 -1.71907 1.71888 -0.148315 0.0942264 0.305346 -1.92855 0.393224 9.62281 
13.1334 0.244888 0.165964 0.647184 0.702595 -0.828452 -1.7309 1.6208 -0.148315 0.0942264 0.305346 -1.92855 0.393224 9.62281 
13.1667 0.241159 0.162662 0.645885 0.705844 -0.81467 -1.74253 1.52718 -0.148315 0.0942264 0.305346 -1.92855 0.393224 9.62281 
13.2001 0.237352 0.159414 0.644603 0.70904 -0.80079 -1.75397 1.43904 -0.148315 0.0942264 0.305346 -1.92855 0.393224 9.62281 
13.2334 0.233467 0.156219 0.643341 0.71218 -0.786813 -1.76521 1.35734 -0.148315 0.0942264 0.305346 -1.92855 0.393224 9.62281 
13.2667 0.229506 0.153077 0.642103 0.715261 -0.772741 -1.77626 1.28299 -0.148315 0.0942264 0.305346 -1.92855 0.393224 9.62281 
13.3001 0.225469 0.149986 0.640892 0.71828 -0.758575 -1.78711 1.21678 -0.148315 0.0942264 0.305346 -1.92855 0.393224 9.62281 
13.3334 0.221357 0.146946 0.639711 0.721234 -0.744318 -1.79776 1.15944 -0.148315 0.0942264 0.305346 -1.92855 0.393224 9.62281 
13.3667 0.217172 0.143956 0.638562 0.724121 -0.729972 -1.8082 1.11159 -0.148315 0.0942264 0.305346 -1.92855 0.393224 9.62281 
13.4001 0.212915 0.141014 0.637451 0.726938 -0.715537 -1.81844 1.07376 -0.148315 0.0942264 0.305346 -1.92855 0.393224 9.62281 
13.4334 0.208588 0.13812 0.636378 0.729683 -0.701016 -1.82848 1.04636 -0.148315 0.0942264 0.305346 -1.92855 0.393224 9.62281 
13.4667 0.204192 0.135273 0.635348 0.732353 -0.686411 -1.83831 1.02968 -0.148315 0.0942264 0.305346 -1.92855 0.393224 9.62281 
13.5001 0.199729 0.13247 0.634362 0.734945 -0.671724 -1.84794 1.0239 -0.148315 0.0942264 0.305346 -1.92855 0.393224 9.62281 
13.5334 0.195201 0.129711 0.633424 0.737459 -0.656956 -1.85735 1.02909 -0.148315 0.0942264 0.305346 -1.92855 0.393224 9.62281 
13.5667 0.19061 0.126995 0.632537 0.73989 -0.64211 -1.86656 1.04518 -0.148315 0.0942264 0.305346 -1.92855 0.393224 9.62281 
13.6001 0.185957 0.12432 0.631702 0.742238 -0.627187 -1.87555 1.072 -0.148315 0.0942264 0.305346 -1.92855 0.393224 9.62281 
13.6334 0.181246 0.121685 0.630922 0.7445 -0.612189 -1.88434 1.10924 -0.148315 0.0942264 0.305346 -1.92855 0.393224 9.62281 
13.6667 0.176477 0.119087 0.6302 0.746674 -0.597118 -1.89291 1.15649 -0.148315 0.0942264 0.305346 -1.92855 0.393224 9.62281 
13.7001 0.171654 0.116527 0.629538 0.748758 -0.581977 -1.90127 1.21325 -0.148315 0.0942264 0.305346 -1.92855 0.393224 9.62281 
13.7334 0.16678 0.114001 0.628938 0.75075 -0.566766 -1.90941 1.27887 -0.148315 0.0942264 0.305346 -1.92855 0.393224 9.62281 
13.7667 0.161855 0.111508 0.628401 0.752649 -0.551489 -1.91734 1.35265 -0.148315 0.0942264 0.305346 -1.92855 0.393224 9.62281 
13.8001 0.156884 0.109047 0.62793 0.754453 -0.536148 -1.92505 1.43376 -0.148315 0.0942264 0.305346 -1.92855 0.393224 9.62281 
13.8334 0.151868 0.106617 0.627526 0.756161 -0.520743 -1.93254 1.52133 -0.148315 0.0942264 0.305346 -1.92855 0.393224 9.62281 
13.8667 0.146811 0.104214 0.627192 0.757771 -0.505277 -1.93981 1.61438 -0.148315 0.0942264 0.305346 -1.92855 0.393224 9.62281 
13.9001 0.141715 0.101837 0.626927 0.759281 -0.489753 -1.94686 1.71189 -0.148315 0.0942264 0.305346 -1.92855 0.393224 9.62281 
13.9334 0.136583 0.0994853 0.626735 0.760691 -0.474172 -1.9537 1.8128 -0.148315 0.0942264 0.305346 -1.92855 0.393224 9.62281 
13.9667 0.131418 0.0971559 0.626615 0.762 -0.458537 -1.96031 1.91599 -0.148315 0.0942264 0.305346 -1.92855 0.393224 9.62281 
14.0001 0.126223 0.0948472 0.626569 0.763206 -0.442849 -1.9667 2.02034 -0.148315 0.0942264 0.305346 -1.92855 0.393224 9.62281 
14.0334 0.121 0.0925572 0.626598 0.764308 -0.42711 -1.97287 2.12469 -0.148315 0.0942264 0.305346 -1.92855 0.393224 9.62281 
14.0667 0.115754 0.0902841 0.626703 0.765306 -0.411322 -1.97881 2.22791 -0.148315 0.0942264 0.305346 -1.92855 0.393224 9.62281 
14.1001 0.110487 0.0880257 0.626885 0.766198 -0.395488 -1.98454 2.32886 -0.148315 0.0942264 0.305346 -1.92855 0.393224 9.62281 
14.1334 0.105201 0.0857802 0.627143 0.766985 -0.37961 -1.99003 2.42644 -0.148315 0.0942264 0.305346 -1.92855 0.393224 9.62281 
14.1667 0.0999014 0.0835454 0.627478 0.767666 -0.363689 -1.99531 2.51956 -0.148315 0.0942264 0.305346 -1.92855 0.393224 9.62281 
14.2001 0.0945895 0.0813193 0.62789 0.768241 -0.347728 -2.00035 2.60722 -0.148315 0.0942264 0.305346 -1.92855 0.393224 9.62281 
14.2334 0.0892691 0.0790999 0.628381 0.768708 -0.331728 -2.00517 2.68845 -0.148315 0.0942264 0.305346 -1.92855 0.393224 9.62281 
14.2667 0.0839432 0.076885 0.628948 0.769069 -0.315692 -2.00977 2.76236 -0.148315 0.0942264 0.305346 -1.92855 0.393224 9.62281 
14.3001 0.0786151 0.0746726 0.629593 0.769322 -0.299622 -2.01414 2.82813 -0.148315 0.0942264 0.305346 -1.92855 0.393224 9.62281 
14.3334 0.0732877 0.0724605 0.630315 0.769468 -0.283519 -2.01828 2.88506 -0.148315 0.0942264 0.305346 -1.92855 0.393224 9.62281 
14.3667 0.0679642 0.0702467 0.631113 0.769508 -0.267387 -2.02219 2.9325 -0.148315 0.0942264 0.305346 -1.92855 0.393224 9.62281 
14.4001 0.0626478 0.0680289 0.631987 0.769441 -0.251226 -2.02588 2.96995 -0.148315 0.0942264 0.305346 -1.92855 0.393224 9.62281 
14.4334 0.0573415 0.0658051 0.632936 0.769268 -0.235039 -2.02934 2.99699 -0.148315 0.0942264 0.305346 -1.92855 0.393224 9.62281 
14.4667 0.0520483 0.0635732 0.633959 0.76899 -0.218828 -2.03257 3.01332 -0.148315 0.0942264 0.305346 -1.92855 0.393224 9.62281 
14.5001 0.0467713 0.0613309 0.635056 0.768606 -0.202594 -2.03557 3.01877 -0.148315 0.0942264 0.305346 -1.92855 0.393224 9.62281 
14.5334 0.0415135 0.0590763 0.636224 0.768118 -0.186341 -2.03834 3.01327 -0.148315 0.0942264 0.305346 -1.92855 0.393224 9.62281 
14.5667 0.0362777 0.0568071 0.637463 0.767527 -0.170069 -2.04089 2.99689 -0.148315 0.0942264 0.305346 -1.92855 0.393224 9.62281 
14.6001 0.0310669 0.0545212 0.638771 0.766833 -0.153782 -2.0432 2.96981 -0.148315 0.0942264 0.305346 -1.92855 0.393224 9.62281 
14.6334 0.0258839 0.0522166 0.640147 0.766038 -0.13748 -2.04529 2.93232 -0.148315 0.0942264 0.305346 -1.92855 0.393224 9.62281 
14.6667 0.0207315 0.0498911 0.641589 0.765143 -0.121166 -2.04714 2.88483 -0.148315 0.0942264 0.305346 -1.92855 0.393224 9.62281 
14.7001 0.0156123 0.0475426 0.643096 0.764149 -0.104842 -2.04877 2.82787 -0.148315 0.0942264 0.305346 -1.92855 0.393224 9.62281 
14.7334 0.010529 0.0451692 0.644664 0.763057 -0.0885099 -2.05016 2.76206 -0.148315 0.0942264 0.305346 -1.92855 0.393224 9.62281 
14.7668 0.00548426 0.0427688 0.646293 0.76187 -0.0721716 -2.05133 2.68812 -0.148315 0.0942264 0.305346 -1.92855 0.393224 9.62281 
14.8001 0.000480471 0.0403393 0.647981 0.760588 -0.0558291 -2.05227 2.60686 -0.148315 0.0942264 0.305346 -1.92855 0.393224 9.62281 
14.8334 -0.00447994 0.0378788 0.649724 0.759213 -0.0394844 -2.05297 2.51918 -0.148315 0.0942264 0.305346 -1.92855 0.393224 9.62281 
14.8668 -0.00939463 0.0353853 0.65152 0.757747 -0.0231393 -2.05345 2.42603 -0.148315 0.0942264 0.305346 -1.92855 0.393224 9.62281 
14.9001 -0.0142614 0.0328569 0.653368 0.756193 -0.00679603 -2.0537 2.32844 -0.148315 0.0942264 0.305346 -1.92855 0.393224 9.62281 
14.9334 -0.019078 0.0302918 0.655264 0.754551 0.00954362 -2.05372 2.22748 -0.148315 0.0942264 0.305346 -1.92855 0.393224 9.62281 
14.9668 -0.0238426 0.027688 0.657206 0.752824 0.0258777 -2.0535 2.12425 -0.148315 0.0942264 0.305346 -1.92855 0.393224 9.62281 
15.0001 -0.028553 0.0250439 0.659192 0.751015 0.0422042 -2.05306 2.01989 -0.148315 0.0942264 0.305346 -1.92855 0.393224 9.62281 
15.0334 -0.0332075 0.0223576 0.661217 0.749125 0.0585212 -2.05239 1.91555 -0.148315 0.0942264 0.305346 -1.92855 0.393224 9.62281 
15.0668 -0.0378044 0.0196274 0.66328 0.747158 0.0748269 -2.05149 1.81236 -0.148315 0.0942264 0.305346 -1.92855 0.393224 9.62281 
15.1001 -0.0423419 0.0168518 0.665378 0.745114 0.0911191 -2.05036 1.71147 -0.148315 0.0942264 0.305346 -1.92855 0.393224 9.62281 
15.1334 -0.0468187 0.0140292 0.667507 0.742998 0.107396 -2.04901 1.61397 -0.148315 0.0942264 0.305346 -1.92855 0.393224 9.62281 
15.1668 -0.0512332 0.0111579 0.669664 0.740811 0.123656 -2.04742 1.52094 -0.148315 0.0942264 0.305346 -1.92855 0.393224 9.62281 
15.2001 -0.0555843 0.00823656 0.671846 0.738557 0.139897 -2.04561 1.4334 -0.148315 0.0942264 0.305346 -1.92855 0.393224 9.62281 
15.2334 -0.0598706 0.00526379 0.67405 0.736237 0.156116 -2.04356 1.35231 -0.148315 0.0942264 0.305346 -1.92855 0.393224 9.62281 
15.2668 -0.0640913 0.00223827 0.676272 0.733855 0.172313 -2.0413 1.27857 -0.148315 0.0942264 0.305346 -1.92855 0.393224 9.62281 
15.3001 -0.0682453 -0.00084127 0.67851 0.731414 0.188485 -2.0388 1.21298 -0.148315 0.0942264 0.305346 -1.92855 0.393224 9.62281 
15.3334 -0.0723318 -0.00397598 0.680759 0.728917 0.204631 -2.03608 1.15626 -0.148315 0.0942264 0.305346 -1.92855 0.393224 9.62281 
15.3668 -0.0763502 -0.00716697 0.683016 0.726366 0.220748 -2.03313 1.10904 -0.148315 0.0942264 0.305346 -1.92855 0.393224 9.62281 
15.4001 -0.0802998 -0.0104152 0.685279 0.723765 0.236834 -2.02995 1.07184 -0.148315 0.0942264 0.305346 -1.92855 0.393224 9.62281 
15.4334 -0.0841803 -0.0137217 0.687543 0.721118 0.252888 -2.02655 1.04506 -0.148315 0.0942264 0.305346 -1.92855 0.393224 9.62281 
15.4668 -0.0879914 -0.0170872 0.689804 0.718426 0.268908 -2.02293 1.02901 -0.148315 0.0942264 0.305346 -1.92855 0.393224 9.62281 
15.5001 -0.0917327 -0.0205124 0.69206 0.715693 0.284892 -2.01908 1.02386 -0.148315 0.0942264 0.305346 -1.92855 0.393224 9.62281 
15.5334 -0.0954044 -0.023998 0.694307 0.712923 0.300839 -2.01501 1.02968 -0.148315 0.0942264 0.305346 -1.92855 0.393224 9.62281 
15.5668 -0.0990063 -0.0275447 0.696541 0.710119 0.316746 -2.01071 1.0464 -0.148315 0.0942264 0.305346 -1.92855 0.393224 9.62281 
15.6001 -0.102539 -0.0311527 0.698759 0.707284 0.332611 -2.0062 1.07384 -0.148315 0.0942264 0.305346 -1.92855 0.393224 9.62281 
15.6334 -0.106002 -0.0348225 0.700957 0.704422 0.348433 -2.00146 1.1117 -0.148315 0.0942264 0.305346 -1.92855 0.393224 9.62281 
15.6668 -0.109396 -0.0385542 0.703132 0.701535 0.36421 -1.9965 1.15957 -0.148315 0.0942264 0.305346 -1.92855 0.393224 9.62281 
15.7001 -0.112722 -0.0423482 0.70528 0.698628 0.379941 -1.99132 1.21694 -0.148315 0.0942264 0.305346 -1.92855 0.393224 9.62281 
15.7334 -0.115981 -0.0462043 0.707398 0.695703 0.395623 -1.98592 1.28317 -0.148315 0.0942264 0.305346 -1.92855 0.393224 9.62281 
15.7668 -0.119172 -0.0501225 0.709482 0.692764 0.411255 -1.9803 1.35755 -0.148315 0.0942264 0.305346 -1.92855 0.393224 9.62281 
15.8001 -0.122297 -0.0541026 0.711528 0.689814 0.426835 -1.97447 1.43925 -0.148315 0.0942264 0.305346 -1.92855 0.393224 9.62281 
15.8334 -0.125358 -0.0581444 0.713535 0.686857 0.442361 -1.96842 1.5274 -0.148315 0.0942264 0.305346 -1.92855 0.393224 9.62281 
15.8668 -0.128354 -0.0622474 0.715497 0.683896 0.457832 -1.96215 1.62103 -0.148315 0.0942264 0.305346 -1.92855 0.393224 9.62281 
15.9001 -0.131287 -0.0664111 0.717412 0.680935 0.473246 -1.95567 1.71911 -0.148315 0.0942264 0.305346 -1.92855 0.393224 9.62281 
15.9334 -0.134159 -0.070635 0.719277 0.677977 0.488601 -1.94898 1.82057 -0.148315 0.0942264 0.305346 -1.92855 0.393224 9.62281 
15.9668 -0.136971 -0.0749182 0.721088 0.675024 0.503896 -1.94207 1.92431 -0.148315 0.0942264 0.305346 -1.92855 0.393224 9.62281 
16.0001 -0.139723 -0.0792597 0.722843 0.672081 0.519129 -1.93495 2.02919 -0.148315 0.0942264 0.305346 -1.92855 0.393224 9.62281 
16.0334 -0.142419 -0.0836589 0.724538 0.669151 0.534299 -1.92762 2.13406 -0.148315 0.0942264 0.305346 -1.92855 0.393224 9.62281 
16.0668 -0.145059 -0.0881145 0.72617 0.666237 0.549403 -1.92008 2.23779 -0.148315 0.0942264 0.305346 -1.92855 0.393224 9.62281 
16.1001 -0.147645 -0.0926254 0.727736 0.663342 0.564441 -1.91234 2.33923 -0.148315 0.0942264 0.305346 -1.92855 0.393224 9.62281 
16.1334 -0.150179 -0.0971904 0.729234 0.660468 0.579411 -1.90438 2.43729 -0.148315 0.0942264 0.305346 -1.92855 0.393224 9.62281 
16.1668 -0.152663 -0.101808 0.73066 0.65762 0.594311 -1.89622 2.53088 -0.148315 0.0942264 0.305346 -1.92855 0.393224 9.62281 
16.2001 -0.155098 -0.106477 0.732013 0.654801 0.60914 -1.88786 2.61899 -0.148315 0.0942264 0.305346 -1.92855 0.393224 9.62281 
16.2334 -0.157487 -0.111195 0.733289 0.652012 0.623897 -1.87929 2.70066 -0.148315 0.0942264 0.305346 -1.92855 0.393224 9.62281 
16.2668 -0.159832 -0.115961 0.734487 0.649258 0.63858 -1.87052 2.77499 -0.148315 0.0942264 0.305346 -1.92855 0.393224 9.62281 
16.3001 -0.162135 -0.120773 0.735603 0.646541 0.653187 -1.86155 2.84118 -0.148315 0.0942264 0.305346 -1.92855 0.393224 9.62281 
16.3334 -0.164398 -0.125629 0.736635 0.643863 0.667718 -1.85238 2.89849 -0.148315 0.0942264 0.305346 -1.92855 0.393224 9.62281 
16.3668 -0.166622 -0.130528 0.737581 0.641228 0.682171 -1.84301 2.94632 -0.148315 0.0942264 0.305346 -1.92855 0.393224 9.62281 
16.4001 -0.168812 -0.135466 0.73844 0.638638 0.696545 -1.83345 2.98413 -0.148315 0.0942264 0.305346 -1.92855 0.393224 9.62281 
16.4334 -0.170968 -0.140442 0.739209 0.636095 0.710837 -1.82369 3.01151 -0.148315 0.0942264 0.305346 -1.92855 0.393224 9.62281 
16.4668 -0.173093 -0.145454 0.739886 0.633602 0.725048 -1.81373 3.02818 -0.148315 0.0942264 0.305346 -1.92855 0.393224 9.62281 
16.5001 -0.175189 -0.150499 0.740469 0.631161 0.739176 -1.80359 3.03394 -0.148315 0.0942264 0.305346 -1.92855 0.393224 9.62281 
16.5334 -0.177259 -0.155575 0.740958 0.628775 0.75322 -1.79325 3.02874 -0.148315 0.0942264 0.305346 -1.92855 0.393224 9.62281 
16.5668 -0.179305 -0.16068 0.741349 0.626445 0.767177 -1.78272 3.01264 -0.148315 0.0942264 0.305346 -1.92855 0.393224 9.62281 
16.6001 -0.18133 -0.16581 0.741643 0.624174 0.781048 -1.772 2.98582 -0.148315 0.0942264 0.305346 -1.92855 0.393224 9.62281 
16.6334 -0.183335 -0.170963 0.741837 0.621963 0.794831 -1.7611 2.94858 -0.148315 0.0942264 0.305346 -1.92855 0.393224 9.62281 
16.6668 -0.185324 -0.176137 0.74193 0.619815 0.808525 -1.75001 2.90132 -0.148315 0.0942264 0.305346 -1.92855 0.393224 9.62281 
16.7001 -0.187299 -0.181328 0.741922 0.61773 0.822129 -1.73874 2.84457 -0.148315 0.0942264 0.305346 -1.92855 0.393224 9.62281 
16.7334 -0.189262 -0.186534 0.741811 0.615712 0.835641 -1.72728 2.77895 -0.148315 0.0942264 0.305346 -1.92855 0.393224 9.62281 
16.7668 -0.191216 -0.191752 0.741597 0.61376 0.849061 -1.71565 2.70518 -0.148315 0.0942264 0.305346 -1.92855 0.393224 9.62281 
16.8001 -0.193162 -0.196979 0.741279 0.611877 0.862388 -1.70383 2.62408 -0.148315 0.0942264 0.305346 -1.92855 0.393224 9.62281 
16.8334 -0.195105 -0.202213 0.740856 0.610063 0.87562 -1.69184 2.53653 -0.148315 0.0942264 0.305346 -1.92855 0.393224 9.62281 
16.8668 -0.197045 -0.20745 0.740327 0.60832 0.888757 -1.67967 2.4435 -0.148315 0.0942264 0.305346 -1.92855 0.393224 9.62281 
16.9001 -0.198985 -0.212686 0.739693 0.606649 0.901797 -1.66732 2.34601 -0.148315 0.0942264 0.305346 -1.92855 0.393224 9.62281 
16.9334 -0.200928 -0.21792 0.738954 0.605051 0.91474 -1.65481 2.24513 -0.148315 0.0942264 0.305346 -1.92855 0.393224 9.62281 
16.9668 -0.202876 -0.223148 0.738108 0.603525 0.927584 -1.64211 2.14196 -0.148315 0.0942264 0.305346 -1.92855 0.393224 9.62281 
17.0001 -0.204832 -0.228367 0.737156 0.602074 0.940329 -1.62925 2.03765 -0.148315 0.0942264 0.305346 -1.92855 0.393224 9.62281 
17.0334 -0.206797 -0.233574 0.736099 0.600697 0.952974 -1.61622 1.93332 -0.148315 0.0942264 0.305346 -1.92855 0.393224 9.62281 
17.0667 -0.208773 -0.238766 0.734936 0.599395 0.965517 -1.60302 1.83014 -0.148315 0.0942264 0.305346 -1.92855 0.393224 9.62281 
17.1001 -0.210764 -0.243939 0.733667 0.598168 0.977958 -1.58966 1.72923 -0.148315 0.0942264 0.305346 -1.92855 0.393224 9.62281 
17.1334 -0.212771 -0.249091 0.732294 0.597015 0.990296 -1.57613 1.6317 -0.148315 0.0942264 0.305346 -1.92855 0.393224 9.62281 
17.1667 -0.214797 -0.254219 0.730817 0.595938 1.00253 -1.56243 1.53862 -0.148315 0.0942264 0.305346 -1.92855 0.393224 9.62281 
17.2001 -0.216843 -0.259319 0.729236 0.594935 1.01466 -1.54858 1.45101 -0.148315 0.0942264 0.305346 -1.92855 0.393224 9.62281 
17.2334 -0.218912 -0.264389 0.727552 0.594006 1.02668 -1.53456 1.36983 -0.148315 0.0942264 0.305346 -1.92855 0.393224 9.62281 
17.2667 -0.221005 -0.269425 0.725767 0.593152 1.0386 -1.52039 1.29597 -0.148315 0.0942264 0.305346 -1.92855 0.393224 9.62281 
17.3001 -0.223125 -0.274424 0.723881 0.59237 1.05041 -1.50605 1.23025 -0.148315 0.0942264 0.305346 -1.92855 0.393224 9.62281 
17.3334 -0.225274 -0.279385 0.721895 0.591662 1.06211 -1.49156 1.17339 -0.148315 0.0942264 0.305346 -1.92855 0.393224 9.62281 
17.3667 -0.227453 -0.284302 0.719811 0.591024 1.0737 -1.47692 1.126 -0.148315 0.0942264 0.305346 -1.92855 0.393224 9.62281 
17.4001 -0.229664 -0.289175 0.717629 0.590458 1.08518 -1.46212 1.08861 -0.148315 0.0942264 0.305346 -1.92855 0.393224 9.62281 
17.4334 -0.231909 -0.294 0.715352 0.589961 1.09655 -1.44717 1.06163 -0.148315 0.0942264 0.305346 -1.92855 0.393224 9.62281 
17.4667 -0.23419 -0.298774 0.712981 0.589532 1.10781 -1.43207 1.04536 -0.148315 0.0942264 0.305346 -1.92855 0.393224 9.62281 
17.5001 -0.236508 -0.303494 0.710517 0.58917 1.11895 -1.41682 1.03998 -0.148315 0.0942264 0.305346 -1.92855 0.393224 9.62281 
17.5334 -0.238865 -0.308159 0.707962 0.588873 1.12998 -1.40142 1.04554 -0.148315 0.0942264 0.305346 -1.92855 0.393224 9.62281 
17.5667 -0.241263 -0.312765 0.705318 0.58864 1.1409 -1.38587 1.06198 -0.148315 0.0942264 0.305346 -1.92855 0.393224 9.62281 
17.6001 -0.243703 -0.31731 0.702587 0.588469 1.15169 -1.37018 1.08914 -0.148315 0.0942264 0.305346 -1.92855 0.393224 9.62281 
17.6334 -0.246186 -0.321792 0.69977 0.588357 1.16238 -1.35435 1.12669 -0.148315 0.0942264 0.305346 -1.92855 0.393224 9.62281 
17.6667 -0.248714 -0.326208 0.69687 0.588304 1.17294 -1.33837 1.17425 -0.148315 0.0942264 0.305346 -1.92855 0.393224 9.62281 
17.7001 -0.251287 -0.330556 0.693889 0.588307 1.18339 -1.32225 1.23128 -0.148315 0.0942264 0.305346 -1.92855 0.393224 9.62281 
17.7334 -0.253908 -0.334834 0.690829 0.588364 1.19371 -1.30599 1.29716 -0.148315 0.0942264 0.305346 -1.92855 0.393224 9.62281 
17.7667 -0.256577 -0.33904 0.687693 0.588471 1.20392 -1.28959 1.37117 -0.148315 0.0942264 0.305346 -1.92855 0.393224 9.62281 
17.8001 -0.259296 -0.343172 0.684482 0.588628 1.214 -1.27306 1.4525 -0.148315 0.0942264 0.305346 -1.92855 0.393224 9.62281 
17.8334 -0.262065 -0.347228 0.681199 0.588831 1.22397 -1.25639 1.54026 -0.148315 0.0942264 0.305346 -1.92855 0.393224 9.62281 
17.8667 -0.264885 -0.351207 0.677847 0.589078 1.2338 -1.23958 1.63348 -0.148315 0.0942264 0.305346 -1.92855 0.393224 9.62281 
17.9001 -0.267758 -0.355108 0.674427 0.589366 1.24352 -1.22264 1.73114 -0.148315 0.0942264 0.305346 -1.92855 0.393224 9.62281 
17.9334 -0.270684 -0.358927 0.670944 0.589692 1.2531 -1.20557 1.83218 -0.148315 0.0942264 0.305346 -1.92855 0.393224 9.62281 
17.9667 -0.273663 -0.362665 0.667398 0.590053 1.26256 -1.18837 1.93547 -0.148315 0.0942264 0.305346 -1.92855 0.393224 9.62281 
18.0001 -0.276696 -0.36632 0.663794 0.590447 1.27189 -1.17104 2.03991 -0.148315 0.0942264 0.305346 -1.92855 0.393224 9.62281 
18.0334 -0.279784 -0.36989 0.660133 0.590869 1.2811 -1.15358 2.14432 -0.148315 0.0942264 0.305346 -1.92855 0.393224 9.62281 
18.0667 -0.282928 -0.373376 0.656418 0.591318 1.29017 -1.136 2.24758 -0.148315 0.0942264 0.305346 -1.92855 0.393224 9.62281 
18.1001 -0.286127 -0.376775 0.652653 0.59179 1.29911 -1.11829 2.34855 -0.148315 0.0942264 0.305346 -1.92855 0.393224 9.62281 
18.1334 -0.289382 -0.380088 0.64884 0.592282 1.30792 -1.10045 2.44612 -0.148315 0.0942264 0.305346 -1.92855 0.393224 9.62281 
18.1667 -0.292693 -0.383314 0.644982 0.59279 1.31659 -1.0825 2.53922 -0.148315 0.0942264 0.305346 -1.92855 0.393224 9.62281 
18.2001 -0.296061 -0.386452 0.641082 0.593311 1.32513 -1.06442 2.62683 -0.148315 0.0942264 0.305346 -1.92855 0.393224 9.62281 
18.2334 -0.299485 -0.389502 0.637142 0.593841 1.33354 -1.04623 2.70799 -0.148315 0.0942264 0.305346 -1.92855 0.393224 9.62281 
18.2667 -0.302965 -0.392464 0.633166 0.594378 1.3418 -1.02792 2.7818 -0.148315 0.0942264 0.305346 -1.92855 0.393224 9.62281 
18.3001 -0.306501 -0.395338 0.629157 0.594917 1.34993 -1.00949 2.84747 -0.148315 0.0942264 0.305346 -1.92855 0.393224 9.62281 
18.3334 -0.310094 -0.398123 0.625118 0.595456 1.35792 -0.990945 2.90425 -0.148315 0.0942264 0.305346 -1.92855 0.393224 9.62281 
18.3667 -0.313742 -0.400821 0.621051 0.59599 1.36577 -0.97229 2.95154 -0.148315 0.0942264 0.305346 -1.92855 0.393224 9.62281 
18.4001 -0.317445 -0.403432 0.61696 0.596517 1.37347 -0.953523 2.98881 -0.148315 0.0942264 0.305346 -1.92855 0.393224 9.62281 
18.4334 -0.321204 -0.405955 0.612847 0.597032 1.38103 -0.934647 3.01565 -0.148315 0.0942264 0.305346 -1.92855 0.393224 9.62281 
18.4667 -0.325016 -0.408392 0.608716 0.597532 1.38845 -0.915662 3.03176 -0.148315 0.0942264 0.305346 -1.92855 0.393224 9.62281 
18.5001 -0.328883 -0.410744 0.60457 0.598014 1.39572 -0.896572 3.03696 -0.148315 0.0942264 0.305346 -1.92855 0.393224 9.62281 
18.5334 -0.332802 -0.413011 0.600411 0.598474 1.40284 -0.877377 3.0312 -0.148315 0.0942264 0.305346 -1.92855 0.393224 9.62281 
18.5667 -0.336773 -0.415195 0.596243 0.598908 1.40982 -0.858079 3.01454 -0.148315 0.0942264 0.305346 -1.92855 0.393224 9.62281 
18.6001 -0.340796 -0.417297 0.592068 0.599313 1.41665 -0.83868 2.98715 -0.148315 0.0942264 0.305346 -1.92855 0.393224 9.62281 
18.6334 -0.344869 -0.419317 0.58789 0.599686 1.42332 -0.819183 2.94934 -0.148315 0.0942264 0.305346 -1.92855 0.393224 9.62281 
18.6667 -0.348991 -0.421258 0.583711 0.600023 1.42985 -0.799587 2.90151 -0.148315 0.0942264 0.305346 -1.92855 0.393224 9.62281 
18.7001 -0.35316 -0.423121 0.579535 0.600321 1.43622 -0.779897 2.84419 -0.148315 0.0942264 0.305346 -1.92855 0.393224 9.62281 
18.7334 -0.357377 -0.424908 0.575363 0.600577 1.44243 -0.760113 2.77799 -0.148315 0.0942264 0.305346 -1.92855 0.393224 9.62281 
18.7667 -0.361639 -0.42662 0.571199 0.600786 1.4485 -0.740237 2.70365 -0.148315 0.0942264 0.305346 -1.92855 0.393224 9.62281 
18.8001 -0.365945 -0.42826 0.567046 0.600946 1.4544 -0.720272 2.62197 -0.148315 0.0942264 0.305346 -1.92855 0.393224 9.62281 
18.8334 -0.370293 -0.429829 0.562907 0.601054 1.46015 -0.70022 2.53385 -0.148315 0.0942264 0.305346 -1.92855 0.393224 9.62281 
18.8667 -0.374682 -0.43133 0.558783 0.601107 1.46573 -0.680082 2.44025 -0.148315 0.0942264 0.305346 -1.92855 0.393224 9.62281 
18.9001 -0.379111 -0.432764 0.554678 0.601101 1.47116 -0.65986 2.34218 -0.148315 0.0942264 0.305346 -1.92855 0.393224 9.62281 
18.9334 -0.383576 -0.434135 0.550594 0.601034 1.47643 -0.639558 2.24073 -0.148315 0.0942264 0.305346 -1.92855 0.393224 9.62281 
18.9667 -0.388078 -0.435444 0.546534 0.600903 1.48153 -0.619176 2.137 -0.148315 0.0942264 0.305346 -1.92855 0.393224 9.62281 
19.0001 -0.392612 -0.436695 0.542501 0.600705 1.48647 -0.598718 2.03212 -0.148315 0.0942264 0.305346 -1.92855 0.393224 9.62281 
19.0334 -0.397179 -0.437889 0.538496 0.600437 1.49125 -0.578184 1.92724 -0.148315 0.0942264 0.305346 -1.92855 0.393224 9.62281 
19.0667 -0.401775 -0.43903 0.534522 0.600097 1.49586 -0.557579 1.8235 -0.148315 0.0942264 0.305346 -1.92855 0.393224 9.62281 
19.1001 -0.406398 -0.440119 0.530581 0.599682 1.50031 -0.536903 1.72204 -0.148315 0.0942264 0.305346 -1.92855 0.393224 9.62281 
19.1334 -0.411047 -0.441161 0.526676 0.59919 1.50458 -0.51616 1.62396 -0.148315 0.0942264 0.305346 -1.92855 0.393224 9.62281 
19.1667 -0.415719 -0.442158 0.522809 0.598619 1.50869 -0.495351 1.53034 -0.148315 0.0942264 0.305346 -1.92855 0.393224 9.62281 
19.2001 -0.420411 -0.443113 0.518982 0.597966 1.51263 -0.474479 1.44219 -0.148315 0.0942264 0.305346 -1.92855 0.393224 9.62281 
19.2334 -0.425122 -0.444028 0.515196 0.59723 1.5164 -0.453547 1.36049 -0.148315 0.0942264 0.305346 -1.92855 0.393224 9.62281 
19.2667 -0.429848 -0.444907 0.511454 0.596408 1.52001 -0.432556 1.28612 -0.148315 0.0942264 0.305346 -1.92855 0.393224 9.62281 
19.3 -0.434588 -0.445753 0.507758 0.595499 1.52343 -0.41151 1.21989 -0.148315 0.0942264 0.305346 -1.92855 0.393224 9.62281 
19.3334 -0.439338 -0.446569 0.504109 0.594502 1.52669 -0.39041 1.16253 -0.148315 0.0942264 0.305346 -1.92855 0.393224 9.62281 
19.3667 -0.444096 -0.447359 0.500509 0.593413 1.52977 -0.36926 1.11465 -0.148315 0.0942264 0.305346 -1.92855 0.393224 9.62281 
19.4 -0.44886 -0.448125 0.49696 0.592233 1.53269 -0.348061 1.07679 -0.148315 0.0942264 0.305346 -1.92855 0.393224 9.62281 
19.4334 -0.453626 -0.44887 0.493463 0.59096 1.53542 -0.326817 1.04935 -0.148315 0.0942264 0.305346 -1.92855 0.393224 9.62281 
19.4667 -0.458392 -0.449598 0.490019 0.589592 1.53798 -0.30553 1.03263 -0.148315 0.0942264 0.305346 -1.92855 0.393224 9.62281 
19.5 -0.463156 -0.450312 0.486631 0.58813 1.54037 -0.284202 1.0268 -0.148315 0.0942264 0.305346 -1.92855 0.393224 9.62281 
19.5334 -0.467914 -0.451015 0.483298 0.586571 1.54258 -0.262836 1.03194 -0.148315 0.0942264 0.305346 -1.92855 0.393224 9.62281 
19.5667 -0.472663 -0.451711 0.480023 0.584915 1.54462 -0.241436 1.04797 -0.148315 0.0942264 0.305346 -1.92855 0.393224 9.62281 
19.6 -0.477401 -0.452402 0.476806 0.583161 1.54648 -0.220002 1.07473 -0.148315 0.0942264 0.305346 -1.92855 0.393224 9.62281 
19.6334 -0.482124 -0.453092 0.473649 0.58131 1.54816 -0.198539 1.1119 -0.148315 0.0942264 0.305346 -1.92855 0.393224 9.62281 
19.6667 -0.486831 -0.453784 0.470551 0.57936 1.54966 -0.177048 1.1591 -0.148315 0.0942264 0.305346 -1.92855 0.393224 9.62281 
19.7 -0.491517 -0.45448 0.467515 0.577311 1.55099 -0.155533 1.21578 -0.148315 0.0942264 0.305346 -1.92855 0.393224 9.62281 
19.7334 -0.49618 -0.455185 0.46454 0.575164 1.55214 -0.133996 1.28133 -0.148315 0.0942264 0.305346 -1.92855 0.393224 9.62281 
19.7667 0.500817 0.455901 -0.461628 -0.572919 1.55311 -0.112439 1.35503 -0.148315 0.0942264 0.305346 -1.92855 0.393224 9.62281 
19.8 0.505426 0.456631 -0.458778 -0.570575 1.5539 -0.0908663 1.43607 -0.148315 0.0942264 0.305346 -1.92855 0.393224 9.62281 
19.8334 0.510002 0.457378 -0.455991 -0.568133 1.55451 -0.0692794 1.52355 -0.148315 0.0942264 0.305346 -1.92855 0.393224 9.62281 
19.8667 0.514544 0.458145 -0.453267 -0.565594 1.55495 -0.0476815 1.61651 -0.148315 0.0942264 0.305346 -1.92855 0.393224 9.62281 
19.9 0.519048 0.458935 -0.450607 -0.562957 1.55521 -0.026075 1.71394 -0.148315 0.0942264 0.305346 -1.92855 0.393224 9.62281 
19.9334 0.523511 0.459751 -0.448011 -0.560225 1.55529 -0.00446285 1.81476 -0.148315 0.0942264 0.305346 -1.92855 0.393224 9.62281 
19.9667 0.527931 0.460595 -0.445478 -0.557396 1.55519 0.0171524 1.91787 -0.148315 0.0942264 0.305346 -1.92855 0.393224 9.62281 
