0.000000000 1.55000 0.03681 2.03384 0.52436 -0.47439 -0.52436 0.47439
0.033333335 1.54975 0.05827 2.13804 0.52507 -0.47007 -0.52360 0.47873
0.066666670 1.54934 0.07975 2.24108 0.52571 -0.46579 -0.52276 0.48309
0.100000001 1.54874 0.10122 2.34184 0.52630 -0.46155 -0.52186 0.48749
0.133333340 1.54798 0.12268 2.43921 0.52683 -0.45733 -0.52089 0.49190
0.166666672 1.54704 0.14415 2.53212 0.52731 -0.45316 -0.51984 0.49634
0.200000003 1.54593 0.16560 2.61954 0.52775 -0.44902 -0.51872 0.50079
0.233333334 1.54464 0.18705 2.70053 0.52813 -0.44493 -0.51752 0.50526
0.266666681 1.54317 0.20848 2.77418 0.52848 -0.44088 -0.51625 0.50974
0.300000012 1.54154 0.22989 2.83968 0.52878 -0.43687 -0.51489 0.51422
0.333333343 1.53972 0.25129 2.89632 0.52905 -0.43291 -0.51344 0.51872
0.366666675 1.53774 0.27267 2.94348 0.52928 -0.42900 -0.51192 0.52322
0.400000006 1.53557 0.29402 2.98062 0.52949 -0.42513 -0.51030 0.52772
0.433333337 1.53323 0.31535 3.00734 0.52967 -0.42132 -0.50860 0.53222
0.466666669 1.53072 0.33665 3.02334 0.52983 -0.41756 -0.50681 0.53672
0.500000000 1.52803 0.35791 3.02845 0.52997 -0.41384 -0.50494 0.54121
0.533333361 1.52516 0.37915 3.02260 0.53009 -0.41019 -0.50297 0.54569
0.566666722 1.52212 0.40034 3.00586 0.53020 -0.40658 -0.50090 0.55016
0.600000083 1.51890 0.42150 2.97841 0.53030 -0.40304 -0.49875 0.55461
0.633333445 1.51551 0.44262 2.94053 0.53039 -0.39955 -0.49650 0.55904
0.666666806 1.51194 0.46369 2.89265 0.53049 -0.39611 -0.49416 0.56346
0.700000167 1.50820 0.48471 2.83529 0.53058 -0.39274 -0.49173 0.56784
0.733333528 1.50428 0.50569 2.76906 0.53068 -0.38942 -0.48920 0.57221
0.766666889 1.50020 0.52661 2.69470 0.53078 -0.38616 -0.48658 0.57654
0.800000250 1.49593 0.54748 2.61301 0.53090 -0.38296 -0.48386 0.58083
0.833333611 1.49150 0.56829 2.52489 0.53103 -0.37981 -0.48105 0.58509
0.866666973 1.48689 0.58903 2.43129 0.53118 -0.37673 -0.47815 0.58932
0.900000334 1.48211 0.60972 2.33324 0.53135 -0.37370 -0.47516 0.59350
0.933333695 1.47716 0.63034 2.23182 0.53154 -0.37074 -0.47207 0.59763
0.966667056 1.47203 0.65089 2.12812 0.53176 -0.36783 -0.46889 0.60172
1.000000358 1.46674 0.67138 2.02329 0.53201 -0.36499 -0.46562 0.60576
1.033333659 1.46128 0.69178 1.91846 0.53229 -0.36220 -0.46226 0.60975
1.066666961 1.45565 0.71212 1.81478 0.53261 -0.35947 -0.45882 0.61368
1.100000262 1.44985 0.73237 1.71340 0.53296 -0.35679 -0.45529 0.61755
1.133333564 1.44388 0.75254 1.61540 0.53336 -0.35418 -0.45167 0.62136
1.166666865 1.43775 0.77263 1.52187 0.53379 -0.35162 -0.44797 0.62510
1.200000167 1.43145 0.79264 1.43383 0.53428 -0.34912 -0.44418 0.62878
1.233333468 1.42499 0.81255 1.35224 0.53481 -0.34667 -0.44032 0.63239
1.266666770 1.41836 0.83238 1.27799 0.53539 -0.34427 -0.43638 0.63593
1.300000072 1.41157 0.85211 1.21189 0.53603 -0.34193 -0.43236 0.63940
1.333333373 1.40462 0.87174 1.15467 0.53671 -0.33964 -0.42826 0.64279
1.366666675 1.39750 0.89128 1.10694 0.53746 -0.33740 -0.42410 0.64610
1.399999976 1.39023 0.91072 1.06923 0.53826 -0.33521 -0.41986 0.64933
1.433333278 1.38280 0.93005 1.04196 0.53913 -0.33307 -0.41555 0.65248
1.466666579 1.37521 0.94928 1.02541 0.54005 -0.33097 -0.41118 0.65554
1.499999881 1.36746 0.96841 1.01977 0.54104 -0.32892 -0.40675 0.65852
1.533333182 1.35956 0.98742 1.02510 0.54209 -0.32691 -0.40226 0.66140
1.566666484 1.35150 1.00632 1.04134 0.54321 -0.32495 -0.39770 0.66420
1.599999785 1.34329 1.02510 1.06830 0.54439 -0.32303 -0.39310 0.66691
1.633333087 1.33493 1.04377 1.10570 0.54564 -0.32114 -0.38844 0.66952
1.666666389 1.32641 1.06232 1.15312 0.54696 -0.31929 -0.38373 0.67204
1.699999690 1.31775 1.08075 1.21003 0.54835 -0.31747 -0.37897 0.67446
1.733332992 1.30894 1.09906 1.27583 0.54981 -0.31569 -0.37417 0.67679
1.766666293 1.29998 1.11724 1.34978 0.55135 -0.31394 -0.36933 0.67901
1.799999595 1.29087 1.13529 1.43107 0.55295 -0.31222 -0.36444 0.68114
1.833332896 1.28162 1.15322 1.51882 0.55462 -0.31052 -0.35953 0.68316
1.866666198 1.27222 1.17101 1.61205 0.55636 -0.30885 -0.35458 0.68509
1.899999499 1.26268 1.18867 1.70975 0.55818 -0.30719 -0.34960 0.68691
1.933332801 1.25300 1.20619 1.81086 0.56007 -0.30556 -0.34460 0.68863
1.966666102 1.24319 1.22358 1.91425 0.56203 -0.30395 -0.33957 0.69024
1.999999404 1.23323 1.24083 2.01880 0.56406 -0.30234 -0.33452 0.69175
2.033332825 1.22313 1.25793 2.12336 0.56615 -0.30076 -0.32946 0.69316
2.066666126 1.21290 1.27489 2.22679 0.56832 -0.29917 -0.32438 0.69446
2.099999428 1.20253 1.29171 2.32795 0.57056 -0.29760 -0.31929 0.69566
2.133332729 1.19203 1.30838 2.42574 0.57287 -0.29603 -0.31419 0.69676
2.166666031 1.18140 1.32489 2.51909 0.57524 -0.29446 -0.30909 0.69775
2.199999332 1.17064 1.34126 2.60697 0.57768 -0.29290 -0.30398 0.69864
2.233332634 1.15975 1.35748 2.68842 0.58018 -0.29132 -0.29887 0.69942
2.266665936 1.14873 1.37354 2.76255 0.58275 -0.28974 -0.29377 0.70010
2.299999237 1.13758 1.38944 2.82855 0.58538 -0.28815 -0.28868 0.70069
2.333332539 1.12631 1.40518 2.88570 0.58807 -0.28655 -0.28359 0.70117
2.366665840 1.11491 1.42077 2.93337 0.59082 -0.28494 -0.27852 0.70155
2.399999142 1.10340 1.43619 2.97105 0.59363 -0.28331 -0.27346 0.70183
2.433332443 1.09176 1.45144 2.99831 0.59649 -0.28165 -0.26841 0.70201
2.466665745 1.08000 1.46654 3.01487 0.59941 -0.27998 -0.26339 0.70210
2.499999046 1.06813 1.48146 3.02054 0.60238 -0.27828 -0.25839 0.70210
2.533332348 1.05613 1.49622 3.01527 0.60539 -0.27655 -0.25341 0.70200
2.566665649 1.04403 1.51080 2.99911 0.60846 -0.27478 -0.24847 0.70181
2.599998951 1.03181 1.52522 2.97224 0.61157 -0.27299 -0.24355 0.70153
2.633332253 1.01948 1.53946 2.93496 0.61472 -0.27116 -0.23866 0.70116
2.666665554 1.00703 1.55352 2.88768 0.61792 -0.26929 -0.23381 0.70071
2.699998856 0.99448 1.56741 2.83092 0.62115 -0.26738 -0.22899 0.70018
2.733332157 0.98182 1.58112 2.76531 0.62441 -0.26542 -0.22421 0.69956
2.766665459 0.96906 1.59465 2.69156 0.62771 -0.26342 -0.21947 0.69887
2.799998760 0.95619 1.60799 2.61049 0.63104 -0.26138 -0.21477 0.69810
2.833332062 0.94322 1.62116 2.52298 0.63439 -0.25928 -0.21012 0.69726
2.866665363 0.93015 1.63414 2.43001 0.63777 -0.25712 -0.20551 0.69635
2.899998665 0.91698 1.64694 2.33258 0.64117 -0.25492 -0.20095 0.69537
2.933331966 0.90371 1.65955 2.23178 0.64459 -0.25265 -0.19644 0.69432
2.966665268 0.89034 1.67197 2.12870 0.64803 -0.25033 -0.19197 0.69322
2.999998569 0.87688 1.68420 2.02448 0.65147 -0.24794 -0.18756 0.69205
3.033331871 0.86333 1.69624 1.92027 0.65493 -0.24549 -0.18320 0.69083
3.066665173 0.84969 1.70809 1.81721 0.65839 -0.24298 -0.17889 0.68955
3.099998474 0.83596 1.71974 1.71643 0.66185 -0.24040 -0.17463 0.68823
3.133331776 0.82214 1.73121 1.61904 0.66532 -0.23776 -0.17043 0.68686
3.166665077 0.80823 1.74247 1.52611 0.66878 -0.23504 -0.16629 0.68545
3.199998379 0.79424 1.75354 1.43866 0.67223 -0.23225 -0.16220 0.68400
3.233331680 0.78017 1.76441 1.35766 0.67568 -0.22940 -0.15816 0.68251
3.266664982 0.76601 1.77509 1.28399 0.67911 -0.22647 -0.15419 0.68099
3.299998283 0.75178 1.78556 1.21846 0.68252 -0.22346 -0.15027 0.67945
3.333331585 0.73747 1.79584 1.16180 0.68592 -0.22039 -0.14641 0.67787
3.366664886 0.72308 1.80591 1.11463 0.68929 -0.21723 -0.14261 0.67628
3.399998188 0.70862 1.81578 1.07746 0.69264 -0.21401 -0.13886 0.67467
3.433331490 0.69409 1.82545 1.05072 0.69595 -0.21070 -0.13517 0.67304
3.466664791 0.67949 1.83491 1.03470 0.69924 -0.20732 -0.13154 0.67140
3.499998093 0.66482 1.84417 1.02957 0.70249 -0.20386 -0.12797 0.66976
3.533331394 0.65008 1.85323 1.03540 0.70570 -0.20033 -0.12446 0.66811
3.566664696 0.63527 1.86208 1.05212 0.70887 -0.19672 -0.12100 0.66646
3.599997997 0.62041 1.87072 1.07956 0.71199 -0.19303 -0.11760 0.66481
3.633331299 0.60548 1.87916 1.11741 0.71507 -0.18927 -0.11425 0.66318
3.666664600 0.59049 1.88738 1.16527 0.71809 -0.18543 -0.11096 0.66155
3.699997902 0.57544 1.89540 1.22262 0.72107 -0.18152 -0.10772 0.65993
3.733331203 0.56034 1.90322 1.28883 0.72398 -0.17753 -0.10453 0.65834
3.766664505 0.54519 1.91082 1.36318 0.72684 -0.17347 -0.10140 0.65676
3.799997807 0.52998 1.91821 1.44486 0.72963 -0.16933 -0.09832 0.65521
3.833331108 0.51471 1.92539 1.53297 0.73236 -0.16513 -0.09529 0.65369
3.866664410 0.49940 1.93236 1.62656 0.73502 -0.16085 -0.09231 0.65219
3.899997711 0.48405 1.93913 1.72460 0.73761 -0.15651 -0.08937 0.65073
3.933331013 0.46864 1.94568 1.82602 0.74012 -0.15210 -0.08649 0.64931
3.966664314 0.45319 1.95202 1.92971 0.74257 -0.14762 -0.08365 0.64793
3.999997616 0.43770 1.95814 2.03454 0.74493 -0.14308 -0.08085 0.64658
4.033330917 0.42217 1.96406 2.13937 0.74721 -0.13848 -0.07810 0.64529
4.066664219 0.40660 1.96976 2.24305 0.74941 -0.13381 -0.07538 0.64404
4.099997520 0.39099 1.97526 2.34444 0.75153 -0.12909 -0.07271 0.64285
4.133330822 0.37535 1.98054 2.44244 0.75356 -0.12432 -0.07008 0.64170
4.166664124 0.35967 1.98560 2.53598 0.75550 -0.11948 -0.06748 0.64061
4.199997425 0.34395 1.99046 2.62403 0.75735 -0.11460 -0.06492 0.63959
4.233330727 0.32821 1.99510 2.70564 0.75911 -0.10967 -0.06239 0.63862
4.266664028 0.31244 1.99953 2.77990 0.76078 -0.10469 -0.05989 0.63771
4.299997330 0.29663 2.00375 2.84602 0.76235 -0.09966 -0.05742 0.63687
4.333330631 0.28081 2.00775 2.90327 0.76382 -0.09460 -0.05498 0.63609
4.366663933 0.26495 2.01154 2.95102 0.76519 -0.08949 -0.05256 0.63538
4.399997234 0.24908 2.01512 2.98875 0.76647 -0.08435 -0.05017 0.63474
4.433330536 0.23318 2.01849 3.01605 0.76764 -0.07918 -0.04781 0.63417
4.466663837 0.21726 2.02164 3.03263 0.76871 -0.07398 -0.04546 0.63368
4.499997139 0.20132 2.02458 3.03831 0.76968 -0.06875 -0.04313 0.63325
4.533330441 0.18536 2.02731 3.03302 0.77054 -0.06349 -0.04081 0.63290
4.566663742 0.16939 2.02982 3.01682 0.77130 -0.05821 -0.03852 0.63263
4.599997044 0.15340 2.03213 2.98990 0.77196 -0.05292 -0.03623 0.63243
4.633330345 0.13740 2.03421 2.95255 0.77250 -0.04760 -0.03395 0.63231
4.666663647 0.12138 2.03609 2.90518 0.77295 -0.04228 -0.03169 0.63227
4.699996948 0.10536 2.03775 2.84831 0.77328 -0.03695 -0.02943 0.63230
4.733330250 0.08932 2.03920 2.78257 0.77351 -0.03161 -0.02717 0.63241
4.766663551 0.07328 2.04044 2.70867 0.77363 -0.02627 -0.02492 0.63260
4.799996853 0.05723 2.04147 2.62744 0.77364 -0.02093 -0.02266 0.63287
4.833330154 0.04118 2.04228 2.53975 0.77355 -0.01559 -0.02040 0.63322
4.866663456 0.02512 2.04288 2.44658 0.77335 -0.01026 -0.01814 0.63364
4.899996758 0.00906 2.04327 2.34894 0.77304 -0.00493 -0.01588 0.63414
4.933330059 -0.00701 2.04344 2.24790 0.77263 0.00037 -0.01360 0.63472
4.966663361 -0.02307 2.04340 2.14457 0.77211 0.00567 -0.01132 0.63537
4.999996662 -0.03913 2.04315 2.04009 0.77148 0.01094 -0.00902 0.63609
5.033329964 -0.05519 2.04269 1.93560 0.77075 0.01619 -0.00671 0.63689
5.066663265 -0.07125 2.04201 1.83224 0.76992 0.02142 -0.00438 0.63776
5.099996567 -0.08729 2.04112 1.73115 0.76899 0.02662 -0.00204 0.63870
5.133329868 -0.10334 2.04002 1.63343 0.76795 0.03179 0.00033 0.63972
5.166663170 -0.11937 2.03870 1.54016 0.76682 0.03693 0.00272 0.64079
5.199996471 -0.13540 2.03717 1.45236 0.76558 0.04203 0.00513 0.64194
5.233329773 -0.15141 2.03543 1.37098 0.76425 0.04709 0.00757 0.64315
5.266663074 -0.16742 2.03347 1.29692 0.76283 0.05211 0.01004 0.64442
5.299996376 -0.18341 2.03131 1.23100 0.76130 0.05708 0.01253 0.64576
5.333329678 -0.19938 2.02892 1.17393 0.75969 0.06201 0.01506 0.64715
5.366662979 -0.21534 2.02633 1.12633 0.75799 0.06689 0.01762 0.64859
5.399996281 -0.23128 2.02352 1.08873 0.75619 0.07172 0.02022 0.65009
5.433329582 -0.24720 2.02050 1.06154 0.75431 0.07650 0.02286 0.65165
5.466662884 -0.26310 2.01726 1.04506 0.75234 0.08122 0.02553 0.65324
5.499996185 -0.27898 2.01381 1.03946 0.75030 0.08589 0.02825 0.65489
5.533329487 -0.29484 2.01015 1.04481 0.74817 0.09049 0.03100 0.65658
5.566662788 -0.31067 2.00627 1.06104 0.74596 0.09503 0.03381 0.65831
5.599996090 -0.32648 2.00218 1.08798 0.74368 0.09952 0.03665 0.66007
5.633329391 -0.34225 1.99787 1.12533 0.74132 0.10393 0.03954 0.66187
5.666662693 -0.35800 1.99335 1.17268 0.73889 0.10828 0.04248 0.66370
5.699995995 -0.37372 1.98862 1.22950 0.73640 0.11257 0.04548 0.66556
5.733329296 -0.38940 1.98367 1.29518 0.73384 0.11679 0.04852 0.66745
5.766662598 -0.40505 1.97851 1.36899 0.73122 0.12093 0.05161 0.66935
5.799995899 -0.42066 1.97313 1.45012 0.72854 0.12501 0.05475 0.67127
5.833329201 -0.43624 1.96755 1.53768 0.72580 0.12902 0.05795 0.67321
5.866662502 -0.45178 1.96174 1.63071 0.72301 0.13295 0.06121 0.67516
5.899995804 -0.46727 1.95572 1.72819 0.72016 0.13682 0.06452 0.67711
5.933329105 -0.48273 1.94949 1.82904 0.71727 0.14061 0.06789 0.67907
5.966662407 -0.49814 1.94305 1.93216 0.71434 0.14433 0.07131 0.68104
5.999995708 -0.51350 1.93639 2.03642 0.71136 0.14797 0.07479 0.68299
6.033329010 -0.52882 1.92952 2.14067 0.70834 0.15154 0.07833 0.68494
6.066662312 -0.54408 1.92243 2.24377 0.70529 0.15504 0.08193 0.68688
6.099995613 -0.55930 1.91513 2.34459 0.70221 0.15847 0.08559 0.68881
6.133328915 -0.57446 1.90762 2.44200 0.69910 0.16182 0.08931 0.69072
6.166662216 -0.58956 1.89990 2.53496 0.69596 0.16510 0.09309 0.69261
6.199995518 -0.60461 1.89196 2.62243 0.69281 0.16831 0.09692 0.69448
6.233328819 -0.61960 1.88381 2.70346 0.68963 0.17145 0.10082 0.69631
6.266662121 -0.63453 1.87545 2.77714 0.68644 0.17452 0.10478 0.69812
6.299995422 -0.64940 1.86689 2.84268 0.68323 0.17751 0.10879 0.69989
6.333328724 -0.66420 1.85811 2.89935 0.68002 0.18045 0.11287 0.70162
6.366662025 -0.67894 1.84912 2.94653 0.67680 0.18331 0.11700 0.70331
6.399995327 -0.69361 1.83992 2.98370 0.67358 0.18611 0.12119 0.70496
6.433328629 -0.70821 1.83051 3.01044 0.67036 0.18884 0.12544 0.70656
6.466661930 -0.72273 1.82089 3.02646 0.66715 0.19151 0.12975 0.70810
6.499995232 -0.73719 1.81107 3.03158 0.66394 0.19412 0.13411 0.70959
6.533328533 -0.75156 1.80104 3.02574 0.66074 0.19667 0.13852 0.71102
6.566661835 -0.76586 1.79081 3.00900 0.65756 0.19916 0.14299 0.71240
6.599995136 -0.78008 1.78037 2.98154 0.65439 0.20159 0.14751 0.71370
6.633328438 -0.79422 1.76973 2.94366 0.65124 0.20397 0.15208 0.71495
6.666661739 -0.80827 1.75888 2.89578 0.64812 0.20630 0.15670 0.71612
6.699995041 -0.82224 1.74783 2.83840 0.64502 0.20858 0.16137 0.71722
6.733328342 -0.83612 1.73659 2.77216 0.64195 0.21081 0.16609 0.71824
6.766661644 -0.84991 1.72514 2.69778 0.63892 0.21299 0.17085 0.71919
6.799994946 -0.86361 1.71349 2.61606 0.63592 0.21513 0.17565 0.72005
6.833328247 -0.87722 1.70165 2.52791 0.63295 0.21723 0.18050 0.72084
6.866661549 -0.89073 1.68961 2.43428 0.63003 0.21928 0.18538 0.72154
6.899994850 -0.90414 1.67737 2.33620 0.62714 0.22131 0.19030 0.72215
6.933328152 -0.91746 1.66494 2.23473 0.62431 0.22329 0.19526 0.72267
6.966661453 -0.93067 1.65232 2.13099 0.62152 0.22525 0.20025 0.72311
6.999994755 -0.94379 1.63951 2.02611 0.61878 0.22717 0.20526 0.72345
7.033328056 -0.95680 1.62651 1.92123 0.61609 0.22907 0.21031 0.72369
7.066661358 -0.96970 1.61332 1.81750 0.61345 0.23094 0.21538 0.72385
7.099994659 -0.98250 1.59995 1.71605 0.61087 0.23279 0.22047 0.72390
7.133327961 -0.99519 1.58639 1.61800 0.60835 0.23463 0.22559 0.72385
7.166661263 -1.00776 1.57265 1.52440 0.60589 0.23644 0.23072 0.72371
7.199994564 -1.02022 1.55873 1.43629 0.60350 0.23824 0.23587 0.72346
7.233327866 -1.03257 1.54462 1.35463 0.60116 0.24003 0.24102 0.72312
7.266661167 -1.04481 1.53034 1.28030 0.59889 0.24181 0.24619 0.72267
7.299994469 -1.05692 1.51589 1.21413 0.59668 0.24359 0.25137 0.72211
7.333327770 -1.06892 1.50126 1.15682 0.59455 0.24536 0.25654 0.72146
7.366661072 -1.08080 1.48645 1.10902 0.59248 0.24713 0.26172 0.72070
7.399994373 -1.09255 1.47148 1.07122 0.59048 0.24890 0.26690 0.71983
7.433327675 -1.10418 1.45634 1.04386 0.58855 0.25067 0.27207 0.71886
7.466660976 -1.11568 1.44103 1.02722 0.58669 0.25245 0.27723 0.71778
7.499994278 -1.12706 1.42556 1.02149 0.58490 0.25424 0.28238 0.71660
7.533327579 -1.13831 1.40992 1.02673 0.58319 0.25604 0.28751 0.71531
7.566660881 -1.14943 1.39412 1.04287 0.58155 0.25785 0.29263 0.71392
7.599994183 -1.16042 1.37817 1.06974 0.57998 0.25968 0.29772 0.71242
7.633327484 -1.17128 1.36205 1.10703 0.57849 0.26152 0.30280 0.71082
7.666660786 -1.18200 1.34579 1.15435 0.57707 0.26339 0.30784 0.70912
7.699994087 -1.19259 1.32937 1.21117 0.57572 0.26528 0.31286 0.70732
7.733327389 -1.20305 1.31280 1.27686 0.57444 0.26719 0.31784 0.70541
7.766660690 -1.21336 1.29608 1.35071 0.57324 0.26913 0.32279 0.70340
7.799993992 -1.22354 1.27921 1.43190 0.57211 0.27110 0.32769 0.70129
7.833327293 -1.23358 1.26221 1.51954 0.57105 0.27310 0.33256 0.69908
7.866660595 -1.24347 1.24505 1.61267 0.57007 0.27513 0.33738 0.69678
7.899993896 -1.25323 1.22776 1.71026 0.56915 0.27720 0.34215 0.69438
7.933327198 -1.26284 1.21034 1.81126 0.56830 0.27930 0.34688 0.69188
7.966660500 -1.27231 1.19277 1.91455 0.56752 0.28144 0.35155 0.68929
7.999993801 -1.28163 1.17508 2.01899 0.56680 0.28363 0.35616 0.68661
8.033327103 -1.29080 1.15725 2.12345 0.56615 0.28585 0.36072 0.68385
8.066660881 -1.29983 1.13930 2.22678 0.56557 0.28811 0.36521 0.68099
8.099994659 -1.30871 1.12121 2.32784 0.56504 0.29042 0.36965 0.67804
8.133328438 -1.31744 1.10301 2.42552 0.56458 0.29278 0.37401 0.67502
8.166662216 -1.32602 1.08468 2.51877 0.56417 0.29518 0.37831 0.67191
8.199995995 -1.33445 1.06623 2.60654 0.56382 0.29763 0.38254 0.66872
8.233329773 -1.34272 1.04767 2.68790 0.56353 0.30013 0.38669 0.66545
8.266663551 -1.35085 1.02899 2.76193 0.56329 0.30268 0.39077 0.66211
8.299997330 -1.35882 1.01019 2.82783 0.56309 0.30528 0.39478 0.65869
8.333331108 -1.36663 0.99129 2.88488 0.56295 0.30793 0.39871 0.65521
8.366664886 -1.37429 0.97228 2.93245 0.56285 0.31064 0.40255 0.65166
8.399998665 -1.38179 0.95316 2.97003 0.56279 0.31340 0.40632 0.64804
8.433332443 -1.38913 0.93394 2.99720 0.56277 0.31622 0.41000 0.64435
8.466666222 -1.39632 0.91462 3.01366 0.56279 0.31909 0.41360 0.64061
8.500000000 -1.40334 0.89520 3.01924 0.56284 0.32202 0.41711 0.63681
8.533333778 -1.41021 0.87568 3.01387 0.56293 0.32501 0.42053 0.63296
8.566667557 -1.41691 0.85607 2.99762 0.56304 0.32805 0.42387 0.62905
8.600001335 -1.42346 0.83636 2.97066 0.56317 0.33115 0.42712 0.62509
8.633335114 -1.42984 0.81657 2.93330 0.56333 0.33430 0.43028 0.62109
8.666668892 -1.43606 0.79669 2.88593 0.56351 0.33752 0.43335 0.61705
8.700002670 -1.44212 0.77672 2.82909 0.56370 0.34079 0.43633 0.61296
8.733336449 -1.44801 0.75668 2.76339 0.56391 0.34412 0.43922 0.60884
8.766670227 -1.45374 0.73655 2.68957 0.56412 0.34750 0.44201 0.60468
8.800004005 -1.45930 0.71634 2.60842 0.56434 0.35095 0.44472 0.60049
8.833337784 -1.46470 0.69606 2.52084 0.56456 0.35445 0.44733 0.59627
8.866671562 -1.46993 0.67571 2.42779 0.56478 0.35800 0.44986 0.59202
8.900005341 -1.47499 0.65529 2.33030 0.56499 0.36162 0.45229 0.58775
8.933339119 -1.47989 0.63479 2.22943 0.56520 0.36528 0.45463 0.58346
8.966672897 -1.48462 0.61424 2.12629 0.56539 0.36901 0.45689 0.57916
9.000006676 -1.48918 0.59362 2.02201 0.56557 0.37278 0.45905 0.57483
9.033340454 -1.49358 0.57293 1.91774 0.56573 0.37661 0.46113 0.57050
9.066674232 -1.49780 0.55219 1.81463 0.56587 0.38049 0.46312 0.56616
9.100008011 -1.50186 0.53140 1.71380 0.56598 0.38442 0.46503 0.56182
9.133341789 -1.50574 0.51055 1.61636 0.56606 0.38840 0.46685 0.55747
9.166675568 -1.50946 0.48965 1.52339 0.56611 0.39243 0.46858 0.55312
9.200009346 -1.51300 0.46870 1.43590 0.56612 0.39651 0.47024 0.54878
9.233343124 -1.51638 0.44770 1.35486 0.56610 0.40064 0.47182 0.54444
9.266676903 -1.51958 0.42666 1.28116 0.56603 0.40481 0.47331 0.54011
9.300010681 -1.52262 0.40558 1.21560 0.56592 0.40902 0.47474 0.53579
9.333344460 -1.52548 0.38446 1.15891 0.56575 0.41327 0.47608 0.53148
9.366678238 -1.52817 0.36330 1.11172 0.56554 0.41756 0.47736 0.52719
9.400012016 -1.53069 0.34211 1.07454 0.56527 0.42189 0.47857 0.52292
9.433345795 -1.53304 0.32089 1.04779 0.56494 0.42626 0.47971 0.51868
9.466679573 -1.53522 0.29964 1.03175 0.56455 0.43066 0.48078 0.51445
9.500013351 -1.53722 0.27836 1.02662 0.56410 0.43510 0.48179 0.51025
9.533347130 -1.53906 0.25706 1.03244 0.56358 0.43956 0.48275 0.50608
9.566680908 -1.54072 0.23573 1.04917 0.56299 0.44405 0.48364 0.50195
9.600014687 -1.54221 0.21439 1.07661 0.56233 0.44857 0.48448 0.49784
9.633348465 -1.54353 0.19303 1.11447 0.56160 0.45311 0.48527 0.49377
9.666682243 -1.54468 0.17165 1.16235 0.56079 0.45767 0.48602 0.48974
9.700016022 -1.54566 0.15026 1.21971 0.55990 0.46225 0.48671 0.48574
9.733349800 -1.54647 0.12887 1.28594 0.55893 0.46685 0.48737 0.48179
9.766683578 -1.54710 0.10746 1.36031 0.55788 0.47146 0.48798 0.47788
9.800017357 -1.54757 0.08605 1.44200 0.55674 0.47608 0.48856 0.47402
9.833351135 -1.54787 0.06464 1.53014 0.55552 0.48072 0.48911 0.47020
9.866684914 -1.54800 0.04322 1.62376 0.55421 0.48535 0.48962 0.46643
9.900018692 -1.54796 0.02181 1.72183 0.55281 0.48999 0.49011 0.46271
9.933352470 -1.54775 0.00041 1.82328 0.55132 0.49463 0.49058 0.45904
9.966686249 -1.54737 -0.02099 1.92701 0.54974 0.49927 0.49103 0.45542
10.000020027 -1.54682 -0.04239 2.03188 0.54806 0.50391 0.49146 0.45186
10.033353806 -1.54611 -0.06377 2.13674 0.54630 0.50853 0.49187 0.44835
10.066687584 -1.54523 -0.08513 2.24046 0.54443 0.51315 0.49228 0.44489
10.100021362 -1.54418 -0.10649 2.34190 0.54248 0.51775 0.49268 0.44150
10.133355141 -1.54297 -0.12782 2.43994 0.54042 0.52234 0.49308 0.43816
10.166688919 -1.54159 -0.14913 2.53352 0.53827 0.52690 0.49348 0.43487
10.200022697 -1.54004 -0.17042 2.62162 0.53603 0.53145 0.49388 0.43165
10.233356476 -1.53834 -0.19169 2.70328 0.53369 0.53596 0.49429 0.42849
10.266690254 -1.53646 -0.21293 2.77759 0.53125 0.54045 0.49470 0.42539
10.300024033 -1.53443 -0.23414 2.84376 0.52871 0.54491 0.49513 0.42235
10.333357811 -1.53223 -0.25532 2.90106 0.52608 0.54934 0.49558 0.41936
10.366691589 -1.52987 -0.27647 2.94887 0.52336 0.55373 0.49604 0.41644
10.400025368 -1.52735 -0.29758 2.98665 0.52054 0.55807 0.49653 0.41359
10.433359146 -1.52467 -0.31866 3.01401 0.51762 0.56238 0.49704 0.41079
10.466692924 -1.52183 -0.33969 3.03065 0.51461 0.56664 0.49758 0.40805
10.500026703 -1.51883 -0.36069 3.03638 0.51151 0.57085 0.49815 0.40538
10.533360481 -1.51567 -0.38164 3.03115 0.50832 0.57501 0.49875 0.40276
10.566694260 -1.51235 -0.40255 3.01502 0.50504 0.57912 0.49939 0.40021
10.600028038 -1.50888 -0.42341 2.98816 0.50167 0.58317 0.50007 0.39771
10.633361816 -1.50524 -0.44422 2.95087 0.49821 0.58716 0.50079 0.39528
10.666695595 -1.50146 -0.46498 2.90357 0.49466 0.59109 0.50155 0.39290
10.700029373 -1.49752 -0.48569 2.84677 0.49104 0.59495 0.50236 0.39059
10.733363152 -1.49342 -0.50634 2.78109 0.48732 0.59875 0.50321 0.38832
10.766696930 -1.48917 -0.52694 2.70727 0.48353 0.60247 0.50412 0.38612
10.800030708 -1.48476 -0.54748 2.62611 0.47966 0.60613 0.50507 0.38397
10.833364487 -1.48021 -0.56796 2.53850 0.47571 0.60971 0.50609 0.38188
10.866698265 -1.47550 -0.58837 2.44540 0.47169 0.61321 0.50715 0.37983
10.900032043 -1.47064 -0.60873 2.34784 0.46760 0.61664 0.50828 0.37784
10.933365822 -1.46563 -0.62901 2.24689 0.46343 0.61998 0.50946 0.37590
10.966699600 -1.46047 -0.64923 2.14364 0.45920 0.62324 0.51071 0.37401
11.000033379 -1.45516 -0.66938 2.03925 0.45490 0.62642 0.51201 0.37217
11.033367157 -1.44970 -0.68946 1.93484 0.45054 0.62951 0.51338 0.37037
11.066700935 -1.44409 -0.70947 1.83157 0.44612 0.63251 0.51482 0.36862
11.100034714 -1.43833 -0.72940 1.73057 0.44164 0.63542 0.51631 0.36690
11.133368492 -1.43243 -0.74926 1.63295 0.43711 0.63823 0.51788 0.36523
11.166702271 -1.42638 -0.76904 1.53978 0.43252 0.64096 0.51951 0.36360
11.200036049 -1.42019 -0.78874 1.45207 0.42789 0.64359 0.52121 0.36200
11.233369827 -1.41385 -0.80835 1.37079 0.42321 0.64612 0.52298 0.36044
11.266703606 -1.40736 -0.82789 1.29684 0.41848 0.64855 0.52482 0.35891
11.300037384 -1.40073 -0.84733 1.23102 0.41372 0.65089 0.52673 0.35740
11.333371162 -1.39396 -0.86670 1.17405 0.40892 0.65313 0.52870 0.35593
11.366704941 -1.38704 -0.88597 1.12656 0.40408 0.65527 0.53075 0.35448
11.400038719 -1.37998 -0.90515 1.08907 0.39921 0.65730 0.53286 0.35305
11.433372498 -1.37277 -0.92424 1.06198 0.39431 0.65924 0.53504 0.35165
11.466706276 -1.36543 -0.94324 1.04561 0.38939 0.66107 0.53729 0.35026
11.500040054 -1.35794 -0.96214 1.04012 0.38444 0.66280 0.53961 0.34888
11.533373833 -1.35031 -0.98094 1.04558 0.37948 0.66442 0.54200 0.34752
11.566707611 -1.34254 -0.99965 1.06192 0.37449 0.66595 0.54446 0.34617
11.600041389 -1.33463 -1.01825 1.08896 0.36950 0.66737 0.54698 0.34482
11.633375168 -1.32658 -1.03675 1.12642 0.36449 0.66869 0.54957 0.34348
11.666708946 -1.31839 -1.05515 1.17387 0.35947 0.66990 0.55222 0.34214
11.700042725 -1.31006 -1.07344 1.23080 0.35445 0.67102 0.55494 0.34080
11.733376503 -1.30159 -1.09162 1.29658 0.34943 0.67203 0.55772 0.33945
11.766710281 -1.29299 -1.10969 1.37050 0.34441 0.67294 0.56056 0.33810
11.800044060 -1.28424 -1.12764 1.45173 0.33939 0.67375 0.56346 0.33673
11.833377838 -1.27536 -1.14549 1.53939 0.33438 0.67447 0.56641 0.33536
11.866711617 -1.26634 -1.16321 1.63251 0.32937 0.67508 0.56943 0.33397
11.900045395 -1.25719 -1.18082 1.73008 0.32438 0.67560 0.57250 0.33255
11.933379173 -1.24790 -1.19831 1.83102 0.31940 0.67602 0.57562 0.33112
11.966712952 -1.23847 -1.21568 1.93423 0.31444 0.67634 0.57880 0.32966
12.000046730 -1.22891 -1.23292 2.03858 0.30950 0.67658 0.58202 0.32818
12.033380508 -1.21921 -1.25004 2.14291 0.30459 0.67672 0.58529 0.32667
12.066714287 -1.20938 -1.26703 2.24608 0.29969 0.67677 0.58861 0.32512
12.100048065 -1.19941 -1.28388 2.34697 0.29483 0.67674 0.59197 0.32354
12.133381844 -1.18932 -1.30061 2.44445 0.28999 0.67662 0.59537 0.32191
12.166715622 -1.17909 -1.31720 2.53747 0.28518 0.67642 0.59881 0.32025
12.200049400 -1.16872 -1.33366 2.62500 0.28041 0.67614 0.60228 0.31854
12.233383179 -1.15823 -1.34998 2.70608 0.27567 0.67577 0.60579 0.31679
12.266716957 -1.14761 -1.36616 2.77982 0.27097 0.67534 0.60933 0.31499
12.300050735 -1.13685 -1.38219 2.84541 0.26631 0.67482 0.61289 0.31314
12.333384514 -1.12597 -1.39808 2.90212 0.26169 0.67424 0.61649 0.31123
12.366718292 -1.11496 -1.41383 2.94934 0.25711 0.67359 0.62010 0.30927
12.400052071 -1.10382 -1.42943 2.98654 0.25257 0.67287 0.62373 0.30725
12.433385849 -1.09256 -1.44487 3.01331 0.24808 0.67210 0.62739 0.30517
12.466719627 -1.08116 -1.46016 3.02935 0.24364 0.67126 0.63105 0.30303
12.500053406 -1.06965 -1.47530 3.03450 0.23925 0.67036 0.63473 0.30082
12.533387184 -1.05800 -1.49029 3.02867 0.23490 0.66942 0.63841 0.29855
12.566720963 -1.04624 -1.50511 3.01195 0.23061 0.66842 0.64210 0.29621
12.600054741 -1.03435 -1.51977 2.98451 0.22637 0.66738 0.64579 0.29380
12.633388519 -1.02234 -1.53427 2.94664 0.22218 0.66629 0.64949 0.29132
12.666722298 -1.01021 -1.54861 2.89875 0.21804 0.66516 0.65317 0.28876
12.700056076 -0.99797 -1.56277 2.84138 0.21396 0.66400 0.65685 0.28614
12.733389854 -0.98560 -1.57677 2.77514 0.20993 0.66280 0.66052 0.28343
12.766723633 -0.97312 -1.59060 2.70075 0.20596 0.66158 0.66418 0.28065
12.800057411 -0.96052 -1.60426 2.61903 0.20204 0.66033 0.66781 0.27780
12.833391190 -0.94780 -1.61774 2.53087 0.19818 0.65905 0.67143 0.27486
12.866724968 -0.93498 -1.63104 2.43723 0.19437 0.65776 0.67503 0.27185
12.900058746 -0.92204 -1.64417 2.33914 0.19063 0.65645 0.67860 0.26876
12.933392525 -0.90899 -1.65711 2.23765 0.18694 0.65514 0.68214 0.26559
12.966726303 -0.89583 -1.66988 2.13390 0.18330 0.65381 0.68565 0.26234
13.000060081 -0.88256 -1.68246 2.02900 0.17972 0.65248 0.68912 0.25901
13.033393860 -0.86919 -1.69485 1.92410 0.17620 0.65115 0.69255 0.25560
13.066727638 -0.85571 -1.70706 1.82035 0.17273 0.64982 0.69595 0.25211
13.100061417 -0.84213 -1.71907 1.71888 0.16932 0.64850 0.69929 0.24854
13.133395195 -0.82845 -1.73090 1.62080 0.16596 0.64718 0.70259 0.24489
13.166728973 -0.81467 -1.74253 1.52718 0.16266 0.64588 0.70584 0.24116
13.200062752 -0.80079 -1.75397 1.43904 0.15941 0.64460 0.70904 0.23735
13.233396530 -0.78681 -1.76521 1.35734 0.15622 0.64334 0.71218 0.23347
13.266730309 -0.77274 -1.77626 1.28299 0.15308 0.64210 0.71526 0.22951
13.300064087 -0.75858 -1.78711 1.21678 0.14999 0.64089 0.71828 0.22547
13.333397865 -0.74432 -1.79776 1.15944 0.14695 0.63971 0.72123 0.22136
13.366731644 -0.72997 -1.80820 1.11159 0.14396 0.63856 0.72412 0.21717
13.400065422 -0.71554 -1.81844 1.07376 0.14101 0.63745 0.72694 0.21292
13.433399200 -0.70102 -1.82848 1.04636 0.13812 0.63638 0.72968 0.20859
13.466732979 -0.68641 -1.83831 1.02968 0.13527 0.63535 0.73235 0.20419
13.500066757 -0.67172 -1.84794 1.02390 0.13247 0.63436 0.73495 0.19973
13.533400536 -0.65696 -1.85735 1.02909 0.12971 0.63342 0.73746 0.19520
13.566734314 -0.64211 -1.86656 1.04518 0.12700 0.63254 0.73989 0.19061
13.600068092 -0.62719 -1.87555 1.07200 0.12432 0.63170 0.74224 0.18596
13.633401871 -0.61219 -1.88434 1.10924 0.12168 0.63092 0.74450 0.18125
13.666735649 -0.59712 -1.89291 1.15649 0.11909 0.63020 0.74667 0.17648
13.700069427 -0.58198 -1.90127 1.21325 0.11653 0.62954 0.74876 0.17165
13.733403206 -0.56677 -1.90941 1.27887 0.11400 0.62894 0.75075 0.16678
13.766736984 -0.55149 -1.91734 1.35265 0.11151 0.62840 0.75265 0.16186
13.800070763 -0.53615 -1.92505 1.43376 0.10905 0.62793 0.75445 0.15688
13.833404541 -0.52074 -1.93254 1.52133 0.10662 0.62753 0.75616 0.15187
13.866738319 -0.50528 -1.93981 1.61438 0.10421 0.62719 0.75777 0.14681
13.900072098 -0.48975 -1.94686 1.71189 0.10184 0.62693 0.75928 0.14171
13.933405876 -0.47417 -1.95370 1.81280 0.09949 0.62673 0.76069 0.13658
13.966739655 -0.45854 -1.96031 1.91599 0.09716 0.62662 0.76200 0.13142
14.000073433 -0.44285 -1.96670 2.02034 0.09485 0.62657 0.76321 0.12622
14.033407211 -0.42711 -1.97287 2.12469 0.09256 0.62660 0.76431 0.12100
14.066740990 -0.41132 -1.97881 2.22791 0.09028 0.62670 0.76531 0.11575
14.100074768 -0.39549 -1.98454 2.32886 0.08803 0.62688 0.76620 0.11049
14.133408546 -0.37961 -1.99003 2.42644 0.08578 0.62714 0.76699 0.10520
14.166742325 -0.36369 -1.99531 2.51956 0.08355 0.62748 0.76767 0.09990
14.200076103 -0.34773 -2.00035 2.60722 0.08132 0.62789 0.76824 0.09459
14.233409882 -0.33173 -2.00517 2.68845 0.07910 0.62838 0.76871 0.08927
14.266743660 -0.31569 -2.00977 2.76236 0.07689 0.62895 0.76907 0.08394
14.300077438 -0.29962 -2.01414 2.82813 0.07467 0.62959 0.76932 0.07862
14.333411217 -0.28352 -2.01828 2.88506 0.07246 0.63031 0.76947 0.07329
14.366744995 -0.26739 -2.02219 2.93250 0.07025 0.63111 0.76951 0.06796
14.400078773 -0.25123 -2.02588 2.96995 0.06803 0.63199 0.76944 0.06265
14.433412552 -0.23504 -2.02934 2.99699 0.06581 0.63294 0.76927 0.05734
14.466746330 -0.21883 -2.03257 3.01332 0.06357 0.63396 0.76899 0.05205
14.500080109 -0.20259 -2.03557 3.01877 0.06133 0.63506 0.76861 0.04677
14.533413887 -0.18634 -2.03834 3.01327 0.05908 0.63622 0.76812 0.04151
14.566747665 -0.17007 -2.04089 2.99689 0.05681 0.63746 0.76753 0.03628
14.600081444 -0.15378 -2.04320 2.96981 0.05452 0.63877 0.76683 0.03107
14.633415222 -0.13748 -2.04529 2.93232 0.05222 0.64015 0.76604 0.02588
14.666749001 -0.12117 -2.04714 2.88483 0.04989 0.64159 0.76514 0.02073
14.700082779 -0.10484 -2.04877 2.82787 0.04754 0.64310 0.76415 0.01561
14.733416557 -0.08851 -2.05016 2.76206 0.04517 0.64466 0.76306 0.01053
14.766750336 -0.07217 -2.05133 2.68812 0.04277 0.64629 0.76187 0.00548
14.800084114 -0.05583 -2.05227 2.60686 0.04034 0.64798 0.76059 0.00048
14.833417892 -0.03948 -2.05297 2.51918 0.03788 0.64972 0.75921 -0.00448
14.866751671 -0.02314 -2.05345 2.42603 0.03539 0.65152 0.75775 -0.00939
14.900085449 -0.00680 -2.05370 2.32844 0.03286 0.65337 0.75619 -0.01426
14.933419228 0.00954 -2.05372 2.22748 0.03029 0.65526 0.75455 -0.01908
14.966753006 0.02588 -2.05350 2.12425 0.02769 0.65721 0.75282 -0.02384
15.000086784 0.04220 -2.05306 2.01989 0.02504 0.65919 0.75102 -0.02855
15.033420563 0.05852 -2.05239 1.91555 0.02236 0.66122 0.74913 -0.03321
15.066754341 0.07483 -2.05149 1.81236 0.01963 0.66328 0.74716 -0.03780
15.100088120 0.09112 -2.05036 1.71147 0.01685 0.66538 0.74511 -0.04234
15.133421898 0.10740 -2.04901 1.61397 0.01403 0.66751 0.74300 -0.04682
15.166755676 0.12366 -2.04742 1.52094 0.01116 0.66966 0.74081 -0.05123
15.200089455 0.13990 -2.04561 1.43340 0.00824 0.67185 0.73856 -0.05558
15.233423233 0.15612 -2.04356 1.35231 0.00526 0.67405 0.73624 -0.05987
15.266757011 0.17231 -2.04130 1.27857 0.00224 0.67627 0.73386 -0.06409
15.300090790 0.18849 -2.03880 1.21298 -0.00084 0.67851 0.73141 -0.06825
15.333424568 0.20463 -2.03608 1.15626 -0.00398 0.68076 0.72892 -0.07233
15.366758347 0.22075 -2.03313 1.10904 -0.00717 0.68302 0.72637 -0.07635
15.400092125 0.23683 -2.02995 1.07184 -0.01042 0.68528 0.72377 -0.08030
15.433425903 0.25289 -2.02655 1.04506 -0.01372 0.68754 0.72112 -0.08418
15.466759682 0.26891 -2.02293 1.02901 -0.01709 0.68980 0.71843 -0.08799
15.500093460 0.28489 -2.01908 1.02386 -0.02051 0.69206 0.71569 -0.09173
15.533427238 0.30084 -2.01501 1.02968 -0.02400 0.69431 0.71292 -0.09540
15.566761017 0.31675 -2.01071 1.04640 -0.02754 0.69654 0.71012 -0.09901
15.600094795 0.33261 -2.00620 1.07384 -0.03115 0.69876 0.70728 -0.10254
15.633428574 0.34843 -2.00146 1.11170 -0.03482 0.70096 0.70442 -0.10600
15.666762352 0.36421 -1.99650 1.15957 -0.03855 0.70313 0.70154 -0.10940
15.700096130 0.37994 -1.99132 1.21694 -0.04235 0.70528 0.69863 -0.11272
15.733429909 0.39562 -1.98592 1.28317 -0.04620 0.70740 0.69570 -0.11598
15.766763687 0.41125 -1.98030 1.35755 -0.05012 0.70948 0.69276 -0.11917
15.800097466 0.42683 -1.97447 1.43925 -0.05410 0.71153 0.68981 -0.12230
15.833431244 0.44236 -1.96842 1.52740 -0.05814 0.71353 0.68686 -0.12536
15.866765022 0.45783 -1.96215 1.62103 -0.06225 0.71550 0.68390 -0.12835
15.900098801 0.47325 -1.95567 1.71911 -0.06641 0.71741 0.68094 -0.13129
15.933432579 0.48860 -1.94898 1.82057 -0.07063 0.71928 0.67798 -0.13416
15.966766357 0.50390 -1.94207 1.92431 -0.07492 0.72109 0.67502 -0.13697
16.000099182 0.51913 -1.93495 2.02919 -0.07926 0.72284 0.67208 -0.13972
16.033432007 0.53430 -1.92762 2.13406 -0.08366 0.72454 0.66915 -0.14242
16.066764832 0.54940 -1.92008 2.23779 -0.08811 0.72617 0.66624 -0.14506
16.100097656 0.56444 -1.91234 2.33923 -0.09263 0.72774 0.66334 -0.14765
16.133430481 0.57941 -1.90438 2.43729 -0.09719 0.72923 0.66047 -0.15018
16.166763306 0.59431 -1.89622 2.53088 -0.10181 0.73066 0.65762 -0.15266
16.200096130 0.60914 -1.88786 2.61899 -0.10648 0.73201 0.65480 -0.15510
16.233428955 0.62390 -1.87929 2.70066 -0.11119 0.73329 0.65201 -0.15749
16.266761780 0.63858 -1.87052 2.77499 -0.11596 0.73449 0.64926 -0.15983
16.300094604 0.65319 -1.86155 2.84118 -0.12077 0.73560 0.64654 -0.16214
16.333427429 0.66772 -1.85238 2.89849 -0.12563 0.73663 0.64386 -0.16440
16.366760254 0.68217 -1.84301 2.94632 -0.13053 0.73758 0.64123 -0.16662
16.400093079 0.69654 -1.83345 2.98413 -0.13547 0.73844 0.63864 -0.16881
16.433425903 0.71084 -1.82369 3.01151 -0.14044 0.73921 0.63609 -0.17097
16.466758728 0.72505 -1.81373 3.02818 -0.14545 0.73989 0.63360 -0.17309
16.500091553 0.73918 -1.80359 3.03394 -0.15050 0.74047 0.63116 -0.17519
16.533424377 0.75322 -1.79325 3.02874 -0.15558 0.74096 0.62877 -0.17726
16.566757202 0.76718 -1.78272 3.01264 -0.16068 0.74135 0.62644 -0.17931
16.600090027 0.78105 -1.77200 2.98582 -0.16581 0.74164 0.62417 -0.18133
16.633422852 0.79483 -1.76110 2.94858 -0.17096 0.74184 0.62196 -0.18334
16.666755676 0.80853 -1.75001 2.90132 -0.17614 0.74193 0.61981 -0.18532
16.700088501 0.82213 -1.73874 2.84457 -0.18133 0.74192 0.61773 -0.18730
16.733421326 0.83564 -1.72728 2.77895 -0.18653 0.74181 0.61571 -0.18926
16.766754150 0.84906 -1.71565 2.70518 -0.19175 0.74160 0.61376 -0.19122
16.800086975 0.86239 -1.70383 2.62408 -0.19698 0.74128 0.61188 -0.19316
16.833419800 0.87562 -1.69184 2.53653 -0.20221 0.74086 0.61006 -0.19510
16.866752625 0.88876 -1.67967 2.44350 -0.20745 0.74033 0.60832 -0.19704
16.900085449 0.90180 -1.66732 2.34601 -0.21269 0.73969 0.60665 -0.19899
16.933418274 0.91474 -1.65481 2.24513 -0.21792 0.73895 0.60505 -0.20093
16.966751099 0.92758 -1.64211 2.14196 -0.22315 0.73811 0.60353 -0.20288
17.000083923 0.94033 -1.62925 2.03765 -0.22837 0.73716 0.60207 -0.20483
17.033416748 0.95297 -1.61622 1.93332 -0.23357 0.73610 0.60070 -0.20680
17.066749573 0.96552 -1.60302 1.83014 -0.23877 0.73494 0.59940 -0.20877
17.100082397 0.97796 -1.58966 1.72923 -0.24394 0.73367 0.59817 -0.21076
17.133415222 0.99030 -1.57613 1.63170 -0.24909 0.73229 0.59702 -0.21277
17.166748047 1.00253 -1.56243 1.53862 -0.25422 0.73082 0.59594 -0.21480
17.200080872 1.01466 -1.54858 1.45101 -0.25932 0.72924 0.59493 -0.21684
17.233413696 1.02668 -1.53456 1.36983 -0.26439 0.72755 0.59401 -0.21891
17.266746521 1.03860 -1.52039 1.29597 -0.26942 0.72577 0.59315 -0.22101
17.300079346 1.05041 -1.50605 1.23025 -0.27442 0.72388 0.59237 -0.22313
17.333412170 1.06211 -1.49156 1.17339 -0.27938 0.72190 0.59166 -0.22527
17.366744995 1.07370 -1.47692 1.12600 -0.28430 0.71981 0.59102 -0.22745
17.400077820 1.08518 -1.46212 1.08861 -0.28918 0.71763 0.59046 -0.22966
17.433410645 1.09655 -1.44717 1.06163 -0.29400 0.71535 0.58996 -0.23191
17.466743469 1.10781 -1.43207 1.04536 -0.29877 0.71298 0.58953 -0.23419
17.500076294 1.11895 -1.41682 1.03998 -0.30349 0.71052 0.58917 -0.23651
17.533409119 1.12998 -1.40142 1.04554 -0.30816 0.70796 0.58887 -0.23887
17.566741943 1.14090 -1.38587 1.06198 -0.31277 0.70532 0.58864 -0.24126
17.600074768 1.15169 -1.37018 1.08914 -0.31731 0.70259 0.58847 -0.24370
17.633407593 1.16238 -1.35435 1.12669 -0.32179 0.69977 0.58836 -0.24619
17.666740417 1.17294 -1.33837 1.17425 -0.32621 0.69687 0.58830 -0.24871
17.700073242 1.18339 -1.32225 1.23128 -0.33056 0.69389 0.58831 -0.25129
17.733406067 1.19371 -1.30599 1.29716 -0.33483 0.69083 0.58836 -0.25391
17.766738892 1.20392 -1.28959 1.37117 -0.33904 0.68769 0.58847 -0.25658
17.800071716 1.21400 -1.27306 1.45250 -0.34317 0.68448 0.58863 -0.25930
17.833404541 1.22397 -1.25639 1.54026 -0.34723 0.68120 0.58883 -0.26207
17.866737366 1.23380 -1.23958 1.63348 -0.35121 0.67785 0.58908 -0.26489
17.900070190 1.24352 -1.22264 1.73114 -0.35511 0.67443 0.58937 -0.26776
17.933403015 1.25310 -1.20557 1.83218 -0.35893 0.67094 0.58969 -0.27068
17.966735840 1.26256 -1.18837 1.93547 -0.36266 0.66740 0.59005 -0.27366
18.000068665 1.27189 -1.17104 2.03991 -0.36632 0.66379 0.59045 -0.27670
18.033401489 1.28110 -1.15358 2.14432 -0.36989 0.66013 0.59087 -0.27978
18.066734314 1.29017 -1.13600 2.24758 -0.37338 0.65642 0.59132 -0.28293
18.100067139 1.29911 -1.11829 2.34855 -0.37678 0.65265 0.59179 -0.28613
18.133399963 1.30792 -1.10045 2.44612 -0.38009 0.64884 0.59228 -0.28938
18.166732788 1.31659 -1.08250 2.53922 -0.38331 0.64498 0.59279 -0.29269
18.200065613 1.32513 -1.06442 2.62683 -0.38645 0.64108 0.59331 -0.29606
18.233398438 1.33354 -1.04623 2.70799 -0.38950 0.63714 0.59384 -0.29948
18.266731262 1.34180 -1.02792 2.78180 -0.39246 0.63317 0.59438 -0.30296
18.300064087 1.34993 -1.00949 2.84747 -0.39534 0.62916 0.59492 -0.30650
18.333396912 1.35792 -0.99095 2.90425 -0.39812 0.62512 0.59546 -0.31009
18.366729736 1.36577 -0.97229 2.95154 -0.40082 0.62105 0.59599 -0.31374
18.400062561 1.37347 -0.95352 2.98881 -0.40343 0.61696 0.59652 -0.31745
18.433395386 1.38103 -0.93465 3.01565 -0.40596 0.61285 0.59703 -0.32120
18.466728210 1.38845 -0.91566 3.03176 -0.40839 0.60872 0.59753 -0.32502
18.500061035 1.39572 -0.89657 3.03696 -0.41074 0.60457 0.59801 -0.32888
18.533393860 1.40284 -0.87738 3.03120 -0.41301 0.60041 0.59847 -0.33280
18.566726685 1.40982 -0.85808 3.01454 -0.41520 0.59624 0.59891 -0.33677
18.600059509 1.41665 -0.83868 2.98715 -0.41730 0.59207 0.59931 -0.34080
18.633392334 1.42332 -0.81918 2.94934 -0.41932 0.58789 0.59969 -0.34487
18.666725159 1.42985 -0.79959 2.90151 -0.42126 0.58371 0.60002 -0.34899
18.700057983 1.43622 -0.77990 2.84419 -0.42312 0.57953 0.60032 -0.35316
18.733390808 1.44243 -0.76011 2.77799 -0.42491 0.57536 0.60058 -0.35738
18.766723633 1.44850 -0.74024 2.70365 -0.42662 0.57120 0.60079 -0.36164
18.800056458 1.45440 -0.72027 2.62197 -0.42826 0.56705 0.60095 -0.36594
18.833389282 1.46015 -0.70022 2.53385 -0.42983 0.56291 0.60105 -0.37029
18.866722107 1.46573 -0.68008 2.44025 -0.43133 0.55878 0.60111 -0.37468
18.900054932 1.47116 -0.65986 2.34218 -0.43276 0.55468 0.60110 -0.37911
18.933387756 1.47643 -0.63956 2.24073 -0.43413 0.55059 0.60103 -0.38358
18.966720581 1.48153 -0.61918 2.13700 -0.43544 0.54653 0.60090 -0.38808
19.000053406 1.48647 -0.59872 2.03212 -0.43669 0.54250 0.60070 -0.39261
19.033386230 1.49125 -0.57818 1.92724 -0.43789 0.53850 0.60044 -0.39718
19.066719055 1.49586 -0.55758 1.82350 -0.43903 0.53452 0.60010 -0.40177
19.100051880 1.50031 -0.53690 1.72204 -0.44012 0.53058 0.59968 -0.40640
19.133384705 1.50458 -0.51616 1.62396 -0.44116 0.52668 0.59919 -0.41105
19.166717529 1.50869 -0.49535 1.53034 -0.44216 0.52281 0.59862 -0.41572
19.200050354 1.51263 -0.47448 1.44219 -0.44311 0.51898 0.59797 -0.42041
19.233383179 1.51640 -0.45355 1.36049 -0.44403 0.51520 0.59723 -0.42512
19.266716003 1.52001 -0.43256 1.28612 -0.44491 0.51145 0.59641 -0.42985
19.300048828 1.52343 -0.41151 1.21989 -0.44575 0.50776 0.59550 -0.43459
19.333381653 1.52669 -0.39041 1.16253 -0.44657 0.50411 0.59450 -0.43934
19.366714478 1.52977 -0.36926 1.11465 -0.44736 0.50051 0.59341 -0.44410
19.400047302 1.53269 -0.34806 1.07679 -0.44812 0.49696 0.59223 -0.44886
19.433380127 1.53542 -0.32682 1.04935 -0.44887 0.49346 0.59096 -0.45363
19.466712952 1.53798 -0.30553 1.03263 -0.44960 0.49002 0.58959 -0.45839
19.500045776 1.54037 -0.28420 1.02680 -0.45031 0.48663 0.58813 -0.46316
19.533378601 1.54258 -0.26284 1.03194 -0.45102 0.48330 0.58657 -0.46791
19.566711426 1.54462 -0.24144 1.04797 -0.45171 0.48002 0.58491 -0.47266
19.600044250 1.54648 -0.22000 1.07473 -0.45240 0.47681 0.58316 -0.47740
19.633377075 1.54816 -0.19854 1.11190 -0.45309 0.47365 0.58131 -0.48212
19.666709900 1.54966 -0.17705 1.15910 -0.45378 0.47055 0.57936 -0.48683
19.700042725 1.55099 -0.15553 1.21578 -0.45448 0.46751 0.57731 -0.49152
19.733375549 1.55214 -0.13400 1.28133 -0.45519 0.46454 0.57516 -0.49618
19.766708374 1.55311 -0.11244 1.35503 0.45590 -0.46163 -0.57292 0.50082
19.800041199 1.55390 -0.09087 1.43607 0.45663 -0.45878 -0.57058 0.50543
19.833374023 1.55451 -0.06928 1.52355 0.45738 -0.45599 -0.56813 0.51000
19.866706848 1.55495 -0.04768 1.61651 0.45815 -0.45327 -0.56559 0.51454
19.900039673 1.55521 -0.02608 1.71394 0.45894 -0.45061 -0.56296 0.51905
19.933372498 1.55529 -0.00446 1.81476 0.45975 -0.44801 -0.56022 0.52351
19.966705322 1.55519 0.01715 1.91787 0.46059 -0.44548 -0.55740 0.52793
