-4 -4 2 1 0.841583 0.0746756 
-4 -3.57895 2 1 0.7548 0.0673609 
-4 -3.15789 2 1 0.669449 0.0601669 
-4 -2.73684 2 1 0.585497 0.0530908 
-4 -2.31579 2 1 0.502907 0.0461296 
-4 -1.89474 2 1 0.421648 0.0392805 
-4 -1.47368 2 1 0.341688 0.0325408 
-4 -1.05263 2 1 0.262996 0.0259081 
-4 -0.631579 2 1 0.185541 0.0193796 
-4 -0.210526 2 1 0.109295 0.0129531 
-4 0.210526 2 1 0.0342298 0.00662606 
-4 0.631579 2 1 -0.0396818 0.000396258 
-4 1.05263 2 1 -0.112466 -0.00573854 
-4 1.47368 2 1 -0.184149 -0.0117805 
-4 1.89474 2 1 -0.254755 -0.0177317 
-4 2.31579 2 1 -0.324309 -0.0235941 
-4 2.73684 2 1 -0.392833 -0.0293698 
-4 3.15789 2 1 -0.46035 -0.0350607 
-4 3.57895 2 1 -0.526883 -0.0406686 
-4 4 2 1 -0.592453 -0.0461953 
-4 -4 2 1 0.841583 0.0746756 
-3.57895 -4 2 1 0.90456 0.0932458 
-3.15789 -4 2 1 0.979508 0.115346 
-2.73684 -4 2 1 1.0702 0.142089 
-2.31579 -4 2 1 1.18218 0.175108 
-1.89474 -4 2 1 1.32393 0.216908 
-1.47368 -4 2 1 1.50916 0.271527 
-1.05263 -4 2 1 1.76148 0.345931 
-0.631579 -4 2 1 2.12543 0.453248 
-0.210526 -4 2 1 2.69608 0.62152 
0.210526 -4 2 1 3.71942 0.923275 
0.631579 -4 2 1 6.08815 1.62175 
1.05263 -4 2 1 17.5457 5.0003 
-4 4 2 1 -0.592453 -0.0461953 
-3.57895 4 2 1 -0.644862 -0.0393095 
-3.15789 4 2 1 -0.705645 -0.0313236 
-2.73684 4 2 1 -0.776982 -0.0219511 
-2.31579 4 2 1 -0.861884 -0.0107963 
-1.89474 4 2 1 -0.964626 0.00270245 
-1.47368 4 2 1 -1.09149 0.0193706 
-1.05263 4 2 1 -1.25211 0.0404731 
-0.631579 4 2 1 -1.46201 0.0680507 
-0.210526 4 2 1 -1.74799 0.105624 
0.210526 4 2 1 -2.16057 0.15983 
0.631579 4 2 1 -2.8077 0.244853 
1.05263 4 2 1 -3.96884 0.397409 
1.47368 4 2 1 -6.65987 0.750967 
1.89474 4 2 1 -19.7419 2.46974 
-4 -4 6 1 0.709874 0.751562 
-4 -3.57895 6 1 0.632757 0.739909 
-4 -3.15789 6 1 0.556786 0.728429 
-4 -2.73684 6 1 0.481937 0.717118 
-4 -2.31579 6 1 0.408184 0.705973 
-4 -1.89474 6 1 0.335505 0.69499 
-4 -1.47368 6 1 0.263874 0.684165 
-4 -1.05263 6 1 0.193271 0.673496 
-4 -0.631579 6 1 0.123673 0.662979 
-4 -0.210526 6 1 0.0550585 0.65261 
-4 0.210526 6 1 -0.012593 0.642387 
-4 0.631579 6 1 -0.0793015 0.632307 
-4 1.05263 6 1 -0.145087 0.622366 
-4 1.47368 6 1 -0.209968 0.612561 
-4 1.89474 6 1 -0.273963 0.602891 
-4 2.31579 6 1 -0.33709 0.593351 
-4 2.73684 6 1 -0.399368 0.58394 
-4 3.15789 6 1 -0.460812 0.574655 
-4 3.57895 6 1 -0.521439 0.565493 
-4 4 6 1 -0.581267 0.556453 
-4 -4 6 1 0.709874 0.751562 
-3.57895 -4 6 1 0.755823 0.82049 
-3.15789 -4 6 1 0.809479 0.900978 
-2.73684 -4 6 1 0.872958 0.996202 
-2.31579 -4 6 1 0.94923 1.11062 
-1.89474 -4 6 1 1.04259 1.25067 
-1.47368 -4 6 1 1.15952 1.42607 
-1.05263 -4 6 1 1.31023 1.65214 
-0.631579 -4 6 1 1.5118 1.95452 
-0.210526 -4 6 1 1.79525 2.37972 
0.210526 -4 6 1 2.22316 3.02161 
0.631579 -4 6 1 2.94372 4.10251 
1.05263 -4 6 1 4.41319 6.30683 
1.47368 -4 6 1 9.06225 13.2808 
-4 4 6 1 -0.581267 0.556453 
-3.57895 4 6 1 -0.627998 0.60308 
-3.15789 4 6 1 -0.681443 0.656406 
-2.73684 4 6 1 -0.743161 0.717987 
-2.31579 4 6 1 -0.815233 0.789899 
-1.89474 4 6 1 -0.900504 0.87498 
-1.47368 4 6 1 -1.00296 0.977213 
-1.05263 4 6 1 -1.1284 1.10237 
-0.631579 4 6 1 -1.2855 1.25912 
-0.210526 4 6 1 -1.488 1.46117 
0.210526 4 6 1 -1.7589 1.73147 
0.631579 4 6 1 -2.1399 2.11162 
1.05263 4 6 1 -2.71524 2.68568 
1.47368 4 6 1 -3.6845 3.65279 
1.89474 4 6 1 -5.66287 5.62676 
2.31579 4 6 1 -11.9373 11.8872 
