-4 -4 2 1 2.13489 0.317892 
-4 -3.57895 2 1 1.8195 0.295491 
-4 -3.15789 2 1 1.55618 0.276788 
-4 -2.73684 2 1 1.33302 0.260939 
-4 -2.31579 2 1 1.14149 0.247335 
-4 -1.89474 2 1 0.975311 0.235532 
-4 -1.47368 2 1 0.829757 0.225193 
-4 -1.05263 2 1 0.701214 0.216064 
-4 -0.631579 2 1 0.586864 0.207942 
-4 -0.210526 2 1 0.484481 0.20067 
-4 0.210526 2 1 0.392279 0.194121 
-4 0.631579 2 1 0.308811 0.188193 
-4 1.05263 2 1 0.232893 0.1828 
-4 1.47368 2 1 0.163544 0.177875 
-4 1.89474 2 1 0.0999467 0.173358 
-4 2.31579 2 1 0.0414149 0.169201 
-4 2.73684 2 1 -0.012634 0.165362 
-4 3.15789 2 1 -0.0626958 0.161806 
-4 3.57895 2 1 -0.109196 0.158503 
-4 4 2 1 -0.152502 0.155427 
4 2.73684 2 1 -36.5064 -1.66528 
4 3.15789 2 1 -13.508 -0.530146 
4 3.57895 2 1 -8.70615 -0.293138 
4 4 2 1 -6.62659 -0.190497 
-4 -4 2 1 2.13489 0.317892 
-3.57895 -4 2 1 2.34914 0.335522 
-3.15789 -4 2 1 2.64115 0.359551 
-2.73684 -4 2 1 3.06267 0.394236 
-2.31579 -4 2 1 3.72437 0.448686 
-1.89474 -4 2 1 4.91336 0.546525 
-1.47368 -4 2 1 7.67734 0.773966 
-1.05263 -4 2 1 21.2838 1.89361 
-4 4 2 1 -0.152502 0.155427 
-3.57895 4 2 1 -0.195794 0.153114 
-3.15789 4 2 1 -0.2435 0.150565 
-2.73684 4 2 1 -0.29633 0.147742 
-2.31579 4 2 1 -0.355157 0.144599 
-1.89474 4 2 1 -0.421063 0.141078 
-1.47368 4 2 1 -0.495408 0.137105 
-1.05263 4 2 1 -0.579922 0.132589 
-0.631579 4 2 1 -0.676848 0.12741 
-0.210526 4 2 1 -0.789134 0.121411 
0.210526 4 2 1 -0.920747 0.114378 
0.631579 4 2 1 -1.07715 0.106022 
1.05263 4 2 1 -1.26606 0.0959275 
1.47368 4 2 1 -1.49881 0.0834913 
1.89474 4 2 1 -1.79265 0.0677909 
2.31579 4 2 1 -2.17526 0.0473471 
2.73684 4 2 1 -2.69404 0.0196278 
3.15789 4 2 1 -3.4374 -0.0200918 
3.57895 4 2 1 -4.59148 -0.0817567 
4 4 2 1 -6.62659 -0.190497 
-4 -4 6 1 2.6967 2.5052 
-4 -3.57895 6 1 2.22552 2.22293 
-4 -3.15789 6 1 1.85219 1.99927 
-4 -2.73684 6 1 1.5491 1.81769 
-4 -2.31579 6 1 1.29813 1.66734 
-4 -1.89474 6 1 1.08689 1.54079 
-4 -1.47368 6 1 0.906649 1.43281 
-4 -1.05263 6 1 0.751047 1.3396 
-4 -0.631579 6 1 0.615355 1.2583 
-4 -0.210526 6 1 0.49598 1.18679 
-4 0.210526 6 1 0.390147 1.12339 
-4 0.631579 6 1 0.295676 1.06679 
-4 1.05263 6 1 0.210829 1.01596 
-4 1.47368 6 1 0.134207 0.970059 
-4 1.89474 6 1 0.0646704 0.928401 
-4 2.31579 6 1 0.00127864 0.890424 
-4 2.73684 6 1 -0.0567479 0.855661 
-4 3.15789 6 1 -0.110063 0.823722 
-4 3.57895 6 1 -0.159217 0.794274 
-4 4 6 1 -0.20468 0.767038 
4 3.57895 6 1 -499.462 328.97 
4 4 6 1 -23.3138 14.5589 
-4 -4 6 1 2.6967 2.5052 
-3.57895 -4 6 1 3.11594 2.99848 
-3.15789 -4 6 1 3.76384 3.76081 
-2.73684 -4 6 1 4.89763 5.09485 
-2.31579 -4 6 1 7.3918 8.02955 
-1.89474 -4 6 1 17.3664 19.7658 
-4 4 6 1 -0.20468 0.767038 
-3.57895 4 6 1 -0.255001 0.79707 
-3.15789 4 6 1 -0.310983 0.830481 
-2.73684 4 6 1 -0.373639 0.867876 
-2.31579 4 6 1 -0.444238 0.91001 
-1.89474 4 6 1 -0.524392 0.957847 
-1.47368 4 6 1 -0.616182 1.01263 
-1.05263 4 6 1 -0.722341 1.07599 
-0.631579 4 6 1 -0.846527 1.1501 
-0.210526 4 6 1 -0.993761 1.23797 
0.210526 4 6 1 -1.17111 1.34382 
0.631579 4 6 1 -1.38888 1.47379 
1.05263 4 6 1 -1.66265 1.63718 
1.47368 4 6 1 -2.01721 1.84879 
1.89474 4 6 1 -2.49453 2.13366 
2.31579 4 6 1 -3.1717 2.5378 
2.73684 4 6 1 -4.20745 3.15596 
3.15789 4 6 1 -5.98919 4.21933 
3.57895 4 6 1 -9.77642 6.47961 
4 4 6 1 -23.3138 14.5589 
