-4 0.210526 2 1 11.4666 3.4641 
-4 0.631579 2 1 5.74398 1.58721 
-4 1.05263 2 1 3.9611 1.00247 
-4 1.47368 2 1 3.09133 0.717203 
-4 1.89474 2 1 2.5762 0.548253 
-4 2.31579 2 1 2.23554 0.436525 
-4 2.73684 2 1 1.99354 0.357158 
-4 3.15789 2 1 1.81278 0.297871 
-4 3.57895 2 1 1.67261 0.2519 
-4 4 2 1 1.56075 0.21521 
4 -4 2 1 -10.6155 1.0412 
4 -3.57895 2 1 -5.85782 0.550662 
4 -3.15789 2 1 -3.94063 0.352993 
4 -2.73684 2 1 -2.90493 0.246208 
4 -2.31579 2 1 -2.25641 0.179344 
4 -1.89474 2 1 -1.81215 0.13354 
4 -1.47368 2 1 -1.48878 0.100199 
4 -1.05263 2 1 -1.24287 0.0748447 
4 -0.631579 2 1 -1.04956 0.0549137 
4 -0.210526 2 1 -0.893601 0.038834 
4 0.210526 2 1 -0.765126 0.0255879 
4 0.631579 2 1 -0.657457 0.0144868 
4 1.05263 2 1 -0.565918 0.00504889 
4 1.47368 2 1 -0.487138 -0.00307365 
4 1.89474 2 1 -0.418622 -0.0101379 
4 2.31579 2 1 -0.358487 -0.016338 
4 2.73684 2 1 -0.305284 -0.0218233 
4 3.15789 2 1 -0.25788 -0.0267109 
4 3.57895 2 1 -0.215376 -0.0310932 
4 4 2 1 -0.177049 -0.0350448 
3.15789 -4 2 1 -49.2064 6.80784 
3.57895 -4 2 1 -16.6547 1.94363 
4 -4 2 1 -10.6155 1.0412 
-4 4 2 1 1.56075 0.21521 
-3.57895 4 2 1 1.38272 0.189573 
-3.15789 4 2 1 1.22247 0.166497 
-2.73684 4 2 1 1.07748 0.145617 
-2.31579 4 2 1 0.945655 0.126633 
-1.89474 4 2 1 0.825285 0.109299 
-1.47368 4 2 1 0.714938 0.0934079 
-1.05263 4 2 1 0.613413 0.0787875 
-0.631579 4 2 1 0.519692 0.065291 
-0.210526 4 2 1 0.432908 0.0527935 
0.210526 4 2 1 0.352319 0.0411881 
0.631579 4 2 1 0.277285 0.0303826 
1.05263 4 2 1 0.20725 0.020297 
1.47368 4 2 1 0.14173 0.0108617 
1.89474 4 2 1 0.0803037 0.00201584 
2.31579 4 2 1 0.0225978 -0.00629425 
2.73684 4 2 1 -0.0317155 -0.0141158 
3.15789 4 2 1 -0.0829268 -0.0214906 
3.57895 4 2 1 -0.131294 -0.0284559 
4 4 2 1 -0.177049 -0.0350448 
-4 -0.631579 6 1 16.3153 27.1409 
-4 -0.210526 6 1 5.96838 9.2383 
-4 0.210526 6 1 3.82593 5.53139 
-4 0.631579 6 1 2.90001 3.92932 
-4 1.05263 6 1 2.38358 3.03578 
-4 1.47368 6 1 2.05418 2.46585 
-4 1.89474 6 1 1.82579 2.07069 
-4 2.31579 6 1 1.65813 1.78059 
-4 2.73684 6 1 1.52981 1.55857 
-4 3.15789 6 1 1.42845 1.38318 
-4 3.57895 6 1 1.34635 1.24113 
-4 4 6 1 1.2785 1.12374 
4 -4 6 1 -5.075 4.11914 
4 -3.57895 6 1 -3.65341 3.0527 
4 -3.15789 6 1 -2.80422 2.41567 
4 -2.73684 6 1 -2.23966 1.99215 
4 -2.31579 6 1 -1.83716 1.69021 
4 -1.89474 6 1 -1.5357 1.46406 
4 -1.47368 6 1 -1.30148 1.28836 
4 -1.05263 6 1 -1.11426 1.14791 
4 -0.631579 6 1 -0.961182 1.03307 
4 -0.210526 6 1 -0.833686 0.937428 
4 0.210526 6 1 -0.725854 0.856535 
4 0.631579 6 1 -0.633463 0.787227 
4 1.05263 6 1 -0.553419 0.727179 
4 1.47368 6 1 -0.4834 0.674653 
4 1.89474 6 1 -0.421635 0.628319 
4 2.31579 6 1 -0.366745 0.587142 
4 2.73684 6 1 -0.317643 0.550307 
4 3.15789 6 1 -0.273459 0.517162 
4 3.57895 6 1 -0.23349 0.487178 
4 4 6 1 -0.19716 0.459924 
1.89474 -4 6 1 -45.9675 59.3752 
2.31579 -4 6 1 -14.378 16.6899 
2.73684 -4 6 1 -9.14189 9.61453 
3.15789 -4 6 1 -6.98821 6.70438 
3.57895 -4 6 1 -5.81406 5.11781 
4 -4 6 1 -5.075 4.11914 
-4 4 6 1 1.2785 1.12374 
-3.57895 4 6 1 1.13717 1.06016 
-3.15789 4 6 1 1.00815 1.00213 
-2.73684 4 6 1 0.889907 0.948935 
-2.31579 4 6 1 0.781134 0.900004 
-1.89474 4 6 1 0.680742 0.854843 
-1.47368 4 6 1 0.587798 0.813033 
-1.05263 4 6 1 0.501502 0.774213 
-0.631579 4 6 1 0.421165 0.738074 
-0.210526 4 6 1 0.346191 0.704348 
0.210526 4 6 1 0.276061 0.6728 
0.631579 4 6 1 0.210319 0.643226 
1.05263 4 6 1 0.148567 0.615447 
1.47368 4 6 1 0.0904512 0.589304 
1.89474 4 6 1 0.0356602 0.564657 
2.31579 4 6 1 -0.0160835 0.54138 
2.73684 4 6 1 -0.0650271 0.519363 
3.15789 4 6 1 -0.111392 0.498506 
3.57895 4 6 1 -0.155377 0.47872 
4 4 6 1 -0.19716 0.459924 
