4 -4 2 1 -0.841258 0.0260522 
4 -3.57895 2 1 -0.753141 0.02258 
4 -3.15789 2 1 -0.666628 0.0191711 
4 -2.73684 2 1 -0.581676 0.0158237 
4 -2.31579 2 1 -0.498243 0.0125361 
4 -1.89474 2 1 -0.416289 0.00930682 
4 -1.47368 2 1 -0.335774 0.00613424 
4 -1.05263 2 1 -0.256661 0.0030169 
4 -0.631579 2 1 -0.178914 -4.66193e-05 
4 -0.210526 2 1 -0.102497 -0.00305771 
4 0.210526 2 1 -0.0273771 -0.0060177 
4 0.631579 2 1 0.0464787 -0.00892788 
4 1.05263 2 1 0.119102 -0.0117895 
4 1.47368 2 1 0.190524 -0.0146038 
4 1.89474 2 1 0.260773 -0.0173719 
4 2.31579 2 1 0.329879 -0.0200949 
4 2.73684 2 1 0.397869 -0.0227739 
4 3.15789 2 1 0.464769 -0.02541 
4 3.57895 2 1 0.530607 -0.0280043 
4 4 2 1 0.595407 -0.0305576 
-1.05263 -4 2 1 -19.1748 -3.56467 
-0.631579 -4 2 1 -6.29413 -1.04192 
-0.210526 -4 2 1 -3.79981 -0.553395 
0.210526 -4 2 1 -2.73888 -0.345606 
0.631579 -4 2 1 -2.15155 -0.230574 
1.05263 -4 2 1 -1.77856 -0.157522 
1.47368 -4 2 1 -1.52068 -0.107016 
1.89474 -4 2 1 -1.33175 -0.0700138 
2.31579 -4 2 1 -1.18738 -0.0417381 
2.73684 -4 2 1 -1.07347 -0.0194276 
3.15789 -4 2 1 -0.981295 -0.00137463 
3.57895 -4 2 1 -0.905178 0.0135333 
4 -4 2 1 -0.841258 0.0260522 
-1.89474 4 2 1 15.0908 -4.16209 
-1.47368 4 2 1 6.03793 -1.58181 
-1.05263 4 2 1 3.74388 -0.927949 
-0.631579 4 2 1 2.69699 -0.629561 
-0.210526 4 2 1 2.0976 -0.458721 
0.210526 4 2 1 1.70931 -0.348048 
0.631579 4 2 1 1.43729 -0.270516 
1.05263 4 2 1 1.23613 -0.213178 
1.47368 4 2 1 1.08132 -0.169053 
1.89474 4 2 1 0.958495 -0.134047 
2.31579 4 2 1 0.858676 -0.105596 
2.73684 4 2 1 0.775952 -0.0820175 
3.15789 4 2 1 0.706277 -0.0621584 
3.57895 4 2 1 0.646789 -0.0452029 
4 4 2 1 0.595407 -0.0305576 
4 -4 6 1 -0.909982 0.904034 
4 -3.57895 6 1 -0.808685 0.890865 
4 -3.15789 6 1 -0.70949 0.87797 
4 -2.73684 6 1 -0.612332 0.865339 
4 -2.31579 6 1 -0.51715 0.852965 
4 -1.89474 6 1 -0.423884 0.84084 
4 -1.47368 6 1 -0.332476 0.828956 
4 -1.05263 6 1 -0.242872 0.817308 
4 -0.631579 6 1 -0.155018 0.805886 
4 -0.210526 6 1 -0.0688636 0.794686 
4 0.210526 6 1 0.0156397 0.7837 
4 0.631579 6 1 0.098539 0.772923 
4 1.05263 6 1 0.17988 0.762348 
4 1.47368 6 1 0.259705 0.751971 
4 1.89474 6 1 0.338058 0.741785 
4 2.31579 6 1 0.414977 0.731785 
4 2.73684 6 1 0.490503 0.721966 
4 3.15789 6 1 0.564672 0.712324 
4 3.57895 6 1 0.637522 0.702853 
4 4 6 1 0.709086 0.69355 
-0.210526 -4 6 1 -9.63391 8.88581 
0.210526 -4 6 1 -4.67201 4.34602 
0.631579 -4 6 1 -3.10876 2.91576 
1.05263 -4 6 1 -2.34311 2.21524 
1.47368 -4 6 1 -1.8887 1.79949 
1.89474 -4 6 1 -1.58781 1.5242 
2.31579 -4 6 1 -1.37388 1.32847 
2.73684 -4 6 1 -1.21397 1.18217 
3.15789 -4 6 1 -1.08992 1.06867 
3.57895 -4 6 1 -0.990883 0.978053 
4 -4 6 1 -0.909982 0.904034 
-1.47368 4 6 1 90.3239 58.1782 
-1.05263 4 6 1 9.46977 6.31322 
-0.631579 4 6 1 4.94891 3.41325 
-0.210526 4 6 1 3.32748 2.37316 
0.210526 4 6 1 2.49345 1.83815 
0.631579 4 6 1 1.9853 1.5122 
1.05263 4 6 1 1.64327 1.29279 
1.47368 4 6 1 1.39733 1.13503 
1.89474 4 6 1 1.21197 1.01613 
2.31579 4 6 1 1.06728 0.923315 
2.73684 4 6 1 0.951178 0.848843 
3.15789 4 6 1 0.855965 0.787767 
3.57895 4 6 1 0.776465 0.736771 
4 4 6 1 0.709086 0.69355 
