-4 -4 2 1 -0.00474034 -0.237233 
-4 -3.57895 2 1 -0.0454276 -0.239551 
-4 -3.15789 2 1 -0.0898109 -0.242079 
-4 -2.73684 2 1 -0.138418 -0.244848 
-4 -2.31579 2 1 -0.191881 -0.247894 
-4 -1.89474 2 1 -0.250967 -0.25126 
-4 -1.47368 2 1 -0.316612 -0.254999 
-4 -1.05263 2 1 -0.389973 -0.259178 
-4 -0.631579 2 1 -0.472493 -0.263879 
-4 -0.210526 2 1 -0.566004 -0.269206 
-4 0.210526 2 1 -0.672858 -0.275293 
-4 0.631579 2 1 -0.796129 -0.282315 
-4 1.05263 2 1 -0.939916 -0.290506 
-4 1.47368 2 1 -1.10981 -0.300183 
-4 1.89474 2 1 -1.31362 -0.311793 
-4 2.31579 2 1 -1.56263 -0.325979 
-4 2.73684 2 1 -1.87377 -0.343703 
-4 3.15789 2 1 -2.27359 -0.366479 
-4 3.57895 2 1 -2.80631 -0.396825 
-4 4 2 1 -3.5514 -0.439269 
4 -4 2 1 3.08927 -0.889603 
4 -3.57895 2 1 3.5062 -1.02598 
4 -3.15789 2 1 4.12286 -1.22769 
4 -2.73684 2 1 5.12801 -1.55647 
4 -2.31579 2 1 7.05753 -2.18761 
4 -1.89474 2 1 12.272 -3.89326 
4 -1.47368 2 1 77.161 -25.1183 
-4 -4 2 1 -0.00474034 -0.237233 
-3.57895 -4 2 1 0.0388301 -0.24642 
-3.15789 -4 2 1 0.0860968 -0.256386 
-2.73684 -4 2 1 0.137551 -0.267235 
-2.31579 -4 2 1 0.193775 -0.27909 
-1.89474 -4 2 1 0.255464 -0.292097 
-1.47368 -4 2 1 0.323455 -0.306433 
-1.05263 -4 2 1 0.398768 -0.322313 
-0.631579 -4 2 1 0.48265 -0.339999 
-0.210526 -4 2 1 0.576654 -0.35982 
0.210526 -4 2 1 0.682728 -0.382185 
0.631579 -4 2 1 0.803358 -0.40762 
1.05263 -4 2 1 0.941759 -0.436802 
1.47368 -4 2 1 1.10217 -0.470625 
1.89474 -4 2 1 1.2903 -0.510292 
2.31579 -4 2 1 1.51401 -0.55746 
2.73684 -4 2 1 1.78444 -0.614481 
3.15789 -4 2 1 2.11794 -0.6848 
3.57895 -4 2 1 2.5395 -0.773684 
4 -4 2 1 3.08927 -0.889603 
-4 4 2 1 -3.5514 -0.439269 
-3.57895 4 2 1 -4.12155 -0.537784 
-3.15789 4 2 1 -5.03285 -0.695247 
-2.73684 4 2 1 -6.72221 -0.987148 
-2.31579 4 2 1 -10.9283 -1.7139 
-1.89474 4 2 1 -39.6939 -6.68426 
-4 -4 6 1 0.0394827 0.287269 
-4 -3.57895 6 1 0.00286204 0.306606 
-4 -3.15789 6 1 -0.0368932 0.327598 
-4 -2.73684 6 1 -0.0802035 0.350468 
-4 -2.31579 6 1 -0.127568 0.375478 
-4 -1.89474 6 1 -0.179584 0.402944 
-4 -1.47368 6 1 -0.236972 0.433247 
-4 -1.05263 6 1 -0.30061 0.46685 
-4 -0.631579 6 1 -0.371577 0.504324 
-4 -0.210526 6 1 -0.451217 0.546377 
-4 0.210526 6 1 -0.541223 0.593903 
-4 0.631579 6 1 -0.64376 0.648046 
-4 1.05263 6 1 -0.76164 0.710292 
-4 1.47368 6 1 -0.898587 0.782605 
-4 1.89474 6 1 -1.05963 0.867643 
-4 2.31579 6 1 -1.25175 0.969089 
-4 2.73684 6 1 -1.4849 1.0922 
-4 3.15789 6 1 -1.77379 1.24474 
-4 3.57895 6 1 -2.14112 1.43871 
-4 4 6 1 -2.62387 1.69362 
4 -4 6 1 2.68382 0.995753 
4 -3.57895 6 1 2.95241 1.17659 
4 -3.15789 6 1 3.31827 1.42291 
4 -2.73684 6 1 3.84589 1.77815 
4 -2.31579 6 1 4.67302 2.33505 
4 -1.89474 6 1 6.15579 3.33337 
4 -1.47368 6 1 9.58552 5.64256 
4 -1.05263 6 1 26.1268 16.7795 
-4 -4 6 1 0.0394827 0.287269 
-3.57895 -4 6 1 0.082348 0.298754 
-3.15789 -4 6 1 0.128641 0.311157 
-2.73684 -4 6 1 0.17879 0.324593 
-2.31579 -4 6 1 0.233298 0.339197 
-1.89474 -4 6 1 0.292758 0.355128 
-1.47368 -4 6 1 0.357878 0.372575 
-1.05263 -4 6 1 0.429506 0.391766 
-0.631579 -4 6 1 0.50867 0.412976 
-0.210526 -4 6 1 0.596624 0.436541 
0.210526 -4 6 1 0.694919 0.462877 
0.631579 -4 6 1 0.805492 0.492502 
1.05263 -4 6 1 0.930797 0.526074 
1.47368 -4 6 1 1.07399 0.564439 
1.89474 -4 6 1 1.23919 0.6087 
2.31579 -4 6 1 1.4319 0.660332 
2.73684 -4 6 1 1.65961 0.721341 
3.15789 -4 6 1 1.93281 0.794538 
3.57895 -4 6 1 2.26665 0.883981 
4 -4 6 1 2.68382 0.995753 
-4 4 6 1 -2.62387 1.69362 
-3.57895 4 6 1 -2.89183 1.9887 
-3.15789 4 6 1 -3.27194 2.40728 
-2.73684 4 6 1 -3.85325 3.04743 
-2.31579 4 6 1 -4.85301 4.14838 
-1.89474 4 6 1 -6.9771 6.48745 
-1.47368 4 6 1 -14.5586 14.8363 
