-4 -4 2 1 0.0806615 -0.267528 
-4 -3.57895 2 1 0.0383352 -0.26902 
-4 -3.15789 2 1 -0.00744633 -0.270633 
-4 -2.73684 2 1 -0.0571242 -0.272383 
-4 -2.31579 2 1 -0.111218 -0.27429 
-4 -1.89474 2 1 -0.170343 -0.276373 
-4 -1.47368 2 1 -0.235238 -0.27866 
-4 -1.05263 2 1 -0.306787 -0.281181 
-4 -0.631579 2 1 -0.386073 -0.283974 
-4 -0.210526 2 1 -0.474419 -0.287087 
-4 0.210526 2 1 -0.573474 -0.290578 
-4 0.631579 2 1 -0.68531 -0.294518 
-4 1.05263 2 1 -0.812573 -0.299003 
-4 1.47368 2 1 -0.958689 -0.304151 
-4 1.89474 2 1 -1.12818 -0.310124 
-4 2.31579 2 1 -1.32716 -0.317135 
-4 2.73684 2 1 -1.56403 -0.325481 
-4 3.15789 2 1 -1.85077 -0.335585 
-4 3.57895 2 1 -2.20498 -0.348066 
-4 4 2 1 -2.65365 -0.363875 
4 -4 2 1 4.79981 -1.09679 
4 -3.57895 2 1 5.8433 -1.34543 
4 -3.15789 2 1 7.72555 -1.79392 
4 -2.73684 2 1 12.1375 -2.84518 
4 -2.31579 2 1 34.6256 -8.20358 
-4 -4 2 1 0.0806615 -0.267528 
-3.57895 -4 2 1 0.124651 -0.275258 
-3.15789 -4 2 1 0.172855 -0.283729 
-2.73684 -4 2 1 0.22591 -0.293052 
-2.31579 -4 2 1 0.284587 -0.303363 
-1.89474 -4 2 1 0.349829 -0.314827 
-1.47368 -4 2 1 0.422805 -0.327651 
-1.05263 -4 2 1 0.504975 -0.34209 
-0.631579 -4 2 1 0.598193 -0.35847 
-0.210526 -4 2 1 0.70485 -0.377212 
0.210526 -4 2 1 0.828075 -0.398865 
0.631579 -4 2 1 0.972056 -0.424166 
1.05263 -4 2 1 1.14252 -0.45412 
1.47368 -4 2 1 1.34751 -0.490141 
1.89474 -4 2 1 1.5987 -0.534281 
2.31579 -4 2 1 1.91369 -0.589632 
2.73684 -4 2 1 2.32033 -0.661087 
3.15789 -4 2 1 2.86542 -0.756871 
3.57895 -4 2 1 3.63418 -0.891959 
4 -4 2 1 4.79981 -1.09679 
-4 4 2 1 -2.65365 -0.363875 
-3.57895 4 2 1 -2.9774 -0.412367 
-3.15789 4 2 1 -3.44587 -0.482538 
-2.73684 4 2 1 -4.18408 -0.593109 
-2.31579 4 2 1 -5.51912 -0.793078 
-1.89474 4 2 1 -8.66599 -1.26443 
-1.47368 4 2 1 -25.0989 -3.72582 
-4 -4 6 1 0.106747 0.258078 
-4 -3.57895 6 1 0.0687918 0.275648 
-4 -3.15789 6 1 0.0279988 0.294533 
-4 -2.73684 6 1 -0.0159627 0.314884 
-4 -2.31579 6 1 -0.0634768 0.33688 
-4 -1.89474 6 1 -0.114992 0.360728 
-4 -1.47368 6 1 -0.171037 0.386673 
-4 -1.05263 6 1 -0.232235 0.415004 
-4 -0.631579 6 1 -0.299331 0.446065 
-4 -0.210526 6 1 -0.373223 0.480272 
-4 0.210526 6 1 -0.454997 0.518128 
-4 0.631579 6 1 -0.545985 0.560249 
-4 1.05263 6 1 -0.647838 0.607401 
-4 1.47368 6 1 -0.762625 0.660539 
-4 1.89474 6 1 -0.892977 0.720884 
-4 2.31579 6 1 -1.04229 0.790006 
-4 2.73684 6 1 -1.21503 0.869972 
-4 3.15789 6 1 -1.41717 0.963549 
-4 3.57895 6 1 -1.65692 1.07454 
-4 4 6 1 -1.94585 1.2083 
4 -4 6 1 3.33558 1.42284 
4 -3.57895 6 1 3.71477 1.71083 
4 -3.15789 6 1 4.25403 2.12039 
4 -2.73684 6 1 5.08186 2.74912 
4 -2.31579 6 1 6.51449 3.83718 
4 -1.89474 6 1 9.59613 6.17765 
4 -1.47368 6 1 21.0342 14.8647 
-4 -4 6 1 0.106747 0.258078 
-3.57895 -4 6 1 0.148245 0.273048 
-3.15789 -4 6 1 0.193381 0.28933 
-2.73684 -4 6 1 0.242655 0.307105 
-2.31579 -4 6 1 0.296663 0.326588 
-1.89474 -4 6 1 0.356123 0.348037 
-1.47368 -4 6 1 0.421902 0.371766 
-1.05263 -4 6 1 0.495066 0.39816 
-0.631579 -4 6 1 0.576932 0.427692 
-0.210526 -4 6 1 0.66915 0.460958 
0.210526 -4 6 1 0.773817 0.498716 
0.631579 -4 6 1 0.893636 0.541939 
1.05263 -4 6 1 1.03215 0.591908 
1.47368 -4 6 1 1.19412 0.650335 
1.89474 -4 6 1 1.38603 0.719565 
2.31579 -4 6 1 1.61705 0.802902 
2.73684 -4 6 1 1.90048 0.905146 
3.15789 -4 6 1 2.25643 1.03355 
3.57895 -4 6 1 2.71684 1.19964 
4 -4 6 1 3.33558 1.42284 
-4 4 6 1 -1.94585 1.2083 
-3.57895 4 6 1 -2.08938 1.38452 
-3.15789 4 6 1 -2.27765 1.61568 
-2.73684 4 6 1 -2.53545 1.93221 
-2.31579 4 6 1 -2.91003 2.39211 
-1.89474 4 6 1 -3.50395 3.12134 
-1.47368 4 6 1 -4.58968 4.4544 
-1.05263 4 6 1 -7.20962 7.67118 
-0.631579 4 6 1 -22.4455 26.3778 
