50.3179 -2.82059 13.857 14.0801 12 
10.7269 -0.536694 6.70423 6.36868 13 
6.32775 -0.282917 4.62177 4.12359 14 
4.63575 -0.18531 3.6292 3.05349 15 
3.73998 -0.133635 3.04835 2.42729 16 
3.18545 -0.101646 2.66707 2.01623 17 
2.80837 -0.0798934 2.39757 1.72568 18 
2.53532 -0.0641415 2.19699 1.50944 19 
-4.08918 -0.929859 -3.83822 1.89064 20 
-3.09918 -0.735768 -2.99566 1.55551 21 
-2.44098 -0.606725 -2.41081 1.32287 22 
-1.97171 -0.514723 -1.98111 1.15195 23 
-1.62023 -0.445815 -1.65205 1.02107 24 
-1.34714 -0.392275 -1.39198 0.917621 25 
-1.12885 -0.349478 -1.18127 0.833807 26 
-0.950363 -0.314486 -1.00708 0.76452 27 
-0.801706 -0.285341 -0.860675 0.706285 28 
-0.675975 -0.260691 -0.735895 0.656653 29 
-0.568248 -0.239571 -0.628281 0.613847 30 
-0.474915 -0.221273 -0.534517 0.576552 31 
-0.393273 -0.205266 -0.452092 0.543766 32 
-0.321254 -0.191147 -0.379066 0.514719 33 
-0.257252 -0.178599 -0.313917 0.488805 34 
-0.199998 -0.167374 -0.255438 0.465544 35 
-0.148479 -0.157274 -0.202653 0.444548 36 
-0.101874 -0.148137 -0.154769 0.425502 37 
-0.059512 -0.139832 -0.111134 0.408146 38 
-0.0208389 -0.13225 -0.071207 0.392264 39 
-18.6048 -4.77921 -10.9356 7.41696 55 
-8.91486 -2.20956 -7.02083 4.36877 56 
-6.15576 -1.47789 -5.35148 3.06894 57 
-4.85028 -1.13169 -4.42622 2.34849 58 
-4.08918 -0.929859 -3.83822 1.89064 59 
2.53532 -0.0641415 2.19699 1.50944 60 
2.15277 -0.0743344 1.87207 1.3494 61 
1.8413 -0.0826335 1.60389 1.21731 62 
1.58278 -0.0895216 1.37877 1.10643 63 
1.36477 -0.0953304 1.18712 1.01204 64 
1.17844 -0.100295 1.02198 0.930701 65 
1.01735 -0.104587 0.878215 0.85989 66 
0.876699 -0.108335 0.751922 0.797686 67 
0.752827 -0.111636 0.6401 0.74261 68 
0.642901 -0.114565 0.540397 0.693502 69 
0.544691 -0.117181 0.450943 0.649443 70 
0.45642 -0.119533 0.370236 0.609691 71 
0.376651 -0.121659 0.297052 0.573645 72 
0.304212 -0.123589 0.230386 0.54081 73 
0.238138 -0.125349 0.169405 0.510775 74 
0.177624 -0.126962 0.113412 0.483196 75 
0.121998 -0.128444 0.0618173 0.457784 76 
0.0706894 -0.129811 0.0141236 0.434293 77 
0.0232153 -0.131076 -0.0300957 0.412513 78 
-0.0208389 -0.13225 -0.071207 0.392264 79 
