-4 -4 2 1 -0.205014 0.23453 
-4 -3.57895 2 1 -0.243578 0.245415 
-4 -3.15789 2 1 -0.286668 0.257577 
-4 -2.73684 2 1 -0.335132 0.271257 
-4 -2.31579 2 1 -0.390042 0.286756 
-4 -1.89474 2 1 -0.452775 0.304462 
-4 -1.47368 2 1 -0.525131 0.324886 
-4 -1.05263 2 1 -0.609509 0.348702 
-4 -0.631579 2 1 -0.709176 0.376834 
-4 -0.210526 2 1 -0.828702 0.410571 
-4 0.210526 2 1 -0.974679 0.451775 
-4 0.631579 2 1 -1.15698 0.503231 
-4 1.05263 2 1 -1.39109 0.56931 
-4 1.47368 2 1 -1.70275 0.657278 
-4 1.89474 2 1 -2.13814 0.780171 
-4 2.31579 2 1 -2.7892 0.963938 
-4 2.73684 2 1 -3.86892 1.2687 
-4 3.15789 2 1 -6.00846 1.8726 
-4 3.57895 2 1 -12.272 3.64055 
-4 4 2 1 -351.756 99.4629 
4 -4 2 1 1.52383 0.200387 
4 -3.57895 2 1 1.64054 0.218709 
4 -3.15789 2 1 1.78699 0.241697 
4 -2.73684 2 1 1.97617 0.271394 
4 -2.31579 2 1 2.23001 0.31124 
4 -1.89474 2 1 2.58846 0.367508 
4 -1.47368 2 1 3.13299 0.452986 
4 -1.05263 2 1 4.0593 0.598393 
4 -0.631579 2 1 5.98561 0.900776 
4 -0.210526 2 1 12.4305 1.91246 
-4 -4 2 1 -0.205014 0.23453 
-3.57895 -4 2 1 -0.156696 0.233576 
-3.15789 -4 2 1 -0.105793 0.23257 
-2.73684 -4 2 1 -0.0520908 0.23151 
-2.31579 -4 2 1 0.00464668 0.230389 
-1.89474 -4 2 1 0.0646846 0.229204 
-1.47368 -4 2 1 0.12832 0.227947 
-1.05263 -4 2 1 0.195885 0.226613 
-0.631579 -4 2 1 0.267757 0.225193 
-0.210526 -4 2 1 0.34436 0.22368 
0.210526 -4 2 1 0.426177 0.222065 
0.631579 -4 2 1 0.51376 0.220335 
1.05263 -4 2 1 0.60774 0.218479 
1.47368 -4 2 1 0.708846 0.216482 
1.89474 -4 2 1 0.817918 0.214328 
2.31579 -4 2 1 0.935937 0.211997 
2.73684 -4 2 1 1.06405 0.209467 
3.15789 -4 2 1 1.20361 0.206711 
3.57895 -4 2 1 1.35623 0.203697 
4 -4 2 1 1.52383 0.200387 
-4 4 2 1 -351.756 99.4629 
-4 -4 6 1 -0.162014 0.82426 
-4 -3.57895 6 1 -0.200032 0.870054 
-4 -3.15789 6 1 -0.242753 0.921513 
-4 -2.73684 6 1 -0.291109 0.979759 
-4 -2.31579 6 1 -0.346292 1.04623 
-4 -1.89474 6 1 -0.409858 1.1228 
-4 -1.47368 6 1 -0.483875 1.21195 
-4 -1.05263 6 1 -0.571149 1.31708 
-4 -0.631579 6 1 -0.675595 1.44289 
-4 -0.210526 6 1 -0.802833 1.59615 
-4 0.210526 6 1 -0.961235 1.78695 
-4 0.631579 6 1 -1.16385 2.03101 
-4 1.05263 6 1 -1.4322 2.35423 
-4 1.47368 6 1 -1.80444 2.80262 
-4 1.89474 6 1 -2.35542 3.46629 
-4 2.31579 6 1 -3.25454 4.54931 
-4 2.73684 6 1 -4.98412 6.63264 
-4 3.15789 6 1 -9.68211 12.2915 
-4 3.57895 6 1 -71.2117 86.4059 
4 -4 6 1 1.77873 1.38997 
4 -3.57895 6 1 1.94015 1.55936 
4 -3.15789 6 1 2.14781 1.77728 
4 -2.73684 6 1 2.42492 2.06807 
4 -2.31579 6 1 2.81332 2.47565 
4 -1.89474 6 1 3.39687 3.08802 
4 -1.47368 6 1 4.37202 4.11134 
4 -1.05263 6 1 6.33199 6.16811 
4 -0.631579 6 1 12.2904 12.4208 
-4 -4 6 1 -0.162014 0.82426 
-3.57895 -4 6 1 -0.110136 0.839382 
-3.15789 -4 6 1 -0.0553421 0.855353 
-2.73684 -4 6 1 0.00262118 0.872249 
-2.31579 -4 6 1 0.0640371 0.890151 
-1.89474 -4 6 1 0.129224 0.909152 
-1.47368 -4 6 1 0.198539 0.929357 
-1.05263 -4 6 1 0.272388 0.950883 
-0.631579 -4 6 1 0.351231 0.973865 
-0.210526 -4 6 1 0.435591 0.998456 
0.210526 -4 6 1 0.52607 1.02483 
0.631579 -4 6 1 0.623358 1.05319 
1.05263 -4 6 1 0.728254 1.08376 
1.47368 -4 6 1 0.841685 1.11683 
1.89474 -4 6 1 0.964739 1.1527 
2.31579 -4 6 1 1.09869 1.19174 
2.73684 -4 6 1 1.24507 1.23441 
3.15789 -4 6 1 1.40566 1.28122 
3.57895 -4 6 1 1.58267 1.33282 
4 -4 6 1 1.77873 1.38997 
