18.7628 -2.35415 30.6774 25.5151 14 
9.04049 -0.991971 10.3651 8.11965 15 
6.20519 -0.594721 6.5715 4.87077 16 
4.85303 -0.405271 4.97115 3.50022 17 
4.06154 -0.294376 4.08856 2.74436 18 
3.54188 -0.221567 3.5293 2.26541 19 
-2.71437 -0.770201 -3.08849 1.3628 20 
-2.22329 -0.652358 -2.52138 1.19321 21 
-1.84595 -0.561807 -2.09139 1.06463 22 
-1.54692 -0.490051 -1.75415 0.963783 23 
-1.30413 -0.431788 -1.48257 0.882572 24 
-1.10306 -0.38354 -1.25919 0.815772 25 
-0.933826 -0.342928 -1.07221 0.759858 26 
-0.789411 -0.308273 -0.913403 0.71237 27 
-0.664731 -0.278354 -0.776854 0.671537 28 
-0.555999 -0.252262 -0.658188 0.636052 29 
-0.460339 -0.229307 -0.554107 0.604928 30 
-0.375527 -0.208955 -0.462079 0.577409 31 
-0.299817 -0.190787 -0.380124 0.552901 32 
-0.231819 -0.174469 -0.306674 0.530937 33 
-0.170411 -0.159733 -0.24047 0.51114 34 
-0.11468 -0.14636 -0.180492 0.493204 35 
-0.0638726 -0.134168 -0.125899 0.476879 36 
-0.0173646 -0.123007 -0.0759981 0.461957 37 
0.0253678 -0.112753 -0.0302091 0.448265 38 
0.0647663 -0.103299 0.0119562 0.435656 39 
-31.7055 -12.3471 -883.719 592.791 53 
-9.15706 -3.34294 -13.5922 8.41704 54 
-5.68794 -1.95763 -7.32025 4.20483 55 
-4.28152 -1.39601 -5.20947 2.78724 56 
-3.51971 -1.0918 -4.15026 2.07588 57 
-3.04197 -0.901019 -3.51351 1.64824 58 
-2.71437 -0.770201 -3.08849 1.3628 59 
3.54188 -0.221567 3.5293 2.26541 60 
2.8586 -0.198327 2.80978 1.89111 61 
2.3555 -0.181214 2.28914 1.62027 62 
1.9696 -0.168089 1.89495 1.41521 63 
1.66423 -0.157702 1.58612 1.25455 64 
1.41656 -0.149278 1.33763 1.12529 65 
1.21165 -0.142308 1.13338 1.01903 66 
1.03931 -0.136446 0.962511 0.930144 67 
0.892335 -0.131447 0.817464 0.854689 68 
0.765517 -0.127133 0.692796 0.789836 69 
0.654974 -0.123374 0.584493 0.733495 70 
0.557762 -0.120067 0.489531 0.684095 71 
0.471606 -0.117137 0.405589 0.640428 72 
0.394722 -0.114521 0.330853 0.601549 73 
0.32569 -0.112173 0.263888 0.566713 74 
0.263365 -0.110054 0.203542 0.535321 75 
0.206814 -0.10813 0.148879 0.506884 76 
0.155272 -0.106377 0.0991328 0.481006 77 
0.1081 -0.104772 0.0536685 0.457355 78 
0.0647663 -0.103299 0.0119562 0.435656 79 
