-2.14307 -0.264978 -1.87217 1.00247 0 
-2.34308 -0.275417 -2.00333 1.1405 1 
-2.60945 -0.289319 -2.16877 1.31462 2 
-2.98179 -0.308751 -2.38396 1.54109 3 
-3.53905 -0.337834 -2.67531 1.84773 4 
-4.46446 -0.386132 -3.09195 2.28622 5 
-6.30283 -0.482077 -3.73684 2.96494 6 
-11.7204 -0.764821 -4.8683 4.15574 7 
-414.593 -21.7908 -7.37056 6.78924 8 
0.0932879 -0.119978 0.0505127 0.384894 20 
0.132595 -0.116588 0.0851371 0.410222 21 
0.175807 -0.112862 0.122944 0.437879 22 
0.223534 -0.108746 0.164392 0.4682 23 
0.276523 -0.104177 0.210036 0.50159 24 
0.335697 -0.0990743 0.260545 0.538539 25 
0.402204 -0.0933393 0.316742 0.579648 26 
0.477498 -0.0868465 0.379644 0.625663 27 
0.563444 -0.0794353 0.450528 0.677517 28 
0.662473 -0.0708958 0.531016 0.736397 29 
0.777819 -0.0609493 0.623202 0.803833 30 
0.913878 -0.0492166 0.729835 0.881839 31 
1.07678 -0.0351694 0.854601 0.973109 32 
1.27533 -0.0180476 1.00255 1.08134 33 
1.52269 0.00328205 1.18082 1.21175 34 
1.83935 0.0305882 1.39978 1.37193 35 
2.25919 0.066792 1.67517 1.57338 36 
2.84246 0.117089 2.03201 1.83442 37 
3.70765 0.191696 2.51273 2.18608 38 
5.1243 0.313856 3.19537 2.68545 39 
-2.14307 -0.264978 -1.87217 1.00247 40 
-1.84596 -0.245714 -1.64082 0.928158 41 
-1.59523 -0.229457 -1.44033 0.863759 42 
-1.38082 -0.215556 -1.26491 0.807413 43 
-1.19537 -0.203531 -1.11013 0.757698 44 
-1.03338 -0.193028 -0.972558 0.713508 45 
-0.890659 -0.183775 -0.849468 0.673971 46 
-0.76397 -0.17556 -0.738691 0.638389 47 
-0.650753 -0.16822 -0.638466 0.606196 48 
-0.548966 -0.16162 -0.547355 0.576931 49 
-0.456962 -0.155655 -0.464168 0.550211 50 
-0.373396 -0.150236 -0.387915 0.525718 51 
-0.297158 -0.145293 -0.317763 0.503185 52 
-0.227323 -0.140765 -0.253009 0.482386 53 
-0.163119 -0.136603 -0.193052 0.463128 54 
-0.103889 -0.132762 -0.137379 0.445245 55 
-0.0490788 -0.129208 -0.085546 0.428596 56 
0.00178974 -0.12591 -0.0371691 0.413057 57 
0.0491268 -0.122841 0.00808627 0.398521 58 
0.0932879 -0.119978 0.0505127 0.384894 59 
71.9041 6.55597 6.23092 7.20255 75 
14.3284 1.17419 4.80463 5.08014 76 
8.50277 0.629652 4.025 3.92 77 
6.28977 0.422796 3.53353 3.18866 78 
5.1243 0.313856 3.19537 2.68545 79 
