4 -4 2 1 -0.954981 0.0209908 
4 -3.57895 2 1 -0.854143 0.0208114 
4 -3.15789 2 1 -0.756636 0.020638 
4 -2.73684 2 1 -0.662296 0.0204701 
4 -2.31579 2 1 -0.570973 0.0203077 
4 -1.89474 2 1 -0.482523 0.0201504 
4 -1.47368 2 1 -0.396813 0.0199979 
4 -1.05263 2 1 -0.313718 0.0198501 
4 -0.631579 2 1 -0.23312 0.0197067 
4 -0.210526 2 1 -0.154909 0.0195676 
4 0.210526 2 1 -0.0789782 0.0194325 
4 0.631579 2 1 -0.00523107 0.0193013 
4 1.05263 2 1 0.0664257 0.0191739 
4 1.47368 2 1 0.13608 0.01905 
4 1.89474 2 1 0.203814 0.0189295 
4 2.31579 2 1 0.269706 0.0188123 
4 2.73684 2 1 0.333831 0.0186982 
4 3.15789 2 1 0.396259 0.0185872 
4 3.57895 2 1 0.457055 0.018479 
4 4 2 1 0.516284 0.0183737 
-0.631579 -4 2 1 -11.2548 -2.36674 
-0.210526 -4 2 1 -5.1396 -0.949103 
0.210526 -4 2 1 -3.37993 -0.541169 
0.631579 -4 2 1 -2.54444 -0.347484 
1.05263 -4 2 1 -2.0565 -0.234367 
1.47368 -4 2 1 -1.73658 -0.160202 
1.89474 -4 2 1 -1.51064 -0.107824 
2.31579 -4 2 1 -1.34258 -0.0688631 
2.73684 -4 2 1 -1.21267 -0.0387486 
3.15789 -4 2 1 -1.10926 -0.0147749 
3.57895 -4 2 1 -1.02498 0.00476253 
4 -4 2 1 -0.954981 0.0209908 
-2.31579 4 2 1 17.2854 -4.15852 
-1.89474 4 2 1 6.61986 -1.50192 
-1.47368 4 2 1 4.03648 -0.858444 
-1.05263 4 2 1 2.87282 -0.568598 
-0.631579 4 2 1 2.21082 -0.403705 
-0.210526 4 2 1 1.7836 -0.297292 
0.210526 4 2 1 1.48508 -0.222935 
0.631579 4 2 1 1.26471 -0.168045 
1.05263 4 2 1 1.09535 -0.125862 
1.47368 4 2 1 0.961136 -0.0924308 
1.89474 4 2 1 0.85215 -0.0652845 
2.31579 4 2 1 0.761892 -0.0428028 
2.73684 4 2 1 0.685916 -0.0238786 
3.15789 4 2 1 0.621081 -0.00772927 
3.57895 4 2 1 0.565103 0.00621373 
4 4 2 1 0.516284 0.0183737 
4 -4 6 1 -1.09615 0.995877 
4 -3.57895 6 1 -0.97434 0.976347 
4 -3.15789 6 1 -0.857265 0.957576 
4 -2.73684 6 1 -0.744653 0.93952 
4 -2.31579 6 1 -0.636254 0.92214 
4 -1.89474 6 1 -0.531836 0.905398 
4 -1.47368 6 1 -0.431183 0.889259 
4 -1.05263 6 1 -0.334095 0.873693 
4 -0.631579 6 1 -0.240386 0.858668 
4 -0.210526 6 1 -0.149883 0.844157 
4 0.210526 6 1 -0.0624242 0.830134 
4 0.631579 6 1 0.0221419 0.816575 
4 1.05263 6 1 0.103956 0.803457 
4 1.47368 6 1 0.183151 0.79076 
4 1.89474 6 1 0.25985 0.778462 
4 2.31579 6 1 0.33417 0.766546 
4 2.73684 6 1 0.406219 0.754994 
4 3.15789 6 1 0.476099 0.74379 
4 3.57895 6 1 0.543909 0.732917 
4 4 6 1 0.609737 0.722363 
0.210526 -4 6 1 -9.39068 8.38251 
0.631579 -4 6 1 -4.73427 4.23578 
1.05263 -4 6 1 -3.20915 2.87759 
1.47368 -4 6 1 -2.45156 2.20292 
1.89474 -4 6 1 -1.99858 1.79953 
2.31579 -4 6 1 -1.69725 1.53118 
2.73684 -4 6 1 -1.48233 1.33979 
3.15789 -4 6 1 -1.32132 1.1964 
3.57895 -4 6 1 -1.19619 1.08497 
4 -4 6 1 -1.09615 0.995877 
-1.47368 4 6 1 13.6543 9.21256 
-1.05263 4 6 1 5.98125 4.21846 
-0.631579 4 6 1 3.77845 2.78475 
-0.210526 4 6 1 2.73339 2.10456 
0.210526 4 6 1 2.12328 1.70747 
0.631579 4 6 1 1.72337 1.44718 
1.05263 4 6 1 1.44098 1.26338 
1.47368 4 6 1 1.23095 1.12668 
1.89474 4 6 1 1.06862 1.02103 
2.31579 4 6 1 0.939405 0.93693 
2.73684 4 6 1 0.834105 0.868395 
3.15789 4 6 1 0.746646 0.811471 
3.57895 4 6 1 0.672846 0.763437 
4 4 6 1 0.609737 0.722363 
