-4 -4 2 1 0.344745 -0.0759986 
-4 -3.57895 2 1 0.295089 -0.0749367 
-4 -3.15789 2 1 0.243007 -0.073823 
-4 -2.73684 2 1 0.188317 -0.0726534 
-4 -2.31579 2 1 0.130819 -0.0714238 
-4 -1.89474 2 1 0.0702899 -0.0701294 
-4 -1.47368 2 1 0.00648424 -0.068765 
-4 -1.05263 2 1 -0.0608716 -0.0673246 
-4 -0.631579 2 1 -0.132082 -0.0658017 
-4 -0.210526 2 1 -0.207489 -0.0641892 
-4 0.210526 2 1 -0.287473 -0.0624787 
-4 0.631579 2 1 -0.372465 -0.0606612 
-4 1.05263 2 1 -0.46295 -0.0587262 
-4 1.47368 2 1 -0.559478 -0.0566619 
-4 1.89474 2 1 -0.662677 -0.054455 
-4 2.31579 2 1 -0.773261 -0.0520902 
-4 2.73684 2 1 -0.892053 -0.0495498 
-4 3.15789 2 1 -1.02 -0.0468137 
-4 3.57895 2 1 -1.15821 -0.0438581 
-4 4 2 1 -1.30796 -0.0406557 
-4 -4 2 1 0.344745 -0.0759986 
-3.57895 -4 2 1 0.389719 -0.0683806 
-3.15789 -4 2 1 0.440295 -0.0598134 
-2.73684 -4 2 1 0.497592 -0.0501079 
-2.31579 -4 2 1 0.563044 -0.039021 
-1.89474 -4 2 1 0.638524 -0.0262353 
-1.47368 -4 2 1 0.72653 -0.0113279 
-1.05263 -4 2 1 0.830462 0.00627701 
-0.631579 -4 2 1 0.955071 0.0273846 
-0.210526 -4 2 1 1.10721 0.0531557 
0.210526 -4 2 1 1.29714 0.0853276 
0.631579 -4 2 1 1.54093 0.126623 
1.05263 -4 2 1 1.86528 0.181565 
1.47368 -4 2 1 2.31802 0.258256 
1.89474 -4 2 1 2.99422 0.372796 
2.31579 -4 2 1 4.11347 0.562387 
2.73684 -4 2 1 6.32342 0.936731 
3.15789 -4 2 1 12.7333 2.02251 
3.57895 -4 2 1 263.953 44.5767 
-4 4 2 1 -1.30796 -0.0406557 
-3.57895 4 2 1 -1.40567 -0.0224274 
-3.15789 4 2 1 -1.52762 0.000321017 
-2.73684 4 2 1 -1.68407 0.0295087 
-2.31579 4 2 1 -1.89212 0.0683205 
-1.89474 4 2 1 -2.18231 0.122456 
-1.47368 4 2 1 -2.61526 0.203224 
-1.05263 4 2 1 -3.33068 0.336686 
-0.631579 4 2 1 -4.73882 0.599378 
-0.210526 4 2 1 -8.79013 1.35516 
0.210526 4 2 1 -136.544 25.1878 
-4 -4 6 1 0.295111 0.445473 
-4 -3.57895 6 1 0.249428 0.457599 
-4 -3.15789 6 1 0.201746 0.470255 
-4 -2.73684 6 1 0.151929 0.483477 
-4 -2.31579 6 1 0.0998316 0.497305 
-4 -1.89474 6 1 0.0452926 0.511781 
-4 -1.47368 6 1 -0.0118633 0.526952 
-4 -1.05263 6 1 -0.0718292 0.542869 
-4 -0.631579 6 1 -0.134818 0.559587 
-4 -0.210526 6 1 -0.201063 0.577171 
-4 0.210526 6 1 -0.270824 0.595687 
-4 0.631579 6 1 -0.344389 0.615213 
-4 1.05263 6 1 -0.422078 0.635834 
-4 1.47368 6 1 -0.504247 0.657643 
-4 1.89474 6 1 -0.591295 0.680748 
-4 2.31579 6 1 -0.68367 0.705267 
-4 2.73684 6 1 -0.781878 0.731334 
-4 3.15789 6 1 -0.886487 0.7591 
-4 3.57895 6 1 -0.998145 0.788737 
-4 4 6 1 -1.11759 0.82044 
4 -4 6 1 13.3608 12.3109 
4 -3.57895 6 1 20.7415 20.7031 
4 -3.15789 6 1 58.792 63.9679 
-4 -4 6 1 0.295111 0.445473 
-3.57895 -4 6 1 0.332776 0.479679 
-3.15789 -4 6 1 0.374617 0.517676 
-2.73684 -4 6 1 0.421367 0.560132 
-2.31579 -4 6 1 0.473946 0.607881 
-1.89474 -4 6 1 0.533515 0.661978 
-1.47368 -4 6 1 0.601568 0.723779 
-1.05263 -4 6 1 0.680057 0.795058 
-0.631579 -4 6 1 0.771579 0.878173 
-0.210526 -4 6 1 0.879678 0.976341 
0.210526 -4 6 1 1.0093 1.09406 
0.631579 -4 6 1 1.1676 1.23781 
1.05263 -4 6 1 1.36525 1.41731 
1.47368 -4 6 1 1.61904 1.64778 
1.89474 -4 6 1 1.95681 1.95453 
2.31579 -4 6 1 2.42855 2.38293 
2.73684 -4 6 1 3.13363 3.02324 
3.15789 -4 6 1 4.30213 4.0844 
3.57895 -4 6 1 6.6145 6.18436 
4 -4 6 1 13.3608 12.3109 
-4 4 6 1 -1.11759 0.82044 
-3.57895 4 6 1 -1.18049 0.91327 
-3.15789 4 6 1 -1.2559 1.02456 
-2.73684 4 6 1 -1.34796 1.16043 
-2.31579 4 6 1 -1.46288 1.33003 
-1.89474 4 6 1 -1.61037 1.54771 
-1.47368 4 6 1 -1.80657 1.83726 
-1.05263 4 6 1 -2.08038 2.24136 
-0.631579 4 6 1 -2.48919 2.8447 
-0.210526 4 6 1 -3.16554 3.84287 
0.210526 4 6 1 -4.49975 5.81195 
0.631579 4 6 1 -8.36044 11.5097 
1.05263 4 6 1 -149.662 220.047 
