-7.03573 -0.121699 -3.5614 2.37535 0 
-9.39167 -0.097277 -3.94415 2.82925 1 
-15.139 -0.0376999 -4.49226 3.47923 2 
-50.4088 0.327906 -5.34236 4.48734 3 
-0.153917 -0.20098 -0.131529 0.311875 20 
-0.110028 -0.201713 -0.0914106 0.327354 21 
-0.0629518 -0.202499 -0.0486853 0.343838 22 
-0.0123279 -0.203345 -0.00309073 0.36143 23 
0.0422602 -0.204257 0.0456722 0.380243 24 
0.101297 -0.205244 0.0979457 0.400412 25 
0.16535 -0.206314 0.154123 0.422086 26 
0.235086 -0.207479 0.214658 0.445442 27 
0.311297 -0.208752 0.280079 0.470683 28 
0.394928 -0.21015 0.351002 0.498046 29 
0.48712 -0.21169 0.428151 0.527812 30 
0.589256 -0.213397 0.512385 0.560311 31 
0.703038 -0.215298 0.604725 0.595938 32 
0.830578 -0.217429 0.706402 0.635167 33 
0.974531 -0.219834 0.818906 0.678574 34 
1.13829 -0.22257 0.944064 0.726863 35 
1.32623 -0.22571 1.08414 0.780907 36 
1.54414 -0.229351 1.24197 0.841801 37 
1.79982 -0.233623 1.42115 0.910933 38 
2.10402 -0.238705 1.62634 0.990099 39 
-7.03573 -0.121699 -3.5614 2.37535 40 
-4.79062 -0.147563 -2.82227 1.93067 41 
-3.55172 -0.161836 -2.29999 1.61646 42 
-2.76641 -0.170883 -1.91135 1.38265 43 
-2.22415 -0.17713 -1.61086 1.20187 44 
-1.82721 -0.181703 -1.37159 1.05792 45 
-1.52408 -0.185195 -1.17656 0.940587 46 
-1.28502 -0.187949 -1.01454 0.843112 47 
-1.09166 -0.190176 -0.877805 0.760848 48 
-0.932042 -0.192015 -0.76086 0.690492 49 
-0.798036 -0.193559 -0.6597 0.629633 50 
-0.683938 -0.194874 -0.571332 0.576469 51 
-0.585618 -0.196006 -0.493473 0.529627 52 
-0.500016 -0.196992 -0.424354 0.488044 53 
-0.424813 -0.197859 -0.362582 0.450881 54 
-0.358224 -0.198626 -0.307044 0.417468 55 
-0.298848 -0.19931 -0.256842 0.387265 56 
-0.245573 -0.199924 -0.211242 0.359832 57 
-0.197506 -0.200477 -0.169639 0.334802 58 
-0.153917 -0.20098 -0.131529 0.311875 59 
16.6325 -0.530658 3.6905 3.78162 72 
7.04687 -0.338033 2.95468 2.78651 73 
4.67347 -0.290339 2.51245 2.18846 74 
3.59767 -0.26872 2.21733 1.78934 75 
2.98377 -0.256384 2.00637 1.50405 76 
2.58686 -0.248408 1.84807 1.28997 77 
2.30918 -0.242828 1.7249 1.1234 78 
2.10402 -0.238705 1.62634 0.990099 79 
