-4 -4 2 1 0.87691 0.123764 
-4 -3.57895 2 1 0.786104 0.114804 
-4 -3.15789 2 1 0.697285 0.10604 
-4 -2.73684 2 1 0.610388 0.0974663 
-4 -2.31579 2 1 0.525351 0.0890759 
-4 -1.89474 2 1 0.442116 0.0808632 
-4 -1.47368 2 1 0.360625 0.0728226 
-4 -1.05263 2 1 0.280825 0.0649488 
-4 -0.631579 2 1 0.202663 0.0572367 
-4 -0.210526 2 1 0.126089 0.0496813 
-4 0.210526 2 1 0.0510555 0.0422779 
-4 0.631579 2 1 -0.0224834 0.035022 
-4 1.05263 2 1 -0.0945721 0.0279091 
-4 1.47368 2 1 -0.165253 0.0209351 
-4 1.89474 2 1 -0.234567 0.014096 
-4 2.31579 2 1 -0.302554 0.0073879 
-4 2.73684 2 1 -0.36925 0.000807058 
-4 3.15789 2 1 -0.434693 -0.00565011 
-4 3.57895 2 1 -0.498918 -0.011987 
-4 4 2 1 -0.561958 -0.0182071 
-4 -4 2 1 0.87691 0.123764 
-3.57895 -4 2 1 0.941741 0.145564 
-3.15789 -4 2 1 1.01922 0.171618 
-2.73684 -4 2 1 1.11347 0.203308 
-2.31579 -4 2 1 1.23056 0.242682 
-1.89474 -4 2 1 1.37997 0.292922 
-1.47368 -4 2 1 1.57721 0.359245 
-1.05263 -4 2 1 1.84962 0.450846 
-0.631579 -4 2 1 2.25029 0.585578 
-0.210526 -4 2 1 2.89773 0.803285 
0.210526 -4 2 1 4.1213 1.21472 
0.631579 -4 2 1 7.30645 2.28576 
1.05263 -4 2 1 36.2268 12.0105 
-4 4 2 1 -0.561958 -0.0182071 
-3.57895 4 2 1 -0.613199 -0.0107539 
-3.15789 4 2 1 -0.672415 -0.00214076 
-2.73684 4 2 1 -0.741625 0.00792613 
-2.31579 4 2 1 -0.823593 0.0198487 
-1.89474 4 2 1 -0.922205 0.0341921 
-1.47368 4 2 1 -1.0431 0.0517769 
-1.05263 4 2 1 -1.1948 0.073842 
-0.631579 4 2 1 -1.39079 0.10235 
-0.210526 4 2 1 -1.65379 0.140603 
0.210526 4 2 1 -2.02524 0.194632 
0.631579 4 2 1 -2.58965 0.276728 
1.05263 4 2 1 -3.55016 0.416437 
1.47368 4 2 1 -5.54909 0.707188 
1.89474 4 2 1 -12.2517 1.68211 
-4 -4 6 1 0.741235 0.819612 
-4 -3.57895 6 1 0.660223 0.804503 
-4 -3.15789 6 1 0.58082 0.789695 
-4 -2.73684 6 1 0.502978 0.775177 
-4 -2.31579 6 1 0.426654 0.760942 
-4 -1.89474 6 1 0.351801 0.746982 
-4 -1.47368 6 1 0.278379 0.733289 
-4 -1.05263 6 1 0.206346 0.719855 
-4 -0.631579 6 1 0.135664 0.706673 
-4 -0.210526 6 1 0.0662948 0.693735 
-4 0.210526 6 1 -0.00179786 0.681036 
-4 0.631579 6 1 -0.0686488 0.668568 
-4 1.05263 6 1 -0.134292 0.656326 
-4 1.47368 6 1 -0.198759 0.644303 
-4 1.89474 6 1 -0.262082 0.632493 
-4 2.31579 6 1 -0.324291 0.620891 
-4 2.73684 6 1 -0.385414 0.609491 
-4 3.15789 6 1 -0.445481 0.598289 
-4 3.57895 6 1 -0.504519 0.587278 
-4 4 6 1 -0.562553 0.576455 
-4 -4 6 1 0.741235 0.819612 
-3.57895 -4 6 1 0.788658 0.894804 
-3.15789 -4 6 1 0.844318 0.983055 
-2.73684 -4 6 1 0.910564 1.08809 
-2.31579 -4 6 1 0.990734 1.21521 
-1.89474 -4 6 1 1.08973 1.37218 
-1.47368 -4 6 1 1.21508 1.57092 
-1.05263 -4 6 1 1.3789 1.83067 
-0.631579 -4 6 1 1.60214 2.18462 
-0.210526 -4 6 1 1.92425 2.69534 
0.210526 -4 6 1 2.42962 3.49664 
0.631579 -4 6 1 3.33684 4.93508 
1.05263 -4 6 1 5.4415 8.27213 
1.47368 -4 6 1 15.7154 24.5619 
-4 4 6 1 -0.562553 0.576455 
-3.57895 4 6 1 -0.609536 0.622618 
-3.15789 4 6 1 -0.663175 0.675322 
-2.73684 4 6 1 -0.724992 0.736061 
-2.31579 4 6 1 -0.797012 0.806825 
-1.89474 4 6 1 -0.881988 0.890319 
-1.47368 4 6 1 -0.983762 0.990317 
-1.05263 4 6 1 -1.10786 1.11225 
-0.631579 4 6 1 -1.26253 1.26423 
-0.210526 4 6 1 -1.46067 1.45891 
0.210526 4 6 1 -1.72358 1.71723 
0.631579 4 6 1 -2.08923 2.07651 
1.05263 4 6 1 -2.63249 2.61029 
1.47368 4 6 1 -3.52425 3.4865 
1.89474 4 6 1 -5.25822 5.19023 
2.31579 4 6 1 -10.095 9.94269 
2.73684 4 6 1 -97.1451 95.4744 
