10.9894 0.540045 53.2212 46.2347 17 
7.61758 0.425689 15.062 12.4039 18 
5.98799 0.370422 9.23582 7.23859 19 
-2.11451 -0.188497 -2.65924 1.64288 20 
-1.80038 -0.15178 -2.23659 1.49049 21 
-1.53904 -0.121234 -1.89528 1.36743 22 
-1.31821 -0.0954226 -1.6139 1.26598 23 
-1.12916 -0.0733249 -1.37794 1.1809 24 
-0.965473 -0.054193 -1.17722 1.10853 25 
-0.822377 -0.0374674 -1.00439 1.04622 26 
-0.696214 -0.022721 -0.854024 0.992001 27 
-0.584146 -0.00962212 -0.722002 0.944401 28 
-0.483937 0.00209076 -0.605164 0.902274 29 
-0.393798 0.0126265 -0.501031 0.864729 30 
-0.312284 0.0221542 -0.407638 0.831055 31 
-0.238214 0.0308118 -0.323406 0.800685 32 
-0.170612 0.0387133 -0.247049 0.773154 33 
-0.108667 0.0459537 -0.177512 0.748083 34 
-0.0516976 0.0526125 -0.113921 0.725154 35 
0.000873103 0.0587572 -0.055544 0.704106 36 
0.0495354 0.064445 -0.00176525 0.684716 37 
0.0947096 0.0697251 0.047938 0.666796 38 
0.136758 0.0746399 0.094012 0.650183 39 
-7.44403 -1.049 -33.3727 27.8544 53 
-4.79046 -0.620554 -9.56415 7.53567 54 
-3.64638 -0.435832 -5.85186 4.36752 55 
-3.009 -0.332921 -4.34306 3.07989 56 
-2.60273 -0.267324 -3.52488 2.38164 57 
-2.32116 -0.221862 -3.01145 1.94346 58 
-2.11451 -0.188497 -2.65924 1.64288 59 
5.98799 0.370422 9.23582 7.23859 60 
4.27242 0.2837 5.65237 4.65603 61 
3.25169 0.232101 3.95908 3.4357 62 
2.57475 0.197881 2.97255 2.72472 63 
2.09294 0.173526 2.32669 2.25925 64 
1.73253 0.155307 1.87103 1.93086 65 
1.45276 0.141164 1.53232 1.68676 66 
1.2293 0.129868 1.27067 1.49819 67 
1.04669 0.120637 1.06246 1.34813 68 
0.894678 0.112953 0.892836 1.22589 69 
0.766163 0.106457 0.751983 1.12438 70 
0.65609 0.100892 0.633153 1.03874 71 
0.560753 0.096073 0.531555 0.965517 72 
0.47738 0.0918585 0.443695 0.902196 73 
0.403851 0.0881416 0.366961 0.846895 74 
0.338521 0.0848391 0.299367 0.798181 75 
0.28009 0.0818854 0.239372 0.754943 76 
0.22752 0.0792279 0.185762 0.716307 77 
0.179971 0.0768243 0.137569 0.681575 78 
0.136758 0.0746399 0.094012 0.650183 79 
