4 -4 2 1 -1.42358 0.358852 
4 -3.57895 2 1 -1.25784 0.354585 
4 -3.15789 2 1 -1.10581 0.35067 
4 -2.73684 2 1 -0.965853 0.347067 
4 -2.31579 2 1 -0.836593 0.343738 
4 -1.89474 2 1 -0.716846 0.340655 
4 -1.47368 2 1 -0.605599 0.337791 
4 -1.05263 2 1 -0.501978 0.335123 
4 -0.631579 2 1 -0.405224 0.332631 
4 -0.210526 2 1 -0.314678 0.3303 
4 0.210526 2 1 -0.22976 0.328113 
4 0.631579 2 1 -0.149962 0.326059 
4 1.05263 2 1 -0.0748334 0.324124 
4 1.47368 2 1 -0.00397642 0.3223 
4 1.89474 2 1 0.0629631 0.320576 
4 2.31579 2 1 0.126301 0.318945 
4 2.73684 2 1 0.186321 0.3174 
4 3.15789 2 1 0.243277 0.315933 
4 3.57895 2 1 0.297398 0.31454 
4 4 2 1 0.348889 0.313214 
0.210526 -4 2 1 -29.0996 5.25779 
0.631579 -4 2 1 -7.41573 1.41952 
1.05263 -4 2 1 -4.4087 0.887248 
1.47368 -4 2 1 -3.21203 0.675427 
1.89474 -4 2 1 -2.56912 0.561625 
2.31579 -4 2 1 -2.16782 0.49059 
2.73684 -4 2 1 -1.89347 0.442027 
3.15789 -4 2 1 -1.69406 0.406729 
3.57895 -4 2 1 -1.54257 0.379914 
4 -4 2 1 -1.42358 0.358852 
-3.15789 4 2 1 43.3674 7.44236 
-2.73684 4 2 1 9.90957 1.89763 
-2.31579 4 2 1 5.43042 1.15534 
-1.89474 4 2 1 3.65842 0.861678 
-1.47368 4 2 1 2.70886 0.704314 
-1.05263 4 2 1 2.117 0.60623 
-0.631579 4 2 1 1.71277 0.539239 
-0.210526 4 2 1 1.41914 0.490579 
0.210526 4 2 1 1.19619 0.453631 
0.631579 4 2 1 1.02114 0.424622 
1.05263 4 2 1 0.880053 0.40124 
1.47368 4 2 1 0.763915 0.381993 
1.89474 4 2 1 0.666646 0.365874 
2.31579 4 2 1 0.583995 0.352176 
2.73684 4 2 1 0.512896 0.340394 
3.15789 4 2 1 0.451085 0.33015 
3.57895 4 2 1 0.396854 0.321163 
4 4 2 1 0.348889 0.313214 
4 -4 6 1 -1.85283 1.86654 
4 -3.57895 6 1 -1.62065 1.77918 
4 -3.15789 6 1 -1.41241 1.70084 
4 -2.73684 6 1 -1.22459 1.63018 
4 -2.31579 6 1 -1.05433 1.56613 
4 -1.89474 6 1 -0.899285 1.5078 
4 -1.47368 6 1 -0.757491 1.45445 
4 -1.05263 6 1 -0.627324 1.40548 
4 -0.631579 6 1 -0.507409 1.36037 
4 -0.210526 6 1 -0.396582 1.31868 
4 0.210526 6 1 -0.293846 1.28003 
4 0.631579 6 1 -0.198347 1.2441 
4 1.05263 6 1 -0.109346 1.21061 
4 1.47368 6 1 -0.026202 1.17933 
4 1.89474 6 1 0.0516449 1.15005 
4 2.31579 6 1 0.124685 1.12257 
4 2.73684 6 1 0.193351 1.09674 
4 3.15789 6 1 0.258024 1.07241 
4 3.57895 6 1 0.319042 1.04945 
4 4 6 1 0.376706 1.02776 
1.05263 -4 6 1 -33.7715 39.7105 
1.47368 -4 6 1 -8.34773 9.56712 
1.89474 -4 6 1 -4.92353 5.50726 
2.31579 -4 6 1 -3.56752 3.89953 
2.73684 -4 6 1 -2.84056 3.03762 
3.15789 -4 6 1 -2.38734 2.50026 
3.57895 -4 6 1 -2.07774 2.13319 
4 -4 6 1 -1.85283 1.86654 
-2.31579 4 6 1 41.0946 43.4597 
-1.89474 4 6 1 9.11123 10.13 
-1.47368 4 6 1 4.95856 5.80248 
-1.05263 4 6 1 3.32386 4.09897 
-0.631579 4 6 1 2.44976 3.18808 
-0.210526 4 6 1 1.90561 2.62102 
0.210526 4 6 1 1.53425 2.23403 
0.631579 4 6 1 1.26466 1.95308 
1.05263 4 6 1 1.06004 1.73985 
1.47368 4 6 1 0.899427 1.57248 
1.89474 4 6 1 0.770009 1.43761 
2.31579 4 6 1 0.6635 1.32662 
2.73684 4 6 1 0.574312 1.23368 
3.15789 4 6 1 0.498537 1.15471 
3.57895 4 6 1 0.433361 1.0868 
4 4 6 1 0.376706 1.02776 
