-4 -4 2 1 0.463608 -0.182077 
-4 -3.57895 2 1 0.40793 -0.186512 
-4 -3.15789 2 1 0.350163 -0.191113 
-4 -2.73684 2 1 0.290187 -0.195891 
-4 -2.31579 2 1 0.227874 -0.200854 
-4 -1.89474 2 1 0.163085 -0.206015 
-4 -1.47368 2 1 0.0956672 -0.211385 
-4 -1.05263 2 1 0.0254591 -0.216978 
-4 -0.631579 2 1 -0.0477167 -0.222807 
-4 -0.210526 2 1 -0.124052 -0.228887 
-4 0.210526 2 1 -0.203757 -0.235236 
-4 0.631579 2 1 -0.287059 -0.241872 
-4 1.05263 2 1 -0.374208 -0.248814 
-4 1.47368 2 1 -0.465475 -0.256084 
-4 1.89474 2 1 -0.56116 -0.263706 
-4 2.31579 2 1 -0.661593 -0.271706 
-4 2.73684 2 1 -0.767134 -0.280113 
-4 3.15789 2 1 -0.878185 -0.288959 
-4 3.57895 2 1 -0.995187 -0.298279 
-4 4 2 1 -1.11863 -0.308112 
-4 -4 2 1 0.463608 -0.182077 
-3.57895 -4 2 1 0.513198 -0.182485 
-3.15789 -4 2 1 0.569838 -0.182951 
-2.73684 -4 2 1 0.635144 -0.183488 
-2.31579 -4 2 1 0.711271 -0.184115 
-1.89474 -4 2 1 0.801151 -0.184854 
-1.47368 -4 2 1 0.908881 -0.185741 
-1.05263 -4 2 1 1.04037 -0.186823 
-0.631579 -4 2 1 1.20443 -0.188173 
-0.210526 -4 2 1 1.41491 -0.189905 
0.210526 -4 2 1 1.69473 -0.192208 
0.631579 -4 2 1 2.08492 -0.195419 
1.05263 -4 2 1 2.66683 -0.200208 
1.47368 -4 2 1 3.62776 -0.208115 
1.89474 -4 2 1 5.51689 -0.223662 
2.31579 -4 2 1 10.9354 -0.268252 
2.73684 -4 2 1 169.999 -1.57724 
-4 4 2 1 -1.11863 -0.308112 
-3.57895 4 2 1 -1.20605 -0.321953 
-3.15789 4 2 1 -1.31392 -0.339031 
-2.73684 4 2 1 -1.45035 -0.360633 
-2.31579 4 2 1 -1.62845 -0.38883 
-1.89474 4 2 1 -1.87071 -0.427187 
-1.47368 4 2 1 -2.21946 -0.482403 
-1.05263 4 2 1 -2.76465 -0.568722 
-0.631579 4 2 1 -3.73735 -0.722728 
-0.210526 4 2 1 -5.96473 -1.07539 
0.210526 4 2 1 -16.284 -2.70922 
-4 -4 6 1 0.387671 0.394009 
-4 -3.57895 6 1 0.335737 0.399624 
-4 -3.15789 6 1 0.282034 0.40543 
-4 -2.73684 6 1 0.226469 0.411438 
-4 -2.31579 6 1 0.168944 0.417658 
-4 -1.89474 6 1 0.109354 0.424101 
-4 -1.47368 6 1 0.0475839 0.43078 
-4 -1.05263 6 1 -0.0164867 0.437707 
-4 -0.631579 6 1 -0.0829891 0.444897 
-4 -0.210526 6 1 -0.152064 0.452366 
-4 0.210526 6 1 -0.223865 0.460129 
-4 0.631579 6 1 -0.298555 0.468205 
-4 1.05263 6 1 -0.376313 0.476612 
-4 1.47368 6 1 -0.457332 0.485372 
-4 1.89474 6 1 -0.541821 0.494507 
-4 2.31579 6 1 -0.630008 0.504042 
-4 2.73684 6 1 -0.722141 0.514004 
-4 3.15789 6 1 -0.818492 0.524422 
-4 3.57895 6 1 -0.919356 0.535327 
-4 4 6 1 -1.02506 0.546756 
-4 -4 6 1 0.387671 0.394009 
-3.57895 -4 6 1 0.428037 0.428274 
-3.15789 -4 6 1 0.473567 0.466922 
-2.73684 -4 6 1 0.525321 0.510853 
-2.31579 -4 6 1 0.584666 0.561228 
-1.89474 -4 6 1 0.653407 0.619579 
-1.47368 -4 6 1 0.733965 0.687961 
-1.05263 -4 6 1 0.829676 0.769206 
-0.631579 -4 6 1 0.945259 0.867318 
-0.210526 -4 6 1 1.08762 0.988159 
0.210526 -4 6 1 1.26727 1.14066 
0.631579 -4 6 1 1.5011 1.33915 
1.05263 -4 6 1 1.81795 1.6081 
1.47368 -4 6 1 2.27156 1.99315 
1.89474 -4 6 1 2.97489 2.59017 
2.31579 -4 6 1 4.21241 3.64064 
2.73684 -4 6 1 6.96538 5.97751 
3.15789 -4 6 1 18.4138 15.6955 
-4 4 6 1 -1.02506 0.546756 
-3.57895 4 6 1 -1.09176 0.611785 
-3.15789 4 6 1 -1.17166 0.689675 
-2.73684 4 6 1 -1.26909 0.784658 
-2.31579 4 6 1 -1.39054 0.903056 
-1.89474 4 6 1 -1.54614 1.05474 
-1.47368 4 6 1 -1.75264 1.25606 
-1.05263 4 6 1 -2.03992 1.53611 
-0.631579 4 6 1 -2.46688 1.95235 
-0.210526 4 6 1 -3.16813 2.63598 
0.210526 4 6 1 -4.53308 3.96663 
0.631579 4 6 1 -8.35034 7.68797 
1.05263 4 6 1 -79.6186 77.1655 
