-4 -4 2 1 -0.0656269 -0.0866185 
-4 -3.57895 2 1 -0.104554 -0.0849228 
-4 -3.15789 2 1 -0.147294 -0.083061 
-4 -2.73684 2 1 -0.194435 -0.0810075 
-4 -2.31579 2 1 -0.246693 -0.078731 
-4 -1.89474 2 1 -0.304951 -0.0761932 
-4 -1.47368 2 1 -0.370305 -0.0733463 
-4 -1.05263 2 1 -0.444133 -0.0701303 
-4 -0.631579 2 1 -0.5282 -0.0664682 
-4 -0.210526 2 1 -0.624794 -0.0622604 
-4 0.210526 2 1 -0.73694 -0.0573751 
-4 0.631579 2 1 -0.868723 -0.0516345 
-4 1.05263 2 1 -1.0258 -0.0447921 
-4 1.47368 2 1 -1.21621 -0.0364974 
-4 1.89474 2 1 -1.45185 -0.0262328 
-4 2.31579 2 1 -1.75098 -0.0132022 
-4 2.73684 2 1 -2.14327 0.00388666 
-4 3.15789 2 1 -2.68027 0.0272792 
-4 3.57895 2 1 -3.46015 0.0612521 
-4 4 2 1 -4.69586 0.115081 
4 -4 2 1 2.28127 -0.401325 
4 -3.57895 2 1 2.50763 -0.442974 
4 -3.15789 2 1 2.81364 -0.499278 
4 -2.73684 2 1 3.25032 -0.579624 
4 -2.31579 2 1 3.92407 -0.703589 
4 -1.89474 2 1 5.09988 -0.91993 
4 -1.47368 2 1 7.6722 -1.39322 
4 -1.05263 2 1 17.7666 -3.25051 
-4 -4 2 1 -0.0656269 -0.0866185 
-3.57895 -4 2 1 -0.0217796 -0.0924982 
-3.15789 -4 2 1 0.025327 -0.098815 
-2.73684 -4 2 1 0.0760702 -0.105619 
-2.31579 -4 2 1 0.130888 -0.11297 
-1.89474 -4 2 1 0.190292 -0.120936 
-1.47368 -4 2 1 0.254883 -0.129597 
-1.05263 -4 2 1 0.325371 -0.139049 
-0.631579 -4 2 1 0.402603 -0.149406 
-0.210526 -4 2 1 0.487594 -0.160803 
0.210526 -4 2 1 0.581575 -0.173405 
0.631579 -4 2 1 0.686054 -0.187415 
1.05263 -4 2 1 0.802893 -0.203083 
1.47368 -4 2 1 0.934423 -0.22072 
1.89474 -4 2 1 1.0836 -0.240724 
2.31579 -4 2 1 1.25423 -0.263605 
2.73684 -4 2 1 1.45131 -0.290032 
3.15789 -4 2 1 1.68149 -0.320898 
3.57895 -4 2 1 1.95388 -0.357424 
4 -4 2 1 2.28127 -0.401325 
-4 4 2 1 -4.69586 0.115081 
-3.57895 4 2 1 -5.69445 0.126109 
-3.15789 4 2 1 -7.52126 0.146283 
-2.73684 4 2 1 -11.9367 0.195044 
-2.31579 4 2 1 -37.8155 0.480836 
-4 -4 6 1 -0.0133027 0.43588 
-4 -3.57895 6 1 -0.0488326 0.461283 
-4 -3.15789 6 1 -0.0877466 0.489107 
-4 -2.73684 6 1 -0.130553 0.519713 
-4 -2.31579 6 1 -0.177865 0.553541 
-4 -1.89474 6 1 -0.230435 0.591129 
-4 -1.47368 6 1 -0.289191 0.633139 
-4 -1.05263 6 1 -0.355292 0.680402 
-4 -0.631579 6 1 -0.430208 0.733967 
-4 -0.210526 6 1 -0.515828 0.795185 
-4 0.210526 6 1 -0.614623 0.865823 
-4 0.631579 6 1 -0.729887 0.948237 
-4 1.05263 6 1 -0.866112 1.04564 
-4 1.47368 6 1 -1.02959 1.16252 
-4 1.89474 6 1 -1.22941 1.30539 
-4 2.31579 6 1 -1.47919 1.48399 
-4 2.73684 6 1 -1.80036 1.71363 
-4 3.15789 6 1 -2.22864 2.01985 
-4 3.57895 6 1 -2.82831 2.44861 
-4 4 6 1 -3.728 3.09189 
4 -4 6 1 2.26336 1.07541 
4 -3.57895 6 1 2.46931 1.24048 
4 -3.15789 6 1 2.74106 1.4583 
4 -2.73684 6 1 3.11613 1.75893 
4 -2.31579 6 1 3.66732 2.20072 
4 -1.89474 6 1 4.55668 2.91357 
4 -1.47368 6 1 6.23321 4.25735 
4 -1.05263 6 1 10.5716 7.73466 
4 -0.631579 6 1 48.3234 37.9937 
-4 -4 6 1 -0.0133027 0.43588 
-3.57895 -4 6 1 0.031235 0.448391 
-3.15789 -4 6 1 0.0789944 0.461807 
-2.73684 -4 6 1 0.130338 0.476229 
-2.31579 -4 6 1 0.185686 0.491777 
-1.89474 -4 6 1 0.245524 0.508586 
-1.47368 -4 6 1 0.310423 0.526817 
-1.05263 -4 6 1 0.381054 0.546657 
-0.631579 -4 6 1 0.458209 0.568331 
-0.210526 -4 6 1 0.542838 0.592104 
0.210526 -4 6 1 0.636081 0.618297 
0.631579 -4 6 1 0.739324 0.647299 
1.05263 -4 6 1 0.854268 0.679587 
1.47368 -4 6 1 0.98302 0.715755 
1.89474 -4 6 1 1.12823 0.756545 
2.31579 -4 6 1 1.29326 0.802904 
2.73684 -4 6 1 1.48248 0.856057 
3.15789 -4 6 1 1.70161 0.917614 
3.57895 -4 6 1 1.95838 0.989741 
4 -4 6 1 2.26336 1.07541 
-4 4 6 1 -3.728 3.09189 
-3.57895 4 6 1 -4.31513 3.81761 
-3.15789 4 6 1 -5.27462 5.00358 
-2.73684 4 6 1 -7.12512 7.29089 
-2.31579 4 6 1 -12.1837 13.5435 
-1.89474 4 6 1 -83.078 101.172 
