-4 -4 2 1 5.05675 0.367253 
-4 -3.57895 2 1 3.69266 0.331347 
-4 -3.15789 2 1 2.84486 0.309031 
-4 -2.73684 2 1 2.26687 0.293817 
-4 -2.31579 2 1 1.84758 0.28278 
-4 -1.89474 2 1 1.52952 0.274408 
-4 -1.47368 2 1 1.27998 0.267839 
-4 -1.05263 2 1 1.07896 0.262548 
-4 -0.631579 2 1 0.913571 0.258195 
-4 -0.210526 2 1 0.775109 0.25455 
-4 0.210526 2 1 0.657494 0.251454 
-4 0.631579 2 1 0.556346 0.248792 
-4 1.05263 2 1 0.468434 0.246478 
-4 1.47368 2 1 0.391319 0.244448 
-4 1.89474 2 1 0.323127 0.242653 
-4 2.31579 2 1 0.262394 0.241054 
-4 2.73684 2 1 0.20796 0.239621 
-4 3.15789 2 1 0.158894 0.23833 
-4 3.57895 2 1 0.114437 0.23716 
-4 4 2 1 0.073971 0.236095 
4 1.05263 2 1 -22.4801 2.15046 
4 1.47368 2 1 -8.44427 0.897146 
4 1.89474 2 1 -5.43627 0.628548 
4 2.31579 2 1 -4.12506 0.511464 
4 2.73684 2 1 -3.39077 0.445896 
4 3.15789 2 1 -2.9213 0.403976 
4 3.57895 2 1 -2.59528 0.374864 
4 4 2 1 -2.35567 0.353468 
-4 -4 2 1 5.05675 0.367253 
-3.57895 -4 2 1 6.21295 0.426394 
-3.15789 -4 2 1 8.40435 0.538486 
-2.73684 -4 2 1 14.1481 0.832284 
-2.31579 -4 2 1 69.0298 3.63953 
-4 4 2 1 0.073971 0.236095 
-3.57895 4 2 1 0.02911 0.238262 
-3.15789 4 2 1 -0.0191079 0.240591 
-2.73684 4 2 1 -0.0710743 0.243101 
-2.31579 4 2 1 -0.127244 0.245815 
-1.89474 4 2 1 -0.188148 0.248757 
-1.47368 4 2 1 -0.254412 0.251958 
-1.05263 4 2 1 -0.326775 0.255454 
-0.631579 4 2 1 -0.406121 0.259287 
-0.210526 4 2 1 -0.493511 0.263509 
0.210526 4 2 1 -0.590235 0.268182 
0.631579 4 2 1 -0.69787 0.273381 
1.05263 4 2 1 -0.818376 0.279203 
1.47368 4 2 1 -0.954206 0.285765 
1.89474 4 2 1 -1.10848 0.293218 
2.31579 4 2 1 -1.28524 0.301756 
2.73684 4 2 1 -1.48976 0.311637 
3.15789 4 2 1 -1.72918 0.323203 
3.57895 4 2 1 -2.01322 0.336925 
4 4 2 1 -2.35567 0.353468 
-4 -4 6 1 18.9676 14.9153 
-4 -3.57895 6 1 8.49774 7.12348 
-4 -3.15789 6 1 5.2814 4.72984 
-4 -2.73684 6 1 3.72005 3.56786 
-4 -2.31579 6 1 2.7977 2.88144 
-4 -1.89474 6 1 2.18871 2.42822 
-4 -1.47368 6 1 1.75658 2.10662 
-4 -1.05263 6 1 1.43403 1.86658 
-4 -0.631579 6 1 1.18407 1.68056 
-4 -0.210526 6 1 0.984672 1.53216 
-4 0.210526 6 1 0.821907 1.41103 
-4 0.631579 6 1 0.686528 1.31028 
-4 1.05263 6 1 0.572159 1.22517 
-4 1.47368 6 1 0.474262 1.15231 
-4 1.89474 6 1 0.389517 1.08924 
-4 2.31579 6 1 0.315441 1.03411 
-4 2.73684 6 1 0.250138 0.985514 
-4 3.15789 6 1 0.192136 0.942349 
-4 3.57895 6 1 0.140277 0.903754 
-4 4 6 1 0.0936329 0.869041 
4 1.89474 6 1 -91.9725 91.9507 
4 2.31579 6 1 -12.5524 12.0497 
4 2.73684 6 1 -7.07551 6.53968 
4 3.15789 6 1 -5.07808 4.53016 
4 3.57895 6 1 -4.0437 3.48951 
4 4 6 1 -3.41116 2.85315 
-4 -4 6 1 18.9676 14.9153 
-3.57895 -4 6 1 142.181 117.81 
-4 4 6 1 0.0936329 0.869041 
-3.57895 4 6 1 0.0439424 0.897172 
-3.15789 4 6 1 -0.00995264 0.927682 
-2.73684 4 6 1 -0.0686094 0.960889 
-2.31579 4 6 1 -0.132688 0.997164 
-1.89474 4 6 1 -0.202977 1.03696 
-1.47368 4 6 1 -0.280425 1.0808 
-1.05263 4 6 1 -0.366185 1.12935 
-0.631579 4 6 1 -0.461669 1.1834 
-0.210526 4 6 1 -0.568633 1.24396 
0.210526 4 6 1 -0.689277 1.31226 
0.631579 4 6 1 -0.826407 1.38989 
1.05263 4 6 1 -0.983649 1.4789 
1.47368 4 6 1 -1.16578 1.58201 
1.89474 4 6 1 -1.37921 1.70284 
2.31579 4 6 1 -1.63277 1.84638 
2.73684 4 6 1 -1.93896 2.01972 
3.15789 4 6 1 -2.31605 2.2332 
3.57895 4 6 1 -2.79191 2.50258 
4 4 6 1 -3.41116 2.85315 
