1.35997 -0.0481325 1.2866 1.03018 0 
1.20562 -0.0549506 1.13164 0.977507 1 
1.06353 -0.0612269 0.989277 0.929112 2 
0.932306 -0.0670235 0.858037 0.884499 3 
0.81074 -0.0723933 0.736665 0.843241 4 
0.697806 -0.0773819 0.624089 0.804972 5 
0.592616 -0.0820284 0.519386 0.76938 6 
0.494399 -0.0863668 0.421757 0.736193 7 
0.402486 -0.0904268 0.33051 0.705175 8 
0.316287 -0.0942344 0.245039 0.67612 9 
0.235286 -0.0978124 0.164811 0.648848 10 
0.159027 -0.101181 0.0893592 0.623199 11 
0.0871045 -0.104358 0.018269 0.599033 12 
0.0191594 -0.107359 -0.0488273 0.576224 13 
-0.0451293 -0.110199 -0.112257 0.554663 14 
-0.106049 -0.11289 -0.172312 0.534248 15 
-0.163858 -0.115443 -0.229256 0.51489 16 
-0.218789 -0.11787 -0.283324 0.496511 17 
-0.271051 -0.120178 -0.334728 0.479037 18 
-0.320834 -0.122377 -0.38366 0.462403 19 
1.35997 -0.0481325 1.2866 1.03018 40 
1.468 -0.0610529 1.38903 1.14378 41 
1.60394 -0.0773128 1.51878 1.28767 42 
1.78024 -0.0983992 1.68845 1.47584 43 
2.01799 -0.126835 1.91983 1.73244 44 
2.3561 -0.167276 2.25408 2.10313 45 
2.87511 -0.229354 2.77938 2.6857 46 
3.77328 -0.336781 3.72511 3.73452 47 
5.70508 -0.567839 5.93271 6.18278 48 
12.8732 -1.4252 16.9897 18.4452 49 
-0.320834 -0.122377 -0.38366 0.462403 60 
-0.364897 -0.133567 -0.432173 0.486524 61 
-0.414564 -0.14618 -0.48695 0.51376 62 
-0.470977 -0.160506 -0.549291 0.544756 63 
-0.535611 -0.17692 -0.620878 0.58035 64 
-0.610404 -0.195914 -0.703932 0.621645 65 
-0.697956 -0.218148 -0.801448 0.670131 66 
-0.801836 -0.244529 -0.917565 0.727865 67 
-0.92708 -0.276335 -1.05817 0.797773 68 
-1.08104 -0.315432 -1.2319 0.884158 69 
-1.27486 -0.364653 -1.45207 0.993624 70 
-1.52632 -0.428514 -1.74012 1.13685 71 
-1.86565 -0.514686 -2.1332 1.33229 72 
-2.34862 -0.637339 -2.70155 1.61488 73 
-3.09096 -0.825858 -3.59604 2.05963 74 
-4.37828 -1.15277 -5.21033 2.86227 75 
-7.15874 -1.85888 -8.99819 4.74562 76 
-17.6168 -4.51472 -28.3937 14.3893 77 
