-1.13752 0.149727 -1.39352 1.32762 20 
-1.0134 0.150594 -1.23304 1.28908 21 
-0.895909 0.151415 -1.083 1.25306 22 
-0.784541 0.152193 -0.942419 1.2193 23 
-0.678827 0.152932 -0.810419 1.1876 24 
-0.578347 0.153634 -0.686242 1.15778 25 
-0.48272 0.154302 -0.569212 1.12968 26 
-0.391605 0.154939 -0.458729 1.10315 27 
-0.304689 0.155546 -0.35426 1.07807 28 
-0.221688 0.156126 -0.255326 1.05431 29 
-0.142344 0.156681 -0.161498 1.03178 30 
-0.0664205 0.157211 -0.0723911 1.01038 31 
0.00629968 0.157719 0.0123421 0.990035 32 
0.0760147 0.158207 0.093016 0.970664 33 
0.142907 0.158674 0.169916 0.952198 34 
0.207145 0.159123 0.2433 0.934577 35 
0.268883 0.159554 0.313404 0.917743 36 
0.328265 0.159969 0.380443 0.901645 37 
0.385422 0.160369 0.444614 0.886236 38 
0.440478 0.160753 0.506097 0.871472 39 
-3.61042 -0.0124806 -14.1806 14.5461 51 
-2.71452 0.0462851 -5.92186 6.00875 52 
-2.20087 0.0799775 -3.8266 3.84279 53 
-1.86784 0.101822 -2.8701 2.85402 54 
-1.63441 0.117134 -2.32237 2.28781 55 
-1.46171 0.128462 -1.96751 1.92097 56 
-1.32877 0.137182 -1.71889 1.66397 57 
-1.22328 0.144102 -1.53502 1.4739 58 
-1.13752 0.149727 -1.39352 1.32762 59 
4.75606 -0.0902666 27.8268 23.2977 65 
3.27749 -0.00426438 7.9661 6.99503 66 
2.46733 0.0428594 4.54267 4.1849 67 
1.9559 0.0726076 3.12327 3.01978 68 
1.60368 0.0930945 2.34663 2.38228 69 
1.34635 0.108062 1.85676 1.98016 70 
1.15011 0.119477 1.51958 1.70339 71 
0.995522 0.128469 1.27332 1.50125 72 
0.870591 0.135735 1.08558 1.34715 73 
0.767531 0.14173 0.937721 1.22577 74 
0.681061 0.14676 0.818247 1.1277 75 
0.607474 0.15104 0.719703 1.04681 76 
0.544091 0.154727 0.637032 0.97895 77 
0.488926 0.157935 0.566685 0.921206 78 
0.440478 0.160753 0.506097 0.871472 79 
