-4 -4 2 1 -1.21686 -0.223031 
-4 -3.57895 2 1 -1.30065 -0.243978 
-4 -3.15789 2 1 -1.4032 -0.269613 
-4 -2.73684 2 1 -1.5316 -0.301711 
-4 -2.31579 2 1 -1.69704 -0.343065 
-4 -1.89474 2 1 -1.91822 -0.398355 
-4 -1.47368 2 1 -2.22905 -0.476055 
-4 -1.05263 2 1 -2.69787 -0.593249 
-4 -0.631579 2 1 -3.48619 -0.79031 
-4 -0.210526 2 1 -5.08944 -1.19108 
-4 0.210526 2 1 -10.1232 -2.44941 
4 -4 2 1 0.306598 -0.0211473 
4 -3.57895 2 1 0.346706 -0.0215081 
4 -3.15789 2 1 0.391756 -0.0219133 
4 -2.73684 2 1 0.442724 -0.0223718 
4 -2.31579 2 1 0.500855 -0.0228947 
4 -1.89474 2 1 0.567776 -0.0234966 
4 -1.47368 2 1 0.645643 -0.024197 
4 -1.05263 2 1 0.737379 -0.0250222 
4 -0.631579 2 1 0.847053 -0.0260087 
4 -0.210526 2 1 0.980497 -0.027209 
4 0.210526 2 1 1.14638 -0.028701 
4 0.631579 2 1 1.35816 -0.030606 
4 1.05263 2 1 1.63794 -0.0331226 
4 1.47368 2 1 2.02476 -0.036602 
4 1.89474 2 1 2.59456 -0.0417272 
4 2.31579 2 1 3.51738 -0.0500278 
4 2.73684 2 1 5.26855 -0.0657794 
4 3.15789 2 1 9.87158 -0.107183 
4 3.57895 2 1 54.8368 -0.511639 
-4 -4 2 1 -1.21686 -0.223031 
-3.57895 -4 2 1 -1.08773 -0.205919 
-3.15789 -4 2 1 -0.967069 -0.18993 
-2.73684 -4 2 1 -0.854075 -0.174956 
-2.31579 -4 2 1 -0.748037 -0.160905 
-1.89474 -4 2 1 -0.648333 -0.147692 
-1.47368 -4 2 1 -0.554411 -0.135246 
-1.05263 -4 2 1 -0.465783 -0.123501 
-0.631579 -4 2 1 -0.382013 -0.1124 
-0.210526 -4 2 1 -0.302712 -0.101891 
0.210526 -4 2 1 -0.227532 -0.0919288 
0.631579 -4 2 1 -0.15616 -0.0824708 
1.05263 -4 2 1 -0.0883141 -0.07348 
1.47368 -4 2 1 -0.0237388 -0.0649226 
1.89474 -4 2 1 0.0377967 -0.0567681 
2.31579 -4 2 1 0.096502 -0.0489887 
2.73684 -4 2 1 0.152568 -0.041559 
3.15789 -4 2 1 0.206169 -0.0344559 
3.57895 -4 2 1 0.257464 -0.0276585 
4 -4 2 1 0.306598 -0.0211473 
-4 -4 6 1 -1.33809 0.718537 
-4 -3.57895 6 1 -1.43643 0.794167 
-4 -3.15789 6 1 -1.55739 0.887188 
-4 -2.73684 6 1 -1.70976 1.00438 
-4 -2.31579 6 1 -1.90764 1.15656 
-4 -1.89474 6 1 -2.17497 1.36215 
-4 -1.47368 6 1 -2.55611 1.65527 
-4 -1.05263 6 1 -3.14337 2.10691 
-4 -0.631579 6 1 -4.16595 2.89335 
-4 -0.210526 6 1 -6.39297 4.60607 
-4 0.210526 6 1 -15.0007 11.226 
4 -4 6 1 0.254547 0.541382 
4 -3.57895 6 1 0.29215 0.574123 
4 -3.15789 6 1 0.334456 0.610959 
4 -2.73684 6 1 0.382406 0.652709 
4 -2.31579 6 1 0.43721 0.700427 
4 -1.89474 6 1 0.50045 0.755491 
4 -1.47368 6 1 0.574239 0.819738 
4 -1.05263 6 1 0.661454 0.895677 
4 -0.631579 6 1 0.766127 0.986815 
4 -0.210526 6 1 0.894083 1.09823 
4 0.210526 6 1 1.05406 1.23752 
4 0.631579 6 1 1.25981 1.41666 
4 1.05263 6 1 1.53423 1.6556 
4 1.47368 6 1 1.91861 1.99028 
4 1.89474 6 1 2.49559 2.49266 
4 2.31579 6 1 3.45833 3.33092 
4 2.73684 6 1 5.38795 5.01104 
4 3.15789 6 1 11.2101 10.0804 
-4 -4 6 1 -1.33809 0.718537 
-3.57895 -4 6 1 -1.20201 0.7034 
-3.15789 -4 6 1 -1.07503 0.689276 
-2.73684 -4 6 1 -0.956284 0.676067 
-2.31579 -4 6 1 -0.844988 0.663687 
-1.89474 -4 6 1 -0.740465 0.652061 
-1.47368 -4 6 1 -0.642113 0.641121 
-1.05263 -4 6 1 -0.549402 0.630808 
-0.631579 -4 6 1 -0.461861 0.621071 
-0.210526 -4 6 1 -0.379069 0.611862 
0.210526 -4 6 1 -0.300649 0.603139 
0.631579 -4 6 1 -0.226264 0.594865 
1.05263 -4 6 1 -0.15561 0.587005 
1.47368 -4 6 1 -0.0884141 0.579531 
1.89474 -4 6 1 -0.0244279 0.572414 
2.31579 -4 6 1 0.0365731 0.565628 
2.73684 -4 6 1 0.0947932 0.559152 
3.15789 -4 6 1 0.150418 0.552965 
3.57895 -4 6 1 0.203618 0.547047 
4 -4 6 1 0.254547 0.541382 
