-4.72526 0.184848 -2.8785 2.04505 0 
-5.64903 0.288832 -3.11619 2.37544 1 
-7.24423 0.468396 -3.43568 2.81955 2 
-10.6608 0.852982 -3.888 3.44827 3 
-23.1681 2.26087 -4.57769 4.40695 4 
-0.10834 -0.135985 -0.0987383 0.360006 20 
-0.0660375 -0.133439 -0.0603939 0.378678 21 
-0.020508 -0.130699 -0.0194297 0.398626 22 
0.0286329 -0.127741 0.024432 0.419984 23 
0.0818326 -0.12454 0.0715102 0.442909 24 
0.139616 -0.121062 0.122172 0.467579 25 
0.202601 -0.117272 0.176843 0.494201 26 
0.271524 -0.113124 0.236018 0.523017 27 
0.347266 -0.108566 0.300278 0.554309 28 
0.430892 -0.103533 0.370309 0.58841 29 
0.5237 -0.0979477 0.446923 0.625718 30 
0.627291 -0.0917135 0.531095 0.666705 31 
0.74366 -0.0847103 0.624001 0.711946 32 
0.875325 -0.0767865 0.727075 0.762139 33 
1.02552 -0.0677478 0.842084 0.818142 34 
1.19844 -0.0573412 0.971226 0.881029 35 
1.39967 -0.0452306 1.11728 0.952149 36 
1.6368 -0.0309603 1.28379 1.03323 37 
1.92035 -0.0138958 1.4754 1.12654 38 
2.26544 0.00687249 1.69823 1.23504 39 
-4.72526 0.184848 -2.8785 2.04505 40 
-3.58002 0.105264 -2.37269 1.73844 41 
-2.82646 0.0528991 -1.98839 1.50548 42 
-2.29299 0.0158278 -1.68652 1.32249 43 
-1.89547 -0.0117959 -1.44312 1.17495 44 
-1.58781 -0.0331755 -1.2427 1.05346 45 
-1.34263 -0.0502131 -1.0748 0.951681 46 
-1.14265 -0.0641095 -0.932107 0.86518 47 
-0.976437 -0.07566 -0.809333 0.790757 48 
-0.836094 -0.0854126 -0.702581 0.726046 49 
-0.71602 -0.0937566 -0.608907 0.669262 50 
-0.61212 -0.100977 -0.526047 0.619034 51 
-0.521333 -0.107285 -0.45223 0.574287 52 
-0.441323 -0.112845 -0.386053 0.534172 53 
-0.370278 -0.117782 -0.326387 0.498003 54 
-0.306772 -0.122195 -0.272317 0.465227 55 
-0.249666 -0.126164 -0.223091 0.435387 56 
-0.198038 -0.129751 -0.178086 0.408106 57 
-0.151136 -0.133011 -0.136781 0.383067 58 
-0.10834 -0.135985 -0.0987383 0.360006 59 
24.0708 3.15666 3.77386 4.6549 72 
8.17062 0.859876 3.02571 3.42223 73 
5.18755 0.428971 2.5805 2.68869 74 
3.92787 0.247009 2.28521 2.20216 75 
3.23282 0.14661 2.07502 1.85586 76 
2.79229 0.082975 1.91778 1.59679 77 
2.4881 0.0390352 1.79573 1.39568 78 
2.26544 0.00687249 1.69823 1.23504 79 
