-0.52862 0.22778 -0.46819 0.886442 20 
-0.466067 0.223259 -0.404346 0.889109 21 
-0.402139 0.218639 -0.339085 0.891835 22 
-0.33679 0.213916 -0.272358 0.894623 23 
-0.269972 0.209086 -0.204115 0.897473 24 
-0.201635 0.204147 -0.134305 0.900389 25 
-0.131726 0.199095 -0.0628725 0.903373 26 
-0.0601911 0.193924 0.0102397 0.906427 27 
0.0130275 0.188632 0.0850914 0.909554 28 
0.0879899 0.183214 0.161745 0.912756 29 
0.164759 0.177666 0.240268 0.916036 30 
0.243402 0.171982 0.320728 0.919397 31 
0.323986 0.166158 0.403197 0.922842 32 
0.406587 0.160188 0.487753 0.926374 33 
0.491279 0.154066 0.574476 0.929997 34 
0.578143 0.147788 0.663449 0.933714 35 
0.667264 0.141347 0.754761 0.937528 36 
0.758732 0.134736 0.848507 0.941444 37 
0.852639 0.127949 0.944785 0.945466 38 
0.949086 0.120978 1.0437 0.949597 39 
-13.8083 4.64175 -15.5988 22.2872 45 
-5.71141 1.95046 -5.62811 8.18465 46 
-3.55711 1.2344 -3.38537 5.01251 47 
-2.55948 0.902805 -2.39541 3.61231 48 
-1.98412 0.711565 -1.83771 2.82349 49 
-1.60976 0.587134 -1.47988 2.31738 50 
-1.34673 0.499708 -1.23081 1.9651 51 
-1.1518 0.434916 -1.04746 1.70576 52 
-1.00155 0.384976 -0.906838 1.50687 53 
-0.882206 0.345307 -0.795575 1.3495 54 
-0.785114 0.313035 -0.705344 1.22187 55 
-0.704584 0.286268 -0.630696 1.11629 56 
-0.63671 0.263708 -0.567916 1.02749 57 
-0.578727 0.244435 -0.514381 0.951775 58 
-0.52862 0.22778 -0.46819 0.886442 59 
13.0889 1.99252 18.0787 19.2521 68 
5.5532 0.830775 6.67371 6.9985 69 
3.56702 0.524573 4.14003 4.27631 70 
2.64988 0.383182 3.0253 3.07864 71 
2.12171 0.301756 2.39829 2.40498 72 
1.77834 0.248821 1.99637 1.97315 73 
1.53723 0.21165 1.71678 1.67276 74 
1.35862 0.184115 1.51104 1.45171 75 
1.221 0.162898 1.35331 1.28225 76 
1.1117 0.146048 1.22854 1.14819 77 
1.02281 0.132343 1.12738 1.0395 78 
0.949086 0.120978 1.0437 0.949597 79 
