30.3588 1.9571 4.07949 4.61605 8 
7.58979 0.326617 2.95662 3.16522 9 
4.46978 0.103194 2.35439 2.38709 10 
3.23067 0.0144614 1.97884 1.90186 11 
2.56555 -0.0331681 1.72226 1.57033 12 
2.15058 -0.0628836 1.53585 1.32947 13 
1.86699 -0.0831918 1.39428 1.14656 14 
1.6609 -0.0979495 1.28312 1.00292 15 
1.50437 -0.109159 1.19351 0.887141 16 
1.38144 -0.117962 1.11974 0.791828 17 
1.28233 -0.125058 1.05795 0.711995 18 
1.20074 -0.130901 1.00545 0.644156 19 
-12.6955 0.0688636 -4.1154 3.45516 22 
-5.94407 -0.0656254 -2.97673 2.52721 23 
-3.7955 -0.108425 -2.30005 1.97575 24 
-2.73935 -0.129464 -1.85161 1.61029 25 
-2.11135 -0.141974 -1.5326 1.35032 26 
-1.69503 -0.150267 -1.29406 1.15592 27 
-1.39879 -0.156168 -1.10894 1.00506 28 
-1.17724 -0.160581 -0.961107 0.884583 29 
-1.00528 -0.164007 -0.840328 0.786155 30 
-0.867948 -0.166743 -0.739798 0.704229 31 
-0.755735 -0.168978 -0.654819 0.634975 32 
-0.662329 -0.170839 -0.58204 0.575665 33 
-0.583366 -0.172412 -0.519012 0.5243 34 
-0.515738 -0.173759 -0.463897 0.479384 35 
-0.457166 -0.174925 -0.415293 0.439775 36 
-0.405947 -0.175946 -0.372111 0.404584 37 
-0.360777 -0.176846 -0.333491 0.373111 38 
-0.320645 -0.177645 -0.298747 0.344796 39 
1.20074 -0.130901 1.00545 0.644156 60 
1.07765 -0.134683 0.905315 0.621172 61 
0.961691 -0.138246 0.810158 0.59933 62 
0.852264 -0.141608 0.719618 0.578547 63 
0.748833 -0.144786 0.633364 0.558749 64 
0.650917 -0.147794 0.551101 0.539867 65 
0.558088 -0.150646 0.472557 0.521838 66 
0.469959 -0.153354 0.397486 0.504607 67 
0.386182 -0.155928 0.325663 0.488121 68 
0.306442 -0.158378 0.256881 0.472333 69 
0.230455 -0.160713 0.19095 0.457199 70 
0.157961 -0.16294 0.127698 0.442681 71 
0.0887247 -0.165067 0.0669647 0.42874 72 
0.0225318 -0.167101 0.00860184 0.415344 73 
-0.0408141 -0.169047 -0.0475263 0.40246 74 
-0.101493 -0.170912 -0.101546 0.390061 75 
-0.15967 -0.172699 -0.153573 0.378119 76 
-0.215496 -0.174414 -0.203717 0.366609 77 
-0.269112 -0.176062 -0.252077 0.355509 78 
-0.320645 -0.177645 -0.298747 0.344796 79 
