-4 2.31579 2 1 24.6037 -0.951411 
-4 2.73684 2 1 10.8896 -0.285834 
-4 3.15789 2 1 7.30949 -0.112084 
-4 3.57895 2 1 5.66116 -0.0320875 
-4 4 2 1 4.71328 0.0139156 
4 -4 2 1 -2.2754 -0.412053 
4 -3.57895 2 1 -1.91612 -0.350388 
4 -3.15789 2 1 -1.62416 -0.300278 
4 -2.73684 2 1 -1.38223 -0.258754 
4 -2.31579 2 1 -1.17848 -0.223783 
4 -1.89474 2 1 -1.00453 -0.193927 
4 -1.47368 2 1 -0.85429 -0.168141 
4 -1.05263 2 1 -0.723224 -0.145646 
4 -0.631579 2 1 -0.60788 -0.125849 
4 -0.210526 2 1 -0.505589 -0.108292 
4 0.210526 2 1 -0.414254 -0.0926158 
4 0.631579 2 1 -0.332205 -0.0785333 
4 1.05263 2 1 -0.258093 -0.0658132 
4 1.47368 2 1 -0.190821 -0.0542669 
4 1.89474 2 1 -0.129482 -0.0437391 
4 2.31579 2 1 -0.0733262 -0.0341007 
4 2.73684 2 1 -0.0217221 -0.0252437 
4 3.15789 2 1 0.0258618 -0.0170766 
4 3.57895 2 1 0.0698777 -0.00952195 
4 4 2 1 0.110713 -0.00251328 
1.05263 -4 2 1 -59.9738 -16.6541 
1.47368 -4 2 1 -9.64305 -2.48604 
1.89474 -4 2 1 -5.59232 -1.34576 
2.31579 -4 2 1 -4.09319 -0.923759 
2.73684 -4 2 1 -3.3122 -0.703911 
3.15789 -4 2 1 -2.83303 -0.569027 
3.57895 -4 2 1 -2.50906 -0.47783 
4 -4 2 1 -2.2754 -0.412053 
-4 4 2 1 4.71328 0.0139156 
-3.57895 4 2 1 3.58003 0.00987046 
-3.15789 4 2 1 2.83135 0.00719803 
-2.73684 4 2 1 2.29987 0.00530092 
-2.31579 4 2 1 1.90305 0.00388448 
-1.89474 4 2 1 1.59547 0.00278656 
-1.47368 4 2 1 1.35006 0.00191059 
-1.05263 4 2 1 1.14971 0.00119544 
-0.631579 4 2 1 0.983053 0.000600541 
-0.210526 4 2 1 0.842244 9.7922e-05 
0.210526 4 2 1 0.721704 -0.000332345 
0.631579 4 2 1 0.617351 -0.000704833 
1.05263 4 2 1 0.526129 -0.00103045 
1.47368 4 2 1 0.445707 -0.00131752 
1.89474 4 2 1 0.374273 -0.0015725 
2.31579 4 2 1 0.310401 -0.00180049 
2.73684 4 2 1 0.252951 -0.00200556 
3.15789 4 2 1 0.201 -0.002191 
3.57895 4 2 1 0.153794 -0.0023595 
4 4 2 1 0.110713 -0.00251328 
-4 2.73684 6 1 26.9888 22.5256 
-4 3.15789 6 1 11.2358 8.87869 
-4 3.57895 6 1 7.43015 5.58177 
-4 4 6 1 5.71717 4.0978 
4 -4 6 1 -2.77819 1.48155 
4 -3.57895 6 1 -2.3158 1.33078 
4 -3.15789 6 1 -1.94971 1.21142 
4 -2.73684 6 1 -1.65268 1.11456 
4 -2.31579 6 1 -1.40684 1.0344 
4 -1.89474 6 1 -1.20001 0.966961 
4 -1.47368 6 1 -1.02359 0.909436 
4 -1.05263 6 1 -0.871333 0.859789 
4 -0.631579 6 1 -0.738591 0.816507 
4 -0.210526 6 1 -0.621839 0.778437 
4 0.210526 6 1 -0.518351 0.744693 
4 0.631579 6 1 -0.42599 0.714577 
4 1.05263 6 1 -0.343051 0.687533 
4 1.47368 6 1 -0.268163 0.663115 
4 1.89474 6 1 -0.200208 0.640957 
4 2.31579 6 1 -0.138266 0.62076 
4 2.73684 6 1 -0.0815725 0.602274 
4 3.15789 6 1 -0.0294876 0.58529 
4 3.57895 6 1 0.0185287 0.569634 
4 4 6 1 0.0629352 0.555154 
1.47368 -4 6 1 -42.9938 32.2256 
1.89474 -4 6 1 -10.3179 7.24552 
2.31579 -4 6 1 -6.17633 4.07937 
2.73684 -4 6 1 -4.55221 2.83776 
3.15789 -4 6 1 -3.6852 2.17495 
3.57895 -4 6 1 -3.14597 1.76272 
4 -4 6 1 -2.77819 1.48155 
-4 4 6 1 5.71717 4.0978 
-3.57895 4 6 1 4.08341 3.07417 
-3.15789 4 6 1 3.10198 2.45926 
-2.73684 4 6 1 2.44721 2.04902 
-2.31579 4 6 1 1.97928 1.75583 
-1.89474 4 6 1 1.6282 1.53587 
-1.47368 4 6 1 1.35506 1.36473 
-1.05263 4 6 1 1.1365 1.22779 
-0.631579 4 6 1 0.957645 1.11573 
-0.210526 4 6 1 0.808578 1.02233 
0.210526 4 6 1 0.682427 0.943295 
0.631579 4 6 1 0.574287 0.87554 
1.05263 4 6 1 0.480557 0.816814 
1.47368 4 6 1 0.398537 0.765424 
1.89474 4 6 1 0.326161 0.720078 
2.31579 4 6 1 0.261823 0.679767 
2.73684 4 6 1 0.204254 0.643697 
3.15789 4 6 1 0.152439 0.611233 
3.57895 4 6 1 0.105557 0.581859 
4 4 6 1 0.0629352 0.555154 
