-4 -4 2 1 18.1178 -4.86221 
-4 -3.57895 2 1 7.52247 -1.99429 
-4 -3.15789 2 1 4.61548 -1.20744 
-4 -2.73684 2 1 3.25632 -0.83954 
-4 -2.31579 2 1 2.46869 -0.626346 
-4 -1.89474 2 1 1.95472 -0.487226 
-4 -1.47368 2 1 1.5929 -0.389289 
-4 -1.05263 2 1 1.32438 -0.316606 
-4 -0.631579 2 1 1.11719 -0.260524 
-4 -0.210526 2 1 0.95247 -0.215939 
-4 0.210526 2 1 0.818381 -0.179644 
-4 0.631579 2 1 0.707104 -0.149524 
-4 1.05263 2 1 0.613274 -0.124126 
-4 1.47368 2 1 0.533085 -0.102421 
-4 1.89474 2 1 0.463765 -0.0836571 
-4 2.31579 2 1 0.403244 -0.0672753 
-4 2.73684 2 1 0.349946 -0.0528489 
-4 3.15789 2 1 0.302652 -0.0400474 
-4 3.57895 2 1 0.260401 -0.0286109 
-4 4 2 1 0.222427 -0.0183322 
4 -0.210526 2 1 -30.6725 -6.23405 
4 0.210526 2 1 -7.87319 -1.39321 
4 0.631579 2 1 -4.69597 -0.718609 
4 1.05263 2 1 -3.43052 -0.449924 
4 1.47368 2 1 -2.75041 -0.30552 
4 1.89474 2 1 -2.32579 -0.215364 
4 2.31579 2 1 -2.03547 -0.153721 
4 2.73684 2 1 -1.82442 -0.108911 
4 3.15789 2 1 -1.66409 -0.0748682 
4 3.57895 2 1 -1.53814 -0.0481276 
4 4 2 1 -1.4366 -0.0265673 
-4 -4 2 1 18.1178 -4.86221 
-3.57895 -4 2 1 48.8467 -14.1364 
-4 4 2 1 0.222427 -0.0183322 
-3.57895 4 2 1 0.175622 -0.0185646 
-3.15789 4 2 1 0.126341 -0.0188092 
-2.73684 4 2 1 0.0743806 -0.0190671 
-2.31579 4 2 1 0.0195173 -0.0193394 
-1.89474 4 2 1 -0.0384994 -0.0196274 
-1.47368 4 2 1 -0.0999496 -0.0199324 
-1.05263 4 2 1 -0.165147 -0.0202561 
-0.631579 4 2 1 -0.234446 -0.0206001 
-0.210526 4 2 1 -0.308245 -0.0209664 
0.210526 4 2 1 -0.386998 -0.0213573 
0.631579 4 2 1 -0.47122 -0.0217754 
1.05263 4 2 1 -0.561503 -0.0222235 
1.47368 4 2 1 -0.658524 -0.0227051 
1.89474 4 2 1 -0.763068 -0.023224 
2.31579 4 2 1 -0.876044 -0.0237848 
2.73684 4 2 1 -0.998515 -0.0243927 
3.15789 4 2 1 -1.13173 -0.025054 
3.57895 4 2 1 -1.27717 -0.0257759 
4 4 2 1 -1.4366 -0.0265673 
-4 -3.57895 6 1 48.6416 24.6197 
-4 -3.15789 6 1 10.4786 5.63176 
-4 -2.73684 6 1 5.68346 3.24596 
-4 -2.31579 6 1 3.80561 2.31164 
-4 -1.89474 6 1 2.80374 1.81316 
-4 -1.47368 6 1 2.18083 1.50323 
-4 -1.05263 6 1 1.75607 1.29189 
-4 -0.631579 6 1 1.44788 1.13856 
-4 -0.210526 6 1 1.21407 1.02222 
-4 0.210526 6 1 1.03061 0.930942 
-4 0.631579 6 1 0.882812 0.857407 
-4 1.05263 6 1 0.761205 0.796902 
-4 1.47368 6 1 0.659391 0.746244 
-4 1.89474 6 1 0.572903 0.703212 
-4 2.31579 6 1 0.498521 0.666204 
-4 2.73684 6 1 0.43387 0.634037 
-4 3.15789 6 1 0.377159 0.60582 
-4 3.57895 6 1 0.327008 0.580868 
-4 4 6 1 0.282342 0.558644 
4 0.631579 6 1 -11.8634 10.4187 
4 1.05263 6 1 -5.73224 4.89631 
4 1.47368 6 1 -3.89604 3.24245 
4 1.89474 6 1 -3.01246 2.44661 
4 2.31579 6 1 -2.49287 1.97861 
4 2.73684 6 1 -2.15076 1.67047 
4 3.15789 6 1 -1.90847 1.45224 
4 3.57895 6 1 -1.72786 1.28957 
4 4 6 1 -1.58805 1.16364 
-4 4 6 1 0.282342 0.558644 
-3.57895 4 6 1 0.233345 0.574493 
-3.15789 4 6 1 0.181535 0.591251 
-2.73684 4 6 1 0.126662 0.609 
-2.31579 4 6 1 0.068448 0.62783 
-1.89474 4 6 1 0.00657654 0.647843 
-1.47368 4 6 1 -0.0593077 0.669153 
-1.05263 4 6 1 -0.129608 0.691893 
-0.631579 4 6 1 -0.204784 0.716209 
-0.210526 4 6 1 -0.285362 0.742272 
0.210526 4 6 1 -0.371944 0.770278 
0.631579 4 6 1 -0.465229 0.800452 
1.05263 4 6 1 -0.566025 0.833055 
1.47368 4 6 1 -0.675278 0.868394 
1.89474 4 6 1 -0.794099 0.906827 
2.31579 4 6 1 -0.923803 0.948781 
2.73684 4 6 1 -1.06596 0.994762 
3.15789 4 6 1 -1.22244 1.04538 
3.57895 4 6 1 -1.39554 1.10137 
4 4 6 1 -1.58805 1.16364 
