0.375047 -0.0993809 0.317793 0.434863 0 
0.32389 -0.0997781 0.270574 0.445299 1 
0.270384 -0.100194 0.221409 0.456164 2 
0.214365 -0.100628 0.170173 0.467488 3 
0.15565 -0.101084 0.116734 0.479298 4 
0.0940407 -0.101563 0.0609457 0.491628 5 
0.0293173 -0.102065 0.00264984 0.504511 6 
-0.0387625 -0.102594 -0.0583263 0.517988 7 
-0.110467 -0.10315 -0.122172 0.532098 8 
-0.186092 -0.103737 -0.189095 0.546888 9 
-0.26597 -0.104358 -0.259323 0.562409 10 
-0.35047 -0.105014 -0.333106 0.578716 11 
-0.440004 -0.105709 -0.410723 0.595869 12 
-0.535037 -0.106447 -0.492479 0.613938 13 
-0.63609 -0.107231 -0.578716 0.632997 14 
-0.743755 -0.108067 -0.669811 0.653129 15 
-0.858702 -0.108959 -0.766187 0.674429 16 
-0.981697 -0.109914 -0.868317 0.697 17 
-1.11361 -0.110939 -0.976732 0.720961 18 
-1.25546 -0.11204 -1.09203 0.746443 19 
0.375047 -0.0993809 0.317793 0.434863 40 
0.421001 -0.0932073 0.355902 0.46946 41 
0.472889 -0.0862368 0.398396 0.508038 42 
0.531937 -0.0783042 0.446076 0.551325 43 
0.599738 -0.0691957 0.499956 0.600239 44 
0.678394 -0.0586289 0.561326 0.655953 45 
0.770739 -0.0462232 0.631867 0.719993 46 
0.880687 -0.0314526 0.7138 0.794375 47 
1.0138 -0.0135698 0.810126 0.881824 48 
1.17827 0.00852464 0.925003 0.986115 49 
1.38664 0.0365173 1.06436 1.11263 50 
1.6592 0.0731337 1.23697 1.26933 51 
2.03102 0.123085 1.45631 1.46846 52 
2.56839 0.195275 1.74437 1.72998 53 
3.41353 0.308813 2.13943 2.08862 54 
4.93697 0.513473 2.71469 2.61086 55 
8.50257 0.992481 3.62987 3.44171 56 
26.5631 3.41876 5.31263 4.96939 57 
-1.25546 -0.11204 -1.09203 0.746443 60 
-1.35033 -0.102347 -1.15597 0.831883 61 
-1.46834 -0.0902907 -1.23259 0.934258 62 
-1.61913 -0.0748842 -1.32606 1.05915 63 
-1.81858 -0.0545067 -1.44263 1.21492 64 
-2.09476 -0.0262895 -1.59209 1.41462 65 
-2.5025 0.0153691 -1.79061 1.6799 66 
-3.1652 0.0830761 -2.06713 2.04938 67 
-4.43074 0.212375 -2.47882 2.59948 68 
-7.80804 0.557431 -3.15687 3.50551 69 
-45.2034 4.37808 -4.48342 5.27805 70 
