1.57214 -0.0785075 1.61938 1.21826 0 
1.38054 -0.0791594 1.40579 1.13818 1 
1.20914 -0.0797425 1.21683 1.06734 2 
1.0549 -0.0802673 1.04848 1.00422 3 
0.915379 -0.080742 0.897534 0.947634 4 
0.788557 -0.0811735 0.761433 0.896609 5 
0.672779 -0.0815674 0.638087 0.850366 6 
0.56666 -0.0819285 0.525784 0.808262 7 
0.469042 -0.0822606 0.423104 0.769767 8 
0.378942 -0.0825671 0.328861 0.734435 9 
0.295524 -0.082851 0.242056 0.701891 10 
0.21807 -0.0831145 0.161843 0.671819 11 
0.145964 -0.0833598 0.0874968 0.643946 12 
0.0786704 -0.0835888 0.0183978 0.61804 13 
0.0157223 -0.0838029 -0.045991 0.5939 14 
-0.0432877 -0.0840037 -0.106135 0.571352 15 
-0.0987181 -0.0841923 -0.162441 0.550242 16 
-0.150885 -0.0843698 -0.215265 0.530438 17 
-0.200068 -0.0845371 -0.264921 0.511822 18 
-0.246516 -0.0846952 -0.311684 0.494291 19 
1.57214 -0.0785075 1.61938 1.21826 40 
1.70104 -0.104232 1.77041 1.36891 41 
1.86626 -0.137206 1.96995 1.56797 42 
2.08566 -0.180993 2.24587 1.84322 43 
2.39113 -0.241957 2.65242 2.24877 44 
2.84567 -0.332673 3.31109 2.90583 45 
3.59363 -0.481947 4.56187 4.15355 46 
5.05452 -0.773502 7.85495 7.43858 47 
9.17569 -1.59598 40.4368 39.9408 48 
-0.246516 -0.0846952 -0.311684 0.494291 60 
-0.288888 -0.0964266 -0.359924 0.515223 61 
-0.336163 -0.109515 -0.414043 0.538705 62 
-0.389243 -0.124212 -0.475184 0.565235 63 
-0.449269 -0.140831 -0.544811 0.595447 64 
-0.517698 -0.159777 -0.62482 0.630164 65 
-0.596429 -0.181575 -0.717721 0.670475 66 
-0.687976 -0.206921 -0.826903 0.71785 67 
-0.795747 -0.23676 -0.957057 0.774326 68 
-0.924474 -0.2724 -1.11487 0.842802 69 
-1.08093 -0.315718 -1.3102 0.927559 70 
-1.27515 -0.369491 -1.55824 1.03519 71 
-1.52268 -0.438025 -1.88364 1.17638 72 
-1.84898 -0.528368 -2.32929 1.36976 73 
-2.29875 -0.652894 -2.97696 1.65079 74 
-2.95842 -0.835536 -4.00426 2.09654 75 
-4.01965 -1.12936 -5.88334 2.9119 76 
-6.00954 -1.6803 -10.4238 4.88207 77 
-11.0953 -3.08838 -37.0002 16.4139 78 
