-4 -4 2 1 0.418249 -0.139731 
-4 -3.57895 2 1 0.364907 -0.142206 
-4 -3.15789 2 1 0.309333 -0.144785 
-4 -2.73684 2 1 0.251383 -0.147475 
-4 -2.31579 2 1 0.190903 -0.150281 
-4 -1.89474 2 1 0.127721 -0.153213 
-4 -1.47368 2 1 0.0616543 -0.156279 
-4 -1.05263 2 1 -0.00750083 -0.159489 
-4 -0.631579 2 1 -0.0799656 -0.162852 
-4 -0.210526 2 1 -0.155984 -0.166379 
-4 0.210526 2 1 -0.235822 -0.170085 
-4 0.631579 2 1 -0.319778 -0.173981 
-4 1.05263 2 1 -0.408177 -0.178083 
-4 1.47368 2 1 -0.501381 -0.182408 
-4 1.89474 2 1 -0.599794 -0.186976 
-4 2.31579 2 1 -0.703864 -0.191805 
-4 2.73684 2 1 -0.814095 -0.196921 
-4 3.15789 2 1 -0.931049 -0.202348 
-4 3.57895 2 1 -1.05536 -0.208117 
-4 4 2 1 -1.18775 -0.214261 
-4 -4 2 1 0.418249 -0.139731 
-3.57895 -4 2 1 0.465881 -0.136492 
-3.15789 -4 2 1 0.519968 -0.132814 
-2.73684 -4 2 1 0.58192 -0.128601 
-2.31579 -4 2 1 0.653585 -0.123728 
-1.89474 -4 2 1 0.737442 -0.118025 
-1.47368 -4 2 1 0.836891 -0.111263 
-1.05263 -4 2 1 0.956728 -0.103114 
-0.631579 -4 2 1 1.10394 -0.0931035 
-0.210526 -4 2 1 1.28911 -0.0805118 
0.210526 -4 2 1 1.52909 -0.0641927 
0.631579 -4 2 1 1.85246 -0.0422032 
1.05263 -4 2 1 2.31182 -0.0109668 
1.47368 -4 2 1 3.01577 0.0369024 
1.89474 -4 2 1 4.23057 0.11951 
2.31579 -4 2 1 6.82895 0.296201 
2.73684 -4 2 1 16.3012 0.940319 
-4 4 2 1 -1.18775 -0.214261 
-3.57895 4 2 1 -1.27913 -0.216771 
-3.15789 4 2 1 -1.39237 -0.219881 
-2.73684 4 2 1 -1.53637 -0.223836 
-2.31579 4 2 1 -1.72565 -0.229035 
-1.89474 4 2 1 -1.98553 -0.236172 
-1.47368 4 2 1 -2.36456 -0.246582 
-1.05263 4 2 1 -2.9691 -0.263186 
-0.631579 4 2 1 -4.08555 -0.29385 
-0.210526 4 2 1 -6.84168 -0.369547 
0.210526 4 2 1 -24.833 -0.86368 
-4 -4 6 1 0.351185 0.414652 
-4 -3.57895 6 1 0.301709 0.422688 
-4 -3.15789 6 1 0.250365 0.431028 
-4 -2.73684 6 1 0.197045 0.439688 
-4 -2.31579 6 1 0.141631 0.448689 
-4 -1.89474 6 1 0.0839996 0.458049 
-4 -1.47368 6 1 0.0240135 0.467793 
-4 -1.05263 6 1 -0.0384742 0.477942 
-4 -0.631579 6 1 -0.103623 0.488524 
-4 -0.210526 6 1 -0.171608 0.499567 
-4 0.210526 6 1 -0.242617 0.5111 
-4 0.631579 6 1 -0.316856 0.523158 
-4 1.05263 6 1 -0.394552 0.535778 
-4 1.47368 6 1 -0.475952 0.549 
-4 1.89474 6 1 -0.561326 0.562866 
-4 2.31579 6 1 -0.650974 0.577427 
-4 2.73684 6 1 -0.745224 0.592736 
-4 3.15789 6 1 -0.84444 0.608851 
-4 3.57895 6 1 -0.949025 0.625838 
-4 4 6 1 -1.05943 0.643771 
-4 -4 6 1 0.351185 0.414652 
-3.57895 -4 6 1 0.390248 0.449257 
-3.15789 -4 6 1 0.434048 0.488057 
-2.73684 -4 6 1 0.483501 0.531865 
-2.31579 -4 6 1 0.539778 0.581718 
-1.89474 -4 6 1 0.604394 0.638959 
-1.47368 -4 6 1 0.679354 0.705363 
-1.05263 -4 6 1 0.767355 0.783319 
-0.631579 -4 6 1 0.872126 0.876131 
-0.210526 -4 6 1 0.998965 0.988492 
0.210526 -4 6 1 1.15566 1.12731 
0.631579 -4 6 1 1.35418 1.30316 
1.05263 -4 6 1 1.61382 1.53316 
1.47368 -4 6 1 1.96795 1.84688 
1.89474 -4 6 1 2.47965 2.30017 
2.31579 -4 6 1 3.28414 3.01283 
2.73684 -4 6 1 4.73346 4.29672 
3.15789 -4 6 1 8.12137 7.29792 
3.57895 -4 6 1 25.1914 22.4196 
-4 4 6 1 -1.05943 0.643771 
-3.57895 4 6 1 -1.12493 0.718947 
-3.15789 4 6 1 -1.20341 0.809008 
-2.73684 4 6 1 -1.29913 0.918861 
-2.31579 4 6 1 -1.41849 1.05583 
-1.89474 4 6 1 -1.57146 1.23139 
-1.47368 4 6 1 -1.77458 1.46449 
-1.05263 4 6 1 -2.05733 1.78898 
-0.631579 4 6 1 -2.47798 2.27173 
-0.210526 4 6 1 -3.16992 3.06582 
0.210526 4 6 1 -4.52055 4.61581 
0.631579 4 6 1 -8.32457 8.98138 
1.05263 4 6 1 -87.4398 99.7755 
