-4 -4 2 1 1.0758 0.146379 
-4 -3.57895 2 1 0.961081 0.132894 
-4 -3.15789 2 1 0.851723 0.12004 
-4 -2.73684 2 1 0.747362 0.107774 
-4 -2.31579 2 1 0.647662 0.0960548 
-4 -1.89474 2 1 0.552318 0.084848 
-4 -1.47368 2 1 0.461051 0.0741204 
-4 -1.05263 2 1 0.373605 0.0638419 
-4 -0.631579 2 1 0.289744 0.0539848 
-4 -0.210526 2 1 0.209253 0.0445238 
-4 0.210526 2 1 0.131932 0.0354355 
-4 0.631579 2 1 0.0575976 0.0266982 
-4 1.05263 2 1 -0.0139195 0.018292 
-4 1.47368 2 1 -0.0827768 0.0101984 
-4 1.89474 2 1 -0.14912 0.00240042 
-4 2.31579 2 1 -0.213084 -0.00511798 
-4 2.73684 2 1 -0.274795 -0.0123715 
-4 3.15789 2 1 -0.33437 -0.019374 
-4 3.57895 2 1 -0.391917 -0.0261382 
-4 4 2 1 -0.44754 -0.0326761 
-4 -4 2 1 1.0758 0.146379 
-3.57895 -4 2 1 1.15667 0.164825 
-3.15789 -4 2 1 1.25566 0.187405 
-2.73684 -4 2 1 1.37963 0.215684 
-2.31579 -4 2 1 1.53941 0.252129 
-1.89474 -4 2 1 1.75312 0.300877 
-1.47368 -4 2 1 2.05361 0.36942 
-1.05263 -4 2 1 2.50721 0.472888 
-0.631579 -4 2 1 3.27095 0.6471 
-0.210526 -4 2 1 4.82813 1.0023 
0.210526 -4 2 1 9.75174 2.1254 
-4 4 2 1 -0.44754 -0.0326761 
-3.57895 4 2 1 -0.495536 -0.0324077 
-3.15789 4 2 1 -0.550382 -0.0321011 
-2.73684 4 2 1 -0.613654 -0.0317473 
-2.31579 4 2 1 -0.687459 -0.0313347 
-1.89474 4 2 1 -0.774663 -0.0308472 
-1.47368 4 2 1 -0.879281 -0.0302623 
-1.05263 4 2 1 -1.00711 -0.0295476 
-0.631579 4 2 1 -1.16682 -0.0286547 
-0.210526 4 2 1 -1.37207 -0.0275072 
0.210526 4 2 1 -1.64556 -0.0259781 
0.631579 4 2 1 -2.02809 -0.0238395 
1.05263 4 2 1 -2.60114 -0.0206357 
1.47368 4 2 1 -3.55421 -0.0153072 
1.89474 4 2 1 -5.45287 -0.00469211 
2.31579 4 2 1 -11.0897 0.0268222 
2.73684 4 2 1 -728.773 4.03927 
-4 -4 6 1 0.937678 0.987049 
-4 -3.57895 6 1 0.832059 0.955189 
-4 -3.15789 6 1 0.731128 0.924744 
-4 -2.73684 6 1 0.634577 0.89562 
-4 -2.31579 6 1 0.54213 0.867733 
-4 -1.89474 6 1 0.453529 0.841007 
-4 -1.47368 6 1 0.368539 0.815371 
-4 -1.05263 6 1 0.286945 0.790758 
-4 -0.631579 6 1 0.208545 0.767109 
-4 -0.210526 6 1 0.133158 0.744369 
-4 0.210526 6 1 0.0606109 0.722485 
-4 0.631579 6 1 -0.00925227 0.701412 
-4 1.05263 6 1 -0.0765781 0.681103 
-4 1.47368 6 1 -0.141502 0.661519 
-4 1.89474 6 1 -0.204151 0.642621 
-4 2.31579 6 1 -0.264642 0.624374 
-4 2.73684 6 1 -0.323085 0.606745 
-4 3.15789 6 1 -0.379583 0.589703 
-4 3.57895 6 1 -0.434229 0.573219 
-4 4 6 1 -0.487115 0.557266 
-4 -4 6 1 0.937678 0.987049 
-3.57895 -4 6 1 1.00073 1.08418 
-3.15789 -4 6 1 1.077 1.20169 
-2.73684 -4 6 1 1.17113 1.34671 
-2.31579 -4 6 1 1.29023 1.5302 
-1.89474 -4 6 1 1.44576 1.76981 
-1.47368 -4 6 1 1.65745 2.09593 
-1.05263 -4 6 1 1.96239 2.56574 
-0.631579 -4 6 1 2.43966 3.30102 
-0.210526 -4 6 1 3.29282 4.61541 
0.210526 -4 6 1 5.25442 7.63748 
0.631579 -4 6 1 14.4896 21.8653 
-4 4 6 1 -0.487115 0.557266 
-3.57895 4 6 1 -0.535758 0.595268 
-3.15789 4 6 1 -0.59105 0.638465 
-2.73684 4 6 1 -0.654455 0.688 
-2.31579 4 6 1 -0.7279 0.74538 
-1.89474 4 6 1 -0.813976 0.812626 
-1.47368 4 6 1 -0.916247 0.892525 
-1.05263 4 6 1 -1.03976 0.989018 
-0.631579 4 6 1 -1.19189 1.10787 
-0.210526 4 6 1 -1.3839 1.25788 
0.210526 4 6 1 -1.63383 1.45314 
0.631579 4 6 1 -1.97255 1.71776 
1.05263 4 6 1 -2.45758 2.09669 
1.47368 4 6 1 -3.20983 2.68439 
1.89474 4 6 1 -4.53412 3.71899 
2.31579 4 6 1 -7.48323 6.02298 
2.73684 4 6 1 -19.7933 15.6402 
