-1.48081 -0.472677 -1.51612 0.589589 0 
-1.59272 -0.516195 -1.62628 0.663789 1 
-1.73356 -0.570966 -1.76333 0.756101 2 
-1.91623 -0.642002 -1.93848 0.874078 3 
-2.16261 -0.737813 -2.17019 1.03015 4 
-2.51306 -0.874097 -2.49113 1.24633 5 
-3.0512 -1.08337 -2.96514 1.56561 6 
-3.98292 -1.44569 -3.736 2.08484 7 
-5.98897 -2.2258 -5.20971 3.07749 8 
-13.4572 -5.13002 -9.15292 5.73353 9 
0.234484 -0.162849 0.17676 0.374828 20 
0.274551 -0.166665 0.212795 0.399591 21 
0.319219 -0.170919 0.252861 0.427126 22 
0.369329 -0.175692 0.297676 0.457923 23 
0.425941 -0.181084 0.348137 0.492601 24 
0.490407 -0.187224 0.405383 0.531942 25 
0.564484 -0.19428 0.470881 0.576954 26 
0.650494 -0.202472 0.546554 0.628958 27 
0.751572 -0.212099 0.634972 0.689721 28 
0.87206 -0.223575 0.739652 0.761659 29 
1.01814 -0.237489 0.865534 0.848168 30 
1.19894 -0.254709 1.01979 0.954173 31 
1.4285 -0.276574 1.21322 1.0871 32 
1.72963 -0.305255 1.46292 1.2587 33 
2.14196 -0.344529 1.79764 1.48873 34 
2.74107 -0.401591 2.26969 1.81313 35 
3.69099 -0.492067 2.98541 2.30499 36 
5.42744 -0.657458 4.19912 3.13908 37 
9.6174 -1.05654 6.70781 4.8631 38 
33.9767 -3.37666 14.9541 10.5301 39 
-1.48081 -0.472677 -1.51612 0.589589 40 
-1.30971 -0.441771 -1.35067 0.5686 41 
-1.15482 -0.413794 -1.20026 0.549519 42 
-1.01394 -0.388348 -1.06292 0.532096 43 
-0.885259 -0.365104 -0.937031 0.516125 44 
-0.767254 -0.34379 -0.821207 0.501432 45 
-0.65865 -0.324173 -0.71429 0.487868 46 
-0.558366 -0.306059 -0.615291 0.475309 47 
-0.465482 -0.289281 -0.523362 0.463647 48 
-0.379207 -0.273698 -0.437772 0.452788 49 
-0.298862 -0.259185 -0.357886 0.442654 50 
-0.223853 -0.245637 -0.283154 0.433173 51 
-0.153668 -0.232959 -0.213091 0.424285 52 
-0.0878549 -0.221072 -0.147274 0.415935 53 
-0.0260178 -0.209902 -0.0853275 0.408077 54 
0.0321931 -0.199388 -0.0269203 0.400667 55 
0.0870876 -0.189472 0.0282425 0.393669 56 
0.138941 -0.180106 0.080424 0.387049 57 
0.188 -0.171245 0.12986 0.380778 58 
0.234484 -0.162849 0.17676 0.374828 59 
33.9767 -3.37666 14.9541 10.5301 79 
