13.5138 4.0225 4.10667 5.95861 10 
6.19959 1.68896 3.05157 4.14568 11 
4.16909 1.04116 2.48219 3.16736 12 
3.21618 0.737141 2.12589 2.55515 13 
2.66293 0.560634 1.88191 2.13593 14 
2.3015 0.445323 1.70437 1.83087 15 
2.04686 0.364084 1.56938 1.59893 16 
1.85778 0.30376 1.46328 1.41663 17 
1.71183 0.257195 1.3777 1.26958 18 
1.59576 0.220164 1.30721 1.14845 19 
-9.7939 0.853342 -4.98229 3.9791 20 
-5.60158 0.466162 -3.60934 2.97075 21 
-3.82279 0.301883 -2.78014 2.36176 22 
-2.83917 0.21104 -2.22506 1.95409 23 
-2.21492 0.153388 -1.82746 1.66208 24 
-1.78352 0.113546 -1.52864 1.44262 25 
-1.46756 0.0843659 -1.29586 1.27166 26 
-1.22617 0.0620726 -1.10941 1.13472 27 
-1.03574 0.0444855 -0.956703 1.02257 28 
-0.881671 0.0302566 -0.829342 0.929031 29 
-0.754458 0.0185079 -0.721501 0.849828 30 
-0.647641 0.00864286 -0.62901 0.7819 31 
-0.55668 0.000242163 -0.548811 0.723 32 
-0.478288 -0.00699774 -0.478606 0.671438 33 
-0.410027 -0.0133019 -0.416636 0.625926 34 
-0.350054 -0.0188407 -0.361532 0.585456 35 
-0.296945 -0.0237455 -0.312214 0.549235 36 
-0.249586 -0.0281194 -0.267815 0.516627 37 
-0.20709 -0.0320441 -0.227635 0.487117 38 
-0.168746 -0.0355853 -0.191099 0.460284 39 
-35.8131 4.49664 -6.85959 6.46853 57 
-14.7535 1.54779 -5.70823 4.94175 58 
-9.7939 0.853342 -4.98229 3.9791 59 
1.59576 0.220164 1.30721 1.14845 60 
1.41173 0.19349 1.16118 1.08138 61 
1.24673 0.169576 1.02836 1.02037 62 
1.09796 0.148013 0.907011 0.96464 63 
0.963138 0.128471 0.795723 0.913526 64 
0.840385 0.110679 0.69329 0.866479 65 
0.728151 0.094412 0.598696 0.823033 66 
0.625141 0.0794816 0.511074 0.782789 67 
0.530262 0.0657298 0.429681 0.745405 68 
0.442588 0.0530222 0.353876 0.710588 69 
0.361329 0.0412443 0.283102 0.678082 70 
0.285804 0.0302977 0.216874 0.647664 71 
0.215428 0.0200973 0.154769 0.619139 72 
0.149692 0.0105694 0.0964118 0.592336 73 
0.0881509 0.00164956 0.0414741 0.567104 74 
0.0304162 -0.00671859 -0.0103362 0.543308 75 
-0.0238549 -0.0145847 -0.0592789 0.520828 76 
-0.0749649 -0.0219926 -0.105586 0.49956 77 
-0.123182 -0.0289813 -0.149464 0.479407 78 
-0.168746 -0.0355853 -0.191099 0.460284 79 
