-4 -4 2 1 -2.50062 0.00487156 
-4 -3.57895 2 1 -2.75404 0.0391251 
-4 -3.15789 2 1 -3.10036 0.0859355 
-4 -2.73684 2 1 -3.60212 0.153757 
-4 -2.31579 2 1 -4.39428 0.26083 
-4 -1.89474 2 1 -5.83159 0.455106 
-4 -1.47368 2 1 -9.24357 0.916292 
-4 -1.05263 2 1 -27.6289 3.40138 
4 -4 2 1 0.0312486 -0.0690939 
4 -3.57895 2 1 0.070445 -0.0626551 
4 -3.15789 2 1 0.113228 -0.055627 
4 -2.73684 2 1 0.160114 -0.047925 
4 -2.31579 2 1 0.211722 -0.0394473 
4 -1.89474 2 1 0.268805 -0.0300703 
4 -1.47368 2 1 0.332281 -0.019643 
4 -1.05263 2 1 0.403288 -0.00797847 
4 -0.631579 2 1 0.483253 0.00515732 
4 -0.210526 2 1 0.573982 0.0200615 
4 0.210526 2 1 0.677807 0.037117 
4 0.631579 2 1 0.797784 0.0568258 
4 1.05263 2 1 0.938001 0.0798593 
4 1.47368 2 1 1.10405 0.107136 
4 1.89474 2 1 1.30379 0.139948 
4 2.31579 2 1 1.54864 0.18017 
4 2.73684 2 1 1.85583 0.230632 
4 3.15789 2 1 2.25263 0.295814 
4 3.57895 2 1 2.78494 0.383258 
4 4 2 1 3.53649 0.506716 
-4 -4 2 1 -2.50062 0.00487156 
-3.57895 -4 2 1 -2.11848 -0.00629212 
-3.15789 -4 2 1 -1.80819 -0.0153569 
-2.73684 -4 2 1 -1.55123 -0.0228638 
-2.31579 -4 2 1 -1.33493 -0.0291827 
-1.89474 -4 2 1 -1.15035 -0.0345749 
-1.47368 -4 2 1 -0.990995 -0.0392303 
-1.05263 -4 2 1 -0.852018 -0.0432904 
-0.631579 -4 2 1 -0.729748 -0.0468623 
-0.210526 -4 2 1 -0.621343 -0.0500293 
0.210526 -4 2 1 -0.52457 -0.0528564 
0.631579 -4 2 1 -0.437654 -0.0553955 
1.05263 -4 2 1 -0.35916 -0.0576886 
1.47368 -4 2 1 -0.287922 -0.0597697 
1.89474 -4 2 1 -0.222978 -0.061667 
2.31579 -4 2 1 -0.163528 -0.0634038 
2.73684 -4 2 1 -0.108905 -0.0649995 
3.15789 -4 2 1 -0.0585425 -0.0664708 
3.57895 -4 2 1 -0.0119615 -0.0678316 
4 -4 2 1 0.0312486 -0.0690939 
1.89474 4 2 1 22.3462 5.37596 
2.31579 4 2 1 9.32866 2.00613 
2.73684 4 2 1 6.22622 1.203 
3.15789 4 2 1 4.83509 0.842883 
3.57895 4 2 1 4.04543 0.638464 
4 4 2 1 3.53649 0.506716 
-4 -4 6 1 -2.02194 1.31387 
-4 -3.57895 6 1 -2.15707 1.49253 
-4 -3.15789 6 1 -2.32792 1.71843 
-4 -2.73684 6 1 -2.55083 2.01314 
-4 -2.31579 6 1 -2.85386 2.41378 
-4 -1.89474 6 1 -3.28965 2.98997 
-4 -1.47368 6 1 -3.96996 3.88943 
-4 -1.05263 6 1 -5.18082 5.49035 
-4 -0.631579 6 1 -7.93949 9.1377 
-4 -0.210526 6 1 -20.4705 25.7054 
4 -4 6 1 0.00194143 0.419106 
4 -3.57895 6 1 0.0366529 0.444556 
4 -3.15789 6 1 0.0742611 0.47213 
4 -2.73684 6 1 0.115145 0.502106 
4 -2.31579 6 1 0.159751 0.534811 
4 -1.89474 6 1 0.208612 0.570636 
4 -1.47368 6 1 0.262369 0.61005 
4 -1.05263 6 1 0.321794 0.653621 
4 -0.631579 6 1 0.387835 0.702042 
4 -0.210526 6 1 0.461662 0.756172 
4 0.210526 6 1 0.544737 0.817082 
4 0.631579 6 1 0.638915 0.886134 
4 1.05263 6 1 0.746581 0.965074 
4 1.47368 6 1 0.870855 1.05619 
4 1.89474 6 1 1.0159 1.16254 
4 2.31579 6 1 1.18741 1.28829 
4 2.73684 6 1 1.39333 1.43927 
4 3.15789 6 1 1.6452 1.62394 
4 3.57895 6 1 1.96031 1.85498 
4 4 6 1 2.36591 2.15236 
-4 -4 6 1 -2.02194 1.31387 
-3.57895 -4 6 1 -1.75671 1.19661 
-3.15789 -4 6 1 -1.53203 1.09728 
-2.73684 -4 6 1 -1.33926 1.01206 
-2.31579 -4 6 1 -1.17206 0.938137 
-1.89474 -4 6 1 -1.02565 0.87341 
-1.47368 -4 6 1 -0.896391 0.816262 
-1.05263 -4 6 1 -0.781426 0.765436 
-0.631579 -4 6 1 -0.678511 0.719937 
-0.210526 -4 6 1 -0.585846 0.678969 
0.210526 -4 6 1 -0.501973 0.641888 
0.631579 -4 6 1 -0.425697 0.608166 
1.05263 -4 6 1 -0.35603 0.577366 
1.47368 -4 6 1 -0.29215 0.549124 
1.89474 -4 6 1 -0.233363 0.523135 
2.31579 -4 6 1 -0.179084 0.499138 
2.73684 -4 6 1 -0.128814 0.476913 
3.15789 -4 6 1 -0.0821248 0.456272 
3.57895 -4 6 1 -0.0386463 0.43705 
4 -4 6 1 0.00194143 0.419106 
0.631579 4 6 1 139.731 263.86 
1.05263 4 6 1 10.1171 16.9199 
1.47368 4 6 1 5.79853 8.6922 
1.89474 4 6 1 4.29434 5.82641 
2.31579 4 6 1 3.5295 4.36924 
2.73684 4 6 1 3.06644 3.48701 
3.15789 4 6 1 2.75598 2.89552 
3.57895 4 6 1 2.53335 2.47138 
4 4 6 1 2.36591 2.15236 
