32.9161 -8.55668 5.29634 3.76509 6 
7.37826 -2.03611 3.48245 2.39735 7 
4.18368 -1.22044 2.60398 1.73496 8 
2.93349 -0.901232 2.08568 1.34414 9 
2.26668 -0.730978 1.74373 1.08629 10 
1.85217 -0.625141 1.5012 0.903423 11 
1.56955 -0.552979 1.32025 0.766976 12 
1.3645 -0.500625 1.18006 0.661267 13 
1.20895 -0.460908 1.06825 0.57696 14 
1.0869 -0.429745 0.976997 0.508154 15 
0.988582 -0.404641 0.901111 0.450933 16 
0.907687 -0.383986 0.837009 0.402598 17 
0.83996 -0.366694 0.782146 0.361229 18 
0.782429 -0.352004 0.734657 0.325421 19 
-11.2505 -1.65747 -3.79101 3.25828 25 
-5.22895 -0.867467 -2.67773 2.27076 26 
-3.38768 -0.6259 -2.06221 1.72478 27 
-2.4953 -0.508823 -1.67161 1.3783 28 
-1.96857 -0.439718 -1.40169 1.13888 29 
-1.62098 -0.394115 -1.20401 0.96353 30 
-1.37442 -0.361767 -1.05299 0.829571 31 
-1.19043 -0.337628 -0.933859 0.723893 32 
-1.04787 -0.318926 -0.837473 0.638396 33 
-0.934169 -0.304008 -0.75789 0.567803 34 
-0.841368 -0.291833 -0.691067 0.508529 35 
-0.764188 -0.281707 -0.634164 0.458054 36 
-0.698991 -0.273154 -0.585124 0.414554 37 
-0.643189 -0.265833 -0.542422 0.376677 38 
-0.594886 -0.259496 -0.504906 0.343398 39 
0.782429 -0.352004 0.734657 0.325421 60 
0.701746 -0.346585 0.662828 0.326463 61 
0.62207 -0.341234 0.591801 0.327493 62 
0.543382 -0.335948 0.521562 0.328511 63 
0.465664 -0.330728 0.452098 0.329519 64 
0.388898 -0.325572 0.383396 0.330515 65 
0.313066 -0.320479 0.315445 0.331501 66 
0.238153 -0.315447 0.248231 0.332475 67 
0.16414 -0.310476 0.181742 0.33344 68 
0.0910124 -0.305565 0.115968 0.334394 69 
0.018754 -0.300711 0.0508962 0.335337 70 
-0.0526507 -0.295915 -0.0134842 0.336271 71 
-0.123217 -0.291176 -0.0771841 0.337195 72 
-0.192959 -0.286492 -0.140214 0.338109 73 
-0.261891 -0.281862 -0.202585 0.339013 74 
-0.330027 -0.277285 -0.264308 0.339909 75 
-0.397382 -0.272761 -0.325391 0.340794 76 
-0.463968 -0.268289 -0.385845 0.341671 77 
-0.529798 -0.263867 -0.44568 0.342539 78 
-0.594886 -0.259496 -0.504906 0.343398 79 
