-4 0.631579 2 1 15.4868 2.71915 
-4 1.05263 2 1 6.89109 1.11147 
-4 1.47368 2 1 4.60839 0.684527 
-4 1.89474 2 1 3.55191 0.48693 
-4 2.31579 2 1 2.94279 0.373005 
-4 2.73684 2 1 2.54653 0.298891 
-4 3.15789 2 1 2.26815 0.246825 
-4 3.57895 2 1 2.06186 0.208242 
-4 4 2 1 1.90287 0.178505 
4 -4 2 1 -6.45819 -0.186395 
4 -3.57895 2 1 -4.32648 -0.14598 
4 -3.15789 2 1 -3.17573 -0.124163 
4 -2.73684 2 1 -2.45547 -0.110508 
4 -2.31579 2 1 -1.9622 -0.101156 
4 -1.89474 2 1 -1.60322 -0.09435 
4 -1.47368 2 1 -1.33026 -0.089175 
4 -1.05263 2 1 -1.11571 -0.0851074 
4 -0.631579 2 1 -0.942642 -0.0818262 
4 -0.210526 2 1 -0.800076 -0.0791233 
4 0.210526 2 1 -0.680606 -0.0768583 
4 0.631579 2 1 -0.579038 -0.0749327 
4 1.05263 2 1 -0.491631 -0.0732755 
4 1.47368 2 1 -0.415614 -0.0718343 
4 1.89474 2 1 -0.348899 -0.0705695 
4 2.31579 2 1 -0.289875 -0.0694504 
4 2.73684 2 1 -0.237286 -0.0684534 
4 3.15789 2 1 -0.190134 -0.0675595 
4 3.57895 2 1 -0.147617 -0.0667534 
4 4 2 1 -0.109083 -0.0660228 
2.73684 -4 2 1 -34.449 0.087992 
3.15789 -4 2 1 -12.934 -0.122914 
3.57895 -4 2 1 -8.41703 -0.167193 
4 -4 2 1 -6.45819 -0.186395 
-4 4 2 1 1.90287 0.178505 
-3.57895 4 2 1 1.66208 0.14924 
-3.15789 4 2 1 1.45312 0.123844 
-2.73684 4 2 1 1.27007 0.101597 
-2.31579 4 2 1 1.1084 0.081947 
-1.89474 4 2 1 0.964556 0.0644649 
-1.47368 4 2 1 0.835753 0.0488104 
-1.05263 4 2 1 0.719747 0.0347113 
-0.631579 4 2 1 0.614721 0.0219467 
-0.210526 4 2 1 0.519187 0.0103358 
0.210526 4 2 1 0.431914 -0.00027125 
0.631579 4 2 1 0.351874 -0.0099991 
1.05263 4 2 1 0.278204 -0.0189528 
1.47368 4 2 1 0.210173 -0.0272211 
1.89474 4 2 1 0.147158 -0.0348799 
2.31579 4 2 1 0.0886222 -0.0419942 
2.73684 4 2 1 0.0341056 -0.04862 
3.15789 4 2 1 -0.0167922 -0.054806 
3.57895 4 2 1 -0.0644199 -0.0605946 
4 4 2 1 -0.109083 -0.0660228 
-4 0.210526 6 1 10.0339 14.0405 
-4 0.631579 6 1 5.24216 6.82561 
-4 1.05263 6 1 3.69559 4.49697 
-4 1.47368 6 1 2.93147 3.34646 
-4 1.89474 6 1 2.47589 2.66051 
-4 2.31579 6 1 2.17337 2.20501 
-4 2.73684 6 1 1.95787 1.88052 
-4 3.15789 6 1 1.79655 1.63764 
-4 3.57895 6 1 1.67128 1.44902 
-4 4 6 1 1.57117 1.29829 
4 -4 6 1 -4.50569 3.05568 
4 -3.57895 6 1 -3.37361 2.37676 
4 -3.15789 6 1 -2.64756 1.94135 
4 -2.73684 6 1 -2.14233 1.63836 
4 -2.31579 6 1 -1.77047 1.41536 
4 -1.89474 6 1 -1.48533 1.24436 
4 -1.47368 6 1 -1.25975 1.10907 
4 -1.05263 6 1 -1.07682 0.99937 
4 -0.631579 6 1 -0.925494 0.908621 
4 -0.210526 6 1 -0.798235 0.832304 
4 0.210526 6 1 -0.689724 0.767229 
4 0.631579 6 1 -0.596102 0.711083 
4 1.05263 6 1 -0.514501 0.662147 
4 1.47368 6 1 -0.442745 0.619115 
4 1.89474 6 1 -0.379154 0.58098 
4 2.31579 6 1 -0.32241 0.54695 
4 2.73684 6 1 -0.271464 0.516397 
4 3.15789 6 1 -0.225469 0.488814 
4 3.57895 6 1 -0.183738 0.463788 
4 4 6 1 -0.145703 0.440978 
1.89474 -4 6 1 -43.7724 46.0375 
2.31579 -4 6 1 -13.2018 12.5746 
2.73684 -4 6 1 -8.29063 7.19872 
3.15789 -4 6 1 -6.28307 5.00121 
3.57895 -4 6 1 -5.19161 3.80649 
4 -4 6 1 -4.50569 3.05568 
-4 4 6 1 1.57117 1.29829 
-3.57895 4 6 1 1.37904 1.20235 
-3.15789 4 6 1 1.20953 1.11771 
-2.73684 4 6 1 1.05887 1.04248 
-2.31579 4 6 1 0.924091 0.975174 
-1.89474 4 6 1 0.802801 0.914609 
-1.47368 4 6 1 0.693073 0.859817 
-1.05263 4 6 1 0.593328 0.81001 
-0.631579 4 6 1 0.502264 0.764537 
-0.210526 4 6 1 0.418795 0.722857 
0.210526 4 6 1 0.342008 0.684514 
0.631579 4 6 1 0.271132 0.649123 
1.05263 4 6 1 0.205509 0.616355 
1.47368 4 6 1 0.144578 0.585929 
1.89474 4 6 1 0.0878506 0.557602 
2.31579 4 6 1 0.0349079 0.531166 
2.73684 4 6 1 -0.0146172 0.506436 
3.15789 4 6 1 -0.0610452 0.483252 
3.57895 4 6 1 -0.104658 0.461474 
4 4 6 1 -0.145703 0.440978 
