3.08909 0.820519 5.30936 5.39376 0 
2.50681 0.728171 3.89088 4.23314 1 
2.06695 0.658411 2.98715 3.49369 2 
1.72296 0.603854 2.361 2.98136 3 
1.44656 0.560018 1.90158 2.60545 4 
1.21962 0.524026 1.5501 2.31787 5 
1.02996 0.493946 1.27254 2.09076 6 
0.869079 0.468431 1.04778 1.90686 7 
0.730897 0.446516 0.86208 1.75491 8 
0.610925 0.427489 0.706061 1.62726 9 
0.505784 0.410814 0.573137 1.51849 10 
0.412886 0.396081 0.458532 1.42472 11 
0.330209 0.382968 0.358705 1.34304 12 
0.256155 0.371223 0.270969 1.27126 13 
0.189441 0.360643 0.193254 1.20767 14 
0.129028 0.351061 0.123935 1.15095 15 
0.0740627 0.342344 0.0617215 1.10004 16 
0.0238408 0.334379 0.00557443 1.0541 17 
-0.0222267 0.327073 -0.0453524 1.01243 18 
-0.0646346 0.320347 -0.0917548 0.974467 19 
-6.341 1.1058 -68.8353 61.7182 37 
-5.0093 0.865365 -15.8049 13.5293 38 
-4.21641 0.722211 -9.34386 7.6581 39 
3.08909 0.820519 5.30936 5.39376 40 
3.53478 0.945165 7.20715 7.64497 41 
4.21502 1.13541 12.0308 13.3669 42 
5.38108 1.46152 49.3091 57.5873 43 
-0.0646346 0.320347 -0.0917548 0.974467 60 
-0.109431 0.324683 -0.143466 1.01182 61 
-0.158368 0.32942 -0.200582 1.05308 62 
-0.212046 0.334616 -0.263994 1.09889 63 
-0.27119 0.34034 -0.334807 1.15005 64 
-0.33668 0.346679 -0.414396 1.20754 65 
-0.409593 0.353737 -0.504499 1.27263 66 
-0.49127 0.361643 -0.607348 1.34693 67 
-0.58339 0.370559 -0.725853 1.43253 68 
-0.688093 0.380694 -0.863884 1.53225 69 
-0.808146 0.392314 -1.0267 1.64986 70 
-0.947193 0.405773 -1.22163 1.79068 71 
-1.11013 0.421544 -1.45922 1.96232 72 
-1.30368 0.440279 -1.7552 2.17613 73 
-1.53739 0.4629 -2.13411 2.44985 74 
-1.82519 0.490757 -2.63646 2.81274 75 
-2.1883 0.525904 -3.33434 3.31688 76 
-2.66076 0.571635 -4.36947 4.06465 77 
-3.30072 0.633578 -6.06421 5.28891 78 
-4.21641 0.722211 -9.34386 7.6581 79 
