-4 -4 2 1 -0.291472 0.209496 
-4 -3.57895 2 1 -0.331359 0.215666 
-4 -3.15789 2 1 -0.376253 0.222611 
-4 -2.73684 2 1 -0.427157 0.230485 
-4 -2.31579 2 1 -0.485367 0.239489 
-4 -1.89474 2 1 -0.552575 0.249885 
-4 -1.47368 2 1 -0.631043 0.262023 
-4 -1.05263 2 1 -0.72386 0.27638 
-4 -0.631579 2 1 -0.835358 0.293627 
-4 -0.210526 2 1 -0.971806 0.314734 
-4 0.210526 2 1 -1.14264 0.341159 
-4 0.631579 2 1 -1.36272 0.375202 
-4 1.05263 2 1 -1.65694 0.420713 
-4 1.47368 2 1 -2.07034 0.48466 
-4 1.89474 2 1 -2.69373 0.58109 
-4 2.31579 2 1 -3.7416 0.74318 
-4 2.73684 2 1 -5.87129 1.07261 
-4 3.15789 2 1 -12.5456 2.10502 
4 -4 2 1 1.27088 0.127341 
4 -3.57895 2 1 1.36072 0.129605 
4 -3.15789 2 1 1.4708 0.132379 
4 -2.73684 2 1 1.60886 0.135858 
4 -2.31579 2 1 1.7871 0.14035 
4 -1.89474 2 1 2.02607 0.146373 
4 -1.47368 2 1 2.36314 0.154867 
4 -1.05263 2 1 2.87436 0.167751 
4 -0.631579 2 1 3.74168 0.189609 
4 -0.210526 2 1 5.53602 0.23483 
4 0.210526 2 1 11.4497 0.383865 
-4 -4 2 1 -0.291472 0.209496 
-3.57895 -4 2 1 -0.24058 0.20682 
-3.15789 -4 2 1 -0.187487 0.204028 
-2.73684 -4 2 1 -0.132046 0.201113 
-2.31579 -4 2 1 -0.0740982 0.198066 
-1.89474 -4 2 1 -0.0134697 0.194878 
-1.47368 -4 2 1 0.05003 0.191539 
-1.05263 -4 2 1 0.11661 0.188038 
-0.631579 -4 2 1 0.1865 0.184362 
-0.210526 -4 2 1 0.259952 0.1805 
0.210526 -4 2 1 0.337247 0.176435 
0.631579 -4 2 1 0.418694 0.172153 
1.05263 -4 2 1 0.504638 0.167633 
1.47368 -4 2 1 0.595459 0.162857 
1.89474 -4 2 1 0.691588 0.157803 
2.31579 -4 2 1 0.793501 0.152443 
2.73684 -4 2 1 0.901738 0.146752 
3.15789 -4 2 1 1.01691 0.140696 
3.57895 -4 2 1 1.13969 0.134239 
4 -4 2 1 1.27088 0.127341 
-4 -4 6 1 -0.26954 0.836006 
-4 -3.57895 6 1 -0.311481 0.882912 
-4 -3.15789 6 1 -0.359175 0.936249 
-4 -2.73684 6 1 -0.413889 0.997438 
-4 -2.31579 6 1 -0.477299 1.06835 
-4 -1.89474 6 1 -0.551656 1.15151 
-4 -1.47368 6 1 -0.640062 1.25038 
-4 -1.05263 6 1 -0.746916 1.36988 
-4 -0.631579 6 1 -0.878662 1.51721 
-4 -0.210526 6 1 -1.04515 1.7034 
-4 0.210526 6 1 -1.2622 1.94614 
-4 0.631579 6 1 -1.55698 2.2758 
-4 1.05263 6 1 -1.98034 2.74927 
-4 1.47368 6 1 -2.6399 3.48688 
-4 1.89474 6 1 -3.80977 4.79519 
-4 2.31579 6 1 -6.45588 7.75445 
-4 2.73684 6 1 -18.1497 20.8321 
4 -4 6 1 1.53105 1.20725 
4 -3.57895 6 1 1.66569 1.33664 
4 -3.15789 6 1 1.83614 1.50045 
4 -2.73684 6 1 2.05888 1.71451 
4 -2.31579 6 1 2.36234 2.00615 
4 -1.89474 6 1 2.8001 2.42687 
4 -1.47368 6 1 3.48668 3.0867 
4 -1.05263 6 1 4.71841 4.27045 
4 -0.631579 6 1 7.57203 7.01291 
4 -0.210526 6 1 21.425 20.3262 
-4 -4 6 1 -0.26954 0.836006 
-3.57895 -4 6 1 -0.2139 0.847478 
-3.15789 -4 6 1 -0.155648 0.859488 
-2.73684 -4 6 1 -0.0945952 0.872076 
-2.31579 -4 6 1 -0.0305345 0.885284 
-1.89474 -4 6 1 0.0367621 0.899159 
-1.47368 -4 6 1 0.107546 0.913753 
-1.05263 -4 6 1 0.182095 0.929124 
-0.631579 -4 6 1 0.260719 0.945334 
-0.210526 -4 6 1 0.34376 0.962456 
0.210526 -4 6 1 0.431602 0.980567 
0.631579 -4 6 1 0.524673 0.999756 
1.05263 -4 6 1 0.623455 1.02012 
1.47368 -4 6 1 0.72849 1.04178 
1.89474 -4 6 1 0.840392 1.06485 
2.31579 -4 6 1 0.959855 1.08948 
2.73684 -4 6 1 1.08767 1.11583 
3.15789 -4 6 1 1.22476 1.1441 
3.57895 -4 6 1 1.37215 1.17449 
4 -4 6 1 1.53105 1.20725 
