-0.141018 0.152294 -0.0890652 0.704148 0 
-0.178903 0.161558 -0.124909 0.742628 1 
-0.220917 0.171831 -0.164737 0.785385 2 
-0.267775 0.183289 -0.20925 0.833172 3 
-0.320365 0.196149 -0.259327 0.886933 4 
-0.37981 0.210685 -0.316083 0.947863 5 
-0.447541 0.227247 -0.380947 1.0175 6 
-0.525422 0.246291 -0.455791 1.09785 7 
-0.615918 0.268419 -0.543111 1.19159 8 
-0.722365 0.294448 -0.64631 1.30238 9 
-0.849388 0.325508 -0.770151 1.43533 10 
-1.00359 0.363215 -0.921517 1.59783 11 
-1.19474 0.409956 -1.11073 1.80096 12 
-1.43793 0.469421 -1.35402 2.06214 13 
-1.75775 0.547625 -1.67842 2.4104 14 
-2.19719 0.655081 -2.13262 2.89801 15 
-2.83883 0.811977 -2.814 3.62951 16 
-3.86389 1.06263 -3.94985 4.8489 17 
-5.76251 1.52689 -6.22238 7.28858 18 
-10.4804 2.68053 -13.0465 14.6147 19 
1.75764 0.0956857 1.9517 1.353 20 
1.90137 0.110804 2.12688 1.53078 21 
2.08553 0.130175 2.35388 1.76114 22 
2.32998 0.155886 2.65967 2.07147 23 
2.67008 0.19166 3.09389 2.51212 24 
3.17568 0.24484 3.75896 3.18705 25 
4.0064 0.332217 4.90561 4.3507 26 
5.62441 0.502405 7.35383 6.8352 27 
10.157 0.979155 16.228 15.8409 28 
-0.141018 0.152294 -0.0890652 0.704148 40 
-0.0949358 0.15092 -0.0405722 0.719566 41 
-0.0460089 0.149462 0.0109692 0.735953 42 
0.00603393 0.14791 0.0658556 0.753404 43 
0.0615001 0.146256 0.124424 0.772026 44 
0.120739 0.14449 0.187057 0.79194 45 
0.184149 0.142599 0.254194 0.813285 46 
0.252186 0.140571 0.326338 0.836223 47 
0.325377 0.138389 0.404071 0.860938 48 
0.40433 0.136035 0.488069 0.887645 49 
0.489753 0.133488 0.579121 0.916595 50 
0.582476 0.130723 0.678154 0.948082 51 
0.683476 0.127712 0.786267 0.982456 52 
0.793914 0.124419 0.904767 1.02013 53 
0.915176 0.120804 1.03523 1.06161 54 
1.04894 0.116816 1.17955 1.1075 55 
1.19723 0.112394 1.34008 1.15854 56 
1.36257 0.107465 1.51971 1.21565 57 
1.54806 0.101934 1.72205 1.27998 58 
1.75764 0.0956857 1.9517 1.353 59 
-10.4804 2.68053 -13.0465 14.6147 60 
-17.3692 4.62375 -29.5559 35.5547 61 
