-4 -4 2 1 -1.08299 0.0327487 
-4 -3.57895 2 1 -1.15674 0.031354 
-4 -3.15789 2 1 -1.24577 0.0296705 
-4 -2.73684 2 1 -1.35536 0.0275981 
-4 -2.31579 2 1 -1.49358 0.0249843 
-4 -1.89474 2 1 -1.67333 0.0215853 
-4 -1.47368 2 1 -1.91662 0.0169845 
-4 -1.05263 2 1 -2.2644 0.0104078 
-4 -0.631579 2 1 -2.80239 0.000234321 
-4 -0.210526 2 1 -3.74536 -0.0175974 
-4 0.210526 2 1 -5.82655 -0.0569531 
-4 0.631579 2 1 -14.244 -0.21613 
4 -4 2 1 0.367281 0.148928 
4 -3.57895 2 1 0.408346 0.155191 
4 -3.15789 2 1 0.454823 0.162279 
4 -2.73684 2 1 0.507857 0.170368 
4 -2.31579 2 1 0.568939 0.179684 
4 -1.89474 2 1 0.640055 0.19053 
4 -1.47368 2 1 0.723896 0.203317 
4 -1.05263 2 1 0.824213 0.218617 
4 -0.631579 2 1 0.946394 0.237251 
4 -0.210526 2 1 1.09846 0.260443 
4 0.210526 2 1 1.2929 0.290098 
4 0.631579 2 1 1.5503 0.329355 
4 1.05263 2 1 1.90714 0.383778 
4 1.47368 2 1 2.43485 0.464261 
4 1.89474 2 1 3.29476 0.595411 
4 2.31579 2 1 4.94473 0.847054 
4 2.73684 2 1 9.39862 1.52634 
4 3.15789 2 1 64.2099 9.88584 
-4 -4 2 1 -1.08299 0.0327487 
-3.57895 -4 2 1 -0.973249 0.0415398 
-3.15789 -4 2 1 -0.868719 0.0499135 
-2.73684 -4 2 1 -0.769037 0.0578989 
-2.31579 -4 2 1 -0.673874 0.0655223 
-1.89474 -4 2 1 -0.582928 0.0728079 
-1.47368 -4 2 1 -0.495926 0.0797775 
-1.05263 -4 2 1 -0.412617 0.0864513 
-0.631579 -4 2 1 -0.33277 0.0928477 
-0.210526 -4 2 1 -0.256173 0.0989837 
0.210526 -4 2 1 -0.182633 0.104875 
0.631579 -4 2 1 -0.11197 0.110536 
1.05263 -4 2 1 -0.0440188 0.115979 
1.47368 -4 2 1 0.0213747 0.121218 
1.89474 -4 2 1 0.0843516 0.126263 
2.31579 -4 2 1 0.145044 0.131125 
2.73684 -4 2 1 0.203573 0.135813 
3.15789 -4 2 1 0.260053 0.140338 
3.57895 -4 2 1 0.314589 0.144707 
4 -4 2 1 0.367281 0.148928 
-4 -4 6 1 -1.24045 0.937362 
-4 -3.57895 6 1 -1.3356 1.02709 
-4 -3.15789 6 1 -1.45209 1.13695 
-4 -2.73684 6 1 -1.598 1.27457 
-4 -2.31579 6 1 -1.78612 1.45198 
-4 -1.89474 6 1 -2.03784 1.68938 
-4 -1.47368 6 1 -2.39196 2.02335 
-4 -1.05263 6 1 -2.92696 2.52791 
-4 -0.631579 6 1 -3.82893 3.37856 
-4 -0.210526 6 1 -5.67251 5.11725 
-4 0.210526 6 1 -11.5424 10.6531 
4 -4 6 1 0.328097 0.754963 
4 -3.57895 6 1 0.368596 0.800789 
4 -3.15789 6 1 0.414705 0.852963 
4 -2.73684 6 1 0.467678 0.912904 
4 -2.31579 6 1 0.52917 0.982485 
4 -1.89474 6 1 0.601417 1.06424 
4 -1.47368 6 1 0.687509 1.16165 
4 -1.05263 6 1 0.79185 1.27972 
4 -0.631579 6 1 0.920929 1.42578 
4 -0.210526 6 1 1.08473 1.61112 
4 0.210526 6 1 1.29942 1.85406 
4 0.631579 6 1 1.59312 2.18639 
4 1.05263 6 1 2.01923 2.66855 
4 1.47368 6 1 2.69339 3.43139 
4 1.89474 6 1 3.92111 4.8206 
4 2.31579 6 1 6.85901 8.14495 
4 2.73684 6 1 23.2808 26.7269 
-4 -4 6 1 -1.24045 0.937362 
-3.57895 -4 6 1 -1.11937 0.923282 
-3.15789 -4 6 1 -1.00441 0.909914 
-2.73684 -4 6 1 -0.89512 0.897205 
-2.31579 -4 6 1 -0.791084 0.885107 
-1.89474 -4 6 1 -0.691936 0.873577 
-1.47368 -4 6 1 -0.597338 0.862577 
-1.05263 -4 6 1 -0.506985 0.852071 
-0.631579 -4 6 1 -0.420598 0.842025 
-0.210526 -4 6 1 -0.33792 0.832411 
0.210526 -4 6 1 -0.258719 0.823201 
0.631579 -4 6 1 -0.182778 0.81437 
1.05263 -4 6 1 -0.109901 0.805896 
1.47368 -4 6 1 -0.0399064 0.797757 
1.89474 -4 6 1 0.027374 0.789933 
2.31579 -4 6 1 0.0920947 0.782407 
2.73684 -4 6 1 0.154399 0.775162 
3.15789 -4 6 1 0.214421 0.768182 
3.57895 -4 6 1 0.272282 0.761454 
4 -4 6 1 0.328097 0.754963 
