23.1232 -2.81344 16.29 14.4261 13 
9.24595 -1.00638 7.61951 6.33415 14 
6.04255 -0.589244 5.2023 4.07823 15 
4.6187 -0.403835 4.06638 3.01811 16 
3.81388 -0.299034 3.40643 2.40219 17 
3.29649 -0.231661 2.9751 1.99965 18 
2.93588 -0.184703 2.67115 1.71597 19 
-3.33606 -0.952843 -3.47124 1.52742 20 
-2.63562 -0.783 -2.76854 1.29533 21 
-2.13329 -0.661197 -2.25985 1.12732 22 
-1.75544 -0.569576 -1.87457 1.00007 23 
-1.46089 -0.498157 -1.57264 0.90035 24 
-1.22485 -0.44092 -1.32967 0.820099 25 
-1.03144 -0.394023 -1.12991 0.754123 26 
-0.870078 -0.354897 -0.962788 0.698924 27 
-0.733406 -0.321757 -0.8209 0.652061 28 
-0.616161 -0.293328 -0.698935 0.611778 29 
-0.514474 -0.268671 -0.592971 0.57678 30 
-0.425442 -0.247083 -0.500055 0.546091 31 
-0.346841 -0.228024 -0.417915 0.518962 32 
-0.276939 -0.211074 -0.344779 0.494806 33 
-0.214368 -0.195902 -0.279245 0.473161 34 
-0.158032 -0.182242 -0.220185 0.453655 35 
-0.107043 -0.169878 -0.166685 0.435985 36 
-0.0606742 -0.158635 -0.117996 0.419903 37 
-0.0183253 -0.148366 -0.0734955 0.405206 38 
0.0205049 -0.138951 -0.0326665 0.391721 39 
-25.236 -9.02434 -20.4753 13.2584 54 
-9.29079 -3.14754 -9.0861 5.40108 55 
-6.02626 -1.94435 -6.12436 3.3578 56 
-4.61928 -1.42579 -4.76232 2.41813 57 
-3.83556 -1.13694 -3.97951 1.87808 58 
-3.33606 -0.952843 -3.47124 1.52742 59 
2.93588 -0.184703 2.67115 1.71597 60 
2.44471 -0.176994 2.22266 1.49631 61 
2.06057 -0.170966 1.86994 1.32356 62 
1.75192 -0.166122 1.58527 1.18414 63 
1.49849 -0.162145 1.3507 1.06925 64 
1.28668 -0.158821 1.15406 0.972947 65 
1.10702 -0.156002 0.986852 0.891052 66 
0.952704 -0.15358 0.842919 0.820557 67 
0.818721 -0.151477 0.71772 0.759238 68 
0.701301 -0.149635 0.60782 0.705413 69 
0.597553 -0.148007 0.510578 0.657786 70 
0.505219 -0.146558 0.423925 0.615346 71 
0.422515 -0.14526 0.346221 0.577289 72 
0.348008 -0.14409 0.276148 0.542969 73 
0.280537 -0.143032 0.212634 0.511862 74 
0.219151 -0.142068 0.1548 0.483536 75 
0.163061 -0.141188 0.101916 0.457635 76 
0.111612 -0.140381 0.053373 0.43386 77 
0.0642491 -0.139637 0.00865727 0.41196 78 
0.0205049 -0.138951 -0.0326665 0.391721 79 
