1.9679 0.189848 2.35124 2.07236 0 
1.69198 0.177681 1.97237 1.87018 1 
1.45718 0.167327 1.66202 1.70457 2 
1.25493 0.158408 1.40314 1.56642 3 
1.07891 0.150647 1.18391 1.44944 4 
0.924331 0.14383 0.995873 1.34909 5 
0.787494 0.137796 0.832806 1.26207 6 
0.665512 0.132417 0.690048 1.18589 7 
0.556092 0.127592 0.564027 1.11864 8 
0.457387 0.123239 0.451962 1.05884 9 
0.367897 0.119293 0.351658 1.00531 10 
0.286389 0.115698 0.261355 0.957126 11 
0.211841 0.112411 0.179627 0.913513 12 
0.143397 0.109393 0.10531 0.873855 13 
0.0803386 0.106612 0.037439 0.837636 14 
0.0220529 0.104042 -0.0247901 0.804429 15 
-0.0319819 0.101659 -0.0820526 0.773871 16 
-0.0822144 0.0994441 -0.13492 0.745659 17 
-0.129032 0.0973796 -0.18388 0.719533 18 
-0.172773 0.0954508 -0.22935 0.695268 19 
-7.82243 -0.754824 -35.1364 19.8253 39 
1.9679 0.189848 2.35124 2.07236 40 
2.15206 0.18963 2.6649 2.42755 41 
2.39823 0.189338 3.12461 2.94811 42 
2.7441 0.188927 3.86328 3.78457 43 
3.26561 0.188308 5.24547 5.34973 44 
4.14206 0.187268 8.7611 9.33075 45 
5.92275 0.185155 36.052 40.2344 46 
-0.172773 0.0954508 -0.22935 0.695268 60 
-0.215611 0.0906892 -0.279051 0.722505 61 
-0.262925 0.0854301 -0.334432 0.752856 62 
-0.315455 0.0795913 -0.396525 0.786884 63 
-0.374113 0.0730714 -0.46663 0.825304 64 
-0.440038 0.0657436 -0.546405 0.869022 65 
-0.514671 0.0574481 -0.637997 0.919217 66 
-0.599857 0.0479795 -0.744244 0.977443 67 
-0.698005 0.0370701 -0.868967 1.04579 68 
-0.812319 0.0243639 -1.01745 1.12717 69 
-0.94715 0.00937723 -1.19718 1.22567 70 
-1.10857 -0.00856448 -1.41921 1.34734 71 
-1.30529 -0.0304308 -1.70044 1.50146 72 
-1.55033 -0.0576675 -2.06819 1.703 73 
-1.86398 -0.09253 -2.56966 1.97782 74 
-2.27974 -0.138742 -3.29398 2.37477 75 
-2.85716 -0.202925 -4.43215 2.99851 76 
-3.71332 -0.298089 -6.48067 4.12115 77 
-5.11424 -0.453803 -11.2597 6.74018 78 
-7.82243 -0.754824 -35.1364 19.8253 79 
