0.0806615 -0.267528 0.106747 0.258078 0 
0.0383352 -0.26902 0.0687918 0.275648 1 
-0.00744633 -0.270633 0.0279988 0.294533 2 
-0.0571242 -0.272383 -0.0159627 0.314884 3 
-0.111218 -0.27429 -0.0634768 0.33688 4 
-0.170343 -0.276373 -0.114992 0.360728 5 
-0.235238 -0.27866 -0.171037 0.386673 6 
-0.306787 -0.281181 -0.232235 0.415004 7 
-0.386073 -0.283974 -0.299331 0.446065 8 
-0.474419 -0.287087 -0.373223 0.480272 9 
-0.573474 -0.290578 -0.454997 0.518128 10 
-0.68531 -0.294518 -0.545985 0.560249 11 
-0.812573 -0.299003 -0.647838 0.607401 12 
-0.958689 -0.304151 -0.762625 0.660539 13 
-1.12818 -0.310124 -0.892977 0.720884 14 
-1.32716 -0.317135 -1.04229 0.790006 15 
-1.56403 -0.325481 -1.21503 0.869972 16 
-1.85077 -0.335585 -1.41717 0.963549 17 
-2.20498 -0.348066 -1.65692 1.07454 18 
-2.65365 -0.363875 -1.94585 1.2083 19 
4.79981 -1.09679 3.33558 1.42284 20 
5.8433 -1.34543 3.71477 1.71083 21 
7.72555 -1.79392 4.25403 2.12039 22 
12.1375 -2.84518 5.08186 2.74912 23 
34.6256 -8.20358 6.51449 3.83718 24 
0.0806615 -0.267528 0.106747 0.258078 40 
0.124651 -0.275258 0.148245 0.273048 41 
0.172855 -0.283729 0.193381 0.28933 42 
0.22591 -0.293052 0.242655 0.307105 43 
0.284587 -0.303363 0.296663 0.326588 44 
0.349829 -0.314827 0.356123 0.348037 45 
0.422805 -0.327651 0.421902 0.371766 46 
0.504975 -0.34209 0.495066 0.39816 47 
0.598193 -0.35847 0.576932 0.427692 48 
0.70485 -0.377212 0.66915 0.460958 49 
0.828075 -0.398865 0.773817 0.498716 50 
0.972056 -0.424166 0.893636 0.541939 51 
1.14252 -0.45412 1.03215 0.591908 52 
1.34751 -0.490141 1.19412 0.650335 53 
1.5987 -0.534281 1.38603 0.719565 54 
1.91369 -0.589632 1.61705 0.802902 55 
2.32033 -0.661087 1.90048 0.905146 56 
2.86542 -0.756871 2.25643 1.03355 57 
3.63418 -0.891959 2.71684 1.19964 58 
4.79981 -1.09679 3.33558 1.42284 59 
-2.65365 -0.363875 -1.94585 1.2083 60 
-2.9774 -0.412367 -2.08938 1.38452 61 
-3.44587 -0.482538 -2.27765 1.61568 62 
-4.18408 -0.593109 -2.53545 1.93221 63 
-5.51912 -0.793078 -2.91003 2.39211 64 
-8.66599 -1.26443 -3.50395 3.12134 65 
-25.0989 -3.72582 -4.58968 4.4544 66 
