-1.35907 -0.395381 -1.43615 0.609602 0 
-1.45703 -0.431448 -1.54049 0.680963 1 
-1.57877 -0.47627 -1.66963 0.769287 2 
-1.73415 -0.533475 -1.8336 0.881438 3 
-1.93933 -0.609017 -2.04872 1.02856 4 
-2.22284 -0.713396 -2.34331 1.23004 5 
-2.6401 -0.867019 -2.77139 1.52283 6 
-3.315 -1.11549 -3.45029 1.98715 7 
-4.59267 -1.58589 -4.69178 2.83625 8 
-7.93238 -2.81547 -7.68989 4.88678 9 
-39.1911 -14.324 -25.1893 16.8553 10 
0.264386 -0.121567 0.207588 0.423509 20 
0.304432 -0.124879 0.244113 0.450323 21 
0.349207 -0.128582 0.284907 0.48027 22 
0.3996 -0.132751 0.330764 0.513935 23 
0.45674 -0.137477 0.382691 0.552055 24 
0.52208 -0.142881 0.441976 0.595578 25 
0.597519 -0.149121 0.510304 0.645739 26 
0.685598 -0.156406 0.589915 0.704182 27 
0.789781 -0.165024 0.683854 0.773144 28 
0.91493 -0.175375 0.796372 0.855746 29 
1.06808 -0.188043 0.933586 0.956477 30 
1.25982 -0.203902 1.10463 1.08204 31 
1.50684 -0.224333 1.32377 1.24292 32 
1.83704 -0.251646 1.61461 1.45643 33 
2.30099 -0.29002 2.01924 1.75347 34 
3.00056 -0.347884 2.62065 2.19498 35 
4.17633 -0.445135 3.60852 2.92019 36 
6.56543 -0.642745 5.53174 4.33206 37 
14.0481 -1.26166 10.9129 8.28248 38 
-1.35907 -0.395381 -1.43615 0.609602 40 
-1.2078 -0.369867 -1.28405 0.592383 41 
-1.06894 -0.346448 -1.14425 0.576556 42 
-0.941038 -0.324875 -1.01531 0.561958 43 
-0.822835 -0.304939 -0.896016 0.548452 44 
-0.713271 -0.28646 -0.785318 0.535919 45 
-0.611433 -0.269283 -0.682322 0.524259 46 
-0.516531 -0.253277 -0.586251 0.513382 47 
-0.42788 -0.238325 -0.496429 0.503213 48 
-0.344881 -0.224326 -0.412267 0.493685 49 
-0.267012 -0.211193 -0.333244 0.484739 50 
-0.193811 -0.198847 -0.258906 0.476322 51 
-0.124869 -0.187219 -0.188846 0.468391 52 
-0.059827 -0.176249 -0.122707 0.460903 53 
0.00163813 -0.165882 -0.0601669 0.453822 54 
0.0598132 -0.15607 -0.000941027 0.447117 55 
0.114956 -0.14677 0.0552277 0.440758 56 
0.167296 -0.137942 0.10857 0.434719 57 
0.217044 -0.129551 0.159294 0.428976 58 
0.264386 -0.121567 0.207588 0.423509 59 
