0.773568 -0.0831306 0.653615 0.572855 0 
0.694012 -0.0872187 0.583324 0.567829 1 
0.614838 -0.0912872 0.513332 0.562825 2 
0.536044 -0.0953362 0.443638 0.557842 3 
0.457626 -0.0993659 0.374239 0.55288 4 
0.379583 -0.103376 0.305135 0.547939 5 
0.30191 -0.107368 0.236322 0.543019 6 
0.224607 -0.11134 0.1678 0.53812 7 
0.147669 -0.115294 0.0995655 0.533241 8 
0.0710952 -0.119229 0.0316177 0.528383 9 
-0.00511795 -0.123145 -0.0360454 0.523545 10 
-0.0809727 -0.127043 -0.103426 0.518727 11 
-0.156472 -0.130923 -0.170525 0.51393 12 
-0.231617 -0.134784 -0.237344 0.509152 13 
-0.306412 -0.138628 -0.303887 0.504395 14 
-0.380858 -0.142453 -0.370153 0.499657 15 
-0.454959 -0.146261 -0.436145 0.494938 16 
-0.528716 -0.150051 -0.501865 0.490239 17 
-0.602131 -0.153824 -0.567313 0.48556 18 
-0.675208 -0.157579 -0.632493 0.4809 19 
0.773568 -0.0831306 0.653615 0.572855 40 
0.834568 -0.0756105 0.69842 0.627403 41 
0.906644 -0.0667251 0.750292 0.690553 42 
0.993111 -0.0560655 0.811044 0.764514 43 
1.09876 -0.0430414 0.88317 0.852323 44 
1.23076 -0.0267679 0.970194 0.958269 45 
1.4004 -0.00585566 1.07726 1.08862 46 
1.62642 0.0220085 1.21221 1.25291 47 
1.94257 0.0609822 1.38754 1.46636 48 
2.41614 0.119364 1.62458 1.75495 49 
3.20372 0.216456 1.96287 2.16679 50 
4.77252 0.409856 2.4849 2.80232 51 
9.42865 0.983859 3.39614 3.9117 52 
585.909 72.0518 5.39064 6.33988 53 
-0.675208 -0.157579 -0.632493 0.4809 60 
-0.731956 -0.156317 -0.679628 0.526728 61 
-0.798477 -0.154838 -0.733863 0.579458 62 
-0.877534 -0.15308 -0.796931 0.640777 63 
-0.973039 -0.150957 -0.871181 0.712969 64 
-1.09072 -0.14834 -0.959879 0.799207 65 
-1.23932 -0.145036 -1.06769 0.904032 66 
-1.43285 -0.140732 -1.20155 1.03418 67 
-1.69535 -0.134896 -1.37219 1.20009 68 
-2.07164 -0.126529 -1.59718 1.41883 69 
-2.65623 -0.11353 -1.9074 1.72045 70 
-3.68824 -0.0905829 -2.36261 2.16304 71 
-5.99976 -0.0391854 -3.09544 2.87555 72 
-15.8512 0.179864 -4.47132 4.21328 73 
