103.981 8.59164 9.40495 11.4994 11 
10.9338 0.83272 5.27352 6.01197 12 
6.09876 0.429544 3.80852 4.06615 13 
4.37345 0.285677 3.05836 3.06978 14 
3.48779 0.211825 2.60244 2.46423 15 
2.9488 0.16688 2.29604 2.05725 16 
2.58624 0.136647 2.07596 1.76494 17 
2.32568 0.11492 1.91022 1.54481 18 
2.12937 0.0985506 1.78092 1.37307 19 
-5.33943 -0.599983 -4.25867 2.54861 20 
-3.78754 -0.451222 -3.24035 2.02512 21 
-2.86734 -0.363015 -2.56708 1.67901 22 
-2.25837 -0.304641 -2.08888 1.43319 23 
-1.82558 -0.263155 -1.73171 1.24957 24 
-1.50216 -0.232153 -1.45477 1.10721 25 
-1.25132 -0.208108 -1.23377 0.993601 26 
-1.05108 -0.188914 -1.05331 0.900831 27 
-0.887536 -0.173237 -0.903172 0.82365 28 
-0.751449 -0.160192 -0.776306 0.758432 29 
-0.636438 -0.149168 -0.667692 0.702596 30 
-0.537961 -0.139728 -0.573653 0.654254 31 
-0.452689 -0.131554 -0.491442 0.611992 32 
-0.378135 -0.124407 -0.418958 0.57473 33 
-0.312397 -0.118106 -0.354572 0.541631 34 
-0.253998 -0.112508 -0.296998 0.512034 35 
-0.201775 -0.107502 -0.24521 0.485411 36 
-0.154797 -0.102999 -0.198377 0.461336 37 
-0.112311 -0.0989262 -0.155821 0.439459 38 
-0.0737029 -0.0952253 -0.11698 0.419492 39 
-1581.01 -155.696 -12.6882 10.5904 55 
-17.1348 -1.76102 -7.91515 6.03687 56 
-9.29095 -0.988937 -5.97334 4.1844 57 
-6.65881 -0.729851 -4.91989 3.17941 58 
-5.33943 -0.599983 -4.25867 2.54861 59 
2.12937 0.0985506 1.78092 1.37307 60 
1.84182 0.073258 1.54808 1.25609 61 
1.59795 0.0518086 1.34731 1.15521 62 
1.38853 0.0333883 1.1724 1.06733 63 
1.20673 0.0173976 1.01866 0.990081 64 
1.04742 0.00338578 0.882462 0.921652 65 
0.906686 -0.00899323 0.760973 0.860611 66 
0.781444 -0.0200091 0.651929 0.805823 67 
0.669274 -0.0298752 0.553512 0.756374 68 
0.568231 -0.0387627 0.464239 0.71152 69 
0.476738 -0.0468102 0.382893 0.670649 70 
0.3935 -0.0541315 0.308463 0.633252 71 
0.317451 -0.0608206 0.240103 0.598905 72 
0.247696 -0.066956 0.177099 0.56725 73 
0.183485 -0.0726038 0.118847 0.537981 74 
0.124183 -0.0778198 0.0648268 0.51084 75 
0.0692476 -0.0826518 0.0145946 0.485601 76 
0.0182135 -0.0871406 -0.0322348 0.462072 77 
-0.0293207 -0.0913216 -0.0759958 0.440085 78 
-0.0737029 -0.0952253 -0.11698 0.419492 79 
