-4 -4 2 1 -2.91909 0.193357 
-4 -3.57895 2 1 -3.2508 0.265209 
-4 -3.15789 2 1 -3.72016 0.366875 
-4 -2.73684 2 1 -4.43526 0.521771 
-4 -2.31579 2 1 -5.65752 0.786522 
-4 -1.89474 2 1 -8.22295 1.34221 
-4 -1.47368 2 1 -17.0458 3.25331 
4 -4 2 1 -0.0180816 -0.0564136 
4 -3.57895 2 1 0.021648 -0.049519 
4 -3.15789 2 1 0.0647694 -0.0420359 
4 -2.73684 2 1 0.111737 -0.0338854 
4 -2.31579 2 1 0.163088 -0.0249741 
4 -1.89474 2 1 0.219467 -0.0151902 
4 -1.47368 2 1 0.281651 -0.00439906 
4 -1.05263 2 1 0.350584 0.00756338 
4 -0.631579 2 1 0.427429 0.0208988 
4 -0.210526 2 1 0.51363 0.0358578 
4 0.210526 2 1 0.611007 0.0527563 
4 0.631579 2 1 0.721885 0.0719976 
4 1.05263 2 1 0.849279 0.0941052 
4 1.47368 2 1 0.997177 0.119771 
4 1.89474 2 1 1.17096 0.149929 
4 2.31579 2 1 1.37809 0.185873 
4 2.73684 2 1 1.62916 0.229443 
4 3.15789 2 1 1.93982 0.283354 
4 3.57895 2 1 2.33415 0.351785 
4 4 2 1 2.85121 0.441514 
-4 -4 2 1 -2.91909 0.193357 
-3.57895 -4 2 1 -2.42133 0.1505 
-3.15789 -4 2 1 -2.03462 0.117206 
-2.73684 -4 2 1 -1.72553 0.0905936 
-2.31579 -4 2 1 -1.47282 0.0688359 
-1.89474 -4 2 1 -1.26235 0.0507153 
-1.47368 -4 2 1 -1.08435 0.0353901 
-1.05263 -4 2 1 -0.93185 0.0222599 
-0.631579 -4 2 1 -0.799728 0.0108845 
-0.210526 -4 2 1 -0.684158 0.000934161 
0.210526 -4 2 1 -0.582214 -0.00784305 
0.631579 -4 2 1 -0.491619 -0.0156431 
1.05263 -4 2 1 -0.410578 -0.0226205 
1.47368 -4 2 1 -0.337656 -0.028899 
1.89474 -4 2 1 -0.27169 -0.0345784 
2.31579 -4 2 1 -0.211731 -0.0397408 
2.73684 -4 2 1 -0.156994 -0.0444535 
3.15789 -4 2 1 -0.106826 -0.0487729 
3.57895 -4 2 1 -0.0606763 -0.0527463 
4 -4 2 1 -0.0180816 -0.0564136 
1.47368 4 2 1 22.1278 6.73359 
1.89474 4 2 1 8.63166 2.32831 
2.31579 4 2 1 5.67068 1.36181 
2.73684 4 2 1 4.37218 0.937971 
3.15789 4 2 1 3.64293 0.699938 
3.57895 4 2 1 3.1759 0.547495 
4 4 2 1 2.85121 0.441514 
-4 -4 6 1 -2.19209 1.56868 
-4 -3.57895 6 1 -2.33691 1.78448 
-4 -3.15789 6 1 -2.52135 2.05932 
-4 -2.73684 6 1 -2.76424 2.42127 
-4 -2.31579 6 1 -3.0986 2.91951 
-4 -1.89474 6 1 -3.58809 3.64892 
-4 -1.47368 6 1 -4.37327 4.81894 
-4 -1.05263 6 1 -5.83801 7.00162 
-4 -0.631579 6 1 -9.5376 12.5146 
-4 -0.210526 6 1 -37.043 53.5016 
4 -4 6 1 -0.0344538 0.424568 
4 -3.57895 6 1 0.000990974 0.448694 
4 -3.15789 6 1 0.039171 0.474681 
4 -2.73684 6 1 0.0804157 0.502755 
4 -2.31579 6 1 0.125109 0.533175 
4 -1.89474 6 1 0.173703 0.566251 
4 -1.47368 6 1 0.226732 0.602345 
4 -1.05263 6 1 0.284831 0.641891 
4 -0.631579 6 1 0.348764 0.685407 
4 -0.210526 6 1 0.419456 0.733524 
4 0.210526 6 1 0.49804 0.787012 
4 0.631579 6 1 0.585914 0.846824 
4 1.05263 6 1 0.68483 0.914151 
4 1.47368 6 1 0.797008 0.990505 
4 1.89474 6 1 0.925306 1.07783 
4 2.31579 6 1 1.07347 1.17868 
4 2.73684 6 1 1.2465 1.29645 
4 3.15789 6 1 1.45123 1.43581 
4 3.57895 6 1 1.69725 1.60326 
4 4 6 1 1.99845 1.80827 
-4 -4 6 1 -2.19209 1.56868 
-3.57895 -4 6 1 -1.88401 1.40531 
-3.15789 -4 6 1 -1.62946 1.27034 
-2.73684 -4 6 1 -1.41562 1.15695 
-2.31579 -4 6 1 -1.23344 1.06034 
-1.89474 -4 6 1 -1.07637 0.977057 
-1.47368 -4 6 1 -0.939563 0.904512 
-1.05263 -4 6 1 -0.819328 0.840756 
-0.631579 -4 6 1 -0.712828 0.784284 
-0.210526 -4 6 1 -0.617836 0.733913 
0.210526 -4 6 1 -0.532584 0.688707 
0.631579 -4 6 1 -0.455645 0.64791 
1.05263 -4 6 1 -0.385861 0.610906 
1.47368 -4 6 1 -0.322278 0.57719 
1.89474 -4 6 1 -0.264104 0.546343 
2.31579 -4 6 1 -0.210678 0.518013 
2.73684 -4 6 1 -0.16144 0.491904 
3.15789 -4 6 1 -0.115918 0.467765 
3.57895 -4 6 1 -0.0737051 0.445382 
4 -4 6 1 -0.0344538 0.424568 
0.210526 4 6 1 83.1619 168.382 
0.631579 4 6 1 8.89497 15.9622 
1.05263 4 6 1 5.16713 8.31142 
1.47368 4 6 1 3.83993 5.58759 
1.89474 4 6 1 3.15925 4.19062 
2.31579 4 6 1 2.74521 3.34086 
2.73684 4 6 1 2.46679 2.76946 
3.15789 4 6 1 2.26674 2.35888 
3.57895 4 6 1 2.11604 2.04961 
4 4 6 1 1.99845 1.80827 
