0.463608 -0.182077 0.387671 0.394009 0 
0.40793 -0.186512 0.335737 0.399624 1 
0.350163 -0.191113 0.282034 0.40543 2 
0.290187 -0.195891 0.226469 0.411438 3 
0.227874 -0.200854 0.168944 0.417658 4 
0.163085 -0.206015 0.109354 0.424101 5 
0.0956672 -0.211385 0.0475839 0.43078 6 
0.0254591 -0.216978 -0.0164867 0.437707 7 
-0.0477167 -0.222807 -0.0829891 0.444897 8 
-0.124052 -0.228887 -0.152064 0.452366 9 
-0.203757 -0.235236 -0.223865 0.460129 10 
-0.287059 -0.241872 -0.298555 0.468205 11 
-0.374208 -0.248814 -0.376313 0.476612 12 
-0.465475 -0.256084 -0.457332 0.485372 13 
-0.56116 -0.263706 -0.541821 0.494507 14 
-0.661593 -0.271706 -0.630008 0.504042 15 
-0.767134 -0.280113 -0.722141 0.514004 16 
-0.878185 -0.288959 -0.818492 0.524422 17 
-0.995187 -0.298279 -0.919356 0.535327 18 
-1.11863 -0.308112 -1.02506 0.546756 19 
0.463608 -0.182077 0.387671 0.394009 40 
0.513198 -0.182485 0.428037 0.428274 41 
0.569838 -0.182951 0.473567 0.466922 42 
0.635144 -0.183488 0.525321 0.510853 43 
0.711271 -0.184115 0.584666 0.561228 44 
0.801151 -0.184854 0.653407 0.619579 45 
0.908881 -0.185741 0.733965 0.687961 46 
1.04037 -0.186823 0.829676 0.769206 47 
1.20443 -0.188173 0.945259 0.867318 48 
1.41491 -0.189905 1.08762 0.988159 49 
1.69473 -0.192208 1.26727 1.14066 50 
2.08492 -0.195419 1.5011 1.33915 51 
2.66683 -0.200208 1.81795 1.6081 52 
3.62776 -0.208115 2.27156 1.99315 53 
5.51689 -0.223662 2.97489 2.59017 54 
10.9354 -0.268252 4.21241 3.64064 55 
169.999 -1.57724 6.96538 5.97751 56 
-1.11863 -0.308112 -1.02506 0.546756 60 
-1.20605 -0.321953 -1.09176 0.611785 61 
-1.31392 -0.339031 -1.17166 0.689675 62 
-1.45035 -0.360633 -1.26909 0.784658 63 
-1.62845 -0.38883 -1.39054 0.903056 64 
-1.87071 -0.427187 -1.54614 1.05474 65 
-2.21946 -0.482403 -1.75264 1.25606 66 
-2.76465 -0.568722 -2.03992 1.53611 67 
-3.73735 -0.722728 -2.46688 1.95235 68 
-5.96473 -1.07539 -3.16813 2.63598 69 
-16.284 -2.70922 -4.53308 3.96663 70 
