-4 -4 2 1 -1.1125 -0.0286195 
-4 -3.57895 2 1 -1.18814 -0.0344185 
-4 -3.15789 2 1 -1.2797 -0.0414387 
-4 -2.73684 2 1 -1.39282 -0.050111 
-4 -2.31579 2 1 -1.5361 -0.0610967 
-4 -1.89474 2 1 -1.72349 -0.0754637 
-4 -1.47368 2 1 -1.97904 -0.0950571 
-4 -1.05263 2 1 -2.34823 -0.123363 
-4 -0.631579 2 1 -2.92852 -0.167853 
-4 -0.210526 2 1 -3.97342 -0.247966 
-4 0.210526 2 1 -6.41353 -0.43505 
-4 0.631579 2 1 -18.6561 -1.37369 
4 -4 2 1 0.350924 0.105822 
4 -3.57895 2 1 0.391612 0.110293 
4 -3.15789 2 1 0.437567 0.115343 
4 -2.73684 2 1 0.489882 0.121092 
4 -2.31579 2 1 0.549974 0.127696 
4 -1.89474 2 1 0.619718 0.13536 
4 -1.47368 2 1 0.701643 0.144363 
4 -1.05263 2 1 0.799243 0.155089 
4 -0.631579 2 1 0.917496 0.168084 
4 -0.210526 2 1 1.06373 0.184154 
4 0.210526 2 1 1.24921 0.204537 
4 0.631579 2 1 1.49219 0.231239 
4 1.05263 2 1 1.82429 0.267735 
4 1.47368 2 1 2.30559 0.320627 
4 1.89474 2 1 3.06574 0.404162 
4 2.31579 2 1 4.44589 0.555831 
4 2.73684 2 1 7.72699 0.916401 
4 3.15789 2 1 25.524 2.87217 
-4 -4 2 1 -1.1125 -0.0286195 
-3.57895 -4 2 1 -0.998697 -0.0181643 
-3.15789 -4 2 1 -0.890773 -0.00824964 
-2.73684 -4 2 1 -0.788287 0.00116543 
-2.31579 -4 2 1 -0.690839 0.0101177 
-1.89474 -4 2 1 -0.598066 0.0186406 
-1.47368 -4 2 1 -0.509639 0.0267641 
-1.05263 -4 2 1 -0.42526 0.0345158 
-0.631579 -4 2 1 -0.344657 0.0419205 
-0.210526 -4 2 1 -0.267582 0.0490012 
0.210526 -4 2 1 -0.193809 0.0557785 
0.631579 -4 2 1 -0.12313 0.0622716 
1.05263 -4 2 1 -0.0553542 0.068498 
1.47368 -4 2 1 0.00969374 0.0744737 
1.89474 -4 2 1 0.0721752 0.0802137 
2.31579 -4 2 1 0.132239 0.0857316 
2.73684 -4 2 1 0.190023 0.0910401 
3.15789 -4 2 1 0.245655 0.0961508 
3.57895 -4 2 1 0.299252 0.101075 
4 -4 2 1 0.350924 0.105822 
-4 -4 6 1 -1.26282 0.880879 
-4 -3.57895 6 1 -1.35843 0.966795 
-4 -3.15789 6 1 -1.47558 1.07207 
-4 -2.73684 6 1 -1.62246 1.20407 
-4 -2.31579 6 1 -1.81207 1.37446 
-4 -1.89474 6 1 -2.0662 1.60283 
-4 -1.47368 6 1 -2.42454 1.92484 
-4 -1.05263 6 1 -2.96771 2.41296 
-4 -0.631579 6 1 -3.88845 3.24038 
-4 -0.210526 6 1 -5.7901 4.94928 
-4 0.210526 6 1 -12.027 10.554 
4 -4 6 1 0.307737 0.698538 
4 -3.57895 6 1 0.347292 0.740624 
4 -3.15789 6 1 0.392181 0.788384 
4 -2.73684 6 1 0.443562 0.843051 
4 -2.31579 6 1 0.502951 0.906239 
4 -1.89474 6 1 0.572378 0.980108 
4 -1.47368 6 1 0.654626 1.06762 
4 -1.05263 6 1 0.753605 1.17293 
4 -0.631579 6 1 0.874999 1.30209 
4 -0.210526 6 1 1.02739 1.46423 
4 0.210526 6 1 1.2244 1.67384 
4 0.631579 6 1 1.48898 1.95535 
4 1.05263 6 1 1.86308 2.35338 
4 1.47368 6 1 2.43246 2.95917 
4 1.89474 6 1 3.40401 3.99287 
4 2.31579 6 1 5.43649 6.15536 
4 2.73684 6 1 12.3576 13.5192 
-4 -4 6 1 -1.26282 0.880879 
-3.57895 -4 6 1 -1.13849 0.866444 
-3.15789 -4 6 1 -1.02094 0.852796 
-2.73684 -4 6 1 -0.909622 0.839872 
-2.31579 -4 6 1 -0.804054 0.827616 
-1.89474 -4 6 1 -0.703803 0.815977 
-1.47368 -4 6 1 -0.608477 0.80491 
-1.05263 -4 6 1 -0.517723 0.794373 
-0.631579 -4 6 1 -0.431218 0.78433 
-0.210526 -4 6 1 -0.348671 0.774746 
0.210526 -4 6 1 -0.269817 0.765591 
0.631579 -4 6 1 -0.194413 0.756837 
1.05263 -4 6 1 -0.122238 0.748458 
1.47368 -4 6 1 -0.0530878 0.740429 
1.89474 -4 6 1 0.0132226 0.732731 
2.31579 -4 6 1 0.0768652 0.725342 
2.73684 -4 6 1 0.137998 0.718244 
3.15789 -4 6 1 0.196766 0.711422 
3.57895 -4 6 1 0.253304 0.704857 
4 -4 6 1 0.307737 0.698538 
