0.239212 -0.0835589 0.220158 0.41722 0 
0.194 -0.0795554 0.17905 0.434141 1 
0.146025 -0.0753074 0.135694 0.451988 2 
0.0950286 -0.0707917 0.0899018 0.470837 3 
0.0407145 -0.0659824 0.0414606 0.490777 4 
-0.0172514 -0.0608496 -0.00986575 0.511904 5 
-0.0792504 -0.0553597 -0.064343 0.534329 6 
-0.145719 -0.0494741 -0.122271 0.558174 7 
-0.217157 -0.0431484 -0.183987 0.583578 8 
-0.294145 -0.0363313 -0.249876 0.6107 9 
-0.377356 -0.0289632 -0.320377 0.63972 10 
-0.467575 -0.0209745 -0.39599 0.670845 11 
-0.565727 -0.0122834 -0.477292 0.704311 12 
-0.672906 -0.00279287 -0.564952 0.740395 13 
-0.790419 0.00761256 -0.659745 0.779414 14 
-0.919834 0.019072 -0.762578 0.821743 15 
-1.06306 0.031754 -0.87452 0.867822 16 
-1.22242 0.0458653 -0.996837 0.918172 17 
-1.40082 0.0616621 -1.13104 0.973414 18 
-1.60188 0.0794653 -1.27896 1.0343 19 
15.1142 1.93325 4.92766 3.97711 20 
31.0728 4.50578 5.60492 4.8756 21 
0.239212 -0.0835589 0.220158 0.41722 40 
0.282764 -0.077654 0.258282 0.446051 41 
0.331138 -0.0710953 0.300168 0.477725 42 
0.385183 -0.0637676 0.3464 0.512687 43 
0.445958 -0.0555275 0.397693 0.551475 44 
0.514804 -0.046193 0.454924 0.594754 45 
0.593444 -0.0355308 0.519189 0.643352 46 
0.684126 -0.0232358 0.591869 0.698314 47 
0.789845 -0.00890194 0.674733 0.760978 48 
0.914682 0.00802392 0.770082 0.833083 49 
1.06434 0.0283147 0.880969 0.916938 50 
1.24703 0.0530844 1.01153 1.01567 51 
1.47505 0.0840003 1.1675 1.13362 52 
1.76766 0.123674 1.35712 1.27701 53 
2.15684 0.17644 1.59257 1.45506 54 
2.69984 0.250062 1.89277 1.68208 55 
3.5103 0.359948 2.28867 1.98146 56 
4.85043 0.541647 2.83471 2.39439 57 
7.49146 0.899729 3.63631 3.00057 58 
15.1142 1.93325 4.92766 3.97711 59 
-1.60188 0.0794653 -1.27896 1.0343 60 
-1.72683 0.113526 -1.34573 1.15371 61 
-1.88704 0.157194 -1.42687 1.2988 62 
-2.09985 0.215201 -1.52754 1.47882 63 
-2.39627 0.295998 -1.65578 1.70814 64 
-2.83761 0.416298 -1.82471 2.01022 65 
-3.56455 0.614445 -2.05734 2.42621 66 
-4.98692 1.00215 -2.39808 3.03551 67 
-9.01759 2.10082 -2.94507 4.01366 68 
-101.981 27.4406 -3.96694 5.84096 69 
