-1.70299 -0.497458 -1.65071 0.658245 0 
-1.84294 -0.542767 -1.77068 0.747416 1 
-2.02286 -0.601021 -1.92105 0.859175 2 
-2.26277 -0.678694 -2.11503 1.00335 3 
-2.59863 -0.787435 -2.37481 1.19643 4 
-3.10242 -0.950547 -2.74072 1.46839 5 
-3.94208 -1.2224 -3.29448 1.87997 6 
-5.62138 -1.76611 -4.23074 2.57584 7 
-10.6593 -3.39722 -6.1548 4.00589 8 
-1.5672e+06 -507409 -12.3755 8.62937 9 
0.18477 -0.180095 0.129249 0.347639 20 
0.224706 -0.18244 0.16465 0.371612 21 
0.269021 -0.185043 0.203752 0.398091 22 
0.318479 -0.187947 0.247167 0.427491 23 
0.374028 -0.191208 0.29565 0.460322 24 
0.436869 -0.194898 0.350144 0.497224 25 
0.508538 -0.199107 0.41184 0.539003 26 
0.591037 -0.203951 0.482268 0.586695 27 
0.687019 -0.209587 0.563421 0.641651 28 
0.800085 -0.216226 0.657953 0.705665 29 
0.935241 -0.224162 0.769468 0.781181 30 
1.09966 -0.233817 0.902996 0.871603 31 
1.30401 -0.245816 1.06577 0.981828 32 
1.56484 -0.261132 1.26857 1.11916 33 
1.9093 -0.281358 1.52824 1.29501 34 
2.38533 -0.309311 1.87261 1.5282 35 
3.08609 -0.350458 2.35117 1.85227 36 
4.21988 -0.417033 3.06136 2.3332 37 
6.36755 -0.543143 4.22504 3.12122 38 
11.9889 -0.873223 6.48027 4.64841 39 
-1.70299 -0.497458 -1.65071 0.658245 40 
-1.49337 -0.462216 -1.46193 0.625303 41 
-1.30809 -0.431068 -1.29331 0.595879 42 
-1.14315 -0.40334 -1.14178 0.569436 43 
-0.995377 -0.378497 -1.00486 0.545545 44 
-0.862222 -0.356111 -0.880551 0.523852 45 
-0.741617 -0.335836 -0.767175 0.504067 46 
-0.631869 -0.317385 -0.663353 0.48595 47 
-0.531574 -0.300524 -0.567926 0.469298 48 
-0.439562 -0.285055 -0.479917 0.45394 49 
-0.354848 -0.270814 -0.398492 0.439731 50 
-0.276595 -0.257658 -0.322938 0.426547 51 
-0.204093 -0.245469 -0.252644 0.41428 52 
-0.136729 -0.234144 -0.187079 0.402839 53 
-0.0739762 -0.223595 -0.12578 0.392142 54 
-0.0153768 -0.213743 -0.0683448 0.38212 55 
0.0394685 -0.204523 -0.0144188 0.37271 56 
0.0909091 -0.195875 0.0363099 0.363857 57 
0.139253 -0.187748 0.0841175 0.355515 58 
0.18477 -0.180095 0.129249 0.347639 59 
238.496 -21.7218 12.44 10.3475 77 
21.4236 -1.74163 8.31634 6.40419 78 
11.9889 -0.873223 6.48027 4.64841 79 
