-0.101829 0.0400997 -0.0480681 0.571692 0 
-0.139935 0.045795 -0.083373 0.603302 1 
-0.18197 0.0520776 -0.1223 0.638156 2 
-0.228575 0.0590432 -0.165438 0.676778 3 
-0.280538 0.0668096 -0.213507 0.719817 4 
-0.338839 0.0755233 -0.267406 0.768076 5 
-0.404714 0.0853689 -0.328264 0.822564 6 
-0.479739 0.0965822 -0.39752 0.884572 7 
-0.565966 0.10947 -0.477042 0.955772 8 
-0.666103 0.124436 -0.569295 1.03837 9 
-0.783814 0.142029 -0.677604 1.13534 10 
-0.924169 0.163007 -0.806558 1.2508 11 
-1.0944 0.188449 -0.962682 1.39059 12 
-1.30517 0.219952 -1.15558 1.56329 13 
-1.57294 0.259972 -1.39996 1.7821 14 
-1.92443 0.312506 -1.71963 2.06832 15 
-2.40618 0.384508 -2.15572 2.45877 16 
-3.10707 0.489264 -2.78595 3.02305 17 
-4.22067 0.655702 -3.77713 3.91049 18 
-6.26356 0.961033 -5.56374 5.51013 19 
1.97281 -0.109664 2.08438 1.22363 20 
2.14616 -0.114153 2.27027 1.3951 21 
2.37298 -0.120027 2.51266 1.61869 22 
2.68252 -0.128043 2.84193 1.92243 23 
3.13011 -0.139634 3.31499 2.3588 24 
3.83463 -0.157878 4.05236 3.03897 25 
5.10634 -0.190811 5.36137 4.24646 26 
8.09166 -0.268119 8.32761 6.98264 27 
23.4069 -0.664727 21.5264 19.1577 28 
-0.101829 0.0400997 -0.0480681 0.571692 40 
-0.0571121 0.0368717 -0.0018007 0.585837 41 
-0.00936163 0.0334247 0.0475903 0.600937 42 
0.0417416 0.0297356 0.100432 0.617092 43 
0.0965636 0.0257782 0.1571 0.634417 44 
0.155526 0.0215218 0.218024 0.653043 45 
0.219115 0.0169315 0.283704 0.673123 46 
0.287899 0.0119661 0.354718 0.694833 47 
0.36254 0.00657794 0.431743 0.718382 48 
0.443821 0.000710447 0.515578 0.744012 49 
0.532669 -0.00570326 0.607167 0.772013 50 
0.630191 -0.0127432 0.707636 0.802729 51 
0.737724 -0.0205057 0.818345 0.836575 52 
0.856892 -0.0291082 0.940943 0.874056 53 
0.989691 -0.0386947 1.07745 0.91579 54 
1.1386 -0.0494443 1.23038 0.962545 55 
1.30675 -0.0615823 1.40289 1.01528 56 
1.49811 -0.0753964 1.59899 1.07524 57 
1.71786 -0.0912595 1.82387 1.14399 58 
1.97281 -0.109664 2.08438 1.22363 59 
-6.26356 0.961033 -5.56374 5.51013 60 
-8.16281 1.28659 -7.10052 7.52415 61 
-12.5504 2.03867 -10.4809 11.9544 62 
-33.6034 5.6474 -23.9959 29.6664 63 
