4 -4 2 1 -0.490739 0.179387 
4 -3.57895 2 1 -0.431149 0.175321 
4 -3.15789 2 1 -0.369939 0.171144 
4 -2.73684 2 1 -0.307043 0.166851 
4 -2.31579 2 1 -0.242391 0.162439 
4 -1.89474 2 1 -0.175907 0.157902 
4 -1.47368 2 1 -0.107512 0.153234 
4 -1.05263 2 1 -0.037124 0.148431 
4 -0.631579 2 1 0.0353467 0.143485 
4 -0.210526 2 1 0.109994 0.138391 
4 0.210526 2 1 0.186916 0.133141 
4 0.631579 2 1 0.266221 0.127729 
4 1.05263 2 1 0.348018 0.122147 
4 1.47368 2 1 0.432429 0.116387 
4 1.89474 2 1 0.519581 0.110439 
4 2.31579 2 1 0.609609 0.104295 
4 2.73684 2 1 0.702658 0.0979453 
4 3.15789 2 1 0.798882 0.0913786 
4 3.57895 2 1 0.898447 0.0845838 
4 4 2 1 1.00153 0.077549 
-2.31579 -4 2 1 -42.9443 13.1599 
-1.89474 -4 2 1 -8.2593 2.55468 
-1.47368 -4 2 1 -4.48958 1.40206 
-1.05263 -4 2 1 -3.04407 0.960085 
-0.631579 -4 2 1 -2.27978 0.726398 
-0.210526 -4 2 1 -1.80699 0.581839 
0.210526 -4 2 1 -1.48564 0.483584 
0.631579 -4 2 1 -1.25301 0.412457 
1.05263 -4 2 1 -1.07682 0.358585 
1.47368 -4 2 1 -0.938748 0.316369 
1.89474 -4 2 1 -0.827635 0.282396 
2.31579 -4 2 1 -0.736285 0.254465 
2.73684 -4 2 1 -0.659858 0.231097 
3.15789 -4 2 1 -0.594972 0.211257 
3.57895 -4 2 1 -0.539197 0.194204 
4 -4 2 1 -0.490739 0.179387 
-0.631579 4 2 1 22.37 2.98695 
-0.210526 4 2 1 6.67823 0.850456 
0.210526 4 2 1 3.99316 0.484872 
0.631579 4 2 1 2.88158 0.333526 
1.05263 4 2 1 2.27379 0.250773 
1.47368 4 2 1 1.89057 0.198596 
1.89474 4 2 1 1.62687 0.162692 
2.31579 4 2 1 1.43432 0.136475 
2.73684 4 2 1 1.28754 0.11649 
3.15789 4 2 1 1.17195 0.100752 
3.57895 4 2 1 1.07855 0.0880363 
4 4 2 1 1.00153 0.077549 
4 -4 6 1 -0.424245 0.806014 
4 -3.57895 6 1 -0.364213 0.810315 
4 -3.15789 6 1 -0.302561 0.814731 
4 -2.73684 6 1 -0.239224 0.819269 
4 -2.31579 6 1 -0.174132 0.823932 
4 -1.89474 6 1 -0.10721 0.828726 
4 -1.47368 6 1 -0.0383809 0.833657 
4 -1.05263 6 1 0.0324389 0.83873 
4 -0.631579 6 1 0.105337 0.843953 
4 -0.210526 6 1 0.180405 0.84933 
4 0.210526 6 1 0.257743 0.854871 
4 0.631579 6 1 0.337455 0.860581 
4 1.05263 6 1 0.419652 0.86647 
4 1.47368 6 1 0.504451 0.872545 
4 1.89474 6 1 0.591978 0.878815 
4 2.31579 6 1 0.682368 0.88529 
4 2.73684 6 1 0.775763 0.891981 
4 3.15789 6 1 0.872315 0.898898 
4 3.57895 6 1 0.972187 0.906053 
4 4 6 1 1.07555 0.913458 
-2.31579 -4 6 1 -26.6734 36.0586 
-1.89474 -4 6 1 -6.86189 9.45177 
-1.47368 -4 6 1 -3.86525 5.42728 
-1.05263 -4 6 1 -2.65422 3.80087 
-0.631579 -4 6 1 -1.99916 2.92113 
-0.210526 -4 6 1 -1.58869 2.36987 
0.210526 -4 6 1 -1.30738 1.99206 
0.631579 -4 6 1 -1.10254 1.71696 
1.05263 -4 6 1 -0.946729 1.50771 
1.47368 -4 6 1 -0.824224 1.34319 
1.89474 -4 6 1 -0.725376 1.21043 
2.31579 -4 6 1 -0.643937 1.10106 
2.73684 -4 6 1 -0.575679 1.00939 
3.15789 -4 6 1 -0.517643 0.931447 
3.57895 -4 6 1 -0.467691 0.864362 
4 -4 6 1 -0.424245 0.806014 
-0.631579 4 6 1 19.4163 20.6996 
-0.210526 4 6 1 6.81866 7.10916 
0.210526 4 6 1 4.19765 4.2816 
0.631579 4 6 1 3.06356 3.05813 
1.05263 4 6 1 2.43067 2.37537 
1.47368 4 6 1 2.02687 1.93974 
1.89474 4 6 1 1.74683 1.63763 
2.31579 4 6 1 1.54121 1.41581 
2.73684 4 6 1 1.38383 1.24603 
3.15789 4 6 1 1.2595 1.1119 
3.57895 4 6 1 1.15879 1.00325 
4 4 6 1 1.07555 0.913458 
