-4 -4 2 1 0.714995 0.040186 
-4 -3.57895 2 1 0.640569 0.0327031 
-4 -3.15789 2 1 0.566026 0.0252084 
-4 -2.73684 2 1 0.491365 0.0177018 
-4 -2.31579 2 1 0.416585 0.0101834 
-4 -1.89474 2 1 0.341688 0.00265301 
-4 -1.47368 2 1 0.266671 -0.00488927 
-4 -1.05263 2 1 0.191536 -0.0124435 
-4 -0.631579 2 1 0.116281 -0.0200097 
-4 -0.210526 2 1 0.0409071 -0.027588 
-4 0.210526 2 1 -0.0345869 -0.0351783 
-4 0.631579 2 1 -0.110201 -0.0427806 
-4 1.05263 2 1 -0.185936 -0.0503951 
-4 1.47368 2 1 -0.261791 -0.0580217 
-4 1.89474 2 1 -0.337767 -0.0656605 
-4 2.31579 2 1 -0.413864 -0.0733115 
-4 2.73684 2 1 -0.490083 -0.0809747 
-4 3.15789 2 1 -0.566424 -0.0886501 
-4 3.57895 2 1 -0.642887 -0.0963378 
-4 4 2 1 -0.719473 -0.104038 
-4 -4 2 1 0.714995 0.040186 
-3.57895 -4 2 1 0.774016 0.0440838 
-3.15789 -4 2 1 0.843503 0.0486728 
-2.73684 -4 2 1 0.92651 0.0541546 
-2.31579 -4 2 1 1.02741 0.0608179 
-1.89474 -4 2 1 1.15268 0.0690909 
-1.47368 -4 2 1 1.31236 0.0796368 
-1.05263 -4 2 1 1.52291 0.0935416 
-0.631579 -4 2 1 1.81322 0.112714 
-0.210526 -4 2 1 2.23921 0.140846 
0.210526 -4 2 1 2.92499 0.186136 
0.631579 -4 2 1 4.21249 0.271164 
1.05263 -4 2 1 7.51262 0.489107 
1.47368 -4 2 1 34.4343 2.26704 
-4 4 2 1 -0.719473 -0.104038 
-3.57895 4 2 1 -0.778222 -0.112014 
-3.15789 4 2 1 -0.847575 -0.121431 
-2.73684 4 2 1 -0.930689 -0.132715 
-2.31579 4 2 1 -1.03211 -0.146485 
-1.89474 4 2 1 -1.15863 -0.163664 
-1.47368 4 2 1 -1.32089 -0.185694 
-1.05263 4 2 1 -1.53652 -0.214971 
-0.631579 4 2 1 -1.83704 -0.255774 
-0.210526 4 2 1 -2.28486 -0.316575 
0.210526 4 2 1 -3.02342 -0.416852 
0.631579 4 2 1 -4.47199 -0.613529 
1.05263 4 2 1 -8.60199 -1.17427 
1.47368 4 2 1 -115.414 -15.6765 
-4 -4 6 1 0.640556 0.748479 
-4 -3.57895 6 1 0.566425 0.741588 
-4 -3.15789 6 1 0.492178 0.734686 
-4 -2.73684 6 1 0.417814 0.727773 
-4 -2.31579 6 1 0.343333 0.720849 
-4 -1.89474 6 1 0.268734 0.713915 
-4 -1.47368 6 1 0.194018 0.70697 
-4 -1.05263 6 1 0.119184 0.700013 
-4 -0.631579 6 1 0.0442313 0.693046 
-4 -0.210526 6 1 -0.0308396 0.686067 
-4 0.210526 6 1 -0.106029 0.679078 
-4 0.631579 6 1 -0.181338 0.672077 
-4 1.05263 6 1 -0.256766 0.665066 
-4 1.47368 6 1 -0.332314 0.658043 
-4 1.89474 6 1 -0.407981 0.651009 
-4 2.31579 6 1 -0.483769 0.643964 
-4 2.73684 6 1 -0.559677 0.636908 
-4 3.15789 6 1 -0.635706 0.629841 
-4 3.57895 6 1 -0.711856 0.622762 
-4 4 6 1 -0.788128 0.615672 
-4 -4 6 1 0.640556 0.748479 
-3.57895 -4 6 1 0.693243 0.809742 
-3.15789 -4 6 1 0.755221 0.881807 
-2.73684 -4 6 1 0.829184 0.967808 
-2.31579 -4 6 1 0.91898 1.07222 
-1.89474 -4 6 1 1.0303 1.20166 
-1.47368 -4 6 1 1.17195 1.36636 
-1.05263 -4 6 1 1.35825 1.58299 
-0.631579 -4 6 1 1.6143 1.88071 
-0.210526 -4 6 1 1.98828 2.31555 
0.210526 -4 6 1 2.586 3.01056 
0.631579 -4 6 1 3.69399 4.29889 
1.05263 -4 6 1 6.45234 7.50619 
1.47368 -4 6 1 25.3064 29.4289 
-4 4 6 1 -0.788128 0.615672 
-3.57895 4 6 1 -0.852224 0.667003 
-3.15789 4 6 1 -0.927824 0.727546 
-2.73684 4 6 1 -1.01833 0.800026 
-2.31579 4 6 1 -1.12863 0.88836 
-1.89474 4 6 1 -1.26602 0.998387 
-1.47368 4 6 1 -1.44188 1.13922 
-1.05263 4 6 1 -1.67498 1.32589 
-0.631579 4 6 1 -1.99871 1.58515 
-0.210526 4 6 1 -2.4787 1.96955 
0.210526 4 6 1 -3.26405 2.59848 
0.631579 4 6 1 -4.78207 3.81417 
1.05263 4 6 1 -8.95452 7.15562 
1.47368 4 6 1 -71.171 56.9809 
