-4 -4 2 1 -1.01381 0.163779 
-4 -3.57895 2 1 -1.08368 0.17098 
-4 -3.15789 2 1 -1.16749 0.179618 
-4 -2.73684 2 1 -1.26989 0.190171 
-4 -2.31579 2 1 -1.39782 0.203356 
-4 -1.89474 2 1 -1.56221 0.220298 
-4 -1.47368 2 1 -1.78121 0.242869 
-4 -1.05263 2 1 -2.08747 0.274432 
-4 -0.631579 2 1 -2.54611 0.321701 
-4 -0.210526 2 1 -3.30853 0.400278 
-4 0.210526 2 1 -4.82598 0.55667 
-4 0.631579 2 1 -9.32002 1.01983 
-4 1.05263 2 1 -472.622 48.7688 
4 -4 2 1 0.413295 0.24649 
4 -3.57895 2 1 0.455761 0.256962 
4 -3.15789 2 1 0.504094 0.26888 
4 -2.73684 2 1 0.559601 0.282568 
4 -2.31579 2 1 0.624006 0.298449 
4 -1.89474 2 1 0.699634 0.317098 
4 -1.47368 2 1 0.789702 0.339308 
4 -1.05263 2 1 0.898779 0.366205 
4 -0.631579 2 1 1.03359 0.399449 
4 -0.210526 2 1 1.20447 0.441586 
4 0.210526 2 1 1.42813 0.496737 
4 0.631579 2 1 1.73347 0.57203 
4 1.05263 2 1 2.17525 0.680967 
4 1.47368 2 1 2.87121 0.852584 
4 1.89474 2 1 4.12935 1.16283 
4 2.31579 2 1 7.09231 1.89346 
4 2.73684 2 1 22.5053 5.69413 
-4 -4 2 1 -1.01381 0.163779 
-3.57895 -4 2 1 -0.912823 0.169632 
-3.15789 -4 2 1 -0.815628 0.175265 
-2.73684 -4 2 1 -0.722017 0.180691 
-2.31579 -4 2 1 -0.631794 0.18592 
-1.89474 -4 2 1 -0.544779 0.190963 
-1.47368 -4 2 1 -0.460805 0.19583 
-1.05263 -4 2 1 -0.379714 0.20053 
-0.631579 -4 2 1 -0.30136 0.205071 
-0.210526 -4 2 1 -0.225608 0.209461 
0.210526 -4 2 1 -0.152329 0.213708 
0.631579 -4 2 1 -0.0814044 0.217819 
1.05263 -4 2 1 -0.0127228 0.221799 
1.47368 -4 2 1 0.0538206 0.225656 
1.89474 -4 2 1 0.118324 0.229395 
2.31579 -4 2 1 0.180881 0.23302 
2.73684 -4 2 1 0.241576 0.236538 
3.15789 -4 2 1 0.300493 0.239953 
3.57895 -4 2 1 0.357709 0.243269 
4 -4 2 1 0.413295 0.24649 
-4 -4 6 1 -1.18375 1.06319 
-4 -3.57895 6 1 -1.27777 1.16111 
-4 -3.15789 6 1 -1.39269 1.28079 
-4 -2.73684 6 1 -1.53636 1.43041 
-4 -2.31579 6 1 -1.7211 1.6228 
-4 -1.89474 6 1 -1.96746 1.87937 
-4 -1.47368 6 1 -2.31245 2.23864 
-4 -1.05263 6 1 -2.83009 2.77772 
-4 -0.631579 6 1 -3.69329 3.67667 
-4 -0.210526 6 1 -5.4214 5.47635 
-4 0.210526 6 1 -10.6195 10.8897 
4 -4 6 1 0.386897 0.891998 
4 -3.57895 6 1 0.430544 0.947875 
4 -3.15789 6 1 0.48068 1.01206 
4 -2.73684 6 1 0.538869 1.08655 
4 -2.31579 6 1 0.607219 1.17406 
4 -1.89474 6 1 0.688648 1.2783 
4 -1.47368 6 1 0.787306 1.40461 
4 -1.05263 6 1 0.909308 1.5608 
4 -0.631579 6 1 1.06405 1.7589 
4 -0.210526 6 1 1.26676 2.01841 
4 0.210526 6 1 1.54382 2.37311 
4 0.631579 6 1 1.94534 2.88714 
4 1.05263 6 1 2.57946 3.69895 
4 1.47368 6 1 3.73072 5.1728 
4 1.89474 6 1 6.46725 8.67615 
4 2.31579 6 1 21.3009 27.6664 
-4 -4 6 1 -1.18375 1.06319 
-3.57895 -4 6 1 -1.07001 1.0508 
-3.15789 -4 6 1 -0.960919 1.03891 
-2.73684 -4 6 1 -0.856205 1.02749 
-2.31579 -4 6 1 -0.755607 1.01653 
-1.89474 -4 6 1 -0.658887 1.00599 
-1.47368 -4 6 1 -0.565825 0.995842 
-1.05263 -4 6 1 -0.476217 0.986075 
-0.631579 -4 6 1 -0.389875 0.976664 
-0.210526 -4 6 1 -0.306623 0.967589 
0.210526 -4 6 1 -0.226298 0.958834 
0.631579 -4 6 1 -0.148748 0.950381 
1.05263 -4 6 1 -0.0738328 0.942216 
1.47368 -4 6 1 -0.00141944 0.934323 
1.89474 -4 6 1 0.0686151 0.92669 
2.31579 -4 6 1 0.136386 0.919303 
2.73684 -4 6 1 0.202002 0.912151 
3.15789 -4 6 1 0.265563 0.905223 
3.57895 -4 6 1 0.327165 0.898508 
4 -4 6 1 0.386897 0.891998 
