32.3441 -1.15186 10.9718 11.3559 12 
9.60293 -0.30272 5.97259 5.78056 13 
5.91949 -0.165184 4.27075 3.88261 14 
4.41138 -0.108872 3.41303 2.92604 15 
3.59088 -0.0782354 2.89619 2.34966 16 
3.07502 -0.0589738 2.55072 1.96437 17 
2.72071 -0.0457442 2.3035 1.68866 18 
2.46234 -0.0360966 2.11783 1.4816 19 
-4.26933 -0.899483 -3.91181 1.98627 20 
-3.20444 -0.705638 -3.03983 1.62435 21 
-2.50854 -0.578963 -2.4396 1.37521 22 
-2.01817 -0.489699 -2.0012 1.19325 23 
-1.65399 -0.423407 -1.66697 1.05453 24 
-1.37284 -0.372229 -1.40372 0.945263 25 
-1.14924 -0.331526 -1.19101 0.856975 26 
-0.967147 -0.29838 -1.01556 0.784152 27 
-0.815995 -0.270865 -0.868371 0.723058 28 
-0.688512 -0.247659 -0.743119 0.671071 29 
-0.579543 -0.227823 -0.635243 0.626296 30 
-0.485327 -0.210673 -0.54136 0.587329 31 
-0.403059 -0.195698 -0.458914 0.553109 32 
-0.3306 -0.182508 -0.385935 0.522818 33 
-0.266297 -0.170803 -0.320881 0.495816 34 
-0.208844 -0.160344 -0.262528 0.471596 35 
-0.157203 -0.150944 -0.20989 0.449748 36 
-0.110534 -0.142449 -0.162168 0.429941 37 
-0.0681516 -0.134734 -0.118704 0.4119 38 
-0.029492 -0.127697 -0.0789512 0.395401 39 
-22.7693 -5.32349 -11.2937 7.91699 55 
-9.77609 -2.21634 -7.19348 4.62281 56 
-6.55936 -1.44711 -5.46645 3.23529 57 
-5.10133 -1.09844 -4.51466 2.47061 58 
-4.26933 -0.899483 -3.91181 1.98627 59 
2.46234 -0.0360966 2.11783 1.4816 60 
2.09797 -0.049491 1.81162 1.33019 61 
1.79912 -0.0604768 1.55679 1.20419 62 
1.54957 -0.06965 1.3414 1.0977 63 
1.33807 -0.077425 1.15697 1.0065 64 
1.15651 -0.084099 0.997254 0.927531 65 
0.998971 -0.0898902 0.857608 0.858483 66 
0.860973 -0.0949631 0.734469 0.797597 67 
0.739094 -0.0994434 0.625073 0.743506 68 
0.630666 -0.103429 0.527242 0.695133 69 
0.533579 -0.106998 0.439233 0.651618 70 
0.446142 -0.110212 0.359639 0.612262 71 
0.366984 -0.113122 0.287307 0.576497 72 
0.294983 -0.115769 0.221287 0.543854 73 
0.229209 -0.118187 0.160787 0.51394 74 
0.168889 -0.120404 0.105143 0.486426 75 
0.113371 -0.122445 0.0537927 0.461036 76 
0.0621042 -0.12433 0.00625727 0.437532 77 
0.0146175 -0.126075 -0.0378729 0.415712 78 
-0.029492 -0.127697 -0.0789512 0.395401 79 
