7.27656 -1.16659 165.779 93.3286 0 
4.69824 -0.718188 13.6555 8.19589 1 
3.38916 -0.490522 6.83756 4.38036 2 
2.59722 -0.352794 4.42704 3.03136 3 
2.06653 -0.2605 3.19414 2.3414 4 
1.68612 -0.194341 2.44532 1.92234 5 
1.40007 -0.144593 1.94227 1.64081 6 
1.17715 -0.105824 1.58104 1.43866 7 
0.998532 -0.0747601 1.30907 1.28646 8 
0.852207 -0.0493122 1.09692 1.16773 9 
0.730142 -0.0280836 0.926798 1.07252 10 
0.626767 -0.0101052 0.787349 0.994485 11 
0.538093 0.00531632 0.670961 0.929351 12 
0.461193 0.0186902 0.572351 0.874166 13 
0.393869 0.0303989 0.487734 0.826811 14 
0.334435 0.0407351 0.414329 0.785732 15 
0.281583 0.0499269 0.350046 0.749757 16 
0.234275 0.0581543 0.293284 0.717992 17 
0.191684 0.0655615 0.242797 0.689738 18 
0.153136 0.0722654 0.197598 0.664443 19 
-5.17366 -0.461573 -36.0072 32.3449 32 
-3.78607 -0.257907 -9.04811 7.86088 33 
-3.04665 -0.149378 -5.4038 4.55116 34 
-2.58724 -0.0819465 -3.95976 3.23969 35 
-2.27409 -0.0359848 -3.18539 2.53642 36 
-2.04696 -0.00264726 -2.70255 2.09791 37 
-1.87468 0.0226392 -2.37268 1.79833 38 
-1.73953 0.042477 -2.13304 1.58068 39 
7.27656 -1.16659 165.779 93.3286 40 
0.153136 0.0722654 0.197598 0.664443 60 
0.107909 0.0715536 0.149042 0.683531 61 
0.0598521 0.0707972 0.0971143 0.703946 62 
0.00869166 0.069992 0.0414495 0.725829 63 
-0.0458831 0.069133 -0.0183704 0.749346 64 
-0.104226 0.0682148 -0.0828287 0.774687 65 
-0.16674 0.0672309 -0.152487 0.802071 66 
-0.233891 0.066174 -0.228 0.831757 67 
-0.306213 0.0650357 -0.310139 0.864049 68 
-0.384329 0.0638063 -0.399816 0.899303 69 
-0.468962 0.0624742 -0.498119 0.937949 70 
-0.560965 0.0610262 -0.606355 0.980499 71 
-0.661344 0.0594464 -0.726109 1.02758 72 
-0.771297 0.0577158 -0.859324 1.07995 73 
-0.892263 0.055812 -1.0084 1.13856 74 
-1.02598 0.0537074 -1.17636 1.20459 75 
-1.17459 0.0513685 -1.36703 1.27954 76 
-1.3407 0.048754 -1.58534 1.36537 77 
-1.52763 0.045812 -1.83778 1.46461 78 
-1.73953 0.042477 -2.13304 1.58068 79 
