4 -4 2 1 -0.791812 0.0661502 
4 -3.57895 2 1 -0.708494 0.0611598 
4 -3.15789 2 1 -0.626125 0.0562263 
4 -2.73684 2 1 -0.54469 0.0513487 
4 -2.31579 2 1 -0.464174 0.0465262 
4 -1.89474 2 1 -0.38456 0.0417577 
4 -1.47368 2 1 -0.305834 0.0370423 
4 -1.05263 2 1 -0.227981 0.0323793 
4 -0.631579 2 1 -0.150987 0.0277676 
4 -0.210526 2 1 -0.0748367 0.0232066 
4 0.210526 2 1 0.000482994 0.0186953 
4 0.631579 2 1 0.0749856 0.0142329 
4 1.05263 2 1 0.148684 0.00981865 
4 1.47368 2 1 0.221592 0.00545179 
4 1.89474 2 1 0.293722 0.00113153 
4 2.31579 2 1 0.365086 -0.00314286 
4 2.73684 2 1 0.435697 -0.0073721 
4 3.15789 2 1 0.505565 -0.0115569 
4 3.57895 2 1 0.574703 -0.015698 
4 4 2 1 0.643123 -0.019796 
-1.05263 -4 2 1 -12.7029 -1.31349 
-0.631579 -4 2 1 -5.41089 -0.468869 
-0.210526 -4 2 1 -3.45465 -0.242282 
0.210526 -4 2 1 -2.54642 -0.137083 
0.631579 -4 2 1 -2.02196 -0.0763349 
1.05263 -4 2 1 -1.68044 -0.0367784 
1.47368 -4 2 1 -1.44037 -0.00897153 
1.89474 -4 2 1 -1.26239 0.0116439 
2.31579 -4 2 1 -1.12517 0.0275381 
2.73684 -4 2 1 -1.01614 0.0401664 
3.15789 -4 2 1 -0.927432 0.0504416 
3.57895 -4 2 1 -0.853843 0.0589653 
4 -4 2 1 -0.791812 0.0661502 
-1.89474 4 2 1 77.5812 -18.5439 
-1.47368 4 2 1 8.78764 -1.98072 
-1.05263 4 2 1 4.62935 -0.979543 
-0.631579 4 2 1 3.12924 -0.618368 
-0.210526 4 2 1 2.35581 -0.432153 
0.210526 4 2 1 1.88399 -0.318555 
0.631579 4 2 1 1.56615 -0.242028 
1.05263 4 2 1 1.33747 -0.186972 
1.47368 4 2 1 1.16506 -0.145461 
1.89474 4 2 1 1.03043 -0.113045 
2.31579 4 2 1 0.922375 -0.0870304 
2.73684 4 2 1 0.833742 -0.0656906 
3.15789 4 2 1 0.759725 -0.0478698 
3.57895 4 2 1 0.696983 -0.0327637 
4 4 2 1 0.643123 -0.019796 
4 -4 6 1 -0.830729 0.911826 
4 -3.57895 6 1 -0.737035 0.90079 
4 -3.15789 6 1 -0.644538 0.889895 
4 -2.73684 6 1 -0.553216 0.879139 
4 -2.31579 6 1 -0.463047 0.868518 
4 -1.89474 6 1 -0.374008 0.85803 
4 -1.47368 6 1 -0.286079 0.847673 
4 -1.05263 6 1 -0.199239 0.837445 
4 -0.631579 6 1 -0.113467 0.827342 
4 -0.210526 6 1 -0.0287456 0.817363 
4 0.210526 6 1 0.0549462 0.807505 
4 0.631579 6 1 0.137626 0.797766 
4 1.05263 6 1 0.219313 0.788145 
4 1.47368 6 1 0.300025 0.778638 
4 1.89474 6 1 0.379778 0.769244 
4 2.31579 6 1 0.45859 0.759961 
4 2.73684 6 1 0.536478 0.750787 
4 3.15789 6 1 0.613457 0.74172 
4 3.57895 6 1 0.689544 0.732758 
4 4 6 1 0.764753 0.723899 
-0.631579 -4 6 1 -25.2365 25.1468 
-0.210526 -4 6 1 -6.52894 6.57016 
0.210526 -4 6 1 -3.77271 3.83322 
0.631579 -4 6 1 -2.66417 2.73243 
1.05263 -4 6 1 -2.06582 2.13827 
1.47368 -4 6 1 -1.69134 1.76641 
1.89474 -4 6 1 -1.43488 1.51175 
2.31579 -4 6 1 -1.24825 1.32643 
2.73684 -4 6 1 -1.10635 1.18552 
3.15789 -4 6 1 -0.994815 1.07476 
3.57895 -4 6 1 -0.904842 0.98542 
4 -4 6 1 -0.830729 0.911826 
-1.05263 4 6 1 14.1858 10.0106 
-0.631579 4 6 1 6.00095 4.34707 
-0.210526 4 6 1 3.78827 2.81601 
0.210526 4 6 1 2.75853 2.10348 
0.631579 4 6 1 2.16318 1.69154 
1.05263 4 6 1 1.77524 1.4231 
1.47368 4 6 1 1.5024 1.23431 
1.89474 4 6 1 1.30005 1.0943 
2.31579 4 6 1 1.144 0.986316 
2.73684 4 6 1 1.01999 0.900507 
3.15789 4 6 1 0.919067 0.830676 
3.57895 4 6 1 0.835339 0.772741 
4 4 6 1 0.764753 0.723899 
