-4 1.89474 2 1 16.0034 -2.04652 
-4 2.31579 2 1 8.35077 -0.93977 
-4 2.73684 2 1 5.87114 -0.581155 
-4 3.15789 2 1 4.64426 -0.403719 
-4 3.57895 2 1 3.91222 -0.297848 
-4 4 2 1 3.42589 -0.227512 
4 -4 2 1 -2.79961 -0.81181 
4 -3.57895 2 1 -2.28143 -0.685038 
4 -3.15789 2 1 -1.88721 -0.588593 
4 -2.73684 2 1 -1.57723 -0.512756 
4 -2.31579 2 1 -1.32709 -0.451558 
4 -1.89474 2 1 -1.12098 -0.401135 
4 -1.47368 2 1 -0.948227 -0.358871 
4 -1.05263 2 1 -0.801333 -0.322933 
4 -0.631579 2 1 -0.674898 -0.292001 
4 -0.210526 2 1 -0.564925 -0.265096 
4 0.210526 2 1 -0.468396 -0.241481 
4 0.631579 2 1 -0.382988 -0.220586 
4 1.05263 2 1 -0.306884 -0.201967 
4 1.47368 2 1 -0.238641 -0.185271 
4 1.89474 2 1 -0.177102 -0.170216 
4 2.31579 2 1 -0.121325 -0.15657 
4 2.73684 2 1 -0.070537 -0.144145 
4 3.15789 2 1 -0.0240972 -0.132783 
4 3.57895 2 1 0.0185298 -0.122355 
4 4 2 1 0.0577951 -0.112749 
1.47368 -4 2 1 -50.6513 -20.0868 
1.89474 -4 2 1 -10.2187 -3.80026 
2.31579 -4 2 1 -6.07162 -2.1298 
2.73684 -4 2 1 -4.49353 -1.49413 
3.15789 -4 2 1 -3.66183 -1.15912 
3.57895 -4 2 1 -3.14827 -0.952252 
4 -4 2 1 -2.79961 -0.81181 
-4 4 2 1 3.42589 -0.227512 
-3.57895 4 2 1 2.78181 -0.205566 
-3.15789 4 2 1 2.30213 -0.189222 
-2.73684 4 2 1 1.93104 -0.176577 
-2.31579 4 2 1 1.63541 -0.166504 
-1.89474 4 2 1 1.39434 -0.15829 
-1.47368 4 2 1 1.19401 -0.151464 
-1.05263 4 2 1 1.0249 -0.145701 
-0.631579 4 2 1 0.880229 -0.140772 
-0.210526 4 2 1 0.755065 -0.136507 
0.210526 4 2 1 0.645709 -0.132781 
0.631579 4 2 1 0.549344 -0.129498 
1.05263 4 2 1 0.463785 -0.126582 
1.47368 4 2 1 0.387311 -0.123977 
1.89474 4 2 1 0.318548 -0.121633 
2.31579 4 2 1 0.256385 -0.119515 
2.73684 4 2 1 0.199917 -0.117591 
3.15789 4 2 1 0.148394 -0.115836 
3.57895 4 2 1 0.101194 -0.114227 
4 4 2 1 0.0577951 -0.112749 
-4 1.89474 6 1 20.3247 16.7736 
-4 2.31579 6 1 8.88825 6.91138 
-4 2.73684 6 1 5.9595 4.38576 
-4 3.15789 6 1 4.61879 3.2296 
-4 3.57895 6 1 3.85 2.56663 
-4 4 6 1 3.3515 2.13675 
4 -4 6 1 -3.1453 1.37065 
4 -3.57895 6 1 -2.55862 1.19443 
4 -3.15789 6 1 -2.11697 1.06178 
4 -2.73684 6 1 -1.7725 0.958313 
4 -2.31579 6 1 -1.4963 0.875354 
4 -1.89474 6 1 -1.26992 0.807356 
4 -1.47368 6 1 -1.08098 0.750607 
4 -1.05263 6 1 -0.920915 0.702529 
4 -0.631579 6 1 -0.783568 0.661275 
4 -0.210526 6 1 -0.664424 0.625489 
4 0.210526 6 1 -0.560091 0.594151 
4 0.631579 6 1 -0.467967 0.56648 
4 1.05263 6 1 -0.386028 0.541869 
4 1.47368 6 1 -0.312674 0.519836 
4 1.89474 6 1 -0.246622 0.499997 
4 2.31579 6 1 -0.186834 0.482038 
4 2.73684 6 1 -0.132459 0.465706 
4 3.15789 6 1 -0.0827944 0.450789 
4 3.57895 6 1 -0.0372527 0.43711 
4 4 6 1 0.0046587 0.424521 
1.89474 -4 6 1 -14.3939 8.88202 
2.31579 -4 6 1 -7.5622 4.32009 
2.73684 -4 6 1 -5.34033 2.83641 
3.15789 -4 6 1 -4.23949 2.10131 
3.57895 -4 6 1 -3.58218 1.66239 
4 -4 6 1 -3.1453 1.37065 
-4 4 6 1 3.3515 2.13675 
-3.57895 4 6 1 2.69281 1.79976 
-3.15789 4 6 1 2.20812 1.5518 
-2.73684 4 6 1 1.83654 1.3617 
-2.31579 4 6 1 1.54261 1.21133 
-1.89474 4 6 1 1.30428 1.0894 
-1.47368 4 6 1 1.10716 0.988554 
-1.05263 4 6 1 0.941393 0.90375 
-0.631579 4 6 1 0.800058 0.831443 
-0.210526 4 6 1 0.678123 0.769062 
0.210526 4 6 1 0.57185 0.714693 
0.631579 4 6 1 0.478403 0.666887 
1.05263 4 6 1 0.395593 0.624521 
1.47368 4 6 1 0.321702 0.586719 
1.89474 4 6 1 0.255361 0.552779 
2.31579 4 6 1 0.195471 0.52214 
2.73684 4 6 1 0.141134 0.494341 
3.15789 4 6 1 0.0916109 0.469005 
3.57895 4 6 1 0.0462903 0.44582 
4 4 6 1 0.0046587 0.424521 
