-4 -4 2 1 -0.448414 0.0577408 
-4 -3.57895 2 1 -0.489796 0.0495188 
-4 -3.15789 2 1 -0.536818 0.0401761 
-4 -2.73684 2 1 -0.59072 0.0294666 
-4 -2.31579 2 1 -0.653128 0.0170668 
-4 -1.89474 2 1 -0.726231 0.00254218 
-4 -1.47368 2 1 -0.813035 -0.0147045 
-4 -1.05263 2 1 -0.917789 -0.0355177 
-4 -0.631579 2 1 -1.0467 -0.0611313 
-4 -0.210526 2 1 -1.20923 -0.0934223 
-4 0.210526 2 1 -1.42047 -0.135394 
-4 0.631579 2 1 -1.70621 -0.192166 
-4 1.05263 2 1 -2.11427 -0.273243 
-4 1.47368 2 1 -2.74462 -0.398485 
-4 1.89474 2 1 -3.84688 -0.617488 
-4 2.31579 2 1 -6.26796 -1.09853 
-4 2.73684 2 1 -15.8995 -3.01218 
4 -4 2 1 0.907714 -0.025284 
4 -3.57895 2 1 0.966451 -0.0428713 
4 -3.15789 2 1 1.03582 -0.0636426 
4 -2.73684 2 1 1.119 -0.0885487 
4 -2.31579 2 1 1.22057 -0.118961 
4 -1.89474 2 1 1.34739 -0.156931 
4 -1.47368 2 1 1.51019 -0.205678 
4 -1.05263 2 1 1.72684 -0.270547 
4 -0.631579 2 1 2.02934 -0.361122 
4 -0.210526 2 1 2.48133 -0.496457 
4 0.210526 2 1 3.22998 -0.720621 
4 0.631579 2 1 4.71008 -1.16379 
4 1.05263 2 1 9.01723 -2.45345 
4 1.47368 2 1 196.256 -58.5168 
-4 -4 2 1 -0.448414 0.0577408 
-3.57895 -4 2 1 -0.39191 0.0542814 
-3.15789 -4 2 1 -0.334082 0.0507411 
-2.73684 -4 2 1 -0.274884 0.0471169 
-2.31579 -4 2 1 -0.214266 0.0434057 
-1.89474 -4 2 1 -0.152177 0.0396045 
-1.47368 -4 2 1 -0.0885615 0.0357099 
-1.05263 -4 2 1 -0.023364 0.0317183 
-0.631579 -4 2 1 0.0434759 0.0276263 
-0.210526 -4 2 1 0.112021 0.0234298 
0.210526 -4 2 1 0.182337 0.0191249 
0.631579 -4 2 1 0.254495 0.0147073 
1.05263 -4 2 1 0.328566 0.0101725 
1.47368 -4 2 1 0.404629 0.00551579 
1.89474 -4 2 1 0.482764 0.000732193 
2.31579 -4 2 1 0.563058 -0.00418356 
2.73684 -4 2 1 0.645601 -0.00923702 
3.15789 -4 2 1 0.73049 -0.0144341 
3.57895 -4 2 1 0.817825 -0.0197809 
4 -4 2 1 0.907714 -0.025284 
-4 -4 6 1 -0.484765 0.717795 
-4 -3.57895 6 1 -0.534363 0.756265 
-4 -3.15789 6 1 -0.591705 0.800742 
-4 -2.73684 6 1 -0.65876 0.852752 
-4 -2.31579 6 1 -0.738222 0.914385 
-4 -1.89474 6 1 -0.833887 0.988587 
-4 -1.47368 6 1 -0.951274 1.07964 
-4 -1.05263 6 1 -1.09873 1.19401 
-4 -0.631579 6 1 -1.2895 1.34197 
-4 -0.210526 6 1 -1.54595 1.54089 
-4 0.210526 6 1 -1.90908 1.82255 
-4 0.631579 6 1 -2.46291 2.25212 
-4 1.05263 6 1 -3.41116 2.98761 
-4 1.47368 6 1 -5.40814 4.53654 
-4 1.89474 6 1 -12.346 9.91779 
4 -4 6 1 1.08551 0.834848 
4 -3.57895 6 1 1.17245 0.898504 
4 -3.15789 6 1 1.27833 0.976021 
4 -2.73684 6 1 1.41008 1.07248 
4 -2.31579 6 1 1.57851 1.1958 
4 -1.89474 6 1 1.80141 1.359 
4 -1.47368 6 1 2.11031 1.58516 
4 -1.05263 6 1 2.56687 1.91944 
4 -0.631579 6 1 3.31023 2.46369 
4 -0.210526 6 1 4.73436 3.50637 
4 0.210526 6 1 8.56431 6.31048 
4 0.631579 6 1 54.0482 39.6117 
-4 -4 6 1 -0.484765 0.717795 
-3.57895 -4 6 1 -0.421533 0.722509 
-3.15789 -4 6 1 -0.356628 0.727347 
-2.73684 -4 6 1 -0.289985 0.732315 
-2.31579 -4 6 1 -0.22153 0.737418 
-1.89474 -4 6 1 -0.151191 0.742661 
-1.47368 -4 6 1 -0.0788879 0.748051 
-1.05263 -4 6 1 -0.00453712 0.753593 
-0.631579 -4 6 1 0.0719493 0.759295 
-0.210526 -4 6 1 0.150665 0.765162 
0.210526 -4 6 1 0.231708 0.771204 
0.631579 -4 6 1 0.315184 0.777426 
1.05263 -4 6 1 0.401204 0.783838 
1.47368 -4 6 1 0.489886 0.790449 
1.89474 -4 6 1 0.581355 0.797267 
2.31579 -4 6 1 0.675746 0.804303 
2.73684 -4 6 1 0.7732 0.811568 
3.15789 -4 6 1 0.873868 0.819072 
3.57895 -4 6 1 0.977914 0.826828 
4 -4 6 1 1.08551 0.834848 
