0.663371 -0.103284 0.577992 0.564631 0 
0.59442 -0.110663 0.510741 0.560938 1 
0.524728 -0.118121 0.44279 0.557207 2 
0.454284 -0.125659 0.374129 0.553437 3 
0.383075 -0.13328 0.304746 0.549627 4 
0.311088 -0.140983 0.234629 0.545777 5 
0.238311 -0.148771 0.163767 0.541887 6 
0.164732 -0.156645 0.0921483 0.537954 7 
0.0903351 -0.164606 0.0197603 0.533979 8 
0.0151084 -0.172657 -0.0534094 0.529962 9 
-0.0609625 -0.180797 -0.127373 0.525901 10 
-0.137892 -0.18903 -0.202145 0.521795 11 
-0.215695 -0.197356 -0.277737 0.517644 12 
-0.294385 -0.205777 -0.354163 0.513448 13 
-0.373979 -0.214294 -0.431438 0.509205 14 
-0.454492 -0.22291 -0.509575 0.504915 15 
-0.53594 -0.231626 -0.588589 0.500576 16 
-0.61834 -0.240444 -0.668494 0.496189 17 
-0.701708 -0.249365 -0.749307 0.491751 18 
-0.786061 -0.258392 -0.831042 0.487263 19 
0.663371 -0.103284 0.577992 0.564631 40 
0.720466 -0.107191 0.626751 0.611216 41 
0.78722 -0.111758 0.683463 0.665399 42 
0.866311 -0.117169 0.750246 0.729204 43 
0.961508 -0.123682 0.830044 0.805444 44 
1.07829 -0.131672 0.927072 0.898146 45 
1.22493 -0.141705 1.04759 1.01329 46 
1.41456 -0.154679 1.20129 1.16014 47 
1.66934 -0.172111 1.40408 1.35389 48 
2.02981 -0.196773 1.68395 1.62127 49 
2.57892 -0.234342 2.09513 2.01412 50 
3.51727 -0.298542 2.75839 2.64781 51 
5.48586 -0.433229 4.00797 3.84168 52 
12.2467 -0.895792 7.23728 6.927 53 
-0.786061 -0.258392 -0.831042 0.487263 60 
-0.848845 -0.27635 -0.895284 0.532806 61 
-0.923672 -0.297753 -0.971349 0.586731 62 
-1.01438 -0.323697 -1.06283 0.651586 63 
-1.12661 -0.355798 -1.17495 0.731069 64 
-1.26907 -0.396545 -1.31557 0.830758 65 
-1.45586 -0.449973 -1.49715 0.959482 66 
-1.7115 -0.523094 -1.74062 1.13208 67 
-2.08266 -0.629253 -2.08414 1.37561 68 
-2.67046 -0.79738 -2.60532 1.74509 69 
-3.74278 -1.10409 -3.49005 2.3723 70 
-6.31876 -1.84089 -5.3225 3.67136 71 
-20.98 -6.03441 -11.3814 7.9667 72 
