-4 -4 2 1 -0.0532067 -0.126749 
-4 -3.57895 2 1 -0.0924998 -0.126247 
-4 -3.15789 2 1 -0.135578 -0.125697 
-4 -2.73684 2 1 -0.183017 -0.125091 
-4 -2.31579 2 1 -0.235513 -0.124421 
-4 -1.89474 2 1 -0.293921 -0.123675 
-4 -1.47368 2 1 -0.359299 -0.12284 
-4 -1.05263 2 1 -0.432973 -0.1219 
-4 -0.631579 2 1 -0.51663 -0.120832 
-4 -0.210526 2 1 -0.612446 -0.119608 
-4 0.210526 2 1 -0.72328 -0.118193 
-4 0.631579 2 1 -0.852964 -0.116537 
-4 1.05263 2 1 -1.00675 -0.114574 
-4 1.47368 2 1 -1.19205 -0.112208 
-4 1.89474 2 1 -1.41966 -0.109301 
-4 2.31579 2 1 -1.70593 -0.105646 
-4 2.73684 2 1 -2.07689 -0.10091 
-4 3.15789 2 1 -2.57665 -0.0945284 
-4 3.57895 2 1 -3.28639 -0.0854662 
-4 4 2 1 -4.37364 -0.0715838 
4 -4 2 1 2.41742 -0.510605 
4 -3.57895 2 1 2.67088 -0.569113 
4 -3.15789 2 1 3.01866 -0.649393 
4 -2.73684 2 1 3.52546 -0.76638 
4 -2.31579 2 1 4.33264 -0.952707 
4 -1.89474 2 1 5.81978 -1.29599 
4 -1.47368 2 1 9.47124 -2.13888 
4 -1.05263 2 1 32.6368 -7.48632 
-4 -4 2 1 -0.0532067 -0.126749 
-3.57895 -4 2 1 -0.00952203 -0.133536 
-3.15789 -4 2 1 0.0375093 -0.140843 
-2.73684 -4 2 1 0.0882872 -0.148732 
-2.31579 -4 2 1 0.143278 -0.157276 
-1.89474 -4 2 1 0.203028 -0.16656 
-1.47368 -4 2 1 0.268185 -0.176683 
-1.05263 -4 2 1 0.339515 -0.187765 
-0.631579 -4 2 1 0.41794 -0.19995 
-0.210526 -4 2 1 0.504575 -0.21341 
0.210526 -4 2 1 0.600779 -0.228357 
0.631579 -4 2 1 0.708232 -0.245052 
1.05263 -4 2 1 0.829026 -0.26382 
1.47368 -4 2 1 0.965814 -0.285072 
1.89474 -4 2 1 1.12199 -0.309338 
2.31579 -4 2 1 1.30201 -0.337306 
2.73684 -4 2 1 1.51176 -0.369895 
3.15789 -4 2 1 1.75928 -0.408352 
3.57895 -4 2 1 2.05579 -0.45442 
4 -4 2 1 2.41742 -0.510605 
-4 4 2 1 -4.37364 -0.0715838 
-3.57895 4 2 1 -5.23446 -0.106939 
-3.15789 4 2 1 -6.74657 -0.169043 
-2.73684 4 2 1 -10.0989 -0.306729 
-2.31579 4 2 1 -23.8722 -0.872416 
-4 -4 6 1 -0.00204033 0.395014 
-4 -3.57895 6 1 -0.0377628 0.418686 
-4 -3.15789 6 1 -0.0768079 0.444559 
-4 -2.73684 6 1 -0.119662 0.472956 
-4 -2.31579 6 1 -0.16691 0.504266 
-4 -1.89474 6 1 -0.219266 0.53896 
-4 -1.47368 6 1 -0.277604 0.577618 
-4 -1.05263 6 1 -0.343012 0.620961 
-4 -0.631579 6 1 -0.416859 0.669896 
-4 -0.210526 6 1 -0.500889 0.725579 
-4 0.210526 6 1 -0.597366 0.789509 
-4 0.631579 6 1 -0.709275 0.863666 
-4 1.05263 6 1 -0.840642 0.950717 
-4 1.47368 6 1 -0.997025 1.05435 
-4 1.89474 6 1 -1.18632 1.17978 
-4 2.31579 6 1 -1.42014 1.33473 
-4 2.73684 6 1 -1.71629 1.53097 
-4 3.15789 6 1 -2.10352 1.78757 
-4 3.57895 6 1 -2.6315 2.13743 
-4 4 6 1 -3.39397 2.6427 
4 -4 6 1 2.33952 1.0353 
4 -3.57895 6 1 2.55558 1.20011 
4 -3.15789 6 1 2.84229 1.41881 
4 -2.73684 6 1 3.24106 1.723 
4 -2.31579 6 1 3.83355 2.17495 
4 -1.89474 6 1 4.80621 2.91691 
4 -1.47368 6 1 6.69783 4.35984 
4 -1.05263 6 1 11.9767 8.38656 
4 -0.631579 6 1 107.554 81.2937 
-4 -4 6 1 -0.00204033 0.395014 
-3.57895 -4 6 1 0.0420405 0.407068 
-3.15789 -4 6 1 0.0893837 0.420013 
-2.73684 -4 6 1 0.140365 0.433954 
-2.31579 -4 6 1 0.195422 0.449009 
-1.89474 -4 6 1 0.255062 0.465317 
-1.47368 -4 6 1 0.319882 0.483042 
-1.05263 -4 6 1 0.39059 0.502376 
-0.631579 -4 6 1 0.468023 0.52355 
-0.210526 -4 6 1 0.553191 0.546839 
0.210526 -4 6 1 0.647313 0.572576 
0.631579 -4 6 1 0.751879 0.601169 
1.05263 -4 6 1 0.86873 0.633121 
1.47368 -4 6 1 1.00017 0.669062 
1.89474 -4 6 1 1.1491 0.709787 
2.31579 -4 6 1 1.31927 0.75632 
2.73684 -4 6 1 1.51558 0.809999 
3.15789 -4 6 1 1.74454 0.872607 
3.57895 -4 6 1 2.01504 0.946574 
4 -4 6 1 2.33952 1.0353 
-4 4 6 1 -3.39397 2.6427 
-3.57895 4 6 1 -3.86687 3.20962 
-3.15789 4 6 1 -4.60539 4.09499 
-2.73684 4 6 1 -5.92076 5.67192 
-2.31579 4 6 1 -8.92194 9.26987 
-1.89474 4 6 1 -22.6316 25.7056 
