-0.148197 0.167575 -0.0969118 0.723729 0 
-0.18611 0.177289 -0.132936 0.763313 1 
-0.228195 0.188072 -0.173018 0.807356 2 
-0.275181 0.200111 -0.217884 0.856656 3 
-0.327978 0.213639 -0.268445 0.912214 4 
-0.387733 0.22895 -0.32586 0.975303 5 
-0.455921 0.246421 -0.391624 1.04757 6 
-0.534461 0.266545 -0.467698 1.13116 7 
-0.625904 0.289975 -0.556716 1.22897 8 
-0.733715 0.317598 -0.662287 1.34498 9 
-0.862721 0.350653 -0.789502 1.48476 10 
-1.01985 0.390913 -0.945778 1.65648 11 
-1.21543 0.441025 -1.14236 1.87249 12 
-1.46554 0.505109 -1.39713 2.15244 13 
-1.79668 0.589953 -1.74045 2.52969 14 
-2.25582 0.707597 -2.22816 3.0656 15 
-2.935 0.881617 -2.97562 3.88693 16 
-4.0422 1.16531 -4.26566 5.30445 17 
-6.16821 1.71004 -7.02564 8.33718 18 
-11.9175 3.18315 -17.0946 19.4012 19 
1.72663 0.119598 1.93121 1.36788 20 
1.86655 0.136453 2.10493 1.54598 21 
2.04532 0.157988 2.32985 1.77656 22 
2.28172 0.186465 2.63252 2.08686 23 
2.60897 0.225886 3.06168 2.52684 24 
3.09192 0.284063 3.71758 3.19926 25 
3.87636 0.378556 4.84441 4.35449 26 
5.37266 0.558801 7.23341 6.80367 27 
9.35483 1.0385 15.7047 15.4884 28 
-0.148197 0.167575 -0.0969118 0.723729 40 
-0.101851 0.166389 -0.0480117 0.73926 41 
-0.0526924 0.165131 0.00392397 0.755755 42 
-0.000455253 0.163794 0.0591871 0.773307 43 
0.0551584 0.162371 0.118108 0.792021 44 
0.114487 0.160853 0.181062 0.812016 45 
0.177915 0.15923 0.248478 0.833428 46 
0.245884 0.15749 0.320849 0.856414 47 
0.318898 0.155622 0.39874 0.881153 48 
0.397541 0.15361 0.482809 0.907854 49 
0.48249 0.151436 0.57382 0.93676 50 
0.574536 0.14908 0.672672 0.968157 51 
0.674606 0.146519 0.780423 1.00238 52 
0.783798 0.143725 0.898331 1.03983 53 
0.903418 0.140664 1.0279 1.08098 54 
1.03503 0.137296 1.17096 1.12642 55 
1.18055 0.133572 1.32972 1.17684 56 
1.34228 0.129433 1.50693 1.23313 57 
1.52311 0.124806 1.70599 1.29635 58 
1.72663 0.119598 1.93121 1.36788 59 
-11.9175 3.18315 -17.0946 19.4012 60 
-21.792 6.06455 -66.9937 81.6993 61 
