-0.458418 0.0538294 -0.498927 0.717046 0 
-0.499946 0.0451186 -0.549108 0.755546 1 
-0.547171 0.0352129 -0.607189 0.800109 2 
-0.60135 0.0238484 -0.675199 0.852289 3 
-0.664143 0.0106772 -0.755919 0.914221 4 
-0.737781 -0.00476888 -0.85328 0.988921 5 
-0.825339 -0.0231347 -0.973021 1.08079 6 
-0.931176 -0.0453347 -1.12386 1.19652 7 
-1.06168 -0.0727094 -1.31971 1.34679 8 
-1.22662 -0.107307 -1.58428 1.54977 9 
-1.4417 -0.15242 -1.96139 1.83911 10 
-1.73386 -0.213702 -2.54229 2.28481 11 
-2.15359 -0.301744 -3.5533 3.0605 12 
-2.8078 -0.438968 -5.75294 4.74816 13 
-3.96911 -0.682561 -14.227 11.2498 14 
0.89126 -0.023239 1.06326 0.8281 20 
0.949037 -0.0407355 1.14832 0.890202 21 
1.01717 -0.0613671 1.25171 0.965683 22 
1.09871 -0.0860595 1.38007 1.05939 23 
1.19805 -0.116142 1.54367 1.17883 24 
1.32173 -0.153597 1.75937 1.3363 25 
1.47996 -0.201512 2.05672 1.55339 26 
1.68954 -0.264979 2.49294 1.87186 27 
1.98033 -0.353039 3.19495 2.38437 28 
2.41088 -0.48342 4.51209 3.34597 29 
3.1138 -0.696281 7.88327 5.80714 30 
4.4671 -1.1061 35.1222 25.6933 31 
-0.458418 0.0538294 -0.498927 0.717046 40 
-0.40141 0.0505742 -0.435045 0.721587 41 
-0.343138 0.0472468 -0.36956 0.726242 42 
-0.283558 0.0438447 -0.30241 0.731016 43 
-0.222627 0.0403654 -0.233533 0.735913 44 
-0.160297 0.0368063 -0.162859 0.740937 45 
-0.0965205 0.0331646 -0.0903185 0.746094 46 
-0.0312458 0.0294373 -0.0158359 0.751388 47 
0.0355804 0.0256214 0.0606679 0.756827 48 
0.104014 0.0217138 0.139276 0.762415 49 
0.174114 0.017711 0.220077 0.768159 50 
0.245941 0.0136096 0.303163 0.774066 51 
0.319561 0.00940579 0.388634 0.780142 52 
0.395041 0.00509578 0.476592 0.786395 53 
0.472452 0.000675462 0.567149 0.792832 54 
0.551871 -0.00385945 0.660421 0.799463 55 
0.633375 -0.00851346 0.756531 0.806295 56 
0.717049 -0.0132913 0.855613 0.813339 57 
0.80298 -0.0181981 0.957805 0.820604 58 
0.89126 -0.023239 1.06326 0.8281 59 
