-4 -4 2 1 -0.261683 0.230261 
-4 -3.57895 2 1 -0.301144 0.238745 
-4 -3.15789 2 1 -0.345461 0.248274 
-4 -2.73684 2 1 -0.39559 0.259051 
-4 -2.31579 2 1 -0.452754 0.271342 
-4 -1.89474 2 1 -0.518546 0.285487 
-4 -1.47368 2 1 -0.595077 0.301941 
-4 -1.05263 2 1 -0.685213 0.32132 
-4 -0.631579 2 1 -0.792934 0.34448 
-4 -0.210526 2 1 -0.923942 0.372647 
-4 0.210526 2 1 -1.0867 0.407641 
-4 0.631579 2 1 -1.29436 0.452287 
-4 1.05263 2 1 -1.56844 0.511215 
-4 1.47368 2 1 -1.94692 0.592587 
-4 1.89474 2 1 -2.50343 0.712238 
-4 2.31579 2 1 -3.40227 0.905489 
-4 2.73684 2 1 -5.09957 1.27041 
-4 3.15789 2 1 -9.50944 2.21853 
-4 3.57895 2 1 -48.9976 10.7085 
4 -4 2 1 1.3544 0.166164 
4 -3.57895 2 1 1.45288 0.174826 
4 -3.15789 2 1 1.57454 0.185526 
4 -2.73684 2 1 1.72865 0.199081 
4 -2.31579 2 1 1.9302 0.216808 
4 -1.89474 2 1 2.20506 0.240983 
4 -1.47368 2 1 2.60215 0.275909 
4 -1.05263 2 1 3.22631 0.330807 
4 -0.631579 2 1 4.35025 0.429663 
4 -0.210526 2 1 6.97513 0.660534 
4 0.210526 2 1 20.1489 1.81923 
-4 -4 2 1 -0.261683 0.230261 
-3.57895 -4 2 1 -0.211642 0.228276 
-3.15789 -4 2 1 -0.159258 0.226199 
-2.73684 -4 2 1 -0.104363 0.224022 
-2.31579 -4 2 1 -0.0467727 0.221737 
-1.89474 -4 2 1 0.0137175 0.219338 
-1.47368 -4 2 1 0.0773319 0.216815 
-1.05263 -4 2 1 0.144319 0.214158 
-0.631579 -4 2 1 0.214954 0.211357 
-0.210526 -4 2 1 0.289544 0.208398 
0.210526 -4 2 1 0.36843 0.20527 
0.631579 -4 2 1 0.451994 0.201955 
1.05263 -4 2 1 0.540666 0.198438 
1.47368 -4 2 1 0.634928 0.1947 
1.89474 -4 2 1 0.735325 0.190718 
2.31579 -4 2 1 0.842479 0.186468 
2.73684 -4 2 1 0.957093 0.181922 
3.15789 -4 2 1 1.07998 0.177048 
3.57895 -4 2 1 1.21206 0.17181 
4 -4 2 1 1.3544 0.166164 
-4 -4 6 1 -0.231441 0.846548 
-4 -3.57895 6 1 -0.271985 0.894079 
-4 -3.15789 6 1 -0.317917 0.947929 
-4 -2.73684 6 1 -0.370391 1.00945 
-4 -2.31579 6 1 -0.430909 1.0804 
-4 -1.89474 6 1 -0.501476 1.16313 
-4 -1.47368 6 1 -0.584821 1.26084 
-4 -1.05263 6 1 -0.68476 1.37801 
-4 -0.631579 6 1 -0.806797 1.52108 
-4 -0.210526 6 1 -0.959172 1.69972 
-4 0.210526 6 1 -1.1548 1.92907 
-4 0.631579 6 1 -1.41516 2.23431 
-4 1.05263 6 1 -1.77873 2.66054 
-4 1.47368 6 1 -2.32205 3.29752 
-4 1.89474 6 1 -3.22223 4.35286 
-4 2.31579 6 1 -5.00272 6.44027 
-4 2.73684 6 1 -10.1905 12.5223 
-4 3.15789 6 1 -245.404 288.28 
4 -4 6 1 1.6197 1.28843 
4 -3.57895 6 1 1.76451 1.43371 
4 -3.15789 6 1 1.94903 1.61883 
4 -2.73684 6 1 2.19222 1.86281 
4 -2.31579 6 1 2.52732 2.199 
4 -1.89474 6 1 3.0186 2.69188 
4 -1.47368 6 1 3.80841 3.48425 
4 -1.05263 6 1 5.2876 4.96826 
4 -0.631579 6 1 9.05775 8.75067 
4 -0.210526 6 1 38.7097 38.4991 
-4 -4 6 1 -0.231441 0.846548 
-3.57895 -4 6 1 -0.17703 0.859536 
-3.15789 -4 6 1 -0.119882 0.873178 
-2.73684 -4 6 1 -0.0597862 0.887523 
-2.31579 -4 6 1 0.0034922 0.902628 
-1.89474 -4 6 1 0.0702127 0.918555 
-1.47368 -4 6 1 0.140664 0.935372 
-1.05263 -4 6 1 0.215168 0.953157 
-0.631579 -4 6 1 0.294085 0.971995 
-0.210526 -4 6 1 0.377818 0.991982 
0.210526 -4 6 1 0.466823 1.01323 
0.631579 -4 6 1 0.561614 1.03586 
1.05263 -4 6 1 0.662773 1.06 
1.47368 -4 6 1 0.770966 1.08583 
1.89474 -4 6 1 0.88695 1.11352 
2.31579 -4 6 1 1.0116 1.14327 
2.73684 -4 6 1 1.14593 1.17534 
3.15789 -4 6 1 1.2911 1.20999 
3.57895 -4 6 1 1.44849 1.24756 
4 -4 6 1 1.6197 1.28843 
