-4 -4 2 1 -0.148197 0.167575 
-4 -3.57895 2 1 -0.18611 0.177289 
-4 -3.15789 2 1 -0.228195 0.188072 
-4 -2.73684 2 1 -0.275181 0.200111 
-4 -2.31579 2 1 -0.327978 0.213639 
-4 -1.89474 2 1 -0.387733 0.22895 
-4 -1.47368 2 1 -0.455921 0.246421 
-4 -1.05263 2 1 -0.534461 0.266545 
-4 -0.631579 2 1 -0.625904 0.289975 
-4 -0.210526 2 1 -0.733715 0.317598 
-4 0.210526 2 1 -0.862721 0.350653 
-4 0.631579 2 1 -1.01985 0.390913 
-4 1.05263 2 1 -1.21543 0.441025 
-4 1.47368 2 1 -1.46554 0.505109 
-4 1.89474 2 1 -1.79668 0.589953 
-4 2.31579 2 1 -2.25582 0.707597 
-4 2.73684 2 1 -2.935 0.881617 
-4 3.15789 2 1 -4.0422 1.16531 
-4 3.57895 2 1 -6.16821 1.71004 
-4 4 2 1 -11.9175 3.18315 
4 -4 2 1 1.72663 0.119598 
4 -3.57895 2 1 1.86655 0.136453 
4 -3.15789 2 1 2.04532 0.157988 
4 -2.73684 2 1 2.28172 0.186465 
4 -2.31579 2 1 2.60897 0.225886 
4 -1.89474 2 1 3.09192 0.284063 
4 -1.47368 2 1 3.87636 0.378556 
4 -1.05263 2 1 5.37266 0.558801 
4 -0.631579 2 1 9.35483 1.0385 
4 -0.210526 2 1 52.4065 6.22453 
-4 -4 2 1 -0.148197 0.167575 
-3.57895 -4 2 1 -0.101851 0.166389 
-3.15789 -4 2 1 -0.0526924 0.165131 
-2.73684 -4 2 1 -0.000455253 0.163794 
-2.31579 -4 2 1 0.0551584 0.162371 
-1.89474 -4 2 1 0.114487 0.160853 
-1.47368 -4 2 1 0.177915 0.15923 
-1.05263 -4 2 1 0.245884 0.15749 
-0.631579 -4 2 1 0.318898 0.155622 
-0.210526 -4 2 1 0.397541 0.15361 
0.210526 -4 2 1 0.48249 0.151436 
0.631579 -4 2 1 0.574536 0.14908 
1.05263 -4 2 1 0.674606 0.146519 
1.47368 -4 2 1 0.783798 0.143725 
1.89474 -4 2 1 0.903418 0.140664 
2.31579 -4 2 1 1.03503 0.137296 
2.73684 -4 2 1 1.18055 0.133572 
3.15789 -4 2 1 1.34228 0.129433 
3.57895 -4 2 1 1.52311 0.124806 
4 -4 2 1 1.72663 0.119598 
-4 4 2 1 -11.9175 3.18315 
-3.57895 4 2 1 -21.792 6.06455 
-3.15789 4 2 1 -637.619 185.765 
-4 -4 6 1 -0.0969118 0.723729 
-4 -3.57895 6 1 -0.132936 0.763313 
-4 -3.15789 6 1 -0.173018 0.807356 
-4 -2.73684 6 1 -0.217884 0.856656 
-4 -2.31579 6 1 -0.268445 0.912214 
-4 -1.89474 6 1 -0.32586 0.975303 
-4 -1.47368 6 1 -0.391624 1.04757 
-4 -1.05263 6 1 -0.467698 1.13116 
-4 -0.631579 6 1 -0.556716 1.22897 
-4 -0.210526 6 1 -0.662287 1.34498 
-4 0.210526 6 1 -0.789502 1.48476 
-4 0.631579 6 1 -0.945778 1.65648 
-4 1.05263 6 1 -1.14236 1.87249 
-4 1.47368 6 1 -1.39713 2.15244 
-4 1.89474 6 1 -1.74045 2.52969 
-4 2.31579 6 1 -2.22816 3.0656 
-4 2.73684 6 1 -2.97562 3.88693 
-4 3.15789 6 1 -4.26566 5.30445 
-4 3.57895 6 1 -7.02564 8.33718 
-4 4 6 1 -17.0946 19.4012 
4 -4 6 1 1.93121 1.36788 
4 -3.57895 6 1 2.10493 1.54598 
4 -3.15789 6 1 2.32985 1.77656 
4 -2.73684 6 1 2.63252 2.08686 
4 -2.31579 6 1 3.06168 2.52684 
4 -1.89474 6 1 3.71758 3.19926 
4 -1.47368 6 1 4.84441 4.35449 
4 -1.05263 6 1 7.23341 6.80367 
4 -0.631579 6 1 15.7047 15.4884 
-4 -4 6 1 -0.0969118 0.723729 
-3.57895 -4 6 1 -0.0480117 0.73926 
-3.15789 -4 6 1 0.00392397 0.755755 
-2.73684 -4 6 1 0.0591871 0.773307 
-2.31579 -4 6 1 0.118108 0.792021 
-1.89474 -4 6 1 0.181062 0.812016 
-1.47368 -4 6 1 0.248478 0.833428 
-1.05263 -4 6 1 0.320849 0.856414 
-0.631579 -4 6 1 0.39874 0.881153 
-0.210526 -4 6 1 0.482809 0.907854 
0.210526 -4 6 1 0.57382 0.93676 
0.631579 -4 6 1 0.672672 0.968157 
1.05263 -4 6 1 0.780423 1.00238 
1.47368 -4 6 1 0.898331 1.03983 
1.89474 -4 6 1 1.0279 1.08098 
2.31579 -4 6 1 1.17096 1.12642 
2.73684 -4 6 1 1.32972 1.17684 
3.15789 -4 6 1 1.50693 1.23313 
3.57895 -4 6 1 1.70599 1.29635 
4 -4 6 1 1.93121 1.36788 
-4 4 6 1 -17.0946 19.4012 
-3.57895 4 6 1 -66.9937 81.6993 
