-4 -4 2 1 0.705954 0.0142432 
-4 -3.57895 2 1 0.632542 0.00682634 
-4 -3.15789 2 1 0.558899 -0.000613821 
-4 -2.73684 2 1 0.485024 -0.0080774 
-4 -2.31579 2 1 0.410916 -0.0155645 
-4 -1.89474 2 1 0.336574 -0.0230752 
-4 -1.47368 2 1 0.261997 -0.0306097 
-4 -1.05263 2 1 0.187184 -0.0381681 
-4 -0.631579 2 1 0.112134 -0.0457504 
-4 -0.210526 2 1 0.0368454 -0.0533568 
-4 0.210526 2 1 -0.0386829 -0.0609874 
-4 0.631579 2 1 -0.114452 -0.0686424 
-4 1.05263 2 1 -0.190463 -0.0763218 
-4 1.47368 2 1 -0.266717 -0.0840257 
-4 1.89474 2 1 -0.343215 -0.0917543 
-4 2.31579 2 1 -0.419958 -0.0995077 
-4 2.73684 2 1 -0.496949 -0.107286 
-4 3.15789 2 1 -0.574186 -0.115089 
-4 3.57895 2 1 -0.651673 -0.122918 
-4 4 2 1 -0.72941 -0.130772 
-4 -4 2 1 0.705954 0.0142432 
-3.57895 -4 2 1 0.764578 0.0166341 
-3.15789 -4 2 1 0.83351 0.0194455 
-2.73684 -4 2 1 0.915729 0.0227987 
-2.31579 -4 2 1 1.01549 0.0268674 
-1.89474 -4 2 1 1.13907 0.0319076 
-1.47368 -4 2 1 1.29617 0.0383147 
-1.05263 -4 2 1 1.50255 0.0467319 
-0.631579 -4 2 1 1.78573 0.058281 
-0.210526 -4 2 1 2.19835 0.0751098 
0.210526 -4 2 1 2.8555 0.101911 
0.631579 -4 2 1 4.06603 0.151282 
1.05263 -4 2 1 7.03732 0.272464 
1.47368 -4 2 1 25.8553 1.03995 
-4 4 2 1 -0.72941 -0.130772 
-3.57895 4 2 1 -0.788681 -0.140409 
-3.15789 4 2 1 -0.858752 -0.151802 
-2.73684 4 2 1 -0.942869 -0.165479 
-2.31579 4 2 1 -1.04573 -0.182204 
-1.89474 4 2 1 -1.17437 -0.203121 
-1.47368 4 2 1 -1.33989 -0.230035 
-1.05263 4 2 1 -1.5608 -0.265954 
-0.631579 4 2 1 -1.87048 -0.316307 
-0.210526 4 2 1 -2.3359 -0.391983 
0.210526 4 2 1 -3.11399 -0.518499 
0.631579 4 2 1 -4.67922 -0.773001 
1.05263 4 2 1 -9.44856 -1.54848 
-4 -4 6 1 0.62923 0.714383 
-4 -3.57895 6 1 0.556388 0.708124 
-4 -3.15789 6 1 0.483319 0.701845 
-4 -2.73684 6 1 0.410022 0.695547 
-4 -2.31579 6 1 0.336496 0.689229 
-4 -1.89474 6 1 0.262741 0.682891 
-4 -1.47368 6 1 0.188754 0.676534 
-4 -1.05263 6 1 0.114536 0.670156 
-4 -0.631579 6 1 0.0400838 0.663758 
-4 -0.210526 6 1 -0.0346023 0.657341 
-4 0.210526 6 1 -0.109524 0.650903 
-4 0.631579 6 1 -0.184682 0.644444 
-4 1.05263 6 1 -0.260077 0.637966 
-4 1.47368 6 1 -0.335712 0.631466 
-4 1.89474 6 1 -0.411586 0.624947 
-4 2.31579 6 1 -0.487702 0.618406 
-4 2.73684 6 1 -0.564059 0.611845 
-4 3.15789 6 1 -0.64066 0.605263 
-4 3.57895 6 1 -0.717505 0.598659 
-4 4 6 1 -0.794596 0.592035 
-4 -4 6 1 0.62923 0.714383 
-3.57895 -4 6 1 0.681123 0.772754 
-3.15789 -4 6 1 0.74204 0.841275 
-2.73684 -4 6 1 0.814558 0.922845 
-2.31579 -4 6 1 0.90234 1.02159 
-1.89474 -4 6 1 1.01077 1.14355 
-1.47368 -4 6 1 1.14812 1.29804 
-1.05263 -4 6 1 1.32771 1.50005 
-0.631579 -4 6 1 1.57259 1.77549 
-0.210526 -4 6 1 1.92626 2.17332 
0.210526 -4 6 1 2.48194 2.79836 
0.631579 -4 6 1 3.48188 3.92312 
1.05263 -4 6 1 5.81363 6.54594 
1.47368 -4 6 1 17.4424 19.6263 
-4 4 6 1 -0.794596 0.592035 
-3.57895 4 6 1 -0.858633 0.642217 
-3.15789 4 6 1 -0.934205 0.701437 
-2.73684 4 6 1 -1.02474 0.77238 
-2.31579 4 6 1 -1.13515 0.858909 
-1.89474 4 6 1 -1.27283 0.966793 
-1.47368 4 6 1 -1.44926 1.10505 
-1.05263 4 6 1 -1.6835 1.28861 
-0.631579 4 6 1 -2.00954 1.54411 
-0.210526 4 6 1 -2.49449 1.92413 
0.210526 4 6 1 -3.29194 2.54904 
0.631579 4 6 1 -4.84755 3.76807 
1.05263 4 6 1 -9.22227 7.19626 
1.47368 4 6 1 -98.0351 76.7932 
