-0.317061 -0.281651 -0.256006 0.277303 20 
-0.26802 -0.288981 -0.209543 0.284687 21 
-0.216203 -0.296727 -0.160675 0.292453 22 
-0.161365 -0.304924 -0.109211 0.300632 23 
-0.103236 -0.313613 -0.0549383 0.309257 24 
-0.0415086 -0.32284 0.00237977 0.318366 25 
0.0241607 -0.332657 0.0630068 0.328002 26 
0.0941624 -0.34312 0.127238 0.338209 27 
0.16894 -0.354298 0.195404 0.349043 28 
0.248999 -0.366265 0.267879 0.360561 29 
0.334919 -0.379109 0.345083 0.37283 30 
0.42737 -0.392928 0.427496 0.385928 31 
0.527124 -0.407839 0.515664 0.39994 32 
0.635083 -0.423977 0.61021 0.414966 33 
0.752303 -0.441499 0.711853 0.431119 34 
0.880028 -0.460591 0.821423 0.448533 35 
1.01974 -0.481475 0.939886 0.467359 36 
1.1732 -0.504415 1.06837 0.487778 37 
1.34255 -0.529729 1.2082 0.510001 38 
1.5304 -0.557808 1.36095 0.534277 39 
-365.274 -45.0545 -8.27191 5.31633 41 
-13.3231 -1.87722 -4.96785 3.23931 42 
-6.55522 -1.04695 -3.47512 2.30093 43 
-4.24106 -0.763047 -2.62466 1.76631 44 
-3.07275 -0.619719 -2.07535 1.42099 45 
-2.36813 -0.533276 -1.69128 1.17956 46 
-1.89685 -0.47546 -1.40765 1.00126 47 
-1.55948 -0.434071 -1.18961 0.864194 48 
-1.30604 -0.402978 -1.01677 0.755541 49 
-1.10867 -0.378766 -0.876394 0.667296 50 
-0.950623 -0.359376 -0.76012 0.594203 51 
-0.82121 -0.3435 -0.662231 0.532667 52 
-0.713295 -0.330261 -0.578687 0.480149 53 
-0.621933 -0.319053 -0.50655 0.434801 54 
-0.543586 -0.309441 -0.443632 0.39525 55 
-0.475658 -0.301108 -0.388273 0.360449 56 
-0.4162 -0.293813 -0.339188 0.329593 57 
-0.363721 -0.287375 -0.295367 0.302046 58 
-0.317061 -0.281651 -0.256006 0.277303 59 
11.3859 -4.05739 4.22852 2.86739 71 
5.5033 -1.96854 3.14558 1.98629 72 
3.74267 -1.34336 2.54791 1.50001 73 
2.89564 -1.04259 2.16903 1.19175 74 
2.3976 -0.86574 1.90739 0.978874 75 
2.0697 -0.749307 1.71587 0.823046 76 
1.83748 -0.666849 1.56961 0.704043 77 
1.66439 -0.605387 1.45425 0.61019 78 
1.5304 -0.557808 1.36095 0.534277 79 
