-4 -4 2 1 -0.120708 0.0998623 
-4 -3.57895 2 1 -0.158619 0.107486 
-4 -3.15789 2 1 -0.200548 0.115918 
-4 -2.73684 2 1 -0.247168 0.125293 
-4 -2.31579 2 1 -0.299315 0.135779 
-4 -1.89474 2 1 -0.358033 0.147587 
-4 -1.47368 2 1 -0.424647 0.160982 
-4 -1.05263 2 1 -0.500866 0.176309 
-4 -0.631579 2 1 -0.588926 0.194018 
-4 -0.210526 2 1 -0.691821 0.214709 
-4 0.210526 2 1 -0.813644 0.239207 
-4 0.631579 2 1 -0.960147 0.268668 
-4 1.05263 2 1 -1.13968 0.30477 
-4 1.47368 2 1 -1.36481 0.350043 
-4 1.89474 2 1 -1.65548 0.408493 
-4 2.31579 2 1 -2.04513 0.48685 
-4 2.73684 2 1 -2.59474 0.597372 
-4 3.15789 2 1 -3.42822 0.764979 
-4 3.57895 2 1 -4.84207 1.04929 
-4 4 2 1 -7.76627 1.63733 
4 -4 2 1 1.85755 0.00573303 
4 -3.57895 2 1 2.01429 0.0130745 
4 -3.15789 2 1 2.21704 0.0225705 
4 -2.73684 2 1 2.48953 0.035333 
4 -2.31579 2 1 2.87522 0.0533972 
4 -1.89474 2 1 3.46313 0.080933 
4 -1.47368 2 1 4.46883 0.128036 
4 -1.05263 2 1 6.58307 0.22706 
4 -0.631579 2 1 13.8893 0.569256 
-4 -4 2 1 -0.120708 0.0998623 
-3.57895 -4 2 1 -0.0753595 0.0977046 
-3.15789 -4 2 1 -0.0270746 0.0954071 
-2.73684 -4 2 1 0.0244411 0.0929558 
-2.31579 -4 2 1 0.0795232 0.0903349 
-1.89474 -4 2 1 0.138555 0.0875261 
-1.47368 -4 2 1 0.201978 0.0845083 
-1.05263 -4 2 1 0.270301 0.0812573 
-0.631579 -4 2 1 0.344113 0.0777452 
-0.210526 -4 2 1 0.424106 0.073939 
0.210526 -4 2 1 0.511087 0.0698002 
0.631579 -4 2 1 0.606016 0.0652833 
1.05263 -4 2 1 0.710034 0.060334 
1.47368 -4 2 1 0.824512 0.0548869 
1.89474 -4 2 1 0.95111 0.0488631 
2.31579 -4 2 1 1.09186 0.0421658 
2.73684 -4 2 1 1.24928 0.0346755 
3.15789 -4 2 1 1.42652 0.0262423 
3.57895 -4 2 1 1.62756 0.0166764 
4 -4 2 1 1.85755 0.00573303 
-4 4 2 1 -7.76627 1.63733 
-3.57895 4 2 1 -10.9452 2.39044 
-3.15789 4 2 1 -20.8159 4.72881 
-4 -4 6 1 -0.0674067 0.640277 
-4 -3.57895 6 1 -0.10287 0.675327 
-4 -3.15789 6 1 -0.142118 0.714117 
-4 -2.73684 6 1 -0.18579 0.75728 
-4 -2.31579 6 1 -0.23468 0.8056 
-4 -1.89474 6 1 -0.289781 0.860059 
-4 -1.47368 6 1 -0.352359 0.921907 
-4 -1.05263 6 1 -0.424045 0.992758 
-4 -0.631579 6 1 -0.506984 1.07473 
-4 -0.210526 6 1 -0.604051 1.17067 
-4 0.210526 6 1 -0.719193 1.28446 
-4 0.631579 6 1 -0.857975 1.42163 
-4 1.05263 6 1 -1.02851 1.59018 
-4 1.47368 6 1 -1.24311 1.80228 
-4 1.89474 6 1 -1.52138 2.0773 
-4 2.31579 6 1 -1.8966 2.44814 
-4 2.73684 6 1 -2.4301 2.97543 
-4 3.15789 6 1 -3.24884 3.78462 
-4 3.57895 6 1 -4.665 5.18428 
-4 4 6 1 -7.70815 8.19195 
4 -4 6 1 2.01479 1.29517 
4 -3.57895 6 1 2.19468 1.47047 
4 -3.15789 6 1 2.42841 1.69822 
4 -2.73684 6 1 2.74439 2.00613 
4 -2.31579 6 1 3.19532 2.44553 
4 -1.89474 6 1 3.89111 3.12355 
4 -1.47368 6 1 5.10556 4.30696 
4 -1.05263 6 1 7.76314 6.89663 
4 -0.631579 6 1 18.202 17.0687 
-4 -4 6 1 -0.0674067 0.640277 
-3.57895 -4 6 1 -0.0200794 0.655162 
-3.15789 -4 6 1 0.0303328 0.671018 
-2.73684 -4 6 1 0.0841418 0.687942 
-2.31579 -4 6 1 0.141703 0.706046 
-1.89474 -4 6 1 0.203423 0.725458 
-1.47368 -4 6 1 0.269769 0.746325 
-1.05263 -4 6 1 0.341282 0.768818 
-0.631579 -4 6 1 0.418589 0.793133 
-0.210526 -4 6 1 0.502425 0.819501 
0.210526 -4 6 1 0.593653 0.848194 
0.631579 -4 6 1 0.693297 0.879534 
1.05263 -4 6 1 0.802576 0.913904 
1.47368 -4 6 1 0.922959 0.951767 
1.89474 -4 6 1 1.05623 0.993684 
2.31579 -4 6 1 1.20457 1.04034 
2.73684 -4 6 1 1.3707 1.09259 
3.15789 -4 6 1 1.55802 1.15151 
3.57895 -4 6 1 1.77085 1.21845 
4 -4 6 1 2.01479 1.29517 
-4 4 6 1 -7.70815 8.19195 
-3.57895 4 6 1 -11.2313 12.7947 
-3.15789 4 6 1 -24.2362 29.7849 
