-4 -1.89474 2 1 26.0647 -2.24544 
-4 -1.47368 2 1 7.03359 -0.701739 
-4 -1.05263 2 1 4.06177 -0.46068 
-4 -0.631579 2 1 2.85358 -0.362678 
-4 -0.210526 2 1 2.19832 -0.309527 
-4 0.210526 2 1 1.78711 -0.276171 
-4 0.631579 2 1 1.505 -0.253288 
-4 1.05263 2 1 1.29945 -0.236615 
-4 1.47368 2 1 1.14301 -0.223925 
-4 1.89474 2 1 1.01996 -0.213944 
-4 2.31579 2 1 0.920645 -0.205888 
-4 2.73684 2 1 0.838799 -0.199249 
-4 3.15789 2 1 0.770186 -0.193684 
-4 3.57895 2 1 0.711836 -0.188951 
-4 4 2 1 0.661607 -0.184877 
4 -1.89474 2 1 -25.5956 1.68681 
4 -1.47368 2 1 -6.91431 0.359976 
4 -1.05263 2 1 -4.00057 0.153029 
4 -0.631579 2 1 -2.81627 0.068914 
4 -0.210526 2 1 -2.17403 0.0232994 
4 0.210526 2 1 -1.771 -0.00532525 
4 0.631579 2 1 -1.49453 -0.024962 
4 1.05263 2 1 -1.29308 -0.0392696 
4 1.47368 2 1 -1.13977 -0.0501582 
4 1.89474 2 1 -1.01919 -0.0587226 
4 2.31579 2 1 -0.921863 -0.0656352 
4 2.73684 2 1 -0.841657 -0.0713318 
4 3.15789 2 1 -0.774419 -0.0761073 
4 3.57895 2 1 -0.717239 -0.0801685 
4 4 2 1 -0.668018 -0.0836644 
-4 4 2 1 0.661607 -0.184877 
-3.57895 4 2 1 0.59163 -0.17955 
-3.15789 4 2 1 0.521651 -0.174223 
-2.73684 4 2 1 0.451673 -0.168896 
-2.31579 4 2 1 0.381694 -0.163569 
-1.89474 4 2 1 0.311715 -0.158243 
-1.47368 4 2 1 0.241736 -0.152916 
-1.05263 4 2 1 0.171756 -0.147589 
-0.631579 4 2 1 0.101777 -0.142262 
-0.210526 4 2 1 0.0317967 -0.136935 
0.210526 4 2 1 -0.0381837 -0.131608 
0.631579 4 2 1 -0.108164 -0.126281 
1.05263 4 2 1 -0.178145 -0.120954 
1.47368 4 2 1 -0.248126 -0.115627 
1.89474 4 2 1 -0.318108 -0.1103 
2.31579 4 2 1 -0.388089 -0.104973 
2.73684 4 2 1 -0.458071 -0.0996457 
3.15789 4 2 1 -0.528053 -0.0943186 
3.57895 4 2 1 -0.598036 -0.0889915 
4 4 2 1 -0.668018 -0.0836644 
-4 -2.31579 6 1 16.9422 14.3206 
-4 -1.89474 6 1 6.42948 5.35896 
-4 -1.47368 6 1 3.96466 3.2578 
-4 -1.05263 6 1 2.86443 2.3199 
-4 -0.631579 6 1 2.24127 1.78867 
-4 -0.210526 6 1 1.84016 1.44675 
-4 0.210526 6 1 1.56037 1.20824 
-4 0.631579 6 1 1.35409 1.03239 
-4 1.05263 6 1 1.19571 0.89738 
-4 1.47368 6 1 1.07029 0.790459 
-4 1.89474 6 1 0.968496 0.703688 
-4 2.31579 6 1 0.884238 0.631861 
-4 2.73684 6 1 0.813341 0.571424 
-4 3.15789 6 1 0.75286 0.519867 
-4 3.57895 6 1 0.700658 0.475366 
-4 4 6 1 0.655142 0.436566 
4 -2.31579 6 1 -14.2623 16.7093 
4 -1.89474 6 1 -5.42098 6.26296 
4 -1.47368 6 1 -3.34939 3.81529 
4 -1.05263 6 1 -2.42486 2.72291 
4 -0.631579 6 1 -1.90125 2.10424 
4 -0.210526 6 1 -1.56424 1.70605 
4 0.210526 6 1 -1.32917 1.42831 
4 0.631579 6 1 -1.15586 1.22354 
4 1.05263 6 1 -1.0228 1.06632 
4 1.47368 6 1 -0.917431 0.94182 
4 1.89474 6 1 -0.831917 0.840781 
4 2.31579 6 1 -0.761131 0.757145 
4 2.73684 6 1 -0.701571 0.686772 
4 3.15789 6 1 -0.650761 0.626739 
4 3.57895 6 1 -0.606907 0.574922 
4 4 6 1 -0.56867 0.529744 
-4 4 6 1 0.655142 0.436566 
-3.57895 4 6 1 0.590733 0.44147 
-3.15789 4 6 1 0.526324 0.446374 
-2.73684 4 6 1 0.461914 0.451278 
-2.31579 4 6 1 0.397504 0.456182 
-1.89474 4 6 1 0.333094 0.461086 
-1.47368 4 6 1 0.268684 0.46599 
-1.05263 4 6 1 0.204273 0.470894 
-0.631579 4 6 1 0.139863 0.475798 
-0.210526 4 6 1 0.0754519 0.480702 
0.210526 4 6 1 0.0110407 0.485606 
0.631579 4 6 1 -0.0533707 0.49051 
1.05263 4 6 1 -0.117782 0.495414 
1.47368 4 6 1 -0.182194 0.500319 
1.89474 4 6 1 -0.246606 0.505223 
2.31579 4 6 1 -0.311019 0.510127 
2.73684 4 6 1 -0.375431 0.515031 
3.15789 4 6 1 -0.439844 0.519935 
3.57895 4 6 1 -0.504257 0.52484 
4 4 6 1 -0.56867 0.529744 
