-4 -0.631579 2 1 62.5152 9.92144 
-4 -0.210526 2 1 8.6529 1.16138 
-4 0.210526 2 1 4.8186 0.537778 
-4 0.631579 2 1 3.41623 0.3097 
-4 1.05263 2 1 2.68917 0.191453 
-4 1.47368 2 1 2.24428 0.119097 
-4 1.89474 2 1 1.944 0.070259 
-4 2.31579 2 1 1.72767 0.0350758 
-4 2.73684 2 1 1.56441 0.00852299 
-4 3.15789 2 1 1.43682 -0.012228 
-4 3.57895 2 1 1.33436 -0.0288914 
-4 4 2 1 1.25027 -0.0425668 
4 -3.57895 2 1 -27.9991 1.80111 
4 -3.15789 2 1 -8.36463 0.430271 
4 -2.73684 2 1 -4.7831 0.180216 
4 -2.31579 2 1 -3.28011 0.0752797 
4 -1.89474 2 1 -2.45319 0.017546 
4 -1.47368 2 1 -1.92994 -0.0189863 
4 -1.05263 2 1 -1.56904 -0.0441841 
4 -0.631579 2 1 -1.30507 -0.062614 
4 -0.210526 2 1 -1.1036 -0.0766798 
4 0.210526 2 1 -0.944794 -0.0877675 
4 0.631579 2 1 -0.81639 -0.0967324 
4 1.05263 2 1 -0.710422 -0.104131 
4 1.47368 2 1 -0.621483 -0.11034 
4 1.89474 2 1 -0.545772 -0.115626 
4 2.31579 2 1 -0.480543 -0.120181 
4 2.73684 2 1 -0.42376 -0.124145 
4 3.15789 2 1 -0.373882 -0.127627 
4 3.57895 2 1 -0.329723 -0.130711 
4 4 2 1 -0.290351 -0.133459 
-4 4 2 1 1.25027 -0.0425668 
-3.57895 4 2 1 1.12063 -0.0502154 
-3.15789 4 2 1 0.999335 -0.0573715 
-2.73684 4 2 1 0.885607 -0.0640812 
-2.31579 4 2 1 0.778759 -0.0703849 
-1.89474 4 2 1 0.678186 -0.0763184 
-1.47368 4 2 1 0.583351 -0.0819134 
-1.05263 4 2 1 0.493776 -0.0871981 
-0.631579 4 2 1 0.409036 -0.0921975 
-0.210526 4 2 1 0.328749 -0.0969343 
0.210526 4 2 1 0.252573 -0.101428 
0.631579 4 2 1 0.1802 -0.105698 
1.05263 4 2 1 0.111353 -0.10976 
1.47368 4 2 1 0.04578 -0.113629 
1.89474 4 2 1 -0.0167473 -0.117318 
2.31579 4 2 1 -0.0764361 -0.120839 
2.73684 4 2 1 -0.133475 -0.124204 
3.15789 4 2 1 -0.188038 -0.127423 
3.57895 4 2 1 -0.240281 -0.130505 
4 4 2 1 -0.290351 -0.133459 
-4 -1.47368 6 1 71.1883 101.135 
-4 -1.05263 6 1 7.93595 10.6089 
-4 -0.631579 6 1 4.37827 5.51722 
-4 -0.210526 6 1 3.10175 3.69026 
-4 0.210526 6 1 2.44501 2.75035 
-4 0.631579 6 1 2.04486 2.17765 
-4 1.05263 6 1 1.77549 1.79213 
-4 1.47368 6 1 1.5818 1.51492 
-4 1.89474 6 1 1.43581 1.30599 
-4 2.31579 6 1 1.32185 1.14288 
-4 2.73684 6 1 1.23041 1.01201 
-4 3.15789 6 1 1.15541 0.90468 
-4 3.57895 6 1 1.0928 0.815062 
-4 4 6 1 1.03972 0.739106 
4 -4 6 1 -9.34369 7.9004 
4 -3.57895 6 1 -5.30566 4.5499 
4 -3.15789 6 1 -3.6345 3.16328 
4 -2.73684 6 1 -2.72087 2.40521 
4 -2.31579 6 1 -2.14487 1.92728 
4 -1.89474 6 1 -1.74852 1.59842 
4 -1.47368 6 1 -1.45912 1.35829 
4 -1.05263 6 1 -1.23853 1.17526 
4 -0.631579 6 1 -1.06481 1.03112 
4 -0.210526 6 1 -0.924459 0.914663 
4 0.210526 6 1 -0.808706 0.818618 
4 0.631579 6 1 -0.711603 0.738049 
4 1.05263 6 1 -0.628981 0.669494 
4 1.47368 6 1 -0.557824 0.610453 
4 1.89474 6 1 -0.495901 0.559073 
4 2.31579 6 1 -0.441524 0.513954 
4 2.73684 6 1 -0.393393 0.474018 
4 3.15789 6 1 -0.350491 0.43842 
4 3.57895 6 1 -0.312008 0.40649 
4 4 6 1 -0.277296 0.377688 
2.73684 -4 6 1 -38.9359 44.0129 
3.15789 -4 6 1 -17.3216 17.6361 
3.57895 -4 6 1 -11.8436 10.9512 
4 -4 6 1 -9.34369 7.9004 
-4 4 6 1 1.03972 0.739106 
-3.57895 4 6 1 0.93494 0.710351 
-3.15789 4 6 1 0.835948 0.683186 
-2.73684 4 6 1 0.742282 0.657482 
-2.31579 4 6 1 0.653522 0.633124 
-1.89474 4 6 1 0.569293 0.61001 
-1.47368 4 6 1 0.489257 0.588046 
-1.05263 4 6 1 0.413108 0.56715 
-0.631579 4 6 1 0.34057 0.547244 
-0.210526 4 6 1 0.271392 0.52826 
0.210526 4 6 1 0.205346 0.510135 
0.631579 4 6 1 0.142223 0.492813 
1.05263 4 6 1 0.081834 0.476241 
1.47368 4 6 1 0.0240051 0.460371 
1.89474 4 6 1 -0.0314232 0.445161 
2.31579 4 6 1 -0.0845974 0.430569 
2.73684 4 6 1 -0.135652 0.416558 
3.15789 4 6 1 -0.184712 0.403095 
3.57895 4 6 1 -0.231891 0.390148 
4 4 6 1 -0.277296 0.377688 
