-4 -4 2 1 -13.6883 -1.0327 
-4 -3.57895 2 1 -27.7568 -2.06433 
4 -4 2 1 -0.202748 -0.261915 
4 -3.57895 2 1 -0.157241 -0.265819 
4 -3.15789 2 1 -0.108608 -0.269992 
4 -2.73684 2 1 -0.0565161 -0.274462 
4 -2.31579 2 1 -0.000582397 -0.279261 
4 -1.89474 2 1 0.0596344 -0.284428 
4 -1.47368 2 1 0.124646 -0.290006 
4 -1.05263 2 1 0.195048 -0.296047 
4 -0.631579 2 1 0.271541 -0.302611 
4 -0.210526 2 1 0.354951 -0.309768 
4 0.210526 2 1 0.446259 -0.317602 
4 0.631579 2 1 0.546645 -0.326216 
4 1.05263 2 1 0.657533 -0.33573 
4 1.47368 2 1 0.78066 -0.346295 
4 1.89474 2 1 0.918173 -0.358094 
4 2.31579 2 1 1.07275 -0.371357 
4 2.73684 2 1 1.24777 -0.386375 
4 3.15789 2 1 1.44759 -0.40352 
4 3.57895 2 1 1.67787 -0.423279 
4 4 2 1 1.94616 -0.446299 
-4 -4 2 1 -13.6883 -1.0327 
-3.57895 -4 2 1 -7.19412 -0.661514 
-3.15789 -4 2 1 -4.74784 -0.521694 
-2.73684 -4 2 1 -3.46407 -0.448319 
-2.31579 -4 2 1 -2.67323 -0.403118 
-1.89474 -4 2 1 -2.13715 -0.372478 
-1.47368 -4 2 1 -1.7498 -0.350338 
-1.05263 -4 2 1 -1.45683 -0.333593 
-0.631579 -4 2 1 -1.22749 -0.320485 
-0.210526 -4 2 1 -1.04307 -0.309945 
0.210526 -4 2 1 -0.891567 -0.301285 
0.631579 -4 2 1 -0.76488 -0.294044 
1.05263 -4 2 1 -0.657375 -0.2879 
1.47368 -4 2 1 -0.565003 -0.28262 
1.89474 -4 2 1 -0.484778 -0.278035 
2.31579 -4 2 1 -0.414452 -0.274015 
2.73684 -4 2 1 -0.352299 -0.270463 
3.15789 -4 2 1 -0.296973 -0.2673 
3.57895 -4 2 1 -0.247408 -0.264467 
4 -4 2 1 -0.202748 -0.261915 
1.05263 4 2 1 12.3355 -2.32465 
1.47368 4 2 1 6.08885 -1.19528 
1.89474 4 2 1 4.19547 -0.852967 
2.31579 4 2 1 3.28062 -0.687565 
2.73684 4 2 1 2.74149 -0.590092 
3.15789 4 2 1 2.38605 -0.52583 
3.57895 4 2 1 2.13409 -0.480276 
4 4 2 1 1.94616 -0.446299 
-4 -4 6 1 -4.7766 2.97105 
-4 -3.57895 6 1 -5.53544 3.70908 
-4 -3.15789 6 1 -6.76545 4.90534 
-4 -2.73684 6 1 -9.10297 7.17873 
-4 -2.31579 6 1 -15.2687 13.1753 
-4 -1.89474 6 1 -77.1833 73.3913 
4 -4 6 1 -0.16743 0.269271 
4 -3.57895 6 1 -0.125435 0.281624 
4 -3.15789 6 1 -0.0808543 0.294739 
4 -2.73684 6 1 -0.0334411 0.308686 
4 -2.31579 6 1 0.0170834 0.323549 
4 -1.89474 6 1 0.0710358 0.33942 
4 -1.47368 6 1 0.128777 0.356406 
4 -1.05263 6 1 0.190721 0.374628 
4 -0.631579 6 1 0.257344 0.394227 
4 -0.210526 6 1 0.329196 0.415364 
4 0.210526 6 1 0.406919 0.438228 
4 0.631579 6 1 0.491263 0.463039 
4 1.05263 6 1 0.583112 0.490058 
4 1.47368 6 1 0.683513 0.519593 
4 1.89474 6 1 0.793719 0.552013 
4 2.31579 6 1 0.915241 0.587761 
4 2.73684 6 1 1.04992 0.627379 
4 3.15789 6 1 1.2 0.671529 
4 3.57895 6 1 1.3683 0.721039 
4 4 6 1 1.55835 0.776945 
-4 -4 6 1 -4.7766 2.97105 
-3.57895 -4 6 1 -3.5395 2.2459 
-3.15789 -4 6 1 -2.76138 1.78978 
-2.73684 -4 6 1 -2.22678 1.47641 
-2.31579 -4 6 1 -1.83684 1.24784 
-1.89474 -4 6 1 -1.53985 1.07375 
-1.47368 -4 6 1 -1.30611 0.93674 
-1.05263 -4 6 1 -1.11737 0.8261 
-0.631579 -4 6 1 -0.961758 0.734887 
-0.210526 -4 6 1 -0.831267 0.658396 
0.210526 -4 6 1 -0.720267 0.59333 
0.631579 -4 6 1 -0.624692 0.537307 
1.05263 -4 6 1 -0.541538 0.488564 
1.47368 -4 6 1 -0.46853 0.445769 
1.89474 -4 6 1 -0.403919 0.407895 
2.31579 -4 6 1 -0.346334 0.37414 
2.73684 -4 6 1 -0.294688 0.343866 
3.15789 -4 6 1 -0.248108 0.316562 
3.57895 -4 6 1 -0.205883 0.291811 
4 -4 6 1 -0.16743 0.269271 
-0.210526 4 6 1 175.541 191.439 
0.210526 4 6 1 9.28629 9.24574 
0.631579 4 6 1 5.07989 4.63608 
1.05263 4 6 1 3.63005 3.04726 
1.47368 4 6 1 2.89585 2.24266 
1.89474 4 6 1 2.4523 1.7566 
2.31579 4 6 1 2.15534 1.43117 
2.73684 4 6 1 1.9426 1.19803 
3.15789 4 6 1 1.7827 1.02281 
3.57895 4 6 1 1.65813 0.886295 
4 4 6 1 1.55835 0.776945 
