-4 -4 2 1 0.497909 -0.208618 
-4 -3.57895 2 1 0.440413 -0.214279 
-4 -3.15789 2 1 0.380961 -0.220132 
-4 -2.73684 2 1 0.319453 -0.226187 
-4 -2.31579 2 1 0.255778 -0.232456 
-4 -1.89474 2 1 0.18982 -0.23895 
-4 -1.47368 2 1 0.121455 -0.24568 
-4 -1.05263 2 1 0.0505477 -0.252661 
-4 -0.631579 2 1 -0.0230456 -0.259906 
-4 -0.210526 2 1 -0.0994808 -0.267432 
-4 0.210526 2 1 -0.178926 -0.275253 
-4 0.631579 2 1 -0.261562 -0.283388 
-4 1.05263 2 1 -0.347585 -0.291857 
-4 1.47368 2 1 -0.437208 -0.300681 
-4 1.89474 2 1 -0.530662 -0.309881 
-4 2.31579 2 1 -0.628198 -0.319484 
-4 2.73684 2 1 -0.730088 -0.329515 
-4 3.15789 2 1 -0.836632 -0.340004 
-4 3.57895 2 1 -0.948156 -0.350984 
-4 4 2 1 -1.06502 -0.362489 
-4 -4 2 1 0.497909 -0.208618 
-3.57895 -4 2 1 0.549018 -0.211798 
-3.15789 -4 2 1 0.607639 -0.215444 
-2.73684 -4 2 1 0.675558 -0.219669 
-2.31579 -4 2 1 0.755179 -0.224622 
-1.89474 -4 2 1 0.84981 -0.230509 
-1.47368 -4 2 1 0.964137 -0.237621 
-1.05263 -4 2 1 1.10503 -0.246385 
-0.631579 -4 2 1 1.28295 -0.257453 
-0.210526 -4 2 1 1.51472 -0.27187 
0.210526 -4 2 1 1.82913 -0.291428 
0.631579 -4 2 1 2.27998 -0.319474 
1.05263 -4 2 1 2.9807 -0.363063 
1.47368 -4 2 1 4.21864 -0.44007 
1.89474 -4 2 1 6.9956 -0.612813 
2.31579 -4 2 1 18.8964 -1.35311 
-4 4 2 1 -1.06502 -0.362489 
-3.57895 4 2 1 -1.14891 -0.383075 
-3.15789 4 2 1 -1.25202 -0.408378 
-2.73684 4 2 1 -1.3818 -0.440227 
-2.31579 4 2 1 -1.55015 -0.481541 
-1.89474 4 2 1 -1.77726 -0.537274 
-1.47368 4 2 1 -2.10039 -0.61657 
-1.05263 4 2 1 -2.59677 -0.738381 
-0.631579 4 2 1 -3.45674 -0.949419 
-0.210526 4 2 1 -5.31069 -1.40438 
0.210526 4 2 1 -12.2415 -3.10521 
-4 -4 6 1 0.416368 0.383426 
-4 -3.57895 6 1 0.362482 0.387309 
-4 -3.15789 6 1 0.30692 0.391313 
-4 -2.73684 6 1 0.249603 0.395443 
-4 -2.31579 6 1 0.190447 0.399706 
-4 -1.89474 6 1 0.12936 0.404107 
-4 -1.47368 6 1 0.0662482 0.408655 
-4 -1.05263 6 1 0.00100792 0.413356 
-4 -0.631579 6 1 -0.0664701 0.418218 
-4 -0.210526 6 1 -0.136303 0.42325 
-4 0.210526 6 1 -0.208616 0.428461 
-4 0.631579 6 1 -0.283544 0.43386 
-4 1.05263 6 1 -0.361231 0.439458 
-4 1.47368 6 1 -0.441833 0.445266 
-4 1.89474 6 1 -0.525516 0.451296 
-4 2.31579 6 1 -0.612461 0.457561 
-4 2.73684 6 1 -0.702862 0.464076 
-4 3.15789 6 1 -0.796931 0.470854 
-4 3.57895 6 1 -0.894893 0.477913 
-4 4 6 1 -0.996997 0.48527 
-4 -4 6 1 0.416368 0.383426 
-3.57895 -4 6 1 0.45787 0.417471 
-3.15789 -4 6 1 0.504897 0.456048 
-2.73684 -4 6 1 0.558629 0.500126 
-2.31579 -4 6 1 0.620612 0.550972 
-1.89474 -4 6 1 0.692903 0.610274 
-1.47368 -4 6 1 0.778308 0.680333 
-1.05263 -4 6 1 0.880749 0.764368 
-0.631579 -4 6 1 1.00589 0.867025 
-0.210526 -4 6 1 1.16222 0.995263 
0.210526 -4 6 1 1.36305 1.16001 
0.631579 -4 6 1 1.63053 1.37943 
1.05263 -4 6 1 2.00447 1.68618 
1.47368 -4 6 1 2.56418 2.14532 
1.89474 -4 6 1 3.49387 2.90797 
2.31579 -4 6 1 5.34148 4.4236 
2.73684 -4 6 1 10.7919 8.8947 
3.15789 -4 6 1 441.238 361.999 
-4 4 6 1 -0.996997 0.48527 
-3.57895 4 6 1 -1.06412 0.543351 
-3.15789 4 6 1 -1.14448 0.61288 
-2.73684 4 6 1 -1.2424 0.69761 
-2.31579 4 6 1 -1.36436 0.80314 
-1.89474 4 6 1 -1.52046 0.9382 
-1.47368 4 6 1 -1.72733 1.1172 
-1.05263 4 6 1 -2.01459 1.36576 
-0.631579 4 6 1 -2.44037 1.73417 
-0.210526 4 6 1 -3.13673 2.33671 
0.210526 4 6 1 -4.48169 3.50045 
0.631579 4 6 1 -8.17126 6.69291 
1.05263 4 6 1 -61.9648 53.2385 
