-4 1.89474 2 1 40.6484 -4.29926 
-4 2.31579 2 1 12.153 -1.09044 
-4 2.73684 2 1 7.52492 -0.56928 
-4 3.15789 2 1 5.62904 -0.355788 
-4 3.57895 2 1 4.59731 -0.239607 
-4 4 2 1 3.94857 -0.166553 
4 -4 2 1 -2.49562 -0.627671 
4 -3.57895 2 1 -2.07181 -0.535589 
4 -3.15789 2 1 -1.73733 -0.462916 
4 -2.73684 2 1 -1.46662 -0.4041 
4 -2.31579 2 1 -1.24305 -0.355522 
4 -1.89474 2 1 -1.05527 -0.314724 
4 -1.47368 2 1 -0.895341 -0.279976 
4 -1.05263 2 1 -0.757485 -0.250024 
4 -0.631579 2 1 -0.637431 -0.223939 
4 -0.210526 2 1 -0.531938 -0.201019 
4 0.210526 2 1 -0.438509 -0.180719 
4 0.631579 2 1 -0.355187 -0.162616 
4 1.05263 2 1 -0.280416 -0.14637 
4 1.47368 2 1 -0.212943 -0.13171 
4 1.89474 2 1 -0.15175 -0.118415 
4 2.31579 2 1 -0.0959998 -0.106302 
4 2.73684 2 1 -0.0449961 -0.09522 
4 3.15789 2 1 0.00184213 -0.0850433 
4 3.57895 2 1 0.0450051 -0.0756652 
4 4 2 1 0.0849092 -0.0669952 
1.47368 -4 2 1 -15.3654 -5.35976 
1.89474 -4 2 1 -7.06785 -2.30883 
2.31579 -4 2 1 -4.81997 -1.48231 
2.73684 -4 2 1 -3.77316 -1.09741 
3.15789 -4 2 1 -3.16775 -0.874806 
3.57895 -4 2 1 -2.77317 -0.729723 
4 -4 2 1 -2.49562 -0.627671 
-4 4 2 1 3.94857 -0.166553 
-3.57895 4 2 1 3.11967 -0.145194 
-3.15789 4 2 1 2.53274 -0.13007 
-2.73684 4 2 1 2.09532 -0.118799 
-2.31579 4 2 1 1.75673 -0.110074 
-1.89474 4 2 1 1.48689 -0.103121 
-1.47368 4 2 1 1.26678 -0.0974493 
-1.05263 4 2 1 1.08381 -0.0927347 
-0.631579 4 2 1 0.929319 -0.0887538 
-0.210526 4 2 1 0.797134 -0.0853477 
0.210526 4 2 1 0.68275 -0.0824003 
0.631579 4 2 1 0.582799 -0.0798247 
1.05263 4 2 1 0.49471 -0.0775549 
1.47368 4 2 1 0.41649 -0.0755393 
1.89474 4 2 1 0.346569 -0.0737376 
2.31579 4 2 1 0.283692 -0.0721174 
2.73684 4 2 1 0.226846 -0.0706526 
3.15789 4 2 1 0.175204 -0.0693219 
3.57895 4 2 1 0.128081 -0.0681077 
4 4 2 1 0.0849092 -0.0669952 
-4 2.31579 6 1 21.1638 17.2416 
-4 2.73684 6 1 9.57921 7.37443 
-4 3.15789 6 1 6.47602 4.73129 
-4 3.57895 6 1 5.03595 3.50471 
-4 4 6 1 4.20456 2.79658 
4 -4 6 1 -2.93709 1.38007 
4 -3.57895 6 1 -2.42142 1.22354 
4 -3.15789 6 1 -2.02251 1.10245 
4 -2.73684 6 1 -1.70475 1.00599 
4 -2.31579 6 1 -1.44564 0.92734 
4 -1.89474 6 1 -1.23034 0.861983 
4 -1.47368 6 1 -1.04859 0.806812 
4 -1.05263 6 1 -0.893116 0.759619 
4 -0.631579 6 1 -0.758607 0.718788 
4 -0.210526 6 1 -0.64109 0.683115 
4 0.210526 6 1 -0.537535 0.651681 
4 0.631579 6 1 -0.445595 0.623773 
4 1.05263 6 1 -0.363418 0.598828 
4 1.47368 6 1 -0.289528 0.576398 
4 1.89474 6 1 -0.222732 0.556122 
4 2.31579 6 1 -0.162055 0.537704 
4 2.73684 6 1 -0.106693 0.520898 
4 3.15789 6 1 -0.0559768 0.505503 
4 3.57895 6 1 -0.00934509 0.491348 
4 4 6 1 0.0336763 0.478289 
1.47368 -4 6 1 -83.0709 57.3484 
1.89474 -4 6 1 -11.7685 7.54824 
2.31579 -4 6 1 -6.71979 4.02204 
2.73684 -4 6 1 -4.87416 2.73299 
3.15789 -4 6 1 -3.91747 2.06481 
3.57895 -4 6 1 -3.33215 1.65599 
4 -4 6 1 -2.93709 1.38007 
-4 4 6 1 4.20456 2.79658 
-3.57895 4 6 1 3.23392 2.25707 
-3.15789 4 6 1 2.57336 1.88991 
-2.73684 4 6 1 2.09475 1.62389 
-2.31579 4 6 1 1.73202 1.42228 
-1.89474 4 6 1 1.44763 1.26421 
-1.47368 4 6 1 1.21868 1.13694 
-1.05263 4 6 1 1.03038 1.03229 
-0.631579 4 6 1 0.872805 0.9447 
-0.210526 4 6 1 0.738994 0.870324 
0.210526 4 6 1 0.623949 0.806379 
0.631579 4 6 1 0.523981 0.750814 
1.05263 4 6 1 0.436309 0.702084 
1.47368 4 6 1 0.358796 0.659 
1.89474 4 6 1 0.289773 0.620634 
2.31579 4 6 1 0.227916 0.586253 
2.73684 4 6 1 0.172166 0.555265 
3.15789 4 6 1 0.12166 0.527193 
3.57895 4 6 1 0.075692 0.501642 
4 4 6 1 0.0336763 0.478289 
