-1.80672 0.303047 -2.38959 2.0821 20 
-1.57032 0.300411 -2.04778 1.93004 21 
-1.36381 0.298108 -1.75873 1.80144 22 
-1.18185 0.296079 -1.51111 1.69128 23 
-1.02031 0.294277 -1.2966 1.59585 24 
-0.875938 0.292667 -1.10897 1.51237 25 
-0.74613 0.291219 -0.94348 1.43875 26 
-0.62879 0.289911 -0.79642 1.37332 27 
-0.522205 0.288722 -0.664876 1.3148 28 
-0.424959 0.287638 -0.546514 1.26214 29 
-0.335878 0.286644 -0.439449 1.21451 30 
-0.253975 0.285731 -0.342137 1.17122 31 
-0.178415 0.284888 -0.253303 1.1317 32 
-0.108489 0.284108 -0.171885 1.09548 33 
-0.0435899 0.283384 -0.0969917 1.06216 34 
0.0168059 0.282711 -0.0278694 1.03141 35 
0.0731513 0.282083 0.0361244 1.00294 36 
0.125841 0.281495 0.09554 0.976505 37 
0.175218 0.280944 0.150852 0.951898 38 
0.221587 0.280427 0.202471 0.928933 39 
-5.11658 0.823143 -24.6884 26.6953 53 
-3.69613 0.599941 -8.41323 8.73092 54 
-2.95618 0.483669 -5.26511 5.25606 55 
-2.50222 0.412335 -3.92644 3.77846 56 
-2.19529 0.364106 -3.18544 2.96055 57 
-1.97392 0.329322 -2.7149 2.44117 58 
-1.80672 0.303047 -2.38959 2.0821 59 
6.06265 1.44981 19.4078 20.2503 62 
4.10768 1.05843 7.74789 8.51993 63 
3.03898 0.844472 4.67233 5.42579 64 
2.36525 0.709589 3.25183 3.99671 65 
1.90167 0.616781 2.43367 3.17362 66 
1.56319 0.549017 1.90176 2.63849 67 
1.30519 0.497365 1.52824 2.26271 68 
1.10201 0.456689 1.25152 1.98432 69 
0.937863 0.423826 1.0383 1.76981 70 
0.802484 0.396723 0.868968 1.59946 71 
0.68892 0.373987 0.731237 1.46089 72 
0.592291 0.354642 0.617016 1.34598 73 
0.509071 0.337982 0.520759 1.24914 74 
0.436652 0.323483 0.438538 1.16643 75 
0.373057 0.310752 0.36749 1.09495 76 
0.316768 0.299482 0.305484 1.03257 77 
0.266593 0.289437 0.250896 0.977651 78 
0.221587 0.280427 0.202471 0.928933 79 
