10.623 1.12147 78.9718 69.5933 18 
7.67514 0.836393 17.8515 14.9391 19 
-2.01927 -0.0281086 -2.58634 1.78124 20 
-1.73087 -0.00637284 -2.18767 1.62615 21 
-1.48731 0.0119833 -1.86146 1.49925 22 
-1.2789 0.0276911 -1.5896 1.39349 23 
-1.09853 0.0412853 -1.35955 1.304 24 
-0.940895 0.0531654 -1.16236 1.22729 25 
-0.80196 0.0636366 -0.991448 1.1608 26 
-0.678581 0.0729353 -0.841898 1.10262 27 
-0.568284 0.0812481 -0.709938 1.05129 28 
-0.469093 0.0887239 -0.592637 1.00566 29 
-0.379411 0.0954831 -0.487681 0.964828 30 
-0.297932 0.101624 -0.393219 0.928081 31 
-0.223582 0.107227 -0.307751 0.894832 32 
-0.155463 0.112361 -0.230052 0.864606 33 
-0.0928229 0.117082 -0.159108 0.837008 34 
-0.0350274 0.121438 -0.0940755 0.811709 35 
0.0184652 0.12547 -0.0342444 0.788434 36 
0.0681181 0.129212 0.0209849 0.766949 37 
0.11433 0.132695 0.0721238 0.747055 38 
0.157448 0.135945 0.11961 0.728582 39 
-6.54397 -0.314491 -30.6236 27.7589 53 
-4.40363 -0.179022 -9.24924 7.95467 54 
-3.414 -0.116385 -5.69471 4.66126 55 
-2.8437 -0.0802893 -4.23174 3.30576 56 
-2.4728 -0.0568141 -3.43391 2.56654 57 
-2.21229 -0.0403255 -2.93163 2.10116 58 
-2.01927 -0.0281086 -2.58634 1.78124 59 
7.67514 0.836393 17.8515 14.9391 60 
5.06977 0.593641 8.08596 7.11288 61 
3.69827 0.465855 5.05073 4.68042 62 
2.85194 0.387 3.57125 3.49475 63 
2.27761 0.333487 2.69539 2.79284 64 
1.86231 0.294792 2.11634 2.32878 65 
1.54802 0.265509 1.70508 1.99919 66 
1.30188 0.242575 1.39791 1.75303 67 
1.10389 0.224128 1.15976 1.56216 68 
0.941187 0.208968 0.969703 1.40985 69 
0.805105 0.196289 0.814515 1.28548 70 
0.689606 0.185528 0.685405 1.18201 71 
0.590348 0.176279 0.576309 1.09458 72 
0.50413 0.168246 0.482908 1.01973 73 
0.428542 0.161203 0.402043 0.954926 74 
0.361731 0.154978 0.331347 0.89827 75 
0.302252 0.149437 0.269018 0.848318 76 
0.248962 0.144471 0.213651 0.803947 77 
0.200942 0.139997 0.164143 0.764271 78 
0.157448 0.135945 0.11961 0.728582 79 
