-4 -4 2 1 -0.468575 0.0511587 
-4 -3.57895 2 1 -0.510274 0.0420492 
-4 -3.15789 2 1 -0.557731 0.0316818 
-4 -2.73684 2 1 -0.612227 0.0197767 
-4 -2.31579 2 1 -0.675454 0.00596434 
-4 -1.89474 2 1 -0.749691 -0.0102535 
-4 -1.47368 2 1 -0.83809 -0.0295651 
-4 -1.05263 2 1 -0.945131 -0.052949 
-4 -0.631579 2 1 -1.0774 -0.0818454 
-4 -0.210526 2 1 -1.24503 -0.118464 
-4 0.210526 2 1 -1.46435 -0.166377 
-4 0.631579 2 1 -1.76366 -0.231763 
-4 1.05263 2 1 -2.19646 -0.326313 
-4 1.47368 2 1 -2.8777 -0.475137 
-4 1.89474 2 1 -4.10742 -0.743779 
-4 2.31579 2 1 -6.99426 -1.37444 
-4 2.73684 2 1 -21.8064 -4.61028 
4 -4 2 1 0.875478 -0.0195053 
4 -3.57895 2 1 0.932393 -0.0367595 
4 -3.15789 2 1 0.999408 -0.0570754 
4 -2.73684 2 1 1.07947 -0.0813475 
4 -2.31579 2 1 1.17681 -0.110856 
4 -1.89474 2 1 1.29769 -0.1475 
4 -1.47368 2 1 1.45181 -0.194225 
4 -1.05263 2 1 1.6551 -0.255853 
4 -0.631579 2 1 1.93553 -0.340866 
4 -0.210526 2 1 2.34729 -0.465693 
4 0.210526 2 1 3.01085 -0.666855 
4 0.631579 2 1 4.2589 -1.04521 
4 1.05263 2 1 7.47159 -2.01915 
4 1.47368 2 1 34.4355 -10.1934 
-4 -4 2 1 -0.468575 0.0511587 
-3.57895 -4 2 1 -0.411036 0.0481336 
-3.15789 -4 2 1 -0.352292 0.0450451 
-2.73684 -4 2 1 -0.292303 0.0418911 
-2.31579 -4 2 1 -0.231031 0.0386697 
-1.89474 -4 2 1 -0.168433 0.0353786 
-1.47368 -4 2 1 -0.104467 0.0320156 
-1.05263 -4 2 1 -0.0390861 0.0285782 
-0.631579 -4 2 1 0.0277563 0.0250639 
-0.210526 -4 2 1 0.0961099 0.0214702 
0.210526 -4 2 1 0.166027 0.0177943 
0.631579 -4 2 1 0.237561 0.0140334 
1.05263 -4 2 1 0.310769 0.0101844 
1.47368 -4 2 1 0.385711 0.00624435 
1.89474 -4 2 1 0.462448 0.00220985 
2.31579 -4 2 1 0.541047 -0.00192251 
2.73684 -4 2 1 0.621576 -0.00615633 
3.15789 -4 2 1 0.704106 -0.0104954 
3.57895 -4 2 1 0.788713 -0.0149437 
4 -4 2 1 0.875478 -0.0195053 
-4 -4 6 1 -0.513302 0.717923 
-4 -3.57895 6 1 -0.564099 0.756603 
-4 -3.15789 6 1 -0.622965 0.801427 
-4 -2.73684 6 1 -0.691989 0.853985 
-4 -2.31579 6 1 -0.774046 0.916468 
-4 -1.89474 6 1 -0.873214 0.99198 
-4 -1.47368 6 1 -0.995468 1.08507 
-4 -1.05263 6 1 -1.14993 1.20269 
-4 -0.631579 6 1 -1.35126 1.35599 
-4 -0.210526 6 1 -1.62461 1.56414 
-4 0.210526 6 1 -2.01703 1.86295 
-4 0.631579 6 1 -2.628 2.32817 
-4 1.05263 6 1 -3.71053 3.15247 
-4 1.47368 6 1 -6.15366 5.01281 
-4 1.89474 6 1 -16.8611 13.1661 
4 -4 6 1 1.04173 0.823831 
4 -3.57895 6 1 1.12505 0.884694 
4 -3.15789 6 1 1.22613 0.958538 
4 -2.73684 6 1 1.35135 1.05001 
4 -2.31579 6 1 1.51052 1.16628 
4 -1.89474 6 1 1.71959 1.31901 
4 -1.47368 6 1 2.00643 1.52855 
4 -1.05263 6 1 2.42431 1.83381 
4 -0.631579 6 1 3.08963 2.31984 
4 -0.210526 6 1 4.31461 3.21469 
4 0.210526 6 1 7.31799 5.40868 
4 0.631579 6 1 26.2282 19.2227 
-4 -4 6 1 -0.513302 0.717923 
-3.57895 -4 6 1 -0.448735 0.72232 
-3.15789 -4 6 1 -0.382636 0.726822 
-2.73684 -4 6 1 -0.314949 0.731432 
-2.31579 -4 6 1 -0.245617 0.736154 
-1.89474 -4 6 1 -0.174579 0.740992 
-1.47368 -4 6 1 -0.10177 0.745951 
-1.05263 -4 6 1 -0.0271247 0.751034 
-0.631579 -4 6 1 0.0494282 0.756248 
-0.210526 -4 6 1 0.127963 0.761597 
0.210526 -4 6 1 0.208556 0.767086 
0.631579 -4 6 1 0.291292 0.772721 
1.05263 -4 6 1 0.376255 0.778507 
1.47368 -4 6 1 0.463538 0.784452 
1.89474 -4 6 1 0.553236 0.790561 
2.31579 -4 6 1 0.645451 0.796841 
2.73684 -4 6 1 0.740291 0.803301 
3.15789 -4 6 1 0.83787 0.809946 
3.57895 -4 6 1 0.938307 0.816787 
4 -4 6 1 1.04173 0.823831 
