-4 -0.631579 2 1 17.2546 -1.64622 
-4 -0.210526 2 1 6.39571 -0.721057 
-4 0.210526 2 1 4.01496 -0.51822 
-4 0.631579 2 1 2.97111 -0.429284 
-4 1.05263 2 1 2.38492 -0.379342 
-4 1.47368 2 1 2.00953 -0.347359 
-4 1.89474 2 1 1.74856 -0.325125 
-4 2.31579 2 1 1.55662 -0.308771 
-4 2.73684 2 1 1.40951 -0.296238 
-4 3.15789 2 1 1.29318 -0.286327 
-4 3.57895 2 1 1.19887 -0.278292 
-4 4 2 1 1.12088 -0.271647 
4 -3.15789 2 1 -141.408 -11.1621 
4 -2.73684 2 1 -10.338 -1.02408 
4 -2.31579 2 1 -5.22777 -0.628808 
4 -1.89474 2 1 -3.43463 -0.490112 
4 -1.47368 2 1 -2.52023 -0.419385 
4 -1.05263 2 1 -1.96575 -0.376497 
4 -0.631579 2 1 -1.59363 -0.347715 
4 -0.210526 2 1 -1.32662 -0.327062 
4 0.210526 2 1 -1.12568 -0.31152 
4 0.631579 2 1 -0.969004 -0.299401 
4 1.05263 2 1 -0.843408 -0.289686 
4 1.47368 2 1 -0.74048 -0.281725 
4 1.89474 2 1 -0.654592 -0.275082 
4 2.31579 2 1 -0.581835 -0.269454 
4 2.73684 2 1 -0.519412 -0.264626 
4 3.15789 2 1 -0.465267 -0.260438 
4 3.57895 2 1 -0.417857 -0.256771 
4 4 2 1 -0.375997 -0.253533 
-4 4 2 1 1.12088 -0.271647 
-3.57895 4 2 1 1.00734 -0.270273 
-3.15789 4 2 1 0.899228 -0.268965 
-2.73684 4 2 1 0.796172 -0.267718 
-2.31579 4 2 1 0.697821 -0.266527 
-1.89474 4 2 1 0.603862 -0.26539 
-1.47368 4 2 1 0.514005 -0.264303 
-1.05263 4 2 1 0.427989 -0.263262 
-0.631579 4 2 1 0.345571 -0.262265 
-0.210526 4 2 1 0.266532 -0.261308 
0.210526 4 2 1 0.190667 -0.26039 
0.631579 4 2 1 0.117788 -0.259508 
1.05263 4 2 1 0.0477241 -0.25866 
1.47368 4 2 1 -0.0196862 -0.257845 
1.89474 4 2 1 -0.0845906 -0.257059 
2.31579 4 2 1 -0.147126 -0.256303 
2.73684 4 2 1 -0.20742 -0.255573 
3.15789 4 2 1 -0.265591 -0.254869 
3.57895 4 2 1 -0.321749 -0.254189 
4 4 2 1 -0.375997 -0.253533 
-4 -1.47368 6 1 16.0187 16.5696 
-4 -1.05263 6 1 5.97657 5.85707 
-4 -0.631579 6 1 3.76285 3.49558 
-4 -0.210526 6 1 2.79086 2.45871 
-4 0.210526 6 1 2.24466 1.87604 
-4 0.631579 6 1 1.89474 1.50276 
-4 1.05263 6 1 1.65141 1.24319 
-4 1.47368 6 1 1.47241 1.05224 
-4 1.89474 6 1 1.3352 0.905875 
-4 2.31579 6 1 1.22668 0.790112 
-4 2.73684 6 1 1.1387 0.696262 
-4 3.15789 6 1 1.06594 0.618641 
-4 3.57895 6 1 1.00476 0.553375 
-4 4 6 1 0.952594 0.497731 
4 -4 6 1 -142.275 110.363 
4 -3.57895 6 1 -10.882 8.46796 
4 -3.15789 6 1 -5.52051 4.31013 
4 -2.73684 6 1 -3.63477 2.84774 
4 -2.31579 6 1 -2.67226 2.10131 
4 -1.89474 6 1 -2.08832 1.64846 
4 -1.47368 6 1 -1.6963 1.34445 
4 -1.05263 6 1 -1.41494 1.12626 
4 -0.631579 6 1 -1.20318 0.96204 
4 -0.210526 6 1 -1.03804 0.833972 
4 0.210526 6 1 -0.905645 0.731302 
4 0.631579 6 1 -0.797139 0.647155 
4 1.05263 6 1 -0.70659 0.576935 
4 1.47368 6 1 -0.629881 0.517447 
4 1.89474 6 1 -0.564065 0.466406 
4 2.31579 6 1 -0.506974 0.422133 
4 2.73684 6 1 -0.456982 0.383364 
4 3.15789 6 1 -0.412843 0.349133 
4 3.57895 6 1 -0.373584 0.318688 
4 4 6 1 -0.33844 0.291434 
4 -4 6 1 -142.275 110.363 
-4 4 6 1 0.952594 0.497731 
-3.57895 4 6 1 0.859002 0.482775 
-3.15789 4 6 1 0.769254 0.468434 
-2.73684 4 6 1 0.683118 0.454671 
-2.31579 4 6 1 0.60038 0.44145 
-1.89474 4 6 1 0.520842 0.42874 
-1.47368 4 6 1 0.444324 0.416513 
-1.05263 4 6 1 0.370655 0.404742 
-0.631579 4 6 1 0.29968 0.3934 
-0.210526 4 6 1 0.231254 0.382466 
0.210526 4 6 1 0.165241 0.371918 
0.631579 4 6 1 0.101517 0.361735 
1.05263 4 6 1 0.039964 0.3519 
1.47368 4 6 1 -0.0195268 0.342394 
1.89474 4 6 1 -0.0770574 0.333201 
2.31579 4 6 1 -0.132723 0.324306 
2.73684 4 6 1 -0.186613 0.315695 
3.15789 4 6 1 -0.238811 0.307354 
3.57895 4 6 1 -0.289395 0.299271 
4 4 6 1 -0.33844 0.291434 
