1.38238 -0.0602141 1.31874 1.0385 0 
1.22445 -0.0661431 1.15865 0.983822 1 
1.0795 -0.071585 1.01211 0.933777 2 
0.945986 -0.0765974 0.87747 0.887796 3 
0.822612 -0.0812292 0.753339 0.845404 4 
0.708263 -0.0855222 0.638531 0.806195 5 
0.601985 -0.0895122 0.532034 0.769825 6 
0.502951 -0.0932302 0.432977 0.735996 7 
0.410445 -0.0967031 0.340608 0.704451 8 
0.323843 -0.0999544 0.25427 0.674965 9 
0.242596 -0.103005 0.173393 0.647345 10 
0.166223 -0.105872 0.0974724 0.621417 11 
0.0942988 -0.108572 0.0260678 0.597031 12 
0.0264447 -0.11112 -0.0412127 0.574054 13 
-0.0376751 -0.113527 -0.104716 0.552367 14 
-0.0983604 -0.115805 -0.164752 0.531864 15 
-0.15588 -0.117964 -0.221597 0.512451 16 
-0.210476 -0.120014 -0.275499 0.494043 17 
-0.262364 -0.121962 -0.32668 0.476564 18 
-0.311742 -0.123816 -0.375341 0.459945 19 
1.38238 -0.0602141 1.31874 1.0385 40 
1.49251 -0.0755143 1.42533 1.15408 41 
1.63138 -0.0948058 1.56088 1.30108 42 
1.81191 -0.119885 1.73908 1.49432 43 
2.05614 -0.153815 1.98379 1.75969 44 
2.40505 -0.202285 2.34079 2.14683 45 
2.94427 -0.277194 2.91039 2.76452 46 
3.88788 -0.408281 3.96304 3.90605 47 
5.96372 -0.69666 6.56557 6.7283 48 
14.2658 -1.85 23.6925 25.3012 49 
-0.311742 -0.123816 -0.375341 0.459945 60 
-0.355535 -0.135434 -0.423785 0.48332 61 
-0.404841 -0.148514 -0.478447 0.509695 62 
-0.46077 -0.163351 -0.540608 0.539689 63 
-0.524753 -0.180325 -0.611923 0.5741 64 
-0.598665 -0.199933 -0.694576 0.613982 65 
-0.685011 -0.22284 -0.791504 0.660751 66 
-0.787217 -0.249954 -0.906756 0.716362 67 
-0.910094 -0.282552 -1.04607 0.783582 68 
-1.06062 -0.322485 -1.21785 0.866472 69 
-1.24931 -0.372542 -1.43497 0.971233 70 
-1.49279 -0.437134 -1.71807 1.10784 71 
-1.81896 -0.523663 -2.10264 1.2934 72 
-2.27858 -0.645595 -2.65516 1.56 73 
-2.9746 -0.830241 -3.51633 1.97553 74 
-4.15256 -1.14274 -5.0451 2.71319 75 
-6.57809 -1.7862 -8.50902 4.38459 76 
-14.4639 -3.87821 -23.9178 11.8196 77 
