-4 -4 2 1 -1.41714 -0.439059 
-4 -3.57895 2 1 -1.52158 -0.479282 
-4 -3.15789 2 1 -1.65218 -0.529575 
-4 -2.73684 2 1 -1.82016 -0.594263 
-4 -2.31579 2 1 -2.04423 -0.680554 
-4 -1.89474 2 1 -2.35815 -0.801443 
-4 -1.47368 2 1 -2.82948 -0.982953 
-4 -1.05263 2 1 -3.61626 -1.28594 
-4 -0.631579 2 1 -5.19444 -1.8937 
-4 -0.210526 2 1 -9.96621 -3.7313 
4 -4 2 1 0.249721 -0.145128 
4 -3.57895 2 1 0.289782 -0.148848 
4 -3.15789 2 1 0.334508 -0.153002 
4 -2.73684 2 1 0.384766 -0.157669 
4 -2.31579 2 1 0.441648 -0.162951 
4 -1.89474 2 1 0.506556 -0.168979 
4 -1.47368 2 1 0.581319 -0.175921 
4 -1.05263 2 1 0.668365 -0.184005 
4 -0.631579 2 1 0.770993 -0.193535 
4 -0.210526 2 1 0.893796 -0.204939 
4 0.210526 2 1 1.04337 -0.218829 
4 0.631579 2 1 1.22955 -0.236118 
4 1.05263 2 1 1.46764 -0.258228 
4 1.47368 2 1 1.78286 -0.287501 
4 1.89474 2 1 2.21995 -0.32809 
4 2.31579 2 1 2.86652 -0.388132 
4 2.73684 2 1 3.92058 -0.486016 
4 3.15789 2 1 5.94468 -0.673981 
4 3.57895 2 1 11.4192 -1.18236 
4 4 2 1 80.0865 -7.55902 
-4 -4 2 1 -1.41714 -0.439059 
-3.57895 -4 2 1 -1.25651 -0.410734 
-3.15789 -4 2 1 -1.11006 -0.384909 
-2.73684 -4 2 1 -0.975983 -0.361267 
-2.31579 -4 2 1 -0.852782 -0.339542 
-1.89474 -4 2 1 -0.739184 -0.31951 
-1.47368 -4 2 1 -0.634106 -0.300981 
-1.05263 -4 2 1 -0.536626 -0.283791 
-0.631579 -4 2 1 -0.445948 -0.267801 
-0.210526 -4 2 1 -0.361385 -0.252889 
0.210526 -4 2 1 -0.282337 -0.23895 
0.631579 -4 2 1 -0.208282 -0.225892 
1.05263 -4 2 1 -0.138762 -0.213633 
1.47368 -4 2 1 -0.0733723 -0.202102 
1.89474 -4 2 1 -0.0117557 -0.191236 
2.31579 -4 2 1 0.0464053 -0.18098 
2.73684 -4 2 1 0.101393 -0.171284 
3.15789 -4 2 1 0.153462 -0.162102 
3.57895 -4 2 1 0.202836 -0.153396 
4 -4 2 1 0.249721 -0.145128 
4 4 2 1 80.0865 -7.55902 
-4 -4 6 1 -1.4748 0.593434 
-4 -3.57895 6 1 -1.5819 0.665548 
-4 -3.15789 6 1 -1.71479 0.75503 
-4 -2.73684 6 1 -1.88408 0.869014 
-4 -2.31579 6 1 -2.10707 1.01916 
-4 -1.89474 6 1 -2.41414 1.22592 
-4 -1.47368 6 1 -2.86391 1.52876 
-4 -1.05263 6 1 -3.58592 2.01491 
-4 -0.631579 6 1 -4.93464 2.92304 
-4 -0.210526 6 1 -8.35181 5.2239 
-4 0.210526 6 1 -34.243 22.6571 
4 -4 6 1 0.192229 0.396002 
4 -3.57895 6 1 0.228496 0.421613 
4 -3.15789 6 1 0.268911 0.450153 
4 -2.73684 6 1 0.314228 0.482154 
4 -2.31579 6 1 0.365396 0.518288 
4 -1.89474 6 1 0.423627 0.559409 
4 -1.47368 6 1 0.490492 0.606628 
4 -1.05263 6 1 0.568065 0.661408 
4 -0.631579 6 1 0.659142 0.725724 
4 -0.210526 6 1 0.767584 0.802303 
4 0.210526 6 1 0.898884 0.895023 
4 0.631579 6 1 1.06112 1.00959 
4 1.05263 6 1 1.26668 1.15475 
4 1.47368 6 1 1.53559 1.34465 
4 1.89474 6 1 1.90249 1.60374 
4 2.31579 6 1 2.43285 1.97827 
4 2.73684 6 1 3.26723 2.56748 
4 3.15789 6 1 4.77205 3.63015 
4 3.57895 6 1 8.2981 6.12015 
4 4 6 1 26.2449 18.7937 
-4 -4 6 1 -1.4748 0.593434 
-3.57895 -4 6 1 -1.31629 0.574661 
-3.15789 -4 6 1 -1.17137 0.557499 
-2.73684 -4 6 1 -1.03838 0.541748 
-2.31579 -4 6 1 -0.915893 0.527241 
-1.89474 -4 6 1 -0.802716 0.513837 
-1.47368 -4 6 1 -0.697825 0.501415 
-1.05263 -4 6 1 -0.600344 0.48987 
-0.631579 -4 6 1 -0.509513 0.479112 
-0.210526 -4 6 1 -0.424674 0.469064 
0.210526 -4 6 1 -0.345254 0.459658 
0.631579 -4 6 1 -0.270749 0.450834 
1.05263 -4 6 1 -0.200717 0.44254 
1.47368 -4 6 1 -0.134767 0.43473 
1.89474 -4 6 1 -0.0725513 0.427361 
2.31579 -4 6 1 -0.0137623 0.420398 
2.73684 -4 6 1 0.0418757 0.413809 
3.15789 -4 6 1 0.0946096 0.407564 
3.57895 -4 6 1 0.144661 0.401636 
4 -4 6 1 0.192229 0.396002 
3.57895 4 6 1 2111.05 1623.98 
4 4 6 1 26.2449 18.7937 
