-4 -4 2 1 0.629515 -0.173975 
-4 -3.57895 2 1 0.56359 -0.181472 
-4 -3.15789 2 1 0.49657 -0.189093 
-4 -2.73684 2 1 0.428427 -0.196841 
-4 -2.31579 2 1 0.359134 -0.20472 
-4 -1.89474 2 1 0.288661 -0.212734 
-4 -1.47368 2 1 0.216977 -0.220885 
-4 -1.05263 2 1 0.14405 -0.229178 
-4 -0.631579 2 1 0.069849 -0.237615 
-4 -0.210526 2 1 -0.00566054 -0.246201 
-4 0.210526 2 1 -0.0825135 -0.25494 
-4 0.631579 2 1 -0.160746 -0.263836 
-4 1.05263 2 1 -0.240395 -0.272893 
-4 1.47368 2 1 -0.321501 -0.282116 
-4 1.89474 2 1 -0.404102 -0.291508 
-4 2.31579 2 1 -0.488242 -0.301076 
-4 2.73684 2 1 -0.573963 -0.310823 
-4 3.15789 2 1 -0.66131 -0.320756 
-4 3.57895 2 1 -0.75033 -0.330878 
-4 4 2 1 -0.841072 -0.341196 
-4 -4 2 1 0.629515 -0.173975 
-3.57895 -4 2 1 0.6856 -0.180937 
-3.15789 -4 2 1 0.750906 -0.189044 
-2.73684 -4 2 1 0.827912 -0.198603 
-2.31579 -4 2 1 0.92007 -0.210043 
-1.89474 -4 2 1 1.03234 -0.22398 
-1.47368 -4 2 1 1.17211 -0.24133 
-1.05263 -4 2 1 1.35091 -0.263525 
-0.631579 -4 2 1 1.58771 -0.29292 
-0.210526 -4 2 1 1.91622 -0.3337 
0.210526 -4 2 1 2.40251 -0.394065 
0.631579 -4 2 1 3.19617 -0.492586 
1.05263 -4 2 1 4.72327 -0.682151 
1.47368 -4 2 1 8.87374 -1.19737 
1.89474 -4 2 1 63.5712 -7.9872 
-4 4 2 1 -0.841072 -0.341196 
-3.57895 4 2 1 -0.907849 -0.364804 
-3.15789 4 2 1 -0.988028 -0.393148 
-2.73684 4 2 1 -1.08609 -0.427816 
-2.31579 4 2 1 -1.20878 -0.471187 
-1.89474 4 2 1 -1.36669 -0.527011 
-1.47368 4 2 1 -1.57753 -0.60155 
-1.05263 4 2 1 -1.8733 -0.706109 
-0.631579 4 2 1 -2.31822 -0.863398 
-0.210526 4 2 1 -3.06318 -1.12675 
0.210526 4 2 1 -4.56603 -1.65804 
0.631579 4 2 1 -9.18087 -3.28948 
-4 -4 6 1 0.540371 0.475218 
-4 -3.57895 6 1 0.47682 0.473169 
-4 -3.15789 6 1 0.412262 0.471087 
-4 -2.73684 6 1 0.346674 0.468972 
-4 -2.31579 6 1 0.280031 0.466823 
-4 -1.89474 6 1 0.212308 0.464639 
-4 -1.47368 6 1 0.143478 0.462419 
-4 -1.05263 6 1 0.0735135 0.460163 
-4 -0.631579 6 1 0.00238635 0.457869 
-4 -0.210526 6 1 -0.0699327 0.455537 
-4 0.210526 6 1 -0.143474 0.453166 
-4 0.631579 6 1 -0.218268 0.450754 
-4 1.05263 6 1 -0.294348 0.4483 
-4 1.47368 6 1 -0.371747 0.445804 
-4 1.89474 6 1 -0.4505 0.443265 
-4 2.31579 6 1 -0.530643 0.440681 
-4 2.73684 6 1 -0.612211 0.43805 
-4 3.15789 6 1 -0.695245 0.435372 
-4 3.57895 6 1 -0.779784 0.432646 
-4 4 6 1 -0.865869 0.42987 
-4 -4 6 1 0.540371 0.475218 
-3.57895 -4 6 1 0.587239 0.515471 
-3.15789 -4 6 1 0.641401 0.561988 
-2.73684 -4 6 1 0.704704 0.616355 
-2.31579 -4 6 1 0.779674 0.680743 
-1.89474 -4 6 1 0.869864 0.758203 
-1.47368 -4 6 1 0.980434 0.853166 
-1.05263 -4 6 1 1.11917 0.97232 
-0.631579 -4 6 1 1.29841 1.12626 
-0.210526 -4 6 1 1.53891 1.33281 
0.210526 -4 6 1 1.87857 1.62453 
0.631579 -4 6 1 2.39462 2.06774 
1.05263 -4 6 1 3.27267 2.82186 
1.47368 -4 6 1 5.09941 4.39075 
1.89474 -4 6 1 11.2188 9.64636 
-4 4 6 1 -0.865869 0.42987 
-3.57895 4 6 1 -0.930838 0.473825 
-3.15789 4 6 1 -1.008 0.526033 
-2.73684 4 6 1 -1.10116 0.589057 
-2.31579 4 6 1 -1.21585 0.666649 
-1.89474 4 6 1 -1.36051 0.764519 
-1.47368 4 6 1 -1.54866 0.891812 
-1.05263 4 6 1 -1.80338 1.06414 
-0.631579 4 6 1 -2.16759 1.31055 
-0.210526 4 6 1 -2.73122 1.69187 
0.210526 4 6 1 -3.71979 2.36069 
0.631579 4 6 1 -5.90465 3.83886 
1.05263 4 6 1 -14.784 9.84624 
