-5.05093 0.146549 -2.98738 2.09986 0 
-6.127 0.245943 -3.24502 2.44862 1 
-8.06487 0.424939 -3.59473 2.92201 2 
-12.5912 0.843029 -4.09657 3.60133 3 
-35.3221 2.94262 -4.87743 4.65834 4 
-0.117153 -0.148387 -0.105034 0.35065 20 
-0.0745434 -0.146469 -0.0663496 0.368698 21 
-0.0287146 -0.144407 -0.0250484 0.387966 22 
0.0207128 -0.142182 0.019144 0.408584 23 
0.0741803 -0.139776 0.0665424 0.430697 24 
0.132204 -0.137165 0.117509 0.454475 25 
0.195393 -0.134321 0.172461 0.480113 26 
0.264468 -0.131212 0.231888 0.507837 27 
0.340292 -0.1278 0.296356 0.537915 28 
0.423905 -0.124037 0.366538 0.570657 29 
0.516573 -0.119867 0.443227 0.606436 30 
0.61985 -0.115219 0.527373 0.645693 31 
0.735668 -0.110007 0.620119 0.688963 32 
0.866461 -0.104121 0.722854 0.736893 33 
1.01533 -0.0974208 0.837284 0.790279 34 
1.18631 -0.0897262 0.965526 0.850109 35 
1.38471 -0.0807975 1.11024 0.917624 36 
1.61771 -0.0703117 1.27482 0.994408 37 
1.89522 -0.0578228 1.46366 1.08251 38 
2.23134 -0.0426961 1.68255 1.18463 39 
-5.05093 0.146549 -2.98738 2.09986 40 
-3.76725 0.0698116 -2.44678 1.77179 41 
-2.94495 0.0206555 -2.04097 1.52551 42 
-2.37317 -0.0135243 -1.72513 1.33384 43 
-1.95258 -0.0386673 -1.47231 1.18041 44 
-1.6302 -0.0579388 -1.26538 1.05483 45 
-1.37523 -0.0731805 -1.09287 0.950137 46 
-1.16853 -0.0855368 -0.946856 0.861526 47 
-0.997576 -0.0957561 -0.821669 0.785555 48 
-0.853835 -0.104349 -0.713151 0.719698 49 
-0.731288 -0.111674 -0.618179 0.662062 50 
-0.62557 -0.117994 -0.534366 0.611198 51 
-0.533435 -0.123502 -0.459854 0.565979 52 
-0.452426 -0.128345 -0.393177 0.525515 53 
-0.38064 -0.132636 -0.33316 0.489093 54 
-0.316588 -0.136465 -0.278853 0.456136 55 
-0.259084 -0.139902 -0.229479 0.426172 56 
-0.207172 -0.143006 -0.184393 0.398811 57 
-0.160075 -0.145821 -0.143062 0.373728 58 
-0.117153 -0.148387 -0.105034 0.35065 59 
21.9449 2.18822 3.74806 4.46532 72 
7.90305 0.599149 3.00617 3.28696 73 
5.07115 0.278674 2.56329 2.58352 74 
3.85506 0.141054 2.26897 2.11604 75 
3.17882 0.0645272 2.05919 1.78286 76 
2.74826 0.0158017 1.90211 1.53336 77 
2.45007 -0.0179434 1.78008 1.33954 78 
2.23134 -0.0426961 1.68255 1.18463 79 
