-4 -4 2 1 8.77181 -1.87266 
-4 -3.57895 2 1 5.25605 -1.09358 
-4 -3.15789 2 1 3.66227 -0.740405 
-4 -2.73684 2 1 2.75274 -0.538856 
-4 -2.31579 2 1 2.16468 -0.408545 
-4 -1.89474 2 1 1.75326 -0.317375 
-4 -1.47368 2 1 1.44928 -0.250014 
-4 -1.05263 2 1 1.21552 -0.198213 
-4 -0.631579 2 1 1.03016 -0.157138 
-4 -0.210526 2 1 0.879583 -0.12377 
-4 0.210526 2 1 0.754837 -0.0961272 
-4 0.631579 2 1 0.649801 -0.0728515 
-4 1.05263 2 1 0.560145 -0.0529841 
-4 1.47368 2 1 0.482722 -0.0358273 
-4 1.89474 2 1 0.415188 -0.0208619 
-4 2.31579 2 1 0.355762 -0.0076933 
-4 2.73684 2 1 0.303066 0.00398386 
-4 3.15789 2 1 0.256019 0.0144094 
-4 3.57895 2 1 0.213758 0.0237742 
-4 4 2 1 0.175589 0.0322324 
4 0.210526 2 1 -15.3019 -2.65075 
4 0.631579 2 1 -6.5779 -0.962916 
4 1.05263 2 1 -4.34468 -0.530857 
4 1.47368 2 1 -3.3225 -0.333096 
4 1.89474 2 1 -2.73639 -0.219702 
4 2.31579 2 1 -2.35637 -0.146179 
4 2.73684 2 1 -2.08998 -0.0946415 
4 3.15789 2 1 -1.8929 -0.0565113 
4 3.57895 2 1 -1.74118 -0.0271587 
4 4 2 1 -1.62078 -0.00386559 
-4 -4 2 1 8.77181 -1.87266 
-3.57895 -4 2 1 12.5156 -2.90705 
-3.15789 -4 2 1 24.8422 -6.31284 
-4 4 2 1 0.175589 0.0322324 
-3.57895 4 2 1 0.129975 0.0313158 
-3.15789 4 2 1 0.081661 0.0303449 
-2.73684 4 2 1 0.0303989 0.0293148 
-2.31579 4 2 1 -0.0240894 0.0282199 
-1.89474 4 2 1 -0.0821183 0.0270538 
-1.47368 4 2 1 -0.144045 0.0258094 
-1.05263 4 2 1 -0.210274 0.0244785 
-0.631579 4 2 1 -0.281272 0.0230518 
-0.210526 4 2 1 -0.357573 0.0215185 
0.210526 4 2 1 -0.439793 0.0198663 
0.631579 4 2 1 -0.528649 0.0180808 
1.05263 4 2 1 -0.624979 0.016145 
1.47368 4 2 1 -0.729766 0.0140393 
1.89474 4 2 1 -0.844176 0.0117403 
2.31579 4 2 1 -0.969598 0.00921993 
2.73684 4 2 1 -1.1077 0.00644473 
3.15789 4 2 1 -1.26051 0.00337398 
3.57895 4 2 1 -1.43052 -4.22083e-05 
4 4 2 1 -1.62078 -0.00386559 
-4 -3.57895 6 1 17.2509 9.50312 
-4 -3.15789 6 1 7.59717 4.46409 
-4 -2.73684 6 1 4.72631 2.96556 
-4 -2.31579 6 1 3.34815 2.24619 
-4 -1.89474 6 1 2.53872 1.82368 
-4 -1.47368 6 1 2.00619 1.54571 
-4 -1.05263 6 1 1.62921 1.34894 
-4 -0.631579 6 1 1.34833 1.20232 
-4 -0.210526 6 1 1.13094 1.08885 
-4 0.210526 6 1 0.957714 0.998429 
-4 0.631579 6 1 0.816426 0.92468 
-4 1.05263 6 1 0.698992 0.863381 
-4 1.47368 6 1 0.59984 0.811626 
-4 1.89474 6 1 0.51501 0.767346 
-4 2.31579 6 1 0.441607 0.729032 
-4 2.73684 6 1 0.377469 0.695553 
-4 3.15789 6 1 0.320945 0.666049 
-4 3.57895 6 1 0.270756 0.639851 
-4 4 6 1 0.225892 0.616433 
4 1.05263 6 1 -12.6111 10.8712 
4 1.47368 6 1 -6.19563 5.18257 
4 1.89474 6 1 -4.24132 3.44967 
4 2.31579 6 1 -3.29539 2.61091 
4 2.73684 6 1 -2.73744 2.11617 
4 3.15789 6 1 -2.3694 1.78983 
4 3.57895 6 1 -2.1084 1.5584 
4 4 6 1 -1.91368 1.38574 
-4 4 6 1 0.225892 0.616433 
-3.57895 4 6 1 0.177344 0.633889 
-3.15789 4 6 1 0.125628 0.652484 
-2.73684 4 6 1 0.0704215 0.672334 
-2.31579 4 6 1 0.0113603 0.69357 
-1.89474 4 6 1 -0.0519744 0.716343 
-1.47368 4 6 1 -0.120064 0.740825 
-1.05263 4 6 1 -0.193464 0.767217 
-0.631579 4 6 1 -0.272822 0.795751 
-0.210526 4 6 1 -0.358894 0.826699 
0.210526 4 6 1 -0.452568 0.860381 
0.631579 4 6 1 -0.5549 0.897175 
1.05263 4 6 1 -0.667148 0.937535 
1.47368 4 6 1 -0.790825 0.982004 
1.89474 4 6 1 -0.927771 1.03124 
2.31579 4 6 1 -1.08024 1.08607 
2.73684 4 6 1 -1.25104 1.14748 
3.15789 4 6 1 -1.44368 1.21674 
3.57895 4 6 1 -1.66263 1.29547 
4 4 6 1 -1.91368 1.38574 
