0.791665 -0.0339407 0.667982 0.62522 0 
0.710289 -0.0388185 0.595998 0.618503 1 
0.62957 -0.0436571 0.524531 0.611835 2 
0.549498 -0.0484568 0.453575 0.605215 3 
0.470067 -0.0532181 0.383124 0.598642 4 
0.391269 -0.0579415 0.313174 0.592116 5 
0.313096 -0.0626275 0.243719 0.585636 6 
0.23554 -0.0672764 0.174754 0.579201 7 
0.158595 -0.0718887 0.106273 0.572812 8 
0.0822538 -0.0764648 0.0382725 0.566467 9 
0.00650838 -0.0810052 -0.0292539 0.560167 10 
-0.0686477 -0.0855103 -0.0963108 0.553911 11 
-0.143221 -0.0899804 -0.162903 0.547697 12 
-0.217219 -0.0944161 -0.229035 0.541527 13 
-0.290648 -0.0988176 -0.294712 0.5354 14 
-0.363515 -0.103185 -0.359939 0.529314 15 
-0.435825 -0.10752 -0.42472 0.52327 16 
-0.507586 -0.111821 -0.489059 0.517267 17 
-0.578803 -0.11609 -0.552962 0.511305 18 
-0.649483 -0.120327 -0.616432 0.505383 19 
0.791665 -0.0339407 0.667982 0.62522 40 
0.852986 -0.022931 0.712869 0.683779 41 
0.925566 -0.00990006 0.764943 0.751714 42 
1.01282 0.00576522 0.826079 0.831472 43 
1.11969 0.0249534 0.898869 0.926433 44 
1.25365 0.0490036 0.986995 1.0414 45 
1.42647 0.0800315 1.09588 1.18345 46 
1.65794 0.121589 1.23382 1.36341 47 
1.98401 0.180133 1.41426 1.59881 48 
2.47759 0.26875 1.66041 1.91994 49 
3.31236 0.418625 2.01615 2.38403 50 
5.02895 0.726821 2.57561 3.11391 51 
10.5888 1.72504 3.58405 4.4295 52 
-0.649483 -0.120327 -0.616432 0.505383 60 
-0.704712 -0.11687 -0.663284 0.551647 61 
-0.769232 -0.112832 -0.717084 0.604772 62 
-0.845603 -0.108052 -0.7795 0.666404 63 
-0.937419 -0.102305 -0.852783 0.738767 64 
-1.04989 -0.0952652 -0.94004 0.824929 65 
-1.19089 -0.0864406 -1.04569 0.929254 66 
-1.37281 -0.0750539 -1.17624 1.05816 67 
-1.61652 -0.0597999 -1.34165 1.2215 68 
-1.95993 -0.0383056 -1.55806 1.43519 69 
-2.47996 -0.00575675 -1.85334 1.72677 70 
-3.36002 0.0493266 -2.28021 2.14828 71 
-5.17195 0.162736 -2.95187 2.8115 72 
-11.0611 0.531344 -4.16349 4.00792 73 
