17.0266 -3.87902 4.85521 3.55127 6 
6.11496 -1.48976 3.29049 2.34098 7 
3.74312 -0.970408 2.49495 1.72564 8 
2.70547 -0.743199 2.01332 1.35311 9 
2.12338 -0.615743 1.69042 1.10335 10 
1.75085 -0.534171 1.45889 0.924256 11 
1.49197 -0.477486 1.28474 0.789557 12 
1.30162 -0.435807 1.149 0.684565 13 
1.15577 -0.40387 1.04022 0.600428 14 
1.04044 -0.378618 0.951104 0.531493 15 
0.946969 -0.35815 0.876752 0.473983 16 
0.869673 -0.341226 0.813778 0.425274 17 
0.80469 -0.326997 0.759757 0.38349 18 
0.749295 -0.314867 0.712906 0.347251 19 
-13.0735 -1.33068 -4.07532 3.75634 25 
-5.57369 -0.663326 -2.81006 2.55549 26 
-3.5276 -0.481258 -2.13834 1.91796 27 
-2.57265 -0.396283 -1.72186 1.52268 28 
-2.01976 -0.347085 -1.43837 1.25362 29 
-1.65917 -0.314998 -1.23294 1.05864 30 
-1.40541 -0.292418 -1.07722 0.910858 31 
-1.21714 -0.275665 -0.95513 0.79498 32 
-1.07189 -0.262741 -0.856829 0.701682 33 
-0.956444 -0.252468 -0.775982 0.624951 34 
-0.862473 -0.244106 -0.708321 0.560734 35 
-0.784496 -0.237167 -0.650862 0.5062 36 
-0.718751 -0.231317 -0.60146 0.459312 37 
-0.662568 -0.226318 -0.558531 0.418569 38 
-0.614003 -0.221996 -0.520882 0.382836 39 
0.749295 -0.314867 0.712906 0.347251 60 
0.671578 -0.309573 0.643112 0.349264 61 
0.594576 -0.304327 0.573896 0.35126 62 
0.518278 -0.29913 0.50525 0.35324 63 
0.442676 -0.293979 0.437168 0.355204 64 
0.367759 -0.288876 0.369643 0.357151 65 
0.293518 -0.283818 0.302667 0.359083 66 
0.219945 -0.278806 0.236234 0.360999 67 
0.147029 -0.273839 0.170339 0.3629 68 
0.0747635 -0.268916 0.104973 0.364785 69 
0.00313845 -0.264037 0.0401307 0.366655 70 
-0.0678543 -0.259201 -0.0241938 0.36851 71 
-0.138223 -0.254407 -0.0880071 0.370351 72 
-0.207976 -0.249656 -0.151315 0.372177 73 
-0.277121 -0.244945 -0.214124 0.373988 74 
-0.345667 -0.240276 -0.276439 0.375786 75 
-0.41362 -0.235647 -0.338267 0.377569 76 
-0.480989 -0.231057 -0.399613 0.379338 77 
-0.547781 -0.226507 -0.460483 0.381094 78 
-0.614003 -0.221996 -0.520882 0.382836 79 
