-0.0594699 -0.106984 -0.00768137 0.415023 0 
-0.0985762 -0.105901 -0.043302 0.439536 1 
-0.141481 -0.104712 -0.0822753 0.466356 2 
-0.188766 -0.103402 -0.125098 0.495825 3 
-0.241137 -0.101951 -0.17237 0.528355 4 
-0.299463 -0.100336 -0.224822 0.564451 5 
-0.36482 -0.0985251 -0.283356 0.604731 6 
-0.438562 -0.0964823 -0.349094 0.64997 7 
-0.522411 -0.0941594 -0.423454 0.701141 8 
-0.618599 -0.0914948 -0.50825 0.759495 9 
-0.730067 -0.0884068 -0.605847 0.826657 10 
-0.860768 -0.084786 -0.719378 0.904784 11 
-1.01615 -0.0804815 -0.853093 0.996801 12 
-1.20394 -0.0752793 -1.0129 1.10677 13 
-1.43544 -0.068866 -1.20726 1.24053 14 
-1.72794 -0.060763 -1.44874 1.4067 15 
-2.1092 -0.0502011 -1.75684 1.61872 16 
-2.62685 -0.0358608 -2.16354 1.8986 17 
-3.37002 -0.0152731 -2.72518 2.2851 18 
-4.52711 0.0167815 -3.55115 2.8535 19 
2.34681 -0.455511 2.30026 1.05432 20 
2.58595 -0.50529 2.51102 1.21908 21 
2.91155 -0.573068 2.78986 1.43707 22 
3.38086 -0.670759 3.17615 1.73906 23 
4.11594 -0.823775 3.74681 2.18519 24 
5.43175 -1.09768 4.67521 2.91098 25 
8.46584 -1.72925 6.45131 4.29948 26 
22.9156 -4.73713 11.2115 8.02085 27 
-0.0594699 -0.106984 -0.00768137 0.415023 40 
-0.015712 -0.113322 0.0366207 0.427295 41 
0.0313482 -0.120138 0.0841643 0.440465 42 
0.082099 -0.127489 0.135319 0.454634 43 
0.136992 -0.13544 0.190512 0.469923 44 
0.196557 -0.144067 0.250241 0.486467 45 
0.261416 -0.153461 0.31509 0.50443 46 
0.332307 -0.163729 0.385746 0.524002 47 
0.410114 -0.174999 0.463026 0.545408 48 
0.495899 -0.187424 0.547907 0.56892 49 
0.590958 -0.201193 0.641569 0.594864 50 
0.696879 -0.216534 0.745449 0.623639 51 
0.815637 -0.233735 0.861314 0.655733 52 
0.949717 -0.253155 0.991366 0.691757 53 
1.10229 -0.275254 1.13838 0.73248 54 
1.27746 -0.300625 1.30591 0.778885 55 
1.48065 -0.330055 1.49857 0.832251 56 
1.71917 -0.364603 1.72247 0.89427 57 
2.00311 -0.405729 1.98587 0.967234 58 
2.34681 -0.455511 2.30026 1.05432 59 
-4.52711 0.0167815 -3.55115 2.8535 60 
-5.45169 0.00246515 -4.07577 3.49228 61 
-7.10704 -0.0231664 -4.91252 4.51111 62 
-10.9256 -0.0822936 -6.45786 6.39273 63 
-29.1418 -0.364354 -10.273 11.0381 64 
