-4 -4 2 1 7.27656 -1.16659 
-4 -3.57895 2 1 4.69824 -0.718188 
-4 -3.15789 2 1 3.38916 -0.490522 
-4 -2.73684 2 1 2.59722 -0.352794 
-4 -2.31579 2 1 2.06653 -0.2605 
-4 -1.89474 2 1 1.68612 -0.194341 
-4 -1.47368 2 1 1.40007 -0.144593 
-4 -1.05263 2 1 1.17715 -0.105824 
-4 -0.631579 2 1 0.998532 -0.0747601 
-4 -0.210526 2 1 0.852207 -0.0493122 
-4 0.210526 2 1 0.730142 -0.0280836 
-4 0.631579 2 1 0.626767 -0.0101052 
-4 1.05263 2 1 0.538093 0.00531632 
-4 1.47368 2 1 0.461193 0.0186902 
-4 1.89474 2 1 0.393869 0.0303989 
-4 2.31579 2 1 0.334435 0.0407351 
-4 2.73684 2 1 0.281583 0.0499269 
-4 3.15789 2 1 0.234275 0.0581543 
-4 3.57895 2 1 0.191684 0.0655615 
-4 4 2 1 0.153136 0.0722654 
4 0.210526 2 1 -37.5207 -5.20935 
4 0.631579 2 1 -8.72676 -0.983084 
4 1.05263 2 1 -5.17366 -0.461573 
4 1.47368 2 1 -3.78607 -0.257907 
4 1.89474 2 1 -3.04665 -0.149378 
4 2.31579 2 1 -2.58724 -0.0819465 
4 2.73684 2 1 -2.27409 -0.0359848 
4 3.15789 2 1 -2.04696 -0.00264726 
4 3.57895 2 1 -1.87468 0.0226392 
4 4 2 1 -1.73953 0.042477 
-4 -4 2 1 7.27656 -1.16659 
-3.57895 -4 2 1 9.69731 -1.70913 
-3.15789 -4 2 1 15.7674 -3.06956 
-2.73684 -4 2 1 58.9984 -12.7585 
-4 4 2 1 0.153136 0.0722654 
-3.57895 4 2 1 0.107909 0.0715536 
-3.15789 4 2 1 0.0598521 0.0707972 
-2.73684 4 2 1 0.00869166 0.069992 
-2.31579 4 2 1 -0.0458831 0.069133 
-1.89474 4 2 1 -0.104226 0.0682148 
-1.47368 4 2 1 -0.16674 0.0672309 
-1.05263 4 2 1 -0.233891 0.066174 
-0.631579 4 2 1 -0.306213 0.0650357 
-0.210526 4 2 1 -0.384329 0.0638063 
0.210526 4 2 1 -0.468962 0.0624742 
0.631579 4 2 1 -0.560965 0.0610262 
1.05263 4 2 1 -0.661344 0.0594464 
1.47368 4 2 1 -0.771297 0.0577158 
1.89474 4 2 1 -0.892263 0.055812 
2.31579 4 2 1 -1.02598 0.0537074 
2.73684 4 2 1 -1.17459 0.0513685 
3.15789 4 2 1 -1.3407 0.048754 
3.57895 4 2 1 -1.52763 0.045812 
4 4 2 1 -1.73953 0.042477 
-4 -4 6 1 165.779 93.3286 
-4 -3.57895 6 1 13.6555 8.19589 
-4 -3.15789 6 1 6.83756 4.38036 
-4 -2.73684 6 1 4.42704 3.03136 
-4 -2.31579 6 1 3.19414 2.3414 
-4 -1.89474 6 1 2.44532 1.92234 
-4 -1.47368 6 1 1.94227 1.64081 
-4 -1.05263 6 1 1.58104 1.43866 
-4 -0.631579 6 1 1.30907 1.28646 
-4 -0.210526 6 1 1.09692 1.16773 
-4 0.210526 6 1 0.926798 1.07252 
-4 0.631579 6 1 0.787349 0.994485 
-4 1.05263 6 1 0.670961 0.929351 
-4 1.47368 6 1 0.572351 0.874166 
-4 1.89474 6 1 0.487734 0.826811 
-4 2.31579 6 1 0.414329 0.785732 
-4 2.73684 6 1 0.350046 0.749757 
-4 3.15789 6 1 0.293284 0.717992 
-4 3.57895 6 1 0.242797 0.689738 
-4 4 6 1 0.197598 0.664443 
4 1.05263 6 1 -36.0072 32.3449 
4 1.47368 6 1 -9.04811 7.86088 
4 1.89474 6 1 -5.4038 4.55116 
4 2.31579 6 1 -3.95976 3.23969 
4 2.73684 6 1 -3.18539 2.53642 
4 3.15789 6 1 -2.70255 2.09791 
4 3.57895 6 1 -2.37268 1.79833 
4 4 6 1 -2.13304 1.58068 
-4 -4 6 1 165.779 93.3286 
-4 4 6 1 0.197598 0.664443 
-3.57895 4 6 1 0.149042 0.683531 
-3.15789 4 6 1 0.0971143 0.703946 
-2.73684 4 6 1 0.0414495 0.725829 
-2.31579 4 6 1 -0.0183704 0.749346 
-1.89474 4 6 1 -0.0828287 0.774687 
-1.47368 4 6 1 -0.152487 0.802071 
-1.05263 4 6 1 -0.228 0.831757 
-0.631579 4 6 1 -0.310139 0.864049 
-0.210526 4 6 1 -0.399816 0.899303 
0.210526 4 6 1 -0.498119 0.937949 
0.631579 4 6 1 -0.606355 0.980499 
1.05263 4 6 1 -0.726109 1.02758 
1.47368 4 6 1 -0.859324 1.07995 
1.89474 4 6 1 -1.0084 1.13856 
2.31579 4 6 1 -1.17636 1.20459 
2.73684 4 6 1 -1.36703 1.27954 
3.15789 4 6 1 -1.58534 1.36537 
3.57895 4 6 1 -1.83778 1.46461 
4 4 6 1 -2.13304 1.58068 
