-4 -4 2 1 0.307274 -0.0591758 
-4 -3.57895 2 1 0.259391 -0.0565117 
-4 -3.15789 2 1 0.208982 -0.053707 
-4 -2.73684 2 1 0.155841 -0.0507504 
-4 -2.31579 2 1 0.0997402 -0.047629 
-4 -1.89474 2 1 0.0404247 -0.0443288 
-4 -1.47368 2 1 -0.0223898 -0.0408339 
-4 -1.05263 2 1 -0.0890223 -0.0371266 
-4 -0.631579 2 1 -0.159832 -0.0331869 
-4 -0.210526 2 1 -0.235223 -0.0289923 
-4 0.210526 2 1 -0.315657 -0.0245171 
-4 0.631579 2 1 -0.401657 -0.0197323 
-4 1.05263 2 1 -0.49382 -0.0146045 
-4 1.47368 2 1 -0.592834 -0.00909554 
-4 1.89474 2 1 -0.699492 -0.00316126 
-4 2.31579 2 1 -0.814716 0.00324957 
-4 2.73684 2 1 -0.93958 0.0101968 
-4 3.15789 2 1 -1.07535 0.0177506 
-4 3.57895 2 1 -1.22351 0.0259941 
-4 4 2 1 -1.38585 0.0350262 
-4 -4 2 1 0.307274 -0.0591758 
-3.57895 -4 2 1 0.351355 -0.0508152 
-3.15789 -4 2 1 0.400691 -0.041458 
-2.73684 -4 2 1 0.45628 -0.0309146 
-2.31579 -4 2 1 0.519393 -0.0189444 
-1.89474 -4 2 1 0.591668 -0.00523649 
-1.47368 -4 2 1 0.675255 0.010617 
-1.05263 -4 2 1 0.773036 0.0291625 
-0.631579 -4 2 1 0.888962 0.0511495 
-0.210526 -4 2 1 1.0286 0.0776338 
0.210526 -4 2 1 1.20005 0.110152 
0.631579 -4 2 1 1.4156 0.151033 
1.05263 -4 2 1 1.69474 0.203977 
1.47368 -4 2 1 2.07051 0.275247 
1.89474 -4 2 1 2.60358 0.376351 
2.31579 -4 2 1 3.41886 0.53098 
2.73684 -4 2 1 4.82114 0.796942 
3.15789 -4 2 1 7.80094 1.3621 
3.57895 -4 2 1 18.4428 3.38049 
-4 4 2 1 -1.38585 0.0350262 
-3.57895 4 2 1 -1.48876 0.0625053 
-3.15789 4 2 1 -1.61794 0.096997 
-2.73684 4 2 1 -1.7849 0.141578 
-2.31579 4 2 1 -2.00907 0.201435 
-1.89474 4 2 1 -2.32594 0.28604 
-1.47368 4 2 1 -2.80795 0.414744 
-1.05263 4 2 1 -3.62977 0.634178 
-0.631579 4 2 1 -5.34628 1.09251 
-0.210526 4 2 1 -11.164 2.64589 
-4 -4 6 1 0.267864 0.449669 
-4 -3.57895 6 1 0.223993 0.463795 
-4 -3.15789 6 1 0.17805 0.478587 
-4 -2.73684 6 1 0.129886 0.494095 
-4 -2.31579 6 1 0.0793343 0.510372 
-4 -1.89474 6 1 0.0262144 0.527475 
-4 -1.47368 6 1 -0.029675 0.54547 
-4 -1.05263 6 1 -0.0885563 0.564429 
-4 -0.631579 6 1 -0.150676 0.58443 
-4 -0.210526 6 1 -0.21631 0.605563 
-4 0.210526 6 1 -0.285764 0.627925 
-4 0.631579 6 1 -0.359382 0.651628 
-4 1.05263 6 1 -0.43755 0.676797 
-4 1.47368 6 1 -0.520703 0.70357 
-4 1.89474 6 1 -0.609333 0.732107 
-4 2.31579 6 1 -0.704002 0.762588 
-4 2.73684 6 1 -0.805346 0.795219 
-4 3.15789 6 1 -0.914098 0.830235 
-4 3.57895 6 1 -1.0311 0.867907 
-4 4 6 1 -1.15733 0.908551 
4 -4 6 1 7.81239 7.11453 
4 -3.57895 6 1 9.70377 9.55403 
4 -3.15789 6 1 13.5026 14.4538 
4 -2.73684 6 1 25.0296 29.3212 
-4 -4 6 1 0.267864 0.449669 
-3.57895 -4 6 1 0.305312 0.482751 
-3.15789 -4 6 1 0.346729 0.519338 
-2.73684 -4 6 1 0.392779 0.560019 
-2.31579 -4 6 1 0.444288 0.605522 
-1.89474 -4 6 1 0.502286 0.656758 
-1.47368 -4 6 1 0.568082 0.714882 
-1.05263 -4 6 1 0.643363 0.781386 
-0.631579 -4 6 1 0.730339 0.858221 
-0.210526 -4 6 1 0.831964 0.947997 
0.210526 -4 6 1 0.95228 1.05428 
0.631579 -4 6 1 1.09697 1.1821 
1.05263 -4 6 1 1.27426 1.33872 
1.47368 -4 6 1 1.49658 1.53512 
1.89474 -4 6 1 1.78359 1.78867 
2.31579 -4 6 1 2.16831 2.12853 
2.73684 -4 6 1 2.71089 2.60785 
3.15789 -4 6 1 3.53356 3.3346 
3.57895 -4 6 1 4.92865 4.56703 
4 -4 6 1 7.81239 7.11453 
-4 4 6 1 -1.15733 0.908551 
-3.57895 4 6 1 -1.21961 1.01065 
-3.15789 4 6 1 -1.29443 1.13332 
-2.73684 4 6 1 -1.386 1.28344 
-2.31579 4 6 1 -1.50065 1.4714 
-1.89474 4 6 1 -1.64838 1.71359 
-1.47368 4 6 1 -1.8459 2.0374 
-1.05263 4 6 1 -2.12348 2.49249 
-0.631579 4 6 1 -2.54221 3.17896 
-0.210526 4 6 1 -3.2464 4.33344 
0.210526 4 6 1 -4.67897 6.68204 
0.631579 4 6 1 -9.18045 14.0619 
