-4 2.73684 2 1 22.1068 0.917086 
-4 3.15789 2 1 10.9894 0.540045 
-4 3.57895 2 1 7.61758 0.425689 
-4 4 2 1 5.98799 0.370422 
4 -4 2 1 -2.11451 -0.188497 
4 -3.57895 2 1 -1.80038 -0.15178 
4 -3.15789 2 1 -1.53904 -0.121234 
4 -2.73684 2 1 -1.31821 -0.0954226 
4 -2.31579 2 1 -1.12916 -0.0733249 
4 -1.89474 2 1 -0.965473 -0.054193 
4 -1.47368 2 1 -0.822377 -0.0374674 
4 -1.05263 2 1 -0.696214 -0.022721 
4 -0.631579 2 1 -0.584146 -0.00962212 
4 -0.210526 2 1 -0.483937 0.00209076 
4 0.210526 2 1 -0.393798 0.0126265 
4 0.631579 2 1 -0.312284 0.0221542 
4 1.05263 2 1 -0.238214 0.0308118 
4 1.47368 2 1 -0.170612 0.0387133 
4 1.89474 2 1 -0.108667 0.0459537 
4 2.31579 2 1 -0.0516976 0.0526125 
4 2.73684 2 1 0.000873103 0.0587572 
4 3.15789 2 1 0.0495354 0.064445 
4 3.57895 2 1 0.0947096 0.0697251 
4 4 2 1 0.136758 0.0746399 
1.05263 -4 2 1 -20.3857 -3.13855 
1.47368 -4 2 1 -7.44403 -1.049 
1.89474 -4 2 1 -4.79046 -0.620554 
2.31579 -4 2 1 -3.64638 -0.435832 
2.73684 -4 2 1 -3.009 -0.332921 
3.15789 -4 2 1 -2.60273 -0.267324 
3.57895 -4 2 1 -2.32116 -0.221862 
4 -4 2 1 -2.11451 -0.188497 
-4 4 2 1 5.98799 0.370422 
-3.57895 4 2 1 4.27242 0.2837 
-3.15789 4 2 1 3.25169 0.232101 
-2.73684 4 2 1 2.57475 0.197881 
-2.31579 4 2 1 2.09294 0.173526 
-1.89474 4 2 1 1.73253 0.155307 
-1.47368 4 2 1 1.45276 0.141164 
-1.05263 4 2 1 1.2293 0.129868 
-0.631579 4 2 1 1.04669 0.120637 
-0.210526 4 2 1 0.894678 0.112953 
0.210526 4 2 1 0.766163 0.106457 
0.631579 4 2 1 0.65609 0.100892 
1.05263 4 2 1 0.560753 0.096073 
1.47368 4 2 1 0.47738 0.0918585 
1.89474 4 2 1 0.403851 0.0881416 
2.31579 4 2 1 0.338521 0.0848391 
2.73684 4 2 1 0.28009 0.0818854 
3.15789 4 2 1 0.22752 0.0792279 
3.57895 4 2 1 0.179971 0.0768243 
4 4 2 1 0.136758 0.0746399 
-4 3.15789 6 1 53.2212 46.2347 
-4 3.57895 6 1 15.062 12.4039 
-4 4 6 1 9.23582 7.23859 
4 -4 6 1 -2.65924 1.64288 
4 -3.57895 6 1 -2.23659 1.49049 
4 -3.15789 6 1 -1.89528 1.36743 
4 -2.73684 6 1 -1.6139 1.26598 
4 -2.31579 6 1 -1.37794 1.1809 
4 -1.89474 6 1 -1.17722 1.10853 
4 -1.47368 6 1 -1.00439 1.04622 
4 -1.05263 6 1 -0.854024 0.992001 
4 -0.631579 6 1 -0.722002 0.944401 
4 -0.210526 6 1 -0.605164 0.902274 
4 0.210526 6 1 -0.501031 0.864729 
4 0.631579 6 1 -0.407638 0.831055 
4 1.05263 6 1 -0.323406 0.800685 
4 1.47368 6 1 -0.247049 0.773154 
4 1.89474 6 1 -0.177512 0.748083 
4 2.31579 6 1 -0.113921 0.725154 
4 2.73684 6 1 -0.055544 0.704106 
4 3.15789 6 1 -0.00176525 0.684716 
4 3.57895 6 1 0.047938 0.666796 
4 4 6 1 0.094012 0.650183 
1.47368 -4 6 1 -33.3727 27.8544 
1.89474 -4 6 1 -9.56415 7.53567 
2.31579 -4 6 1 -5.85186 4.36752 
2.73684 -4 6 1 -4.34306 3.07989 
3.15789 -4 6 1 -3.52488 2.38164 
3.57895 -4 6 1 -3.01145 1.94346 
4 -4 6 1 -2.65924 1.64288 
-4 4 6 1 9.23582 7.23859 
-3.57895 4 6 1 5.65237 4.65603 
-3.15789 4 6 1 3.95908 3.4357 
-2.73684 4 6 1 2.97255 2.72472 
-2.31579 4 6 1 2.32669 2.25925 
-1.89474 4 6 1 1.87103 1.93086 
-1.47368 4 6 1 1.53232 1.68676 
-1.05263 4 6 1 1.27067 1.49819 
-0.631579 4 6 1 1.06246 1.34813 
-0.210526 4 6 1 0.892836 1.22589 
0.210526 4 6 1 0.751983 1.12438 
0.631579 4 6 1 0.633153 1.03874 
1.05263 4 6 1 0.531555 0.965517 
1.47368 4 6 1 0.443695 0.902196 
1.89474 4 6 1 0.366961 0.846895 
2.31579 4 6 1 0.299367 0.798181 
2.73684 4 6 1 0.239372 0.754943 
3.15789 4 6 1 0.185762 0.716307 
3.57895 4 6 1 0.137569 0.681575 
4 4 6 1 0.094012 0.650183 
