4 -4 2 1 -0.436612 0.0432986 
4 -3.57895 2 1 -0.381273 0.0390241 
4 -3.15789 2 1 -0.323948 0.0345963 
4 -2.73684 2 1 -0.26453 0.0300067 
4 -2.31579 2 1 -0.2029 0.0252463 
4 -1.89474 2 1 -0.138933 0.0203054 
4 -1.47368 2 1 -0.0724929 0.0151735 
4 -1.05263 2 1 -0.00343453 0.00983929 
4 -0.631579 2 1 0.0684006 0.00429064 
4 -0.210526 2 1 0.143183 -0.00148569 
4 0.210526 2 1 0.221099 -0.00750401 
4 0.631579 2 1 0.302348 -0.0137798 
4 1.05263 2 1 0.38715 -0.0203301 
4 1.47368 2 1 0.475743 -0.0271731 
4 1.89474 2 1 0.568386 -0.034329 
4 2.31579 2 1 0.665365 -0.0418198 
4 2.73684 2 1 0.76699 -0.0496695 
4 3.15789 2 1 0.873604 -0.0579045 
4 3.57895 2 1 0.985583 -0.066554 
4 4 2 1 1.10334 -0.07565 
-2.73684 -4 2 1 -93.8469 16.8047 
-2.31579 -4 2 1 -9.92579 1.74602 
-1.89474 -4 2 1 -5.11856 0.88342 
-1.47368 -4 2 1 -3.39138 0.573497 
-1.05263 -4 2 1 -2.50233 0.413967 
-0.631579 -4 2 1 -1.96046 0.316735 
-0.210526 -4 2 1 -1.59562 0.25127 
0.210526 -4 2 1 -1.33325 0.20419 
0.631579 -4 2 1 -1.13549 0.168704 
1.05263 -4 2 1 -0.981086 0.140998 
1.47368 -4 2 1 -0.857195 0.118767 
1.89474 -4 2 1 -0.755584 0.100534 
2.31579 -4 2 1 -0.670738 0.0853098 
2.73684 -4 2 1 -0.598824 0.0724057 
3.15789 -4 2 1 -0.537095 0.0613292 
3.57895 -4 2 1 -0.483531 0.0517177 
4 -4 2 1 -0.436612 0.0432986 
-0.210526 4 2 1 11.272 0.0267325 
0.210526 4 2 1 5.21752 -0.0342268 
0.631579 4 2 1 3.46204 -0.0519017 
1.05263 4 2 1 2.62646 -0.0603146 
1.47368 4 2 1 2.13783 -0.0652344 
1.89474 4 2 1 1.81721 -0.0684625 
2.31579 4 2 1 1.59066 -0.0707435 
2.73684 4 2 1 1.42207 -0.0724409 
3.15789 4 2 1 1.29173 -0.0737532 
3.57895 4 2 1 1.18794 -0.0747982 
4 4 2 1 1.10334 -0.07565 
4 -4 6 1 -0.365244 0.630127 
4 -3.57895 6 1 -0.310605 0.635985 
4 -3.15789 6 1 -0.254074 0.642046 
4 -2.73684 6 1 -0.195551 0.64832 
4 -2.31579 6 1 -0.13493 0.654819 
4 -1.89474 6 1 -0.0720957 0.661555 
4 -1.47368 6 1 -0.00692417 0.668542 
4 -1.05263 6 1 0.0607172 0.675794 
4 -0.631579 6 1 0.130972 0.683326 
4 -0.210526 6 1 0.203993 0.691155 
4 0.210526 6 1 0.279949 0.699298 
4 0.631579 6 1 0.35902 0.707775 
4 1.05263 6 1 0.4414 0.716607 
4 1.47368 6 1 0.527304 0.725817 
4 1.89474 6 1 0.61696 0.735429 
4 2.31579 6 1 0.710622 0.74547 
4 2.73684 6 1 0.808562 0.75597 
4 3.15789 6 1 0.911083 0.766962 
4 3.57895 6 1 1.01851 0.778479 
4 4 6 1 1.13121 0.790561 
-2.73684 -4 6 1 -15.1848 17.215 
-2.31579 -4 6 1 -6.03258 6.97256 
-1.89474 -4 6 1 -3.68763 4.34828 
-1.47368 -4 6 1 -2.61402 3.14678 
-1.05263 -4 6 1 -1.99834 2.45775 
-0.631579 -4 6 1 -1.5991 2.01096 
-0.210526 -4 6 1 -1.31924 1.69777 
0.210526 -4 6 1 -1.11218 1.46603 
0.631579 -4 6 1 -0.952771 1.28764 
1.05263 -4 6 1 -0.826272 1.14607 
1.47368 -4 6 1 -0.723441 1.03099 
1.89474 -4 6 1 -0.638205 0.935603 
2.31579 -4 6 1 -0.566403 0.855248 
2.73684 -4 6 1 -0.505092 0.786634 
3.15789 -4 6 1 -0.452129 0.727362 
3.57895 -4 6 1 -0.405918 0.675646 
4 -4 6 1 -0.365244 0.630127 
-0.631579 4 6 1 25.7114 25.8359 
-0.210526 4 6 1 7.3325 7.1092 
0.210526 4 6 1 4.37139 4.09206 
0.631579 4 6 1 3.16029 2.85804 
1.05263 4 6 1 2.50168 2.18697 
1.47368 4 6 1 2.08772 1.76518 
1.89474 4 6 1 1.80345 1.47552 
2.31579 4 6 1 1.59617 1.26432 
2.73684 4 6 1 1.43834 1.1035 
3.15789 4 6 1 1.31414 0.976955 
3.57895 4 6 1 1.21387 0.874783 
4 4 6 1 1.13121 0.790561 
