-1.63983 0.4051 -2.17753 2.10609 20 
-1.43715 0.397707 -1.88395 1.97671 21 
-1.25595 0.391098 -1.62908 1.8644 22 
-1.09299 0.385153 -1.40574 1.76597 23 
-0.945646 0.379779 -1.20841 1.67901 24 
-0.811776 0.374896 -1.03281 1.60163 25 
-0.689614 0.37044 -0.875523 1.53231 26 
-0.577686 0.366357 -0.733835 1.46987 27 
-0.474759 0.362603 -0.605535 1.41333 28 
-0.37979 0.359139 -0.488809 1.3619 29 
-0.291889 0.355932 -0.382159 1.3149 30 
-0.210296 0.352956 -0.284335 1.27179 31 
-0.134356 0.350186 -0.194284 1.2321 32 
-0.0634995 0.347602 -0.111115 1.19545 33 
0.00276593 0.345185 -0.0340688 1.1615 34 
0.064873 0.342919 0.0375072 1.12996 35 
0.123201 0.340792 0.104175 1.10058 36 
0.178085 0.33879 0.166424 1.07314 37 
0.229821 0.336902 0.224678 1.04747 38 
0.278673 0.335121 0.279311 1.0234 39 
-4.21537 0.990748 -16.1377 18.6203 53 
-3.18929 0.75743 -7.00812 7.82044 54 
-2.6097 0.625639 -4.61604 4.99073 55 
-2.23725 0.540947 -3.51347 3.68643 56 
-1.97773 0.481935 -2.87907 2.93597 57 
-1.78654 0.43846 -2.46687 2.44836 58 
-1.63983 0.4051 -2.17753 2.10609 59 
5.92749 1.62377 33.1776 36.6608 63 
3.95864 1.17462 8.95466 10.4211 64 
2.91035 0.935478 4.99038 6.12671 65 
2.25933 0.786963 3.36396 4.36488 66 
1.81572 0.685764 2.47828 3.40545 67 
1.49403 0.612377 1.92115 2.80194 68 
1.25006 0.556722 1.53836 2.38728 69 
1.05869 0.513064 1.25915 2.08482 70 
0.904559 0.477903 1.04649 1.85445 71 
0.777762 0.448977 0.879111 1.67314 72 
0.67162 0.424763 0.74395 1.52672 73 
0.581466 0.404196 0.63252 1.40601 74 
0.503941 0.386511 0.539074 1.30479 75 
0.436565 0.37114 0.459585 1.21868 76 
0.377468 0.357658 0.391143 1.14454 77 
0.325211 0.345737 0.331594 1.08003 78 
0.278673 0.335121 0.279311 1.0234 79 
