-0.538949 0.235525 -0.480512 0.90299 20 
-0.475601 0.230842 -0.415632 0.905158 21 
-0.410944 0.226062 -0.349392 0.907372 22 
-0.344939 0.221182 -0.28175 0.909633 23 
-0.277542 0.216199 -0.21266 0.911942 24 
-0.208709 0.21111 -0.142076 0.914301 25 
-0.138393 0.205911 -0.0699475 0.916712 26 
-0.0665464 0.2006 0.00377548 0.919175 27 
0.00688172 0.195171 0.0791469 0.921695 28 
0.0819441 0.189621 0.156223 0.92427 29 
0.158696 0.183947 0.235061 0.926905 30 
0.237195 0.178143 0.315723 0.929601 31 
0.317502 0.172206 0.398273 0.93236 32 
0.399679 0.166131 0.482779 0.935184 33 
0.483793 0.159912 0.569309 0.938076 34 
0.569913 0.153545 0.657939 0.941039 35 
0.658111 0.147024 0.748745 0.944073 36 
0.748465 0.140344 0.841808 0.947184 37 
0.841053 0.133499 0.937214 0.950372 38 
0.935961 0.126482 1.03505 0.953642 39 
-16.6515 5.58905 -23.0993 33.0936 45 
-6.13701 2.09553 -6.37036 9.28533 46 
-3.71727 1.29155 -3.64222 5.40268 47 
-2.64263 0.934492 -2.52373 3.81087 48 
-2.03545 0.73275 -1.91484 2.94431 49 
-1.6452 0.603086 -1.5319 2.39931 50 
-1.37324 0.512726 -1.26882 2.02489 51 
-1.17288 0.446153 -1.07694 1.75181 52 
-1.01912 0.395065 -0.9308 1.54383 53 
-0.897398 0.354623 -0.815789 1.38015 54 
-0.79865 0.321813 -0.722917 1.24798 55 
-0.716931 0.294661 -0.646354 1.13901 56 
-0.648185 0.27182 -0.582149 1.04764 57 
-0.58955 0.252338 -0.527535 0.969913 58 
-0.538949 0.235525 -0.480512 0.90299 59 
11.8607 1.78666 17.7186 18.7822 68 
5.32617 0.793644 6.62763 6.93003 69 
3.4721 0.511889 4.12058 4.25093 70 
2.59585 0.378728 3.01251 3.06681 71 
2.08529 0.301141 2.38788 2.39931 72 
1.75102 0.250344 1.98696 1.97088 73 
1.51518 0.214504 1.70783 1.67259 74 
1.33987 0.187863 1.50231 1.45297 75 
1.20444 0.167282 1.34467 1.28451 76 
1.09667 0.150904 1.21993 1.15121 77 
1.00887 0.137562 1.11876 1.04309 78 
0.935961 0.126482 1.03505 0.953642 79 
