-4 -1.05263 2 1 17.2003 -5.43278 
-4 -0.631579 2 1 6.19429 -2.05144 
-4 -0.210526 2 1 3.82103 -1.32231 
-4 0.210526 2 1 2.78488 -1.00398 
-4 0.631579 2 1 2.2042 -0.825575 
-4 1.05263 2 1 1.83278 -0.711464 
-4 1.47368 2 1 1.57477 -0.632198 
-4 1.89474 2 1 1.38511 -0.573929 
-4 2.31579 2 1 1.23982 -0.529291 
-4 2.73684 2 1 1.12495 -0.494002 
-4 3.15789 2 1 1.03186 -0.465402 
-4 3.57895 2 1 0.954894 -0.441755 
-4 4 2 1 0.89019 -0.421877 
4 -2.31579 2 1 -29.0281 -6.16202 
4 -1.89474 2 1 -7.49987 -1.75634 
4 -1.47368 2 1 -4.25456 -1.0922 
4 -1.05263 2 1 -2.94385 -0.823969 
4 -0.631579 2 1 -2.23507 -0.678921 
4 -0.210526 2 1 -1.79101 -0.588045 
4 0.210526 2 1 -1.4867 -0.52577 
4 0.631579 2 1 -1.26514 -0.480428 
4 1.05263 2 1 -1.09662 -0.44594 
4 1.47368 2 1 -0.964123 -0.418826 
4 1.89474 2 1 -0.857218 -0.396948 
4 2.31579 2 1 -0.769143 -0.378924 
4 2.73684 2 1 -0.695325 -0.363817 
4 3.15789 2 1 -0.632562 -0.350973 
4 3.57895 2 1 -0.578543 -0.339918 
4 4 2 1 -0.53156 -0.330303 
-4 4 2 1 0.89019 -0.421877 
-3.57895 4 2 1 0.7997 -0.416048 
-3.15789 4 2 1 0.71129 -0.410354 
-2.73684 4 2 1 0.624889 -0.404789 
-2.31579 4 2 1 0.540429 -0.399349 
-1.89474 4 2 1 0.457847 -0.39403 
-1.47368 4 2 1 0.377079 -0.388828 
-1.05263 4 2 1 0.298067 -0.383739 
-0.631579 4 2 1 0.220754 -0.378759 
-0.210526 4 2 1 0.145086 -0.373885 
0.210526 4 2 1 0.0710115 -0.369114 
0.631579 4 2 1 -0.00152015 -0.364443 
1.05263 4 2 1 -0.0725564 -0.359867 
1.47368 4 2 1 -0.142143 -0.355385 
1.89474 4 2 1 -0.210324 -0.350994 
2.31579 4 2 1 -0.277141 -0.34669 
2.73684 4 2 1 -0.342635 -0.342472 
3.15789 4 2 1 -0.406845 -0.338336 
3.57895 4 2 1 -0.469808 -0.334281 
4 4 2 1 -0.53156 -0.330303 
-4 -1.89474 6 1 27.9013 20.4488 
-4 -1.47368 6 1 7.2168 5.06786 
-4 -1.05263 6 1 4.19632 2.82185 
-4 -0.631579 6 1 2.98344 1.91995 
-4 -0.210526 6 1 2.32923 1.43348 
-4 0.210526 6 1 1.91996 1.12915 
-4 0.631579 6 1 1.63975 0.920785 
-4 1.05263 6 1 1.43587 0.769182 
-4 1.47368 6 1 1.28087 0.653926 
-4 1.89474 6 1 1.15906 0.563345 
-4 2.31579 6 1 1.0608 0.490281 
-4 2.73684 6 1 0.979867 0.430101 
-4 3.15789 6 1 0.912051 0.379673 
-4 3.57895 6 1 0.8544 0.336804 
-4 4 6 1 0.804789 0.299913 
4 -3.15789 6 1 -69.4453 52.95 
4 -2.73684 6 1 -8.78473 6.62545 
4 -2.31579 6 1 -4.62689 3.45023 
4 -1.89474 6 1 -3.11132 2.29284 
4 -1.47368 6 1 -2.32664 1.69361 
4 -1.05263 6 1 -1.84686 1.32721 
4 -0.631579 6 1 -1.52318 1.08003 
4 -0.210526 6 1 -1.29007 0.902013 
4 0.210526 6 1 -1.11419 0.767697 
4 0.631579 6 1 -0.97676 0.662749 
4 1.05263 6 1 -0.86642 0.578486 
4 1.47368 6 1 -0.775877 0.509341 
4 1.89474 6 1 -0.700242 0.451581 
4 2.31579 6 1 -0.636112 0.402607 
4 2.73684 6 1 -0.581049 0.360557 
4 3.15789 6 1 -0.533256 0.324059 
4 3.57895 6 1 -0.491383 0.292082 
4 4 6 1 -0.454394 0.263835 
-4 4 6 1 0.804789 0.299913 
-3.57895 4 6 1 0.726361 0.297666 
-3.15789 4 6 1 0.649516 0.295464 
-2.73684 4 6 1 0.574205 0.293306 
-2.31579 4 6 1 0.500383 0.291191 
-1.89474 4 6 1 0.428007 0.289118 
-1.47368 4 6 1 0.357034 0.287084 
-1.05263 4 6 1 0.287424 0.28509 
-0.631579 4 6 1 0.219138 0.283133 
-0.210526 4 6 1 0.152139 0.281213 
0.210526 4 6 1 0.086391 0.279329 
0.631579 4 6 1 0.0218587 0.27748 
1.05263 4 6 1 -0.0414911 0.275665 
1.47368 4 6 1 -0.103691 0.273883 
1.89474 4 6 1 -0.164771 0.272133 
2.31579 4 6 1 -0.224761 0.270414 
2.73684 4 6 1 -0.283692 0.268726 
3.15789 4 6 1 -0.34159 0.267067 
3.57895 4 6 1 -0.398482 0.265437 
4 4 6 1 -0.454394 0.263835 
