-3.79164 0.262069 -2.54001 1.85604 0 
-4.35755 0.365044 -2.72393 2.13117 1 
-5.23255 0.524264 -2.9641 2.49046 2 
-6.76503 0.803122 -3.29101 2.97949 3 
-10.142 1.41762 -3.76199 3.68404 4 
-23.7265 3.88951 -4.49918 4.78684 5 
-0.0744474 -0.0931221 -0.0746525 0.393146 20 
-0.0332792 -0.0883594 -0.0375624 0.414154 21 
0.0111546 -0.0832189 0.00216856 0.436657 22 
0.0592588 -0.0776538 0.0448328 0.460823 23 
0.111508 -0.0716092 0.0907677 0.48684 24 
0.168461 -0.0650204 0.140364 0.514932 25 
0.230783 -0.0578103 0.194078 0.545356 26 
0.299273 -0.0498869 0.252445 0.578415 27 
0.374892 -0.0411386 0.316097 0.614468 28 
0.458815 -0.0314297 0.385785 0.653939 29 
0.552489 -0.0205926 0.46241 0.69734 30 
0.657718 -0.00841876 0.547064 0.745288 31 
0.776782 0.00535559 0.641077 0.798538 32 
0.9126 0.0210682 0.746092 0.858019 33 
1.06898 0.0391593 0.864162 0.924894 34 
1.25096 0.0602129 0.99788 1.00063 35 
1.46541 0.0850218 1.15058 1.08712 36 
1.72185 0.114689 1.32661 1.18683 37 
2.03396 0.150797 1.53177 1.30303 38 
2.42207 0.195697 1.77392 1.44018 39 
-3.79164 0.262069 -2.54001 1.85604 40 
-3.00824 0.187212 -2.13637 1.61652 41 
-2.44894 0.133769 -1.81745 1.42729 42 
-2.02961 0.0937007 -1.55913 1.274 43 
-1.70356 0.0625451 -1.34562 1.14731 44 
-1.44277 0.0376259 -1.1662 1.04085 45 
-1.22943 0.017241 -1.0133 0.950122 46 
-1.05168 0.000256035 -0.881458 0.871888 47 
-0.901292 -0.0141142 -0.766594 0.80373 48 
-0.7724 -0.0264302 -0.665631 0.74382 49 
-0.660704 -0.0371032 -0.576187 0.690746 50 
-0.562977 -0.0464413 -0.496399 0.643402 51 
-0.476753 -0.0546803 -0.424783 0.600906 52 
-0.400114 -0.0620034 -0.360145 0.562551 53 
-0.331547 -0.0685553 -0.301511 0.527759 54 
-0.269838 -0.0744518 -0.248083 0.496056 55 
-0.21401 -0.0797864 -0.199197 0.467048 56 
-0.163258 -0.0846359 -0.154297 0.440405 57 
-0.116921 -0.0890635 -0.112915 0.41585 58 
-0.0744474 -0.0931221 -0.0746525 0.393146 59 
46.6372 11.3116 3.97175 5.5408 72 
9.77305 2.04377 3.15897 4.02435 73 
5.81393 1.04843 2.6865 3.14283 74 
4.29823 0.667371 2.3776 2.56651 75 
3.49737 0.466032 2.15987 2.16027 76 
3.00215 0.341531 1.99813 1.85851 77 
2.66564 0.25693 1.87325 1.62552 78 
2.42207 0.195697 1.77392 1.44018 79 
