-4 -4 2 1 -1.00011 0.18483 
-4 -3.57895 2 1 -1.06925 0.193249 
-4 -3.15789 2 1 -1.1521 0.203338 
-4 -2.73684 2 1 -1.25317 0.215646 
-4 -2.31579 2 1 -1.37922 0.230997 
-4 -1.89474 2 1 -1.54083 0.250677 
-4 -1.47368 2 1 -1.75551 0.276821 
-4 -1.05263 2 1 -2.05453 0.313236 
-4 -0.631579 2 1 -2.49976 0.367455 
-4 -0.210526 2 1 -3.23311 0.456762 
-4 0.210526 2 1 -4.66805 0.631508 
-4 0.631579 2 1 -8.73467 1.12674 
-4 1.05263 2 1 -102.65 12.5637 
4 -4 2 1 0.423455 0.262982 
4 -3.57895 2 1 0.466277 0.274166 
4 -3.15789 2 1 0.515072 0.28691 
4 -2.73684 2 1 0.571185 0.301565 
4 -2.31579 2 1 0.636393 0.318595 
4 -1.89474 2 1 0.713105 0.33863 
4 -1.47368 2 1 0.804658 0.362541 
4 -1.05263 2 1 0.91582 0.391573 
4 -0.631579 2 1 1.05365 0.42757 
4 -0.210526 2 1 1.22905 0.473379 
4 0.210526 2 1 1.45979 0.533643 
4 0.631579 2 1 1.77701 0.61649 
4 1.05263 2 1 2.24048 0.737536 
4 1.47368 2 1 2.9817 0.93112 
4 1.89474 2 1 4.35711 1.29034 
4 2.31579 2 1 7.78921 2.1867 
4 2.73684 2 1 31.5597 8.39484 
-4 -4 2 1 -1.00011 0.18483 
-3.57895 -4 2 1 -0.90071 0.190287 
-3.15789 -4 2 1 -0.804849 0.195549 
-2.73684 -4 2 1 -0.712346 0.200628 
-2.31579 -4 2 1 -0.623028 0.205531 
-1.89474 -4 2 1 -0.536733 0.210269 
-1.47368 -4 2 1 -0.453311 0.214849 
-1.05263 -4 2 1 -0.372619 0.219278 
-0.631579 -4 2 1 -0.294527 0.223566 
-0.210526 -4 2 1 -0.21891 0.227717 
0.210526 -4 2 1 -0.145653 0.231739 
0.631579 -4 2 1 -0.0746467 0.235637 
1.05263 -4 2 1 -0.00578937 0.239417 
1.47368 -4 2 1 0.0610153 0.243084 
1.89474 -4 2 1 0.125858 0.246644 
2.31579 -4 2 1 0.188823 0.250101 
2.73684 -4 2 1 0.249992 0.253459 
3.15789 -4 2 1 0.30944 0.256723 
3.57895 -4 2 1 0.367238 0.259896 
4 -4 2 1 0.423455 0.262982 
-4 -4 6 1 -1.17155 1.08364 
-4 -3.57895 6 1 -1.26524 1.18272 
-4 -3.15789 6 1 -1.37972 1.30378 
-4 -2.73684 6 1 -1.52277 1.45506 
-4 -2.31579 6 1 -1.70661 1.64947 
-4 -1.89474 6 1 -1.95158 1.90853 
-4 -1.47368 6 1 -2.29427 2.27093 
-4 -1.05263 6 1 -2.80771 2.81389 
-4 -0.631579 6 1 -3.66184 3.71715 
-4 -0.210526 6 1 -5.36415 5.51737 
-4 0.210526 6 1 -10.424 10.8682 
-4 0.631579 6 1 -736.452 778.652 
4 -4 6 1 0.400144 0.917174 
4 -3.57895 6 1 0.444563 0.975075 
4 -3.15789 6 1 0.495682 1.04171 
4 -2.73684 6 1 0.555139 1.11921 
4 -2.31579 6 1 0.625157 1.21048 
4 -1.89474 6 1 0.708821 1.31953 
4 -1.47368 6 1 0.810553 1.45214 
4 -1.05263 6 1 0.936915 1.61685 
4 -0.631579 6 1 1.09808 1.82694 
4 -0.210526 6 1 1.31073 2.10412 
4 0.210526 6 1 1.60422 2.48669 
4 0.631579 6 1 2.03547 3.04882 
4 1.05263 6 1 2.7312 3.9557 
4 1.47368 6 1 4.04235 5.66478 
4 1.89474 6 1 7.43302 10.0845 
4 2.31579 6 1 36.8043 48.3698 
-4 -4 6 1 -1.17155 1.08364 
-3.57895 -4 6 1 -1.05921 1.07174 
-3.15789 -4 6 1 -0.951258 1.06031 
-2.73684 -4 6 1 -0.847432 1.04931 
-2.31579 -4 6 1 -0.747504 1.03873 
-1.89474 -4 6 1 -0.651259 1.02853 
-1.47368 -4 6 1 -0.558496 1.01871 
-1.05263 -4 6 1 -0.469029 1.00923 
-0.631579 -4 6 1 -0.382687 1.00009 
-0.210526 -4 6 1 -0.299309 0.991256 
0.210526 -4 6 1 -0.218743 0.982723 
0.631579 -4 6 1 -0.140851 0.974473 
1.05263 -4 6 1 -0.0655011 0.966492 
1.47368 -4 6 1 0.0074287 0.958768 
1.89474 -4 6 1 0.0780533 0.951288 
2.31579 -4 6 1 0.14648 0.944041 
2.73684 -4 6 1 0.212811 0.937015 
3.15789 -4 6 1 0.27714 0.930202 
3.57895 -4 6 1 0.339556 0.923591 
4 -4 6 1 0.400144 0.917174 
