-4 -4 2 1 -0.0957435 0.01917 
-4 -3.57895 2 1 -0.13395 0.0241904 
-4 -3.15789 2 1 -0.17606 0.0297238 
-4 -2.73684 2 1 -0.222707 0.0358532 
-4 -2.31579 2 1 -0.274663 0.0426803 
-4 -1.89474 2 1 -0.33289 0.0503314 
-4 -1.47368 2 1 -0.398596 0.0589654 
-4 -1.05263 2 1 -0.473323 0.0687845 
-4 -0.631579 2 1 -0.559062 0.0800508 
-4 -0.210526 2 1 -0.658444 0.0931097 
-4 0.210526 2 1 -0.775005 0.108426 
-4 0.631579 2 1 -0.913622 0.126641 
-4 1.05263 2 1 -1.08121 0.148662 
-4 1.47368 2 1 -1.2879 0.175822 
-4 1.89474 2 1 -1.54921 0.210158 
-4 2.31579 2 1 -1.89007 0.254947 
-4 2.73684 2 1 -2.35331 0.315818 
-4 3.15789 2 1 -3.0193 0.40333 
-4 3.57895 2 1 -4.0584 0.53987 
-4 4 2 1 -5.90619 0.782672 
4 -4 2 1 2.01593 -0.153208 
4 -3.57895 2 1 2.19595 -0.162593 
4 -3.15789 2 1 2.43254 -0.174926 
4 -2.73684 2 1 2.75734 -0.191857 
4 -2.31579 2 1 3.23098 -0.216547 
4 -1.89474 2 1 3.98617 -0.255914 
4 -1.47368 2 1 5.38012 -0.328578 
4 -1.05263 2 1 8.81725 -0.507749 
4 -0.631579 2 1 31.1136 -1.67002 
-4 -4 2 1 -0.0957435 0.01917 
-3.57895 -4 2 1 -0.0512097 0.0155346 
-3.15789 -4 2 1 -0.00360826 0.0116489 
-2.73684 -4 2 1 0.047389 0.00748591 
-2.31579 -4 2 1 0.102159 0.00301497 
-1.89474 -4 2 1 0.161136 -0.00179942 
-1.47368 -4 2 1 0.224825 -0.00699843 
-1.05263 -4 2 1 0.293814 -0.0126301 
-0.631579 -4 2 1 0.368793 -0.0187507 
-0.210526 -4 2 1 0.450577 -0.0254268 
0.210526 -4 2 1 0.540137 -0.0327377 
0.631579 -4 2 1 0.638637 -0.0407784 
1.05263 -4 2 1 0.747487 -0.049664 
1.47368 -4 2 1 0.868408 -0.0595349 
1.89474 -4 2 1 1.00353 -0.0705647 
2.31579 -4 2 1 1.1555 -0.0829703 
2.73684 -4 2 1 1.32768 -0.0970261 
3.15789 -4 2 1 1.52441 -0.113085 
3.57895 -4 2 1 1.75131 -0.131608 
4 -4 2 1 2.01593 -0.153208 
-4 4 2 1 -5.90619 0.782672 
-3.57895 4 2 1 -7.56432 1.02523 
-3.15789 4 2 1 -11.176 1.55357 
-2.73684 4 2 1 -25.1432 3.59676 
-4 -4 6 1 -0.0420094 0.548458 
-4 -3.57895 6 1 -0.0773062 0.578953 
-4 -3.15789 6 1 -0.116178 0.612537 
-4 -2.73684 6 1 -0.159199 0.649705 
-4 -2.31579 6 1 -0.207068 0.691062 
-4 -1.89474 6 1 -0.260656 0.737359 
-4 -1.47368 6 1 -0.321051 0.789538 
-4 -1.05263 6 1 -0.389639 0.848796 
-4 -0.631579 6 1 -0.468209 0.916677 
-4 -0.210526 6 1 -0.559111 0.995211 
-4 0.210526 6 1 -0.665494 1.08712 
-4 0.631579 6 1 -0.791681 1.19614 
-4 1.05263 6 1 -0.943772 1.32754 
-4 1.47368 6 1 -1.13065 1.489 
-4 1.89474 6 1 -1.36581 1.69216 
-4 2.31579 6 1 -1.67071 1.95558 
-4 2.73684 6 1 -2.08179 2.31074 
-4 3.15789 6 1 -2.6662 2.81565 
-4 3.57895 6 1 -3.56289 3.59034 
-4 4 6 1 -5.11335 4.92987 
4 -4 6 1 2.10993 1.19823 
4 -3.57895 6 1 2.29829 1.36835 
4 -3.15789 6 1 2.54426 1.59052 
4 -2.73684 6 1 2.87908 1.89292 
4 -2.31579 6 1 3.36146 2.3286 
4 -1.89474 6 1 4.11655 3.0106 
4 -1.47368 6 1 5.46674 4.23007 
4 -1.05263 6 1 8.57301 7.03563 
4 -0.631579 6 1 23.2327 20.2761 
-4 -4 6 1 -0.0420094 0.548458 
-3.57895 -4 6 1 0.00393218 0.56233 
-3.15789 -4 6 1 0.0530115 0.57715 
-2.73684 -4 6 1 0.105561 0.593017 
-2.31579 -4 6 1 0.161963 0.610047 
-1.89474 -4 6 1 0.222656 0.628374 
-1.47368 -4 6 1 0.288151 0.64815 
-1.05263 -4 6 1 0.359039 0.669554 
-0.631579 -4 6 1 0.436016 0.692797 
-0.210526 -4 6 1 0.519902 0.718126 
0.210526 -4 6 1 0.611671 0.745836 
0.631579 -4 6 1 0.712488 0.776277 
1.05263 -4 6 1 0.82376 0.809876 
1.47368 -4 6 1 0.947205 0.847149 
1.89474 -4 6 1 1.08493 0.888736 
2.31579 -4 6 1 1.23958 0.93543 
2.73684 -4 6 1 1.41446 0.988235 
3.15789 -4 6 1 1.61382 1.04843 
3.57895 -4 6 1 1.8432 1.11769 
4 -4 6 1 2.10993 1.19823 
-4 4 6 1 -5.11335 4.92987 
-3.57895 4 6 1 -6.36218 6.55929 
-3.15789 4 6 1 -8.894 9.86267 
-2.73684 4 6 1 -16.7741 20.1443 
