-4 -4 2 1 1.87413 0.115775 
-4 -3.57895 2 1 1.61943 0.108391 
-4 -3.15789 2 1 1.40025 0.102037 
-4 -2.73684 2 1 1.20964 0.0965109 
-4 -2.31579 2 1 1.04237 0.0916614 
-4 -1.89474 2 1 0.894382 0.0873712 
-4 -1.47368 2 1 0.762533 0.0835488 
-4 -1.05263 2 1 0.644319 0.0801216 
-4 -0.631579 2 1 0.537727 0.0770314 
-4 -0.210526 2 1 0.441125 0.0742308 
-4 0.210526 2 1 0.35317 0.071681 
-4 0.631579 2 1 0.272752 0.0693496 
-4 1.05263 2 1 0.198942 0.0672097 
-4 1.47368 2 1 0.130957 0.0652388 
-4 1.89474 2 1 0.0681333 0.0634175 
-4 2.31579 2 1 0.00990541 0.0617294 
-4 2.73684 2 1 -0.0442134 0.0601605 
-4 3.15789 2 1 -0.0946433 0.0586984 
-4 3.57895 2 1 -0.141749 0.0573328 
-4 4 2 1 -0.185849 0.0560543 
4 3.15789 2 1 -29.0868 -4.69631 
4 3.57895 2 1 -13.2706 -1.99155 
4 4 2 1 -8.98771 -1.25913 
-4 -4 2 1 1.87413 0.115775 
-3.57895 -4 2 1 2.04302 0.10655 
-3.15789 -4 2 1 2.26639 0.0943495 
-2.73684 -4 2 1 2.57569 0.0774553 
-2.31579 -4 2 1 3.03231 0.0525148 
-1.89474 -4 2 1 3.77439 0.0119823 
-1.47368 -4 2 1 5.19134 -0.0654117 
-1.05263 -4 2 1 8.97151 -0.271885 
-0.631579 -4 2 1 50.7109 -2.5517 
-4 4 2 1 -0.185849 0.0560543 
-3.57895 4 2 1 -0.228434 0.0496912 
-3.15789 4 2 1 -0.275544 0.042652 
-2.73684 4 2 1 -0.32794 0.0348228 
-2.31579 4 2 1 -0.386567 0.0260628 
-1.89474 4 2 1 -0.452603 0.0161955 
-1.47368 4 2 1 -0.527551 0.00499675 
-1.05263 4 2 1 -0.613343 -0.00782239 
-0.631579 4 2 1 -0.712516 -0.0226411 
-0.210526 4 2 1 -0.828467 -0.0399666 
0.210526 4 2 1 -0.965847 -0.0604941 
0.631579 4 2 1 -1.1312 -0.0852014 
1.05263 4 2 1 -1.33404 -0.11551 
1.47368 4 2 1 -1.58874 -0.153568 
1.89474 4 2 1 -1.91811 -0.202783 
2.31579 4 2 1 -2.36063 -0.268904 
2.73684 4 2 1 -2.98667 -0.362449 
3.15789 4 2 1 -3.94031 -0.504942 
3.57895 4 2 1 -5.56977 -0.748418 
4 4 2 1 -8.98771 -1.25913 
-4 -4 6 1 2.16746 1.84108 
-4 -3.57895 6 1 1.83413 1.67639 
-4 -3.15789 6 1 1.55601 1.53898 
-4 -2.73684 6 1 1.32044 1.42259 
-4 -2.31579 6 1 1.11835 1.32273 
-4 -1.89474 6 1 0.943066 1.23613 
-4 -1.47368 6 1 0.789593 1.1603 
-4 -1.05263 6 1 0.654097 1.09336 
-4 -0.631579 6 1 0.533594 1.03382 
-4 -0.210526 6 1 0.425727 0.980527 
-4 0.210526 6 1 0.328607 0.932541 
-4 0.631579 6 1 0.240703 0.88911 
-4 1.05263 6 1 0.160764 0.849614 
-4 1.47368 6 1 0.0877534 0.813541 
-4 1.89474 6 1 0.0208085 0.780465 
-4 2.31579 6 1 -0.0407966 0.750028 
-4 2.73684 6 1 -0.0976764 0.721925 
-4 3.15789 6 1 -0.150354 0.695898 
-4 3.57895 6 1 -0.19928 0.671725 
-4 4 6 1 -0.244839 0.649215 
4 4 6 1 -54.5495 28.7318 
-4 -4 6 1 2.16746 1.84108 
-3.57895 -4 6 1 2.43255 2.13247 
-3.15789 -4 6 1 2.81062 2.54804 
-2.73684 -4 6 1 3.39344 3.18868 
-2.31579 -4 6 1 4.4091 4.30509 
-1.89474 -4 6 1 6.6246 6.74038 
-1.47368 -4 6 1 15.2342 16.204 
-4 4 6 1 -0.244839 0.649215 
-3.57895 4 6 1 -0.294147 0.674713 
-3.15789 4 6 1 -0.34915 0.703157 
-2.73684 4 6 1 -0.410895 0.735087 
-2.31579 4 6 1 -0.480702 0.771187 
-1.89474 4 6 1 -0.560262 0.81233 
-1.47368 4 6 1 -0.651772 0.859652 
-1.05263 4 6 1 -0.758142 0.914659 
-0.631579 4 6 1 -0.883312 0.979388 
-0.210526 4 6 1 -1.03275 1.05667 
0.210526 4 6 1 -1.21427 1.15054 
0.631579 4 6 1 -1.43944 1.26698 
1.05263 4 6 1 -1.72617 1.41526 
1.47368 4 6 1 -2.1037 1.61049 
1.89474 4 6 1 -2.62326 1.87917 
2.31579 4 6 1 -3.38358 2.27236 
2.73684 4 6 1 -4.60249 2.90269 
3.15789 4 6 1 -6.874 4.07735 
3.57895 4 6 1 -12.5977 7.03725 
4 4 6 1 -54.5495 28.7318 
