5.53043 0.003243 26.1131 18.648 0 
3.93065 0.0573089 9.64195 7.33926 1 
2.9817 0.0893798 5.69647 4.63039 2 
2.35354 0.110609 3.92482 3.41402 3 
1.90704 0.125699 2.91846 2.72308 4 
1.57334 0.136977 2.2696 2.27759 5 
1.31449 0.145725 1.81648 1.96648 6 
1.10785 0.152708 1.48213 1.73693 7 
0.939071 0.158412 1.22527 1.56057 8 
0.798618 0.163159 1.02175 1.42084 9 
0.679914 0.167171 0.856529 1.3074 10 
0.578269 0.170606 0.719717 1.21347 11 
0.490254 0.173581 0.60457 1.13441 12 
0.413298 0.176182 0.506319 1.06695 13 
0.34544 0.178475 0.421499 1.00872 14 
0.285158 0.180512 0.347533 0.957936 15 
0.231249 0.182334 0.282462 0.91326 16 
0.182754 0.183973 0.224773 0.873652 17 
0.138896 0.185455 0.173278 0.838296 18 
0.0990403 0.186802 0.127029 0.806543 19 
-4.36493 0.277981 -16.0707 15.2785 34 
-3.48187 0.262655 -7.66693 7.02406 35 
-2.94436 0.253327 -5.21292 4.61368 36 
-2.58276 0.247051 -4.04209 3.46367 37 
-2.32286 0.24254 -3.35658 2.79035 38 
-2.12705 0.239142 -2.90645 2.34822 39 
5.53043 0.003243 26.1131 18.648 40 
0.0990403 0.186802 0.127029 0.806543 60 
0.0541919 0.187857 0.077832 0.831546 61 
0.0061586 0.188986 0.0247023 0.858547 62 
-0.0454113 0.190199 -0.0328518 0.887797 63 
-0.100923 0.191504 -0.095407 0.919589 64 
-0.160847 0.192913 -0.163645 0.954269 65 
-0.225732 0.194438 -0.238376 0.992249 66 
-0.296218 0.196095 -0.320574 1.03402 67 
-0.373065 0.197902 -0.411417 1.08019 68 
-0.457174 0.19988 -0.512344 1.13149 69 
-0.549626 0.202054 -0.625133 1.18881 70 
-0.651727 0.204454 -0.752006 1.25329 71 
-0.76507 0.207119 -0.895776 1.32635 72 
-0.891621 0.210095 -1.06006 1.40985 73 
-1.03383 0.213438 -1.24959 1.50617 74 
-1.1948 0.217223 -1.47066 1.61852 75 
-1.3785 0.221542 -1.73186 1.75127 76 
-1.5901 0.226517 -2.04521 1.91052 77 
-1.8365 0.232311 -2.42807 2.1051 78 
-2.12705 0.239142 -2.90645 2.34822 79 
