-4 -4 2 1 0.396287 -0.118677 
-4 -3.57895 2 1 0.344061 -0.12011 
-4 -3.15789 2 1 0.289541 -0.121605 
-4 -2.73684 2 1 0.232575 -0.123168 
-4 -2.31579 2 1 0.172992 -0.124802 
-4 -1.89474 2 1 0.110608 -0.126513 
-4 -1.47368 2 1 0.0452227 -0.128306 
-4 -1.05263 2 1 -0.0233878 -0.130188 
-4 -0.631579 2 1 -0.0954676 -0.132165 
-4 -0.210526 2 1 -0.171287 -0.134244 
-4 0.210526 2 1 -0.251144 -0.136435 
-4 0.631579 2 1 -0.33537 -0.138745 
-4 1.05263 2 1 -0.424335 -0.141185 
-4 1.47368 2 1 -0.518449 -0.143766 
-4 1.89474 2 1 -0.618172 -0.146501 
-4 2.31579 2 1 -0.724023 -0.149405 
-4 2.73684 2 1 -0.836583 -0.152492 
-4 3.15789 2 1 -0.956511 -0.155781 
-4 3.57895 2 1 -1.08456 -0.159293 
-4 4 2 1 -1.22157 -0.163051 
-4 -4 2 1 0.396287 -0.118677 
-3.57895 -4 2 1 0.443034 -0.113846 
-3.15789 -4 2 1 0.495964 -0.108376 
-2.73684 -4 2 1 0.55639 -0.102131 
-2.31579 -4 2 1 0.626029 -0.0949341 
-1.89474 -4 2 1 0.707158 -0.0865496 
-1.47368 -4 2 1 0.802879 -0.0766571 
-1.05263 -4 2 1 0.917517 -0.0648096 
-0.631579 -4 2 1 1.05729 -0.0503639 
-0.210526 -4 2 1 1.2315 -0.0323603 
0.210526 -4 2 1 1.45464 -0.00929967 
0.631579 -4 2 1 1.75069 0.021297 
1.05263 -4 2 1 2.16239 0.0638452 
1.47368 -4 2 1 2.77394 0.127047 
1.89474 -4 2 1 3.77749 0.230761 
2.31579 -4 2 1 5.72771 0.432312 
2.73684 -4 2 1 11.16 0.993727 
3.15789 -4 2 1 107.021 10.9007 
-4 4 2 1 -1.22157 -0.163051 
-3.57895 4 2 1 -1.31471 -0.159441 
-3.15789 4 2 1 -1.43034 -0.154958 
-2.73684 4 2 1 -1.57775 -0.149244 
-2.31579 4 2 1 -1.7721 -0.14171 
-1.89474 4 2 1 -2.04007 -0.131322 
-1.47368 4 2 1 -2.43328 -0.116079 
-1.05263 4 2 1 -3.06626 -0.0915413 
-0.631579 4 2 1 -4.25456 -0.0454768 
-0.210526 4 2 1 -7.29997 0.0725792 
0.210526 4 2 1 -32.1199 1.03473 
-4 -4 6 1 0.334052 0.425297 
-4 -3.57895 6 1 0.285733 0.434546 
-4 -3.15789 6 1 0.235504 0.44416 
-4 -2.73684 6 1 0.18325 0.454162 
-4 -2.31579 6 1 0.128846 0.464576 
-4 -1.89474 6 1 0.0721564 0.475427 
-4 -1.47368 6 1 0.0130339 0.486744 
-4 -1.05263 6 1 -0.0486813 0.498557 
-4 -0.631579 6 1 -0.113164 0.510899 
-4 -0.210526 6 1 -0.180604 0.523808 
-4 0.210526 6 1 -0.251209 0.537323 
-4 0.631579 6 1 -0.325209 0.551487 
-4 1.05263 6 1 -0.402854 0.566349 
-4 1.47368 6 1 -0.484419 0.581962 
-4 1.89474 6 1 -0.57021 0.598383 
-4 2.31579 6 1 -0.660564 0.615678 
-4 2.73684 6 1 -0.755854 0.633917 
-4 3.15789 6 1 -0.856497 0.653182 
-4 3.57895 6 1 -0.962957 0.673559 
-4 4 6 1 -1.07575 0.695149 
-4 -4 6 1 0.334052 0.425297 
-3.57895 -4 6 1 0.372589 0.459962 
-3.15789 -4 6 1 0.415677 0.498719 
-2.73684 -4 6 1 0.46417 0.54234 
-2.31579 -4 6 1 0.519156 0.5918 
-1.89474 -4 6 1 0.582032 0.648357 
-1.47368 -4 6 1 0.654626 0.713656 
-1.05263 -4 6 1 0.739381 0.789894 
-0.631579 -4 6 1 0.839631 0.88007 
-0.210526 -4 6 1 0.960054 0.988392 
0.210526 -4 6 1 1.10742 1.12095 
0.631579 -4 6 1 1.29191 1.2869 
1.05263 -4 6 1 1.52957 1.50068 
1.47368 -4 6 1 1.84727 1.78645 
1.89474 -4 6 1 2.29361 2.18794 
2.31579 -4 6 1 2.96657 2.79327 
2.73684 -4 6 1 4.09746 3.81052 
3.15789 -4 6 1 6.39474 5.87694 
3.57895 -4 6 1 13.5843 12.344 
-4 4 6 1 -1.07575 0.695149 
-3.57895 4 6 1 -1.14049 0.775493 
-3.15789 4 6 1 -1.21804 0.871747 
-2.73684 4 6 1 -1.31265 0.98916 
-2.31579 4 6 1 -1.43061 1.13557 
-1.89474 4 6 1 -1.58182 1.32322 
-1.47368 4 6 1 -1.7826 1.57242 
-1.05263 4 6 1 -2.06215 1.91937 
-0.631579 4 6 1 -2.4781 2.43561 
-0.210526 4 6 1 -3.16252 3.28504 
0.210526 4 6 1 -4.49917 4.94396 
0.631579 4 6 1 -8.26894 9.62261 
1.05263 4 6 1 -88.4135 109.09 
