-0.743093 0.1204 -0.755522 0.936698 20 
-0.664043 0.114371 -0.668448 0.927888 21 
-0.585374 0.108371 -0.581836 0.919125 22 
-0.507083 0.102401 -0.495682 0.910409 23 
-0.429168 0.0964584 -0.409983 0.901738 24 
-0.351626 0.0905446 -0.324735 0.893113 25 
-0.274454 0.0846591 -0.239934 0.884533 26 
-0.19765 0.0788016 -0.155578 0.875999 27 
-0.121211 0.072972 -0.0716623 0.867508 28 
-0.0451336 0.0671699 0.0118162 0.859063 29 
0.0305836 0.0613953 0.0948609 0.85066 30 
0.105944 0.055648 0.177475 0.842302 31 
0.180949 0.0499277 0.259663 0.833987 32 
0.255602 0.0442343 0.341426 0.825714 33 
0.329905 0.0385675 0.422769 0.817484 34 
0.403861 0.0329273 0.503695 0.809297 35 
0.477473 0.0273133 0.584207 0.801151 36 
0.550741 0.0217254 0.664307 0.793046 37 
0.62367 0.0161635 0.744001 0.784983 38 
0.696261 0.0106274 0.823289 0.776961 39 
-4.75267 0.0794839 -11.0454 12.2811 48 
-3.16452 0.0956903 -4.86753 5.47014 49 
-2.37466 0.10375 -3.1272 3.55144 50 
-1.90209 0.108573 -2.30661 2.64676 51 
-1.58759 0.111782 -1.82905 2.12025 52 
-1.36323 0.114072 -1.51661 1.77579 53 
-1.19511 0.115787 -1.29628 1.53288 54 
-1.06443 0.117121 -1.13255 1.35237 55 
-0.959944 0.118187 -1.0061 1.21296 56 
-0.874492 0.119059 -0.905504 1.10205 57 
-0.803308 0.119785 -0.823559 1.01171 58 
-0.743093 0.1204 -0.755522 0.936698 59 
6.16331 -0.8812 27.3975 21.1918 67 
3.76234 -0.489536 7.55155 5.94574 68 
2.70417 -0.316918 4.37162 3.50286 69 
2.10847 -0.219744 3.07242 2.50478 70 
1.72644 -0.157423 2.36624 1.96228 71 
1.46059 -0.114057 1.9225 1.62139 72 
1.26493 -0.0821381 1.61783 1.38734 73 
1.11489 -0.0576632 1.39571 1.2167 74 
0.996194 -0.0383 1.22659 1.08678 75 
0.899941 -0.0225985 1.09352 0.984559 76 
0.820318 -0.00960973 0.986091 0.902029 77 
0.753357 0.0013134 0.897538 0.834001 78 
0.696261 0.0106274 0.823289 0.776961 79 
