-4 -4 2 1 -1.30654 -0.343524 
-4 -3.57895 2 1 -1.39895 -0.374842 
-4 -3.15789 2 1 -1.51314 -0.413543 
-4 -2.73684 2 1 -1.65786 -0.462588 
-4 -2.31579 2 1 -1.84722 -0.526764 
-4 -1.89474 2 1 -2.10565 -0.614349 
-4 -1.47368 2 1 -2.47938 -0.741009 
-4 -1.05263 2 1 -3.06772 -0.9404 
-4 -0.631579 2 1 -4.12996 -1.3004 
-4 -0.210526 2 1 -6.62481 -2.14592 
-4 0.210526 2 1 -19.4516 -6.493 
4 -4 2 1 0.278621 -0.0925995 
4 -3.57895 2 1 0.318658 -0.095201 
4 -3.15789 2 1 0.363489 -0.0981139 
4 -2.73684 2 1 0.41403 -0.101398 
4 -2.31579 2 1 0.471444 -0.105128 
4 -1.89474 2 1 0.537237 -0.109403 
4 -1.47368 2 1 0.613386 -0.114351 
4 -1.05263 2 1 0.702548 -0.120144 
4 -0.631579 2 1 0.808367 -0.12702 
4 -0.210526 2 1 0.935994 -0.135313 
4 0.210526 2 1 1.09294 -0.14551 
4 0.631579 2 1 1.29063 -0.158355 
4 1.05263 2 1 1.54729 -0.175032 
4 1.47368 2 1 1.89393 -0.197555 
4 1.89474 2 1 2.38791 -0.229651 
4 2.31579 2 1 3.14856 -0.279075 
4 2.73684 2 1 4.47161 -0.365041 
4 3.15789 2 1 7.3467 -0.55185 
4 3.57895 2 1 18.3787 -1.26866 
-4 -4 2 1 -1.30654 -0.343524 
-3.57895 -4 2 1 -1.16358 -0.320894 
-3.15789 -4 2 1 -1.03152 -0.299989 
-2.73684 -4 2 1 -0.909157 -0.28062 
-2.31579 -4 2 1 -0.795468 -0.262624 
-1.89474 -4 2 1 -0.68956 -0.245859 
-1.47368 -4 2 1 -0.590659 -0.230203 
-1.05263 -4 2 1 -0.498094 -0.21555 
-0.631579 -4 2 1 -0.411273 -0.201807 
-0.210526 -4 2 1 -0.329679 -0.188891 
0.210526 -4 2 1 -0.252852 -0.17673 
0.631579 -4 2 1 -0.180388 -0.165259 
1.05263 -4 2 1 -0.111925 -0.154421 
1.47368 -4 2 1 -0.0471399 -0.144166 
1.89474 -4 2 1 0.0142554 -0.134447 
2.31579 -4 2 1 0.0725203 -0.125224 
2.73684 -4 2 1 0.127888 -0.11646 
3.15789 -4 2 1 0.18057 -0.108121 
3.57895 -4 2 1 0.230756 -0.100176 
4 -4 2 1 0.278621 -0.0925995 
-4 -4 6 1 -1.40046 0.636876 
-4 -3.57895 6 1 -1.5024 0.708681 
-4 -3.15789 6 1 -1.62827 0.797346 
-4 -2.73684 6 1 -1.78763 0.909598 
-4 -2.31579 6 1 -1.99589 1.0563 
-4 -1.89474 6 1 -2.27964 1.25617 
-4 -1.47368 6 1 -2.689 1.54452 
-4 -1.05263 6 1 -3.3311 1.99682 
-4 -0.631579 6 1 -4.48327 2.8084 
-4 -0.210526 6 1 -7.1537 4.68945 
-4 0.210526 6 1 -20.1398 13.8369 
4 -4 6 1 0.222966 0.457187 
4 -3.57895 6 1 0.259787 0.485583 
4 -3.15789 6 1 0.301009 0.517371 
4 -2.73684 6 1 0.347467 0.553198 
4 -2.31579 6 1 0.40023 0.593887 
4 -1.89474 6 1 0.460673 0.640498 
4 -1.47368 6 1 0.530605 0.694427 
4 -1.05263 6 1 0.612451 0.757543 
4 -0.631579 6 1 0.709538 0.832413 
4 -0.210526 6 1 0.826562 0.922657 
4 0.210526 6 1 0.970366 1.03355 
4 0.631579 6 1 1.15133 1.1731 
4 1.05263 6 1 1.38599 1.35407 
4 1.47368 6 1 1.70242 1.59809 
4 1.89474 6 1 2.15238 1.94507 
4 2.31579 6 1 2.84296 2.47763 
4 2.73684 6 1 4.03768 3.39894 
4 3.15789 6 1 6.60582 5.3794 
4 3.57895 6 1 16.1173 12.7143 
-4 -4 6 1 -1.40046 0.636876 
-3.57895 -4 6 1 -1.25424 0.620692 
-3.15789 -4 6 1 -1.11913 0.605738 
-2.73684 -4 6 1 -0.993926 0.591879 
-2.31579 -4 6 1 -0.877565 0.579 
-1.89474 -4 6 1 -0.769146 0.567 
-1.47368 -4 6 1 -0.667882 0.555791 
-1.05263 -4 6 1 -0.573087 0.545299 
-0.631579 -4 6 1 -0.484161 0.535456 
-0.210526 -4 6 1 -0.400575 0.526204 
0.210526 -4 6 1 -0.321863 0.517492 
0.631579 -4 6 1 -0.247609 0.509273 
1.05263 -4 6 1 -0.177446 0.501507 
1.47368 -4 6 1 -0.111044 0.494157 
1.89474 -4 6 1 -0.0481092 0.487191 
2.31579 -4 6 1 0.0116231 0.48058 
2.73684 -4 6 1 0.0683914 0.474297 
3.15789 -4 6 1 0.122411 0.468317 
3.57895 -4 6 1 0.173877 0.462621 
4 -4 6 1 0.222966 0.457187 
