1.27062 0.0124062 1.16587 1.01287 0 
1.12976 0.00225901 1.0292 0.967159 1 
0.998603 -0.00718867 0.901919 0.92459 2 
0.876188 -0.0160068 0.783096 0.884848 3 
0.761668 -0.0242561 0.671913 0.847663 4 
0.654302 -0.0319901 0.567656 0.812793 5 
0.553442 -0.0392556 0.469698 0.78003 6 
0.458512 -0.0460938 0.377484 0.749189 7 
0.369005 -0.0525414 0.290524 0.720104 8 
0.284469 -0.0586309 0.20838 0.692631 9 
0.204501 -0.0643914 0.130664 0.666638 10 
0.12874 -0.0698487 0.0570275 0.64201 11 
0.0568634 -0.0750263 -0.0128433 0.618641 12 
-0.0114205 -0.0799451 -0.0792297 0.596438 13 
-0.0763744 -0.084624 -0.142386 0.575315 14 
-0.138236 -0.0890802 -0.202543 0.555195 15 
-0.197221 -0.0933291 -0.259908 0.536009 16 
-0.253526 -0.097385 -0.314672 0.517693 17 
-0.307329 -0.101261 -0.367008 0.500189 18 
-0.358794 -0.104968 -0.417073 0.483444 19 
1.27062 0.0124062 1.16587 1.01287 40 
1.37015 0.0100515 1.25348 1.12071 41 
1.49443 0.00711147 1.36278 1.25524 42 
1.65398 0.00333679 1.50295 1.42777 43 
1.86632 -0.00168673 1.68923 1.65707 44 
2.16283 -0.0087017 1.94886 1.97663 45 
2.60595 -0.019185 2.33575 2.45285 46 
3.34011 -0.0365537 2.97388 3.23831 47 
4.79223 -0.0709079 4.22563 4.77905 48 
9.02322 -0.171005 7.79561 9.17325 49 
200.826 -4.70866 100.716 123.547 50 
-0.358794 -0.104968 -0.417073 0.483444 60 
-0.404053 -0.113575 -0.465845 0.511299 61 
-0.455302 -0.123322 -0.521056 0.542833 62 
-0.513815 -0.13445 -0.584074 0.578825 63 
-0.581254 -0.147276 -0.656679 0.620293 64 
-0.659831 -0.16222 -0.74124 0.66859 65 
-0.752551 -0.179853 -0.840975 0.725553 66 
-0.863612 -0.200975 -0.960371 0.793745 67 
-0.999054 -0.226734 -1.10588 0.876849 68 
-1.16789 -0.258844 -1.28711 0.980359 69 
-1.38422 -0.299985 -1.51907 1.11284 70 
-1.67135 -0.354592 -1.82651 1.28844 71 
-2.07084 -0.430568 -2.25346 1.53228 72 
-2.6647 -0.543509 -2.88638 1.89377 73 
-3.64036 -0.729062 -3.92173 2.4851 74 
-5.54049 -1.09043 -5.92218 3.62765 75 
-10.8619 -2.10246 -11.4151 6.76491 76 
-112.264 -21.3872 -92.3783 53.0064 77 
