-0.341393 -0.247153 -0.276182 0.314395 20 
-0.291486 -0.254229 -0.228568 0.321266 21 
-0.238929 -0.26168 -0.178626 0.328472 22 
-0.183506 -0.269537 -0.126181 0.336039 23 
-0.124976 -0.277835 -0.0710398 0.343996 24 
-0.0630704 -0.286612 -0.0129895 0.352372 25 
0.0025123 -0.29591 0.0482066 0.361202 26 
0.0721094 -0.305777 0.112811 0.370524 27 
0.146101 -0.316267 0.181118 0.38038 28 
0.224917 -0.327441 0.253453 0.390818 29 
0.309045 -0.339368 0.330185 0.40189 30 
0.399041 -0.352127 0.411727 0.413656 31 
0.495541 -0.365808 0.498545 0.426183 32 
0.599277 -0.380515 0.59117 0.439548 33 
0.711093 -0.396367 0.690203 0.453838 34 
0.831973 -0.413505 0.796334 0.469151 35 
0.963065 -0.43209 0.910353 0.485604 36 
1.10572 -0.452315 1.03318 0.503326 37 
1.26154 -0.474405 1.16586 0.522471 38 
1.43243 -0.498633 1.30965 0.543218 39 
-20.3017 -2.20636 -6.05122 4.23505 42 
-7.83787 -0.982973 -3.95991 2.81527 43 
-4.73123 -0.67804 -2.88799 2.08754 44 
-3.32035 -0.539554 -2.23618 1.64503 45 
-2.51448 -0.460454 -1.79797 1.34753 46 
-1.99317 -0.409284 -1.48314 1.1338 47 
-1.62831 -0.373471 -1.24603 0.972819 48 
-1.35867 -0.347004 -1.061 0.847208 49 
-1.15127 -0.326647 -0.912608 0.746463 50 
-0.986789 -0.310502 -0.790943 0.663865 51 
-0.853159 -0.297386 -0.689383 0.594916 52 
-0.742442 -0.286518 -0.603324 0.536491 53 
-0.64921 -0.277367 -0.52947 0.486352 54 
-0.569624 -0.269556 -0.465396 0.442852 55 
-0.500893 -0.262809 -0.40928 0.404755 56 
-0.440938 -0.256924 -0.359726 0.371113 57 
-0.388179 -0.251746 -0.315646 0.341188 58 
-0.341393 -0.247153 -0.276182 0.314395 59 
45.1467 -14.921 6.08084 4.45176 70 
8.03455 -2.67683 3.94652 2.70333 71 
4.58902 -1.54007 2.98369 1.91459 72 
3.2938 -1.11274 2.43555 1.46555 73 
2.61466 -0.888681 2.08165 1.17564 74 
2.1965 -0.750718 1.83429 0.973004 75 
1.91312 -0.657226 1.65165 0.823387 76 
1.70841 -0.589687 1.51127 0.708389 77 
1.5536 -0.538611 1.4 0.61724 78 
1.43243 -0.498633 1.30965 0.543218 79 
