39.0801 4.23266 24.2601 22.2781 3 
8.3067 0.914025 7.78789 7.26874 4 
4.57292 0.51137 4.57594 4.34204 5 
3.11849 0.354523 3.20758 3.09521 6 
2.34431 0.271035 2.44949 2.40444 7 
1.8636 0.219194 1.96785 1.96558 8 
1.53607 0.183873 1.63477 1.66207 9 
1.29857 0.15826 1.39069 1.43967 10 
1.11846 0.138837 1.20414 1.26969 11 
0.977185 0.123602 1.05694 1.13556 12 
0.863405 0.111332 0.937812 1.02701 13 
0.769807 0.101238 0.839431 0.937371 14 
0.691457 0.0927888 0.756812 0.862088 15 
0.62491 0.0856123 0.686446 0.797972 16 
0.567686 0.0794412 0.625796 0.742708 17 
0.517954 0.074078 0.57298 0.694583 18 
0.474333 0.0693739 0.526572 0.652296 19 
-13.6348 4.79614 -9.21349 14.8317 27 
-5.49327 1.88989 -4.36171 6.85381 28 
-3.49366 1.17609 -2.90348 4.45601 29 
-2.58939 0.853293 -2.20093 3.30079 30 
-2.07395 0.6693 -1.78752 2.62102 31 
-1.74094 0.550423 -1.51523 2.17328 32 
-1.50806 0.467293 -1.32233 1.85608 33 
-1.33605 0.405893 -1.17851 1.61961 34 
-1.20382 0.358687 -1.06716 1.43651 35 
-1.09898 0.321264 -0.978402 1.29056 36 
-1.01383 0.290868 -0.905988 1.17149 37 
-0.943295 0.26569 -0.845786 1.0725 38 
-0.883912 0.244492 -0.794948 0.988903 39 
0.474333 0.0693739 0.526572 0.652296 60 
0.418109 0.0766228 0.471678 0.666278 61 
0.360535 0.0840458 0.415484 0.680592 62 
0.301562 0.0916492 0.357942 0.695248 63 
0.241138 0.0994396 0.299003 0.710261 64 
0.17921 0.107424 0.238616 0.725642 65 
0.11572 0.11561 0.176727 0.741406 66 
0.0506086 0.124005 0.113279 0.757567 67 
-0.0161873 0.132617 0.0482127 0.77414 68 
-0.0847339 0.141454 -0.0185351 0.791141 69 
-0.155101 0.150527 -0.0870302 0.808588 70 
-0.227362 0.159843 -0.157342 0.826497 71 
-0.301594 0.169414 -0.229544 0.844888 72 
-0.37788 0.17925 -0.303714 0.86378 73 
-0.456305 0.189361 -0.379932 0.883193 74 
-0.536961 0.19976 -0.458285 0.903151 75 
-0.619944 0.210459 -0.538864 0.923675 76 
-0.705357 0.221471 -0.621765 0.944791 77 
-0.793308 0.232811 -0.707091 0.966524 78 
-0.883912 0.244492 -0.794948 0.988903 79 
