9.54943 1.32753 48.7521 42.435 19 
-1.96311 0.0707135 -2.54075 1.87233 20 
-1.68934 0.0842436 -2.15653 1.71593 21 
-1.45603 0.0957744 -1.83952 1.58688 22 
-1.25483 0.105718 -1.57349 1.47858 23 
-1.07953 0.114382 -1.34707 1.38641 24 
-0.92543 0.121998 -1.15202 1.30701 25 
-0.78891 0.128745 -0.98224 1.2379 26 
-0.667121 0.134765 -0.833124 1.1772 27 
-0.557801 0.140167 -0.701115 1.12346 28 
-0.459128 0.145044 -0.583428 1.07555 29 
-0.36962 0.149468 -0.477852 1.03258 30 
-0.288056 0.153499 -0.382609 0.993805 31 
-0.213423 0.157187 -0.296253 0.958651 32 
-0.144874 0.160575 -0.217595 0.926631 33 
-0.0816944 0.163698 -0.145651 0.897344 34 
-0.0232768 0.166585 -0.0795948 0.870455 35 
0.0308976 0.169262 -0.0187332 0.845679 36 
0.0812749 0.171752 0.0375237 0.822778 37 
0.128241 0.174073 0.0896794 0.801547 38 
0.17213 0.176242 0.138167 0.781809 39 
-6.1085 0.0727478 -29.4662 28.1274 53 
-4.20084 0.0718116 -9.08624 8.25484 54 
-3.28699 0.0713631 -5.60604 4.8613 55 
-2.75083 0.0711 -4.16591 3.45702 56 
-2.39832 0.070927 -3.37861 2.68933 57 
-2.1489 0.0708046 -2.88227 2.20535 58 
-1.96311 0.0707135 -2.54075 1.87233 59 
9.54943 1.32753 48.7521 42.435 60 
5.82762 0.870588 11.4255 10.453 61 
4.08979 0.657228 6.2127 5.98656 62 
3.08339 0.533669 4.13573 4.20698 63 
2.42693 0.453072 3.01929 3.2504 64 
1.96492 0.39635 2.32219 2.65312 65 
1.62211 0.354262 1.84554 2.24471 66 
1.35764 0.321792 1.49903 1.94782 67 
1.14741 0.295981 1.23578 1.72226 68 
0.976288 0.274972 1.02898 1.54508 69 
0.834287 0.257538 0.86225 1.40221 70 
0.714557 0.242838 0.724962 1.28458 71 
0.612241 0.230276 0.609952 1.18604 72 
0.523796 0.219418 0.512205 1.10229 73 
0.44658 0.209938 0.428106 1.03023 74 
0.378584 0.20159 0.354982 0.96758 75 
0.318248 0.194182 0.290817 0.912603 76 
0.264347 0.187564 0.23406 0.863972 77 
0.215905 0.181617 0.183497 0.820648 78 
0.17213 0.176242 0.138167 0.781809 79 
