-0.410117 -0.0488348 -0.338444 0.5251 20 
-0.356682 -0.053784 -0.286227 0.531309 21 
-0.301067 -0.0589351 -0.231985 0.53776 22 
-0.243136 -0.0643007 -0.175597 0.544466 23 
-0.18274 -0.0698946 -0.116934 0.551442 24 
-0.11972 -0.0757316 -0.0558541 0.558706 25 
-0.0538998 -0.0818278 0.00779402 0.566276 26 
0.0149108 -0.0882011 0.0741763 0.57417 27 
0.0869205 -0.0948707 0.143473 0.582411 28 
0.162358 -0.101858 0.215879 0.591022 29 
0.241473 -0.109185 0.291611 0.600028 30 
0.324542 -0.116879 0.370901 0.609457 31 
0.411869 -0.124968 0.454007 0.619341 32 
0.503789 -0.133481 0.54121 0.629711 33 
0.600676 -0.142455 0.632823 0.640606 34 
0.702943 -0.151927 0.729188 0.652066 35 
0.81105 -0.16194 0.830684 0.664137 36 
0.925513 -0.172541 0.937732 0.676867 37 
1.04691 -0.183785 1.0508 0.690314 38 
1.17589 -0.195731 1.17041 0.704539 39 
-20.5748 1.7006 -7.81901 7.7938 43 
-7.32745 0.551294 -4.43211 4.50282 44 
-4.36105 0.293937 -3.03619 3.14644 45 
-3.05322 0.180473 -2.27445 2.40628 46 
-2.31686 0.116589 -1.79473 1.94014 47 
-1.84456 0.0756137 -1.46486 1.61961 48 
-1.51589 0.0470988 -1.22412 1.38569 49 
-1.27397 0.0261105 -1.04068 1.20745 50 
-1.08846 0.0100162 -0.896267 1.06712 51 
-0.94169 -0.00271703 -0.779617 0.953778 52 
-0.822674 -0.0130426 -0.683428 0.860313 53 
-0.724218 -0.0215843 -0.60275 0.78192 54 
-0.641418 -0.0287678 -0.534112 0.715226 55 
-0.570816 -0.0348931 -0.475006 0.657794 56 
-0.5099 -0.0401779 -0.423574 0.607819 57 
-0.456806 -0.0447843 -0.378414 0.563938 58 
-0.410117 -0.0488348 -0.338444 0.5251 59 
22.4507 -2.27185 8.11416 7.3489 69 
6.682 -0.73305 4.61589 4.00146 70 
4.03399 -0.474642 3.28452 2.7275 71 
2.94197 -0.368076 2.58282 2.05605 72 
2.34592 -0.30991 2.14952 1.64143 73 
1.97047 -0.273272 1.85534 1.35994 74 
1.71229 -0.248077 1.64256 1.15632 75 
1.52385 -0.229688 1.48149 1.0022 76 
1.38026 -0.215675 1.35533 0.881478 77 
1.26721 -0.204643 1.25383 0.784359 78 
1.17589 -0.195731 1.17041 0.704539 79 
