-4 3.57895 2 1 35.5864 6.38391 
-4 4 2 1 15.2916 2.72582 
4 -4 2 1 -1.88434 0.200879 
4 -3.57895 2 1 -1.63011 0.204763 
4 -3.15789 2 1 -1.41067 0.208116 
4 -2.73684 2 1 -1.21934 0.211039 
4 -2.31579 2 1 -1.05104 0.21361 
4 -1.89474 2 1 -0.901849 0.215889 
4 -1.47368 2 1 -0.768689 0.217924 
4 -1.05263 2 1 -0.649107 0.219751 
4 -0.631579 2 1 -0.541127 0.2214 
4 -0.210526 2 1 -0.443138 0.222897 
4 0.210526 2 1 -0.353816 0.224262 
4 0.631579 2 1 -0.272059 0.225511 
4 1.05263 2 1 -0.196945 0.226659 
4 1.47368 2 1 -0.127696 0.227717 
4 1.89474 2 1 -0.0636508 0.228695 
4 2.31579 2 1 -0.00424436 0.229603 
4 2.73684 2 1 0.0510098 0.230447 
4 3.15789 2 1 0.102532 0.231234 
4 3.57895 2 1 0.150689 0.23197 
4 4 2 1 0.195799 0.232659 
0.631579 -4 2 1 -1840.16 160.598 
1.05263 -4 2 1 -10.4843 0.951255 
1.47368 -4 2 1 -5.57991 0.52333 
1.89474 -4 2 1 -3.93927 0.380179 
2.31579 -4 2 1 -3.11785 0.308507 
2.73684 -4 2 1 -2.62465 0.265473 
3.15789 -4 2 1 -2.2957 0.236771 
3.57895 -4 2 1 -2.06066 0.216263 
4 -4 2 1 -1.88434 0.200879 
-4 4 2 1 15.2916 2.72582 
-3.57895 4 2 1 7.56653 1.44998 
-3.15789 4 2 1 4.88474 1.00706 
-2.73684 4 2 1 3.52288 0.782146 
-2.31579 4 2 1 2.69894 0.646066 
-1.89474 4 2 1 2.14676 0.554872 
-1.47368 4 2 1 1.75093 0.489498 
-1.05263 4 2 1 1.45328 0.44034 
-0.631579 4 2 1 1.22131 0.402028 
-0.210526 4 2 1 1.03544 0.371331 
0.210526 4 2 1 0.883176 0.346183 
0.631579 4 2 1 0.756152 0.325204 
1.05263 4 2 1 0.648575 0.307438 
1.47368 4 2 1 0.556297 0.292197 
1.89474 4 2 1 0.476271 0.27898 
2.31579 4 2 1 0.406208 0.267409 
2.73684 4 2 1 0.344358 0.257194 
3.15789 4 2 1 0.289355 0.24811 
3.57895 4 2 1 0.240123 0.239979 
4 4 2 1 0.195799 0.232659 
4 -4 6 1 -2.47017 1.99397 
4 -3.57895 6 1 -2.10686 1.83774 
4 -3.15789 6 1 -1.80341 1.70726 
4 -2.73684 6 1 -1.54615 1.59663 
4 -2.31579 6 1 -1.32527 1.50166 
4 -1.89474 6 1 -1.13358 1.41923 
4 -1.47368 6 1 -0.965642 1.34701 
4 -1.05263 6 1 -0.8173 1.28323 
4 -0.631579 6 1 -0.685315 1.22647 
4 -0.210526 6 1 -0.567122 1.17565 
4 0.210526 6 1 -0.460666 1.12987 
4 0.631579 6 1 -0.364283 1.08843 
4 1.05263 6 1 -0.276606 1.05073 
4 1.47368 6 1 -0.196508 1.01629 
4 1.89474 6 1 -0.123046 0.984696 
4 2.31579 6 1 -0.0554284 0.955621 
4 2.73684 6 1 0.00701545 0.928769 
4 3.15789 6 1 0.0648576 0.903897 
4 3.57895 6 1 0.118589 0.880793 
4 4 6 1 0.168632 0.859274 
1.47368 -4 6 1 -27.6046 28.2307 
1.89474 -4 6 1 -8.81642 8.61855 
2.31579 -4 6 1 -5.4619 5.11691 
2.73684 -4 6 1 -4.0607 3.65425 
3.15789 -4 6 1 -3.29142 2.85123 
3.57895 -4 6 1 -2.80524 2.34373 
4 -4 6 1 -2.47017 1.99397 
-3.57895 4 6 1 30.0376 28.8421 
-3.15789 4 6 1 9.48161 9.58416 
-2.73684 4 6 1 5.41765 5.77683 
-2.31579 4 6 1 3.68072 4.14958 
-1.89474 4 6 1 2.71699 3.24671 
-1.47368 4 6 1 2.10416 2.67258 
-1.05263 4 6 1 1.6801 2.2753 
-0.631579 4 6 1 1.36923 1.98406 
-0.210526 4 6 1 1.13157 1.76141 
0.210526 4 6 1 0.943984 1.58567 
0.631579 4 6 1 0.792151 1.44342 
1.05263 4 6 1 0.666739 1.32593 
1.47368 4 6 1 0.561406 1.22725 
1.89474 4 6 1 0.471685 1.14319 
2.31579 4 6 1 0.394346 1.07074 
2.73684 4 6 1 0.326991 1.00763 
3.15789 4 6 1 0.267803 0.952183 
3.57895 4 6 1 0.215383 0.903073 
4 4 6 1 0.168632 0.859274 
