-4 2.73684 2 1 50.6984 3.98754 
-4 3.15789 2 1 15.1289 1.27374 
-4 3.57895 2 1 9.36448 0.833938 
-4 4 2 1 7.0041 0.653851 
4 -4 2 1 -2.04925 -0.0802553 
4 -3.57895 2 1 -1.75286 -0.0538823 
4 -3.15789 2 1 -1.50375 -0.0317164 
4 -2.73684 2 1 -1.29144 -0.0128253 
4 -2.31579 2 1 -1.10834 0.00346676 
4 -1.89474 2 1 -0.948813 0.0176617 
4 -1.47368 2 1 -0.808578 0.0301399 
4 -1.05263 2 1 -0.684335 0.041195 
4 -0.631579 2 1 -0.573497 0.0510574 
4 -0.210526 2 1 -0.474006 0.0599102 
4 0.210526 2 1 -0.384203 0.0679009 
4 0.631579 2 1 -0.302739 0.0751496 
4 1.05263 2 1 -0.228505 0.0817549 
4 1.47368 2 1 -0.160579 0.0877991 
4 1.89474 2 1 -0.0981889 0.0933505 
4 2.31579 2 1 -0.0406853 0.0984672 
4 2.73684 2 1 0.0124845 0.103198 
4 3.15789 2 1 0.0617927 0.107586 
4 3.57895 2 1 0.107645 0.111666 
4 4 2 1 0.150393 0.115469 
1.05263 -4 2 1 -16.0492 -1.42474 
1.47368 -4 2 1 -6.80286 -0.536768 
1.89474 -4 2 1 -4.51912 -0.317449 
2.31579 -4 2 1 -3.48469 -0.218108 
2.73684 -4 2 1 -2.89461 -0.161439 
3.15789 -4 2 1 -2.51318 -0.124809 
3.57895 -4 2 1 -2.24636 -0.0991852 
4 -4 2 1 -2.04925 -0.0802553 
-4 4 2 1 7.0041 0.653851 
-3.57895 4 2 1 4.76719 0.478134 
-3.15789 4 2 1 3.53322 0.381202 
-2.73684 4 2 1 2.75119 0.31977 
-2.31579 4 2 1 2.21124 0.277356 
-1.89474 4 2 1 1.81604 0.246312 
-1.47368 4 2 1 1.51426 0.222606 
-1.05263 4 2 1 1.27628 0.203911 
-0.631579 4 2 1 1.08379 0.188791 
-0.210526 4 2 1 0.924898 0.176309 
0.210526 4 2 1 0.791508 0.165831 
0.631579 4 2 1 0.677936 0.15691 
1.05263 4 2 1 0.580072 0.149222 
1.47368 4 2 1 0.494868 0.142529 
1.89474 4 2 1 0.420016 0.136649 
2.31579 4 2 1 0.353738 0.131443 
2.73684 4 2 1 0.294641 0.126801 
3.15789 4 2 1 0.241617 0.122635 
3.57895 4 2 1 0.193775 0.118877 
4 4 2 1 0.150393 0.115469 
-4 3.57895 6 1 32.4994 28.0183 
-4 4 6 1 13.5854 11.1306 
4 -4 6 1 -2.60971 1.7347 
4 -3.57895 6 1 -2.20343 1.58049 
4 -3.15789 6 1 -1.87241 1.45484 
4 -2.73684 6 1 -1.59752 1.3505 
4 -2.31579 6 1 -1.36559 1.26247 
4 -1.89474 6 1 -1.16729 1.1872 
4 -1.47368 6 1 -0.995786 1.1221 
4 -1.05263 6 1 -0.845998 1.06525 
4 -0.631579 6 1 -0.714047 1.01517 
4 -0.210526 6 1 -0.596924 0.970709 
4 0.210526 6 1 -0.492264 0.930984 
4 0.631579 6 1 -0.398178 0.895272 
4 1.05263 6 1 -0.31314 0.862994 
4 1.47368 6 1 -0.235905 0.833678 
4 1.89474 6 1 -0.165446 0.806934 
4 2.31579 6 1 -0.100909 0.782438 
4 2.73684 6 1 -0.0415771 0.759918 
4 3.15789 6 1 0.0131546 0.739143 
4 3.57895 6 1 0.0638012 0.719919 
4 4 6 1 0.110804 0.702079 
1.47368 -4 6 1 -31.3384 27.6479 
1.89474 -4 6 1 -9.34002 7.80542 
2.31579 -4 6 1 -5.74214 4.56014 
2.73684 -4 6 1 -4.26623 3.22888 
3.15789 -4 6 1 -3.46256 2.50396 
3.57895 -4 6 1 -2.95703 2.04798 
4 -4 6 1 -2.60971 1.7347 
-4 4 6 1 13.5854 11.1306 
-3.57895 4 6 1 7.06267 6.08237 
-3.15789 4 6 1 4.622 4.19345 
-2.73684 4 6 1 3.34471 3.20491 
-2.31579 4 6 1 2.55908 2.59689 
-1.89474 4 6 1 2.02706 2.18513 
-1.47368 4 6 1 1.6429 1.88782 
-1.05263 4 6 1 1.35249 1.66306 
-0.631579 4 6 1 1.12524 1.48719 
-0.210526 4 6 1 0.942569 1.34581 
0.210526 4 6 1 0.792529 1.22969 
0.631579 4 6 1 0.667094 1.13261 
1.05263 4 6 1 0.560671 1.05025 
1.47368 4 6 1 0.469241 0.979486 
1.89474 4 6 1 0.389845 0.918039 
2.31579 4 6 1 0.320253 0.864179 
2.73684 4 6 1 0.258756 0.816584 
3.15789 4 6 1 0.204018 0.77422 
3.57895 4 6 1 0.154983 0.73627 
4 4 6 1 0.110804 0.702079 
