-4 -0.210526 2 1 24.7702 7.90192 
-4 0.210526 2 1 7.41576 2.15065 
-4 0.631579 2 1 4.5365 1.19646 
-4 1.05263 2 1 3.35201 0.803922 
-4 1.47368 2 1 2.70618 0.589896 
-4 1.89474 2 1 2.29965 0.455172 
-4 2.31579 2 1 2.02021 0.362563 
-4 2.73684 2 1 1.81631 0.29499 
-4 3.15789 2 1 1.66097 0.243511 
-4 3.57895 2 1 1.53869 0.202987 
-4 4 2 1 1.43993 0.170258 
4 -4 2 1 -16.7582 2.07737 
4 -3.57895 2 1 -7.3159 0.866493 
4 -3.15789 2 1 -4.54895 0.511662 
4 -2.73684 2 1 -3.22726 0.342169 
4 -2.31579 2 1 -2.45297 0.242875 
4 -1.89474 2 1 -1.94434 0.177649 
4 -1.47368 2 1 -1.58468 0.131527 
4 -1.05263 2 1 -1.3169 0.0971862 
4 -0.631579 2 1 -1.10977 0.0706248 
4 -0.210526 2 1 -0.944795 0.0494681 
4 0.210526 2 1 -0.810286 0.0322189 
4 0.631579 2 1 -0.69852 0.017886 
4 1.05263 2 1 -0.604177 0.00578765 
4 1.47368 2 1 -0.523479 -0.00456102 
4 1.89474 2 1 -0.453664 -0.013514 
4 2.31579 2 1 -0.392671 -0.0213357 
4 2.73684 2 1 -0.338926 -0.0282279 
4 3.15789 2 1 -0.291211 -0.0343469 
4 3.57895 2 1 -0.248563 -0.039816 
4 4 2 1 -0.210217 -0.0447334 
3.57895 -4 2 1 -38.7381 5.59793 
4 -4 2 1 -16.7582 2.07737 
-4 4 2 1 1.43993 0.170258 
-3.57895 4 2 1 1.28185 0.149663 
-3.15789 4 2 1 1.13755 0.130862 
-2.73684 4 2 1 1.0053 0.113632 
-2.31579 4 2 1 0.88365 0.0977827 
-1.89474 4 2 1 0.771379 0.0831553 
-1.47368 4 2 1 0.66744 0.0696135 
-1.05263 4 2 1 0.57094 0.0570408 
-0.631579 4 2 1 0.481107 0.0453368 
-0.210526 4 2 1 0.397273 0.0344144 
0.210526 4 2 1 0.318857 0.0241978 
0.631579 4 2 1 0.245351 0.0146209 
1.05263 4 2 1 0.176306 0.0056253 
1.47368 4 2 1 0.111329 -0.00284032 
1.89474 4 2 1 0.0500706 -0.0108215 
2.31579 4 2 1 -0.00777955 -0.0183586 
2.73684 4 2 1 -0.0624982 -0.0254877 
3.15789 4 2 1 -0.114333 -0.032241 
3.57895 4 2 1 -0.163506 -0.0386476 
4 4 2 1 -0.210217 -0.0447334 
-4 -1.05263 6 1 51.4463 87.5732 
-4 -0.631579 6 1 7.53525 11.9572 
-4 -0.210526 6 1 4.28357 6.35777 
-4 0.210526 6 1 3.08995 4.30233 
-4 0.631579 6 1 2.4702 3.23509 
-4 1.05263 6 1 2.09066 2.58151 
-4 1.47368 6 1 1.83435 2.14014 
-4 1.89474 6 1 1.64963 1.82206 
-4 2.31579 6 1 1.51019 1.58193 
-4 2.73684 6 1 1.4012 1.39424 
-4 3.15789 6 1 1.31366 1.2435 
-4 3.57895 6 1 1.24181 1.11977 
-4 4 6 1 1.18177 1.01639 
4 -4 6 1 -5.59386 4.75123 
4 -3.57895 6 1 -3.89366 3.38994 
4 -3.15789 6 1 -2.9341 2.62166 
4 -2.73684 6 1 -2.31778 2.1282 
4 -2.31579 6 1 -1.88848 1.78448 
4 -1.89474 6 1 -1.57228 1.53132 
4 -1.47368 6 1 -1.3297 1.33709 
4 -1.05263 6 1 -1.1377 1.18336 
4 -0.631579 6 1 -0.981955 1.05866 
4 -0.210526 6 1 -0.853085 0.955482 
4 0.210526 6 1 -0.744684 0.86869 
4 0.631579 6 1 -0.652236 0.79467 
4 1.05263 6 1 -0.572459 0.730796 
4 1.47368 6 1 -0.502915 0.675116 
4 1.89474 6 1 -0.441755 0.626147 
4 2.31579 6 1 -0.387549 0.582746 
4 2.73684 6 1 -0.339174 0.544015 
4 3.15789 6 1 -0.295737 0.509237 
4 3.57895 6 1 -0.256519 0.477837 
4 4 6 1 -0.220934 0.449345 
1.89474 -4 6 1 -86.5771 119.102 
2.31579 -4 6 1 -17.2797 21.2519 
2.73684 -4 6 1 -10.4104 11.5524 
3.15789 -4 6 1 -7.80771 7.87724 
3.57895 -4 6 1 -6.43849 5.94386 
4 -4 6 1 -5.59386 4.75123 
-4 4 6 1 1.18177 1.01639 
-3.57895 4 6 1 1.05583 0.965473 
-3.15789 4 6 1 0.939388 0.918403 
-2.73684 4 6 1 0.831418 0.874757 
-2.31579 4 6 1 0.731026 0.834173 
-1.89474 4 6 1 0.637441 0.796342 
-1.47368 4 6 1 0.549993 0.760991 
-1.05263 4 6 1 0.468098 0.727885 
-0.631579 4 6 1 0.391243 0.696817 
-0.210526 4 6 1 0.318976 0.667603 
0.210526 4 6 1 0.250899 0.640083 
0.631579 4 6 1 0.186658 0.614114 
1.05263 4 6 1 0.125937 0.589567 
1.47368 4 6 1 0.0684552 0.56633 
1.89474 4 6 1 0.0139594 0.544301 
2.31579 4 6 1 -0.037777 0.523386 
2.73684 4 6 1 -0.0869584 0.503505 
3.15789 4 6 1 -0.133769 0.484582 
3.57895 4 6 1 -0.178377 0.466549 
4 4 6 1 -0.220934 0.449345 
