0.671707 -0.0819286 0.587705 0.591462 0 
0.601934 -0.0892859 0.519435 0.587318 1 
0.531516 -0.0967112 0.45055 0.583137 2 
0.460444 -0.104206 0.381044 0.578918 3 
0.388708 -0.11177 0.310906 0.57466 4 
0.3163 -0.119405 0.240129 0.570364 5 
0.24321 -0.127112 0.168703 0.566029 6 
0.169428 -0.134892 0.0966205 0.561653 7 
0.0949443 -0.142746 0.0238712 0.557238 8 
0.0197491 -0.150675 -0.0495537 0.552781 9 
-0.0561681 -0.15868 -0.123664 0.548282 10 
-0.132818 -0.166763 -0.198469 0.543742 11 
-0.21021 -0.174923 -0.273978 0.539158 12 
-0.288357 -0.183163 -0.350202 0.534531 13 
-0.367268 -0.191484 -0.427151 0.529861 14 
-0.446956 -0.199887 -0.504835 0.525145 15 
-0.527431 -0.208373 -0.583265 0.520385 16 
-0.608706 -0.216943 -0.662451 0.515578 17 
-0.690792 -0.225599 -0.742405 0.510725 18 
-0.773702 -0.234341 -0.823138 0.505825 19 
0.671707 -0.0819286 0.587705 0.591462 40 
0.729066 -0.0847713 0.637002 0.640051 41 
0.796199 -0.0880986 0.694439 0.696662 42 
0.87584 -0.0920457 0.762211 0.763461 43 
0.971841 -0.0968036 0.843386 0.843469 44 
1.08982 -0.102651 0.942374 0.941034 45 
1.23831 -0.11001 1.06576 1.06265 46 
1.43088 -0.119554 1.22384 1.21845 47 
1.69061 -0.132427 1.43363 1.42523 48 
2.06004 -0.150736 1.72547 1.71287 49 
2.62727 -0.178849 2.15918 2.14036 50 
3.60923 -0.227516 2.87148 2.84242 51 
5.72286 -0.332271 4.25772 4.20874 52 
13.5848 -0.721918 8.13314 8.02846 53 
-0.773702 -0.234341 -0.823138 0.505825 60 
-0.835655 -0.250686 -0.887271 0.552102 61 
-0.909363 -0.270132 -0.963152 0.606855 62 
-0.998523 -0.293654 -1.05433 0.67265 63 
-1.10856 -0.322686 -1.16596 0.7532 64 
-1.24779 -0.359418 -1.30579 0.854094 65 
-1.4296 -0.407383 -1.48603 0.984155 66 
-1.67704 -0.472664 -1.72719 1.15817 67 
-2.03349 -0.566703 -2.0664 1.40294 68 
-2.59131 -0.713872 -2.57876 1.77264 69 
-3.58837 -0.97692 -3.44223 2.39571 70 
-5.88029 -1.58158 -5.20589 3.66832 71 
-16.6605 -4.42568 -10.8101 7.71221 72 
