-4 -4 2 1 -1.6242 -0.503111 
-4 -3.57895 2 1 -1.75391 -0.549458 
-4 -3.15789 2 1 -1.91947 -0.608615 
-4 -2.73684 2 1 -2.13813 -0.686743 
-4 -2.31579 2 1 -2.44031 -0.794714 
-4 -1.89474 2 1 -2.88515 -0.953659 
-4 -1.47368 2 1 -3.6049 -1.21083 
-4 -1.05263 2 1 -4.96837 -1.69801 
-4 -0.631579 2 1 -8.53771 -2.97336 
-4 -0.210526 2 1 -42.3264 -15.0463 
4 -4 2 1 0.202004 -0.180169 
4 -3.57895 2 1 0.242013 -0.183272 
4 -3.15789 2 1 0.286483 -0.186722 
4 -2.73684 2 1 0.336202 -0.190578 
4 -2.31579 2 1 0.392158 -0.194918 
4 -1.89474 2 1 0.455604 -0.199839 
4 -1.47368 2 1 0.528152 -0.205466 
4 -1.05263 2 1 0.61191 -0.211963 
4 -0.631579 2 1 0.709696 -0.219548 
4 -0.210526 2 1 0.825355 -0.228519 
4 0.210526 2 1 0.964281 -0.239294 
4 0.631579 2 1 1.13428 -0.25248 
4 1.05263 2 1 1.34709 -0.268986 
4 1.47368 2 1 1.6212 -0.290248 
4 1.89474 2 1 1.98758 -0.318665 
4 2.31579 2 1 2.50222 -0.358583 
4 2.73684 2 1 3.27796 -0.418752 
4 3.15789 2 1 4.58104 -0.519824 
4 3.57895 2 1 7.22601 -0.724977 
4 4 2 1 15.4858 -1.36564 
-4 -4 2 1 -1.6242 -0.503111 
-3.57895 -4 2 1 -1.4286 -0.468523 
-3.15789 -4 2 1 -1.25428 -0.437696 
-2.73684 -4 2 1 -1.09794 -0.410048 
-2.31579 -4 2 1 -0.956925 -0.385112 
-1.89474 -4 2 1 -0.829099 -0.362507 
-1.47368 -4 2 1 -0.712689 -0.341922 
-1.05263 -4 2 1 -0.606233 -0.323096 
-0.631579 -4 2 1 -0.508506 -0.305814 
-0.210526 -4 2 1 -0.418476 -0.289894 
0.210526 -4 2 1 -0.335268 -0.275179 
0.631579 -4 2 1 -0.258136 -0.261539 
1.05263 -4 2 1 -0.186438 -0.24886 
1.47368 -4 2 1 -0.119618 -0.237044 
1.89474 -4 2 1 -0.0571957 -0.226006 
2.31579 -4 2 1 0.00124973 -0.21567 
2.73684 -4 2 1 0.0560865 -0.205973 
3.15789 -4 2 1 0.107639 -0.196857 
3.57895 -4 2 1 0.156193 -0.18827 
4 -4 2 1 0.202004 -0.180169 
3.57895 4 2 1 35.8839 -3.5442 
4 4 2 1 15.4858 -1.36564 
-4 -4 6 1 -1.60475 0.621841 
-4 -3.57895 6 1 -1.72148 0.704555 
-4 -3.15789 6 1 -1.86744 0.807985 
-4 -2.73684 6 1 -2.0552 0.941028 
-4 -2.31579 6 1 -2.3057 1.11853 
-4 -1.89474 6 1 -2.65668 1.36723 
-4 -1.47368 6 1 -3.18379 1.74073 
-4 -1.05263 6 1 -4.06402 2.36445 
-4 -0.631579 6 1 -5.8309 3.61644 
-4 -0.210526 6 1 -11.1835 7.40923 
4 -4 6 1 0.14526 0.351029 
4 -3.57895 6 1 0.180865 0.37502 
4 -3.15789 6 1 0.22028 0.401578 
4 -2.73684 6 1 0.264151 0.431138 
4 -2.31579 6 1 0.313279 0.46424 
4 -1.89474 6 1 0.368669 0.501562 
4 -1.47368 6 1 0.431599 0.543964 
4 -1.05263 6 1 0.503722 0.59256 
4 -0.631579 6 1 0.58721 0.648814 
4 -0.210526 6 1 0.68498 0.714692 
4 0.210526 6 1 0.80104 0.792892 
4 0.631579 6 1 0.94105 0.887231 
4 1.05263 6 1 1.11328 1.00328 
4 1.47368 6 1 1.33029 1.1495 
4 1.89474 6 1 1.61217 1.33943 
4 2.31579 6 1 1.9931 1.5961 
4 2.73684 6 1 2.53642 1.96219 
4 3.15789 6 1 3.37412 2.52663 
4 3.57895 6 1 4.8343 3.5105 
4 4 6 1 8.02107 5.65773 
-4 -4 6 1 -1.60475 0.621841 
-3.57895 -4 6 1 -1.42409 0.593884 
-3.15789 -4 6 1 -1.26175 0.568762 
-2.73684 -4 6 1 -1.11507 0.546064 
-2.31579 -4 6 1 -0.981907 0.525457 
-1.89474 -4 6 1 -0.860462 0.506663 
-1.47368 -4 6 1 -0.749256 0.489454 
-1.05263 -4 6 1 -0.647046 0.473638 
-0.631579 -4 6 1 -0.552785 0.459051 
-0.210526 -4 6 1 -0.465578 0.445555 
0.210526 -4 6 1 -0.384663 0.433034 
0.631579 -4 6 1 -0.309382 0.421384 
1.05263 -4 6 1 -0.239167 0.410519 
1.47368 -4 6 1 -0.173524 0.40036 
1.89474 -4 6 1 -0.112019 0.390842 
2.31579 -4 6 1 -0.0542728 0.381906 
2.73684 -4 6 1 4.80817e-05 0.3735 
3.15789 -4 6 1 0.05124 0.365578 
3.57895 -4 6 1 0.0995658 0.3581 
4 -4 6 1 0.14526 0.351029 
2.73684 4 6 1 10393 9252.49 
3.15789 4 6 1 20.4857 16.7563 
3.57895 4 6 1 11.14 8.43488 
4 4 6 1 8.02107 5.65773 
