-1.00774 0.0493085 -1.18239 1.079 20 
-0.900446 0.0499824 -1.05002 1.05516 21 
-0.797368 0.0506297 -0.92384 1.03243 22 
-0.698261 0.0512521 -0.803422 1.01074 23 
-0.6029 0.051851 -0.688383 0.99002 24 
-0.511077 0.0524277 -0.57837 0.970205 25 
-0.422598 0.0529834 -0.473061 0.951238 26 
-0.337283 0.0535192 -0.37216 0.933064 27 
-0.254967 0.0540362 -0.275396 0.915635 28 
-0.175493 0.0545353 -0.18252 0.898907 29 
-0.0987169 0.0550174 -0.0933018 0.882838 30 
-0.0245038 0.0554835 -0.00753018 0.867389 31 
0.0472726 0.0559343 0.0749912 0.852526 32 
0.116731 0.0563705 0.154444 0.838215 33 
0.18398 0.0567929 0.230995 0.824427 34 
0.249126 0.057202 0.304802 0.811134 35 
0.312264 0.0575985 0.376008 0.798308 36 
0.373487 0.057983 0.44475 0.785927 37 
0.43288 0.058356 0.511153 0.773967 38 
0.490524 0.058718 0.575334 0.762407 39 
-3.82374 -0.505327 -16.3001 15.0608 50 
-2.79019 -0.30176 -6.03211 5.56431 51 
-2.21873 -0.189207 -3.77131 3.47339 52 
-1.85609 -0.117781 -2.77895 2.55559 53 
-1.60549 -0.0684227 -2.22139 2.03993 54 
-1.42195 -0.0322736 -1.86422 1.70959 55 
-1.28173 -0.00465703 -1.61587 1.4799 56 
-1.17112 0.0171292 -1.43317 1.31094 57 
-1.08163 0.0347551 -1.29314 1.18143 58 
-1.00774 0.0493085 -1.18239 1.079 59 
5.7452 -0.978713 532.63 369.417 65 
3.70453 -0.575824 10.8755 7.89923 66 
2.70239 -0.37797 5.37931 4.09102 67 
2.1068 -0.260382 3.52144 2.80373 68 
1.71208 -0.182454 2.58759 2.15667 69 
1.43128 -0.127015 2.02569 1.76734 70 
1.2213 -0.0855589 1.65043 1.50733 71 
1.05835 -0.0533873 1.38207 1.32138 72 
0.928215 -0.0276955 1.18061 1.1818 73 
0.821896 -0.00670478 1.02382 1.07316 74 
0.7334 0.0107669 0.898321 0.986201 75 
0.658593 0.0255361 0.795595 0.915023 76 
0.594526 0.0381848 0.70996 0.855687 77 
0.539042 0.0491391 0.637477 0.805465 78 
0.490524 0.058718 0.575334 0.762407 79 
