-0.791812 0.0661502 -0.830729 0.911826 20 
-0.708494 0.0611598 -0.737035 0.90079 21 
-0.626125 0.0562263 -0.644538 0.889895 22 
-0.54469 0.0513487 -0.553216 0.879139 23 
-0.464174 0.0465262 -0.463047 0.868518 24 
-0.38456 0.0417577 -0.374008 0.85803 25 
-0.305834 0.0370423 -0.286079 0.847673 26 
-0.227981 0.0323793 -0.199239 0.837445 27 
-0.150987 0.0277676 -0.113467 0.827342 28 
-0.0748367 0.0232066 -0.0287456 0.817363 29 
0.000482994 0.0186953 0.0549462 0.807505 30 
0.0749856 0.0142329 0.137626 0.797766 31 
0.148684 0.00981865 0.219313 0.788145 32 
0.221592 0.00545179 0.300025 0.778638 33 
0.293722 0.00113153 0.379778 0.769244 34 
0.365086 -0.00314286 0.45859 0.759961 35 
0.435697 -0.0073721 0.536478 0.750787 36 
0.505565 -0.0115569 0.613457 0.74172 37 
0.574703 -0.015698 0.689544 0.732758 38 
0.643123 -0.019796 0.764753 0.723899 39 
-5.41089 -0.468869 -25.2365 25.1468 48 
-3.45465 -0.242282 -6.52894 6.57016 49 
-2.54642 -0.137083 -3.77271 3.83322 50 
-2.02196 -0.0763349 -2.66417 2.73243 51 
-1.68044 -0.0367784 -2.06582 2.13827 52 
-1.44037 -0.00897153 -1.69134 1.76641 53 
-1.26239 0.0116439 -1.43488 1.51175 54 
-1.12517 0.0275381 -1.24825 1.32643 55 
-1.01614 0.0401664 -1.10635 1.18552 56 
-0.927432 0.0504416 -0.994815 1.07476 57 
-0.853843 0.0589653 -0.904842 0.98542 58 
-0.791812 0.0661502 -0.830729 0.911826 59 
4.62935 -0.979543 14.1858 10.0106 67 
3.12924 -0.618368 6.00095 4.34707 68 
2.35581 -0.432153 3.78827 2.81601 69 
1.88399 -0.318555 2.75853 2.10348 70 
1.56615 -0.242028 2.16318 1.69154 71 
1.33747 -0.186972 1.77524 1.4231 72 
1.16506 -0.145461 1.5024 1.23431 73 
1.03043 -0.113045 1.30005 1.0943 74 
0.922375 -0.0870304 1.144 0.986316 75 
0.833742 -0.0656906 1.01999 0.900507 76 
0.759725 -0.0478698 0.919067 0.830676 77 
0.696983 -0.0327637 0.835339 0.772741 78 
0.643123 -0.019796 0.764753 0.723899 79 
