-0.804013 0.0543807 -0.850062 0.907647 20 
-0.719557 0.049734 -0.754576 0.896084 21 
-0.636205 0.0451481 -0.660497 0.884691 22 
-0.553936 0.0406218 -0.567793 0.873465 23 
-0.47273 0.0361539 -0.476434 0.862402 24 
-0.392566 0.0317433 -0.386391 0.851498 25 
-0.313423 0.027389 -0.297636 0.84075 26 
-0.235283 0.0230898 -0.210141 0.830154 27 
-0.158127 0.0188447 -0.12388 0.819709 28 
-0.081935 0.0146527 -0.0388271 0.809409 29 
-0.00669061 0.0105129 0.0450434 0.799252 30 
0.0676243 0.00642413 0.127756 0.789236 31 
0.141027 0.0023856 0.209334 0.779357 32 
0.213534 -0.00160365 0.289801 0.769613 33 
0.285161 -0.00554451 0.369179 0.760001 34 
0.355925 -0.00943786 0.44749 0.750517 35 
0.42584 -0.0132846 0.524757 0.741161 36 
0.494923 -0.0170854 0.600998 0.731928 37 
0.563188 -0.0208413 0.676236 0.722817 38 
0.63065 -0.024553 0.750489 0.713825 39 
-5.60103 -0.611537 -36.4704 35.4574 48 
-3.53304 -0.324461 -7.10559 6.97517 49 
-2.59132 -0.193732 -3.96602 3.92995 50 
-2.0527 -0.118961 -2.76479 2.76483 51 
-1.70399 -0.070554 -2.13026 2.14937 52 
-1.45981 -0.0366567 -1.73794 1.76884 53 
-1.27928 -0.0115957 -1.47138 1.51029 54 
-1.14039 0.00768574 -1.27845 1.32316 55 
-1.03021 0.0229803 -1.13236 1.18146 56 
-0.940681 0.0354086 -1.01789 1.07043 57 
-0.866493 0.0457073 -0.925782 0.981091 58 
-0.804013 0.0543807 -0.850062 0.907647 59 
4.36294 -0.977874 12.6092 8.73547 67 
3.005 -0.63102 5.69718 4.05993 68 
2.2834 -0.446706 3.66127 2.68277 69 
1.83576 -0.332368 2.6871 2.02381 70 
1.53096 -0.254513 2.11589 1.63742 71 
1.31003 -0.198083 1.74046 1.38348 72 
1.14254 -0.155303 1.47489 1.20383 73 
1.0112 -0.121755 1.27711 1.07005 74 
0.90544 -0.0947412 1.1241 0.966549 75 
0.818452 -0.0725224 1.00221 0.884096 76 
0.745646 -0.0539258 0.902813 0.816862 77 
0.683814 -0.0381325 0.820215 0.760991 78 
0.63065 -0.024553 0.750489 0.713825 79 
