0.144982 -0.20503 0.154136 0.311116 0 
0.101784 -0.203722 0.115253 0.32896 1 
0.0553978 -0.202318 0.0737757 0.347995 2 
0.00545777 -0.200806 0.0294366 0.368343 3 
-0.0484612 -0.199174 -0.0180713 0.390145 4 
-0.106854 -0.197406 -0.0691002 0.413563 5 
-0.170303 -0.195486 -0.124057 0.438783 6 
-0.239493 -0.193391 -0.183413 0.466022 7 
-0.31524 -0.191098 -0.247718 0.495533 8 
-0.398524 -0.188577 -0.317619 0.527611 9 
-0.490528 -0.185792 -0.393879 0.562608 10 
-0.592697 -0.182699 -0.477407 0.60094 11 
-0.706814 -0.179244 -0.569294 0.643108 12 
-0.835106 -0.17536 -0.670861 0.689719 13 
-0.980387 -0.170962 -0.783723 0.741513 14 
-1.14627 -0.165941 -0.909876 0.799406 15 
-1.33748 -0.160152 -1.05181 0.864542 16 
-1.56029 -0.153407 -1.21269 0.938373 17 
-1.82324 -0.145447 -1.39658 1.02276 18 
-2.13824 -0.135911 -1.60879 1.12015 19 
6.74022 -0.626442 3.81584 2.14238 20 
8.877 -0.779182 4.27072 2.58379 21 
13.8282 -1.1331 4.93232 3.2258 22 
37.8807 -2.85241 5.98297 4.24534 23 
0.144982 -0.20503 0.154136 0.311116 40 
0.188984 -0.207842 0.194401 0.331253 41 
0.237473 -0.21094 0.238367 0.353241 42 
0.291173 -0.214371 0.286571 0.377348 43 
0.350971 -0.218192 0.339654 0.403896 44 
0.417967 -0.222473 0.398399 0.433275 45 
0.493546 -0.227302 0.463762 0.465964 46 
0.579468 -0.232792 0.536927 0.502554 47 
0.678014 -0.239089 0.619381 0.543791 48 
0.792187 -0.246384 0.713012 0.590617 49 
0.926022 -0.254936 0.820258 0.644252 50 
1.08508 -0.265099 0.944322 0.706297 51 
1.27723 -0.277376 1.0895 0.778901 52 
1.51399 -0.292505 1.26167 0.865007 53 
1.81296 -0.311608 1.46915 0.968768 54 
2.20234 -0.336488 1.72403 1.09624 55 
2.73047 -0.370233 2.04465 1.25658 56 
3.48757 -0.418609 2.46021 1.46441 57 
4.66377 -0.493764 3.02022 1.74448 58 
6.74022 -0.626442 3.81584 2.14238 59 
-2.13824 -0.135911 -1.60879 1.12015 60 
-2.34989 -0.134194 -1.70676 1.26676 61 
-2.63846 -0.131853 -1.83036 1.45174 62 
-3.05522 -0.128473 -1.99117 1.69241 63 
-3.70998 -0.123162 -2.20898 2.01837 64 
-4.88804 -0.113605 -2.5206 2.48473 65 
-7.63436 -0.0913275 -3.00329 3.20711 66 
-21.3142 0.0196414 -3.8512 4.47606 67 
