-4 -4 2 1 -2.55969 0.04151 
-4 -3.57895 2 1 -2.82291 0.0823656 
-4 -3.15789 2 1 -3.18424 0.138451 
-4 -2.73684 2 1 -3.71113 0.220232 
-4 -2.31579 2 1 -4.55115 0.350618 
-4 -1.89474 2 1 -6.10147 0.591253 
-4 -1.47368 2 1 -9.9229 1.1844 
-4 -1.05263 2 1 -34.6694 5.02547 
4 -4 2 1 0.0228072 -0.0644152 
4 -3.57895 2 1 0.0620468 -0.0577474 
4 -3.15789 2 1 0.104835 -0.0504767 
4 -2.73684 2 1 0.151676 -0.0425174 
4 -2.31579 2 1 0.203174 -0.0337667 
4 -1.89474 2 1 0.26006 -0.0241004 
4 -1.47368 2 1 0.323226 -0.013367 
4 -1.05263 2 1 0.393773 -0.00137941 
4 -0.631579 2 1 0.473075 0.0120959 
4 -0.210526 2 1 0.56287 0.027354 
4 0.210526 2 1 0.665387 0.0447741 
4 0.631579 2 1 0.783536 0.0648504 
4 1.05263 2 1 0.921189 0.0882408 
4 1.47368 2 1 1.08361 0.11584 
4 1.89474 2 1 1.27814 0.148895 
4 2.31579 2 1 1.51535 0.189202 
4 2.73684 2 1 1.81101 0.239443 
4 3.15789 2 1 2.18978 0.303804 
4 3.57895 2 1 2.6924 0.389212 
4 4 2 1 3.39152 0.508008 
-4 -4 2 1 -2.55969 0.04151 
-3.57895 -4 2 1 -2.16222 0.0252072 
-3.15789 -4 2 1 -1.84153 0.0120535 
-2.73684 -4 2 1 -1.57732 0.00121668 
-2.31579 -4 2 1 -1.35589 -0.00786577 
-1.89474 -4 2 1 -1.16762 -0.015588 
-1.47368 -4 2 1 -1.00558 -0.0222342 
-1.05263 -4 2 1 -0.864649 -0.0280148 
-0.631579 -4 2 1 -0.740952 -0.0330884 
-0.210526 -4 2 1 -0.63151 -0.0375773 
0.210526 -4 2 1 -0.533994 -0.0415771 
0.631579 -4 2 1 -0.446555 -0.0451636 
1.05263 -4 2 1 -0.367708 -0.0483976 
1.47368 -4 2 1 -0.296245 -0.0513288 
1.89474 -4 2 1 -0.231176 -0.0539977 
2.31579 -4 2 1 -0.171679 -0.056438 
2.73684 -4 2 1 -0.117068 -0.058678 
3.15789 -4 2 1 -0.0667651 -0.0607412 
3.57895 -4 2 1 -0.0202796 -0.0626479 
4 -4 2 1 0.0228072 -0.0644152 
1.89474 4 2 1 17.2982 4.36267 
2.31579 4 2 1 8.34614 1.88133 
2.73684 4 2 1 5.78174 1.17053 
3.15789 4 2 1 4.56599 0.833547 
3.57895 4 2 1 3.85649 0.636888 
4 4 2 1 3.39152 0.508008 
-4 -4 6 1 -2.04591 1.3577 
-4 -3.57895 6 1 -2.18193 1.54227 
-4 -3.15789 6 1 -2.35402 1.77578 
-4 -2.73684 6 1 -2.57875 2.08071 
-4 -2.31579 6 1 -2.88459 2.49571 
-4 -1.89474 6 1 -3.32516 3.09351 
-4 -1.47368 6 1 -4.0146 4.02902 
-4 -1.05263 6 1 -5.24684 5.70105 
-4 -0.631579 6 1 -8.079 9.544 
-4 -0.210526 6 1 -21.3933 27.6102 
4 -4 6 1 -0.00441014 0.421961 
4 -3.57895 6 1 0.0303786 0.447287 
4 -3.15789 6 1 0.0680317 0.474697 
4 -2.73684 6 1 0.108918 0.504462 
4 -2.31579 6 1 0.153473 0.536897 
4 -1.89474 6 1 0.202213 0.572378 
4 -1.47368 6 1 0.255757 0.611357 
4 -1.05263 6 1 0.314852 0.654377 
4 -0.631579 6 1 0.380409 0.702101 
4 -0.210526 6 1 0.453549 0.755345 
4 0.210526 6 1 0.535668 0.815126 
4 0.631579 6 1 0.628527 0.882726 
4 1.05263 6 1 0.734382 0.959786 
4 1.47368 6 1 0.856166 1.04844 
4 1.89474 6 1 0.997767 1.15152 
4 2.31579 6 1 1.16445 1.27286 
4 2.73684 6 1 1.36352 1.41779 
4 3.15789 6 1 1.60545 1.59391 
4 3.57895 6 1 1.90574 1.81251 
4 4 6 1 2.2884 2.09108 
-4 -4 6 1 -2.04591 1.3577 
-3.57895 -4 6 1 -1.77486 1.23346 
-3.15789 -4 6 1 -1.54608 1.1286 
-2.73684 -4 6 1 -1.35042 1.03892 
-2.31579 -4 6 1 -1.18115 0.961333 
-1.89474 -4 6 1 -1.03329 0.893556 
-1.47368 -4 6 1 -0.902999 0.833838 
-1.05263 -4 6 1 -0.787334 0.780822 
-0.631579 -4 6 1 -0.683959 0.733439 
-0.210526 -4 6 1 -0.591015 0.690837 
0.210526 -4 6 1 -0.506999 0.652328 
0.631579 -4 6 1 -0.430683 0.617348 
1.05263 -4 6 1 -0.361055 0.585433 
1.47368 -4 6 1 -0.297273 0.556198 
1.89474 -4 6 1 -0.23863 0.529318 
2.31579 -4 6 1 -0.18453 0.504521 
2.73684 -4 6 1 -0.134463 0.481572 
3.15789 -4 6 1 -0.0879958 0.460274 
3.57895 -4 6 1 -0.0447529 0.440453 
4 -4 6 1 -0.00441014 0.421961 
0.631579 4 6 1 35.7564 67.3071 
1.05263 4 6 1 8.51653 14.2273 
1.47368 4 6 1 5.27521 7.9112 
1.89474 4 6 1 4.01628 5.45802 
2.31579 4 6 1 3.34699 4.15384 
2.73684 4 6 1 2.93169 3.3446 
3.15789 4 6 1 2.64886 2.79348 
3.57895 4 6 1 2.44384 2.39397 
4 4 6 1 2.2884 2.09108 
