-4 3.15789 2 1 76.476 11.6003 
-4 3.57895 2 1 18.2121 2.7758 
-4 4 2 1 10.9054 1.66914 
4 -4 2 1 -1.93638 0.116794 
4 -3.57895 2 1 -1.66939 0.126756 
4 -3.15789 2 1 -1.44086 0.135282 
4 -2.73684 2 1 -1.24304 0.142662 
4 -2.31579 2 1 -1.07013 0.149113 
4 -1.89474 2 1 -0.917705 0.1548 
4 -1.47368 2 1 -0.782326 0.159851 
4 -1.05263 2 1 -0.661286 0.164367 
4 -0.631579 2 1 -0.55242 0.168428 
4 -0.210526 2 1 -0.453981 0.172101 
4 0.210526 2 1 -0.364539 0.175438 
4 0.631579 2 1 -0.282913 0.178483 
4 1.05263 2 1 -0.208124 0.181274 
4 1.47368 2 1 -0.139345 0.18384 
4 1.89474 2 1 -0.075881 0.186207 
4 2.31579 2 1 -0.0171385 0.188399 
4 2.73684 2 1 0.0373906 0.190434 
4 3.15789 2 1 0.0881438 0.192327 
4 3.57895 2 1 0.1355 0.194094 
4 4 2 1 0.17979 0.195746 
1.05263 -4 2 1 -11.7746 0.420677 
1.47368 -4 2 1 -5.9201 0.239844 
1.89474 -4 2 1 -4.10958 0.183921 
2.31579 -4 2 1 -3.22863 0.15671 
2.73684 -4 2 1 -2.70759 0.140616 
3.15789 -4 2 1 -2.36331 0.129981 
3.57895 -4 2 1 -2.11888 0.122432 
4 -4 2 1 -1.93638 0.116794 
-4 4 2 1 10.9054 1.66914 
-3.57895 4 2 1 6.3077 1.03755 
-3.15789 4 2 1 4.32281 0.764881 
-2.73684 4 2 1 3.2163 0.612878 
-2.31579 4 2 1 2.51075 0.515955 
-1.89474 4 2 1 2.02164 0.448766 
-1.47368 4 2 1 1.66263 0.399448 
-1.05263 4 2 1 1.3879 0.361707 
-0.631579 4 2 1 1.17089 0.331896 
-0.210526 4 2 1 0.995139 0.307753 
0.210526 4 2 1 0.849901 0.287801 
0.631579 4 2 1 0.727866 0.271037 
1.05263 4 2 1 0.623884 0.256752 
1.47368 4 2 1 0.534225 0.244436 
1.89474 4 2 1 0.456121 0.233706 
2.31579 4 2 1 0.387472 0.224276 
2.73684 4 2 1 0.326661 0.215922 
3.15789 4 2 1 0.272417 0.208471 
3.57895 4 2 1 0.223731 0.201783 
4 4 2 1 0.17979 0.195746 
-4 4 6 1 371.631 329.273 
4 -4 6 1 -2.51785 1.91555 
4 -3.57895 6 1 -2.14063 1.75885 
4 -3.15789 6 1 -1.82811 1.62903 
4 -2.73684 6 1 -1.56497 1.51971 
4 -2.31579 6 1 -1.34035 1.4264 
4 -1.89474 6 1 -1.14638 1.34583 
4 -1.47368 6 1 -0.977175 1.27554 
4 -1.05263 6 1 -0.828287 1.21369 
4 -0.631579 6 1 -0.69626 1.15884 
4 -0.210526 6 1 -0.578384 1.10988 
4 0.210526 6 1 -0.472499 1.06589 
4 0.631579 6 1 -0.376865 1.02616 
4 1.05263 6 1 -0.290061 0.990106 
4 1.47368 6 1 -0.210919 0.957229 
4 1.89474 6 1 -0.138466 0.927132 
4 2.31579 6 1 -0.0718897 0.899475 
4 2.73684 6 1 -0.0105025 0.873975 
4 3.15789 6 1 0.0462795 0.850387 
4 3.57895 6 1 0.0989558 0.828505 
4 4 6 1 0.147956 0.80815 
1.47368 -4 6 1 -28.9108 28.2753 
1.89474 -4 6 1 -9.00437 8.3939 
2.31579 -4 6 1 -5.56124 4.95511 
2.73684 -4 6 1 -4.13264 3.52831 
3.15789 -4 6 1 -3.35073 2.74738 
3.57895 -4 6 1 -2.85743 2.2547 
4 -4 6 1 -2.51785 1.91555 
-4 4 6 1 371.631 329.273 
-3.57895 4 6 1 14.411 13.4195 
-3.15789 4 6 1 7.0226 6.8867 
-2.73684 4 6 1 4.4914 4.64862 
-2.31579 4 6 1 3.21258 3.51789 
-1.89474 4 6 1 2.441 2.83566 
-1.47368 4 6 1 1.92482 2.37925 
-1.05263 4 6 1 1.55523 2.05246 
-0.631579 4 6 1 1.27755 1.80694 
-0.210526 4 6 1 1.06129 1.61572 
0.210526 4 6 1 0.888106 1.46259 
0.631579 4 6 1 0.746286 1.33719 
1.05263 4 6 1 0.62802 1.23262 
1.47368 4 6 1 0.527889 1.14409 
1.89474 4 6 1 0.44202 1.06816 
2.31579 4 6 1 0.367568 1.00233 
2.73684 4 6 1 0.302398 0.944707 
3.15789 4 6 1 0.244876 0.893846 
3.57895 4 6 1 0.19373 0.848623 
4 4 6 1 0.147956 0.80815 
