6.61832 -0.78123 63.5986 38.2384 0 
4.42572 -0.482058 12.1429 7.78342 1 
3.24922 -0.321529 6.45298 4.41577 2 
2.51537 -0.221398 4.26602 3.12137 3 
2.01391 -0.152975 3.10854 2.4363 4 
1.64955 -0.103258 2.39212 2.01228 5 
1.37281 -0.0654989 1.905 1.72397 6 
1.15549 -0.035846 1.55229 1.51521 7 
0.980301 -0.0119422 1.2851 1.35706 8 
0.836076 0.00773668 1.07568 1.23312 9 
0.715273 0.0242198 0.907134 1.13336 10 
0.612615 0.0382273 0.768554 1.05134 11 
0.524298 0.0502777 0.652603 0.982713 12 
0.447514 0.0607546 0.554155 0.924445 13 
0.380143 0.0699472 0.469525 0.874355 14 
0.320553 0.0780781 0.395996 0.830835 15 
0.26747 0.0853211 0.331517 0.792673 16 
0.219883 0.0918141 0.274514 0.758935 17 
0.176981 0.0976679 0.223759 0.728894 18 
0.138105 0.102972 0.178277 0.701975 19 
-4.21299 -0.163763 -13.2549 11.9117 33 
-3.31734 -0.0695775 -6.65352 5.78287 34 
-2.78167 -0.0132464 -4.59045 3.8675 35 
-2.42526 0.0242329 -3.58288 2.93207 36 
-2.17103 0.0509674 -2.9858 2.37773 37 
-1.98055 0.0709983 -2.5908 2.01102 38 
-1.83251 0.0865661 -2.31015 1.75045 39 
6.61832 -0.78123 63.5986 38.2384 40 
0.138105 0.102972 0.178277 0.701975 60 
0.0930561 0.102597 0.129625 0.722474 61 
0.0450845 0.102198 0.0774525 0.744457 62 
-0.00610432 0.101772 0.0213626 0.76809 63 
-0.0608453 0.101316 -0.0391027 0.793567 64 
-0.119522 0.100828 -0.104476 0.821111 65 
-0.182573 0.100303 -0.175381 0.850986 66 
-0.250508 0.0997371 -0.252549 0.883501 67 
-0.323917 0.0991259 -0.336851 0.91902 68 
-0.40349 0.0984634 -0.429321 0.957982 69 
-0.490036 0.0977429 -0.531209 1.00091 70 
-0.584514 0.0969563 -0.644029 1.04845 71 
-0.688067 0.0960942 -0.769642 1.10137 72 
-0.802069 0.095145 -0.910355 1.16066 73 
-0.928185 0.0940951 -1.06906 1.22753 74 
-1.06845 0.0929272 -1.24945 1.30354 75 
-1.2254 0.0916206 -1.4563 1.39069 76 
-1.40219 0.0901487 -1.69587 1.49163 77 
-1.60283 0.0884783 -1.97662 1.60993 78 
-1.83251 0.0865661 -2.31015 1.75045 79 
