-4 -4 2 1 -0.500278 0.0509327 
-4 -3.57895 2 1 -0.542668 0.0412056 
-4 -3.15789 2 1 -0.591043 0.0301051 
-4 -2.73684 2 1 -0.646766 0.0173185 
-4 -2.31579 2 1 -0.711649 0.00242983 
-4 -1.89474 2 1 -0.788154 -0.0151256 
-4 -1.47368 2 1 -0.87971 -0.0361348 
-4 -1.05263 2 1 -0.991244 -0.0617282 
-4 -0.631579 2 1 -1.13009 -0.0935898 
-4 -0.210526 2 1 -1.3077 -0.134344 
-4 0.210526 2 1 -1.5429 -0.188317 
-4 0.631579 2 1 -1.86917 -0.263185 
-4 1.05263 2 1 -2.35208 -0.373996 
-4 1.47368 2 1 -3.14003 -0.554807 
-4 1.89474 2 1 -4.65556 -0.90257 
-4 2.31579 2 1 -8.77056 -1.84683 
-4 2.73684 2 1 -62.4595 -14.1667 
4 -4 2 1 0.831731 0.00148949 
4 -3.57895 2 1 0.886583 -0.0141883 
4 -3.15789 2 1 0.950922 -0.0325777 
4 -2.73684 2 1 1.02744 -0.0544488 
4 -2.31579 2 1 1.11997 -0.0808939 
4 -1.89474 2 1 1.2341 -0.113515 
4 -1.47368 2 1 1.37841 -0.154763 
4 -1.05263 2 1 1.5667 -0.20858 
4 -0.631579 2 1 1.82268 -0.281744 
4 -0.210526 2 1 2.19085 -0.386974 
4 0.210526 2 1 2.76567 -0.551267 
4 0.631579 2 1 3.78897 -0.843747 
4 1.05263 2 1 6.12142 -1.5104 
4 1.47368 2 1 16.7349 -4.54395 
-4 -4 2 1 -0.500278 0.0509327 
-3.57895 -4 2 1 -0.440957 0.0487307 
-3.15789 -4 2 1 -0.380613 0.0464908 
-2.73684 -4 2 1 -0.319219 0.0442119 
-2.31579 -4 2 1 -0.256749 0.041893 
-1.89474 -4 2 1 -0.193173 0.0395331 
-1.47368 -4 2 1 -0.128461 0.0371311 
-1.05263 -4 2 1 -0.0625845 0.0346858 
-0.631579 -4 2 1 0.00449011 0.032196 
-0.210526 -4 2 1 0.0727952 0.0296606 
0.210526 -4 2 1 0.142365 0.0270782 
0.631579 -4 2 1 0.213235 0.0244476 
1.05263 -4 2 1 0.285442 0.0217673 
1.47368 -4 2 1 0.359025 0.019036 
1.89474 -4 2 1 0.434022 0.0162521 
2.31579 -4 2 1 0.510475 0.0134143 
2.73684 -4 2 1 0.588427 0.0105207 
3.15789 -4 2 1 0.667922 0.00756993 
3.57895 -4 2 1 0.749008 0.00456011 
4 -4 2 1 0.831731 0.00148949 
-4 -4 6 1 -0.55803 0.730939 
-4 -3.57895 6 1 -0.610935 0.771146 
-4 -3.15789 6 1 -0.672482 0.817922 
-4 -2.73684 6 1 -0.744976 0.873018 
-4 -2.31579 6 1 -0.831625 0.938871 
-4 -1.89474 6 1 -0.937022 1.01897 
-4 -1.47368 6 1 -1.06799 1.11851 
-4 -1.05263 6 1 -1.23512 1.24553 
-4 -0.631579 6 1 -1.45579 1.41324 
-4 -0.210526 6 1 -1.76063 1.64491 
-4 0.210526 6 1 -2.20914 1.98578 
-4 0.631579 6 1 -2.93422 2.53684 
-4 1.05263 6 1 -4.30569 3.57916 
-4 1.47368 6 1 -7.88311 6.298 
-4 1.89474 6 1 -40.8513 31.3538 
4 -4 6 1 0.981059 0.825369 
4 -3.57895 6 1 1.05986 0.884285 
4 -3.15789 6 1 1.155 0.955424 
4 -2.73684 6 1 1.27216 1.04303 
4 -2.31579 6 1 1.42 1.15356 
4 -1.89474 6 1 1.61235 1.29739 
4 -1.47368 6 1 1.87291 1.49221 
4 -1.05263 6 1 2.24576 1.77099 
4 -0.631579 6 1 2.82343 2.20292 
4 -0.210526 6 1 3.83861 2.96198 
4 0.210526 6 1 6.09125 4.64628 
4 0.631579 6 1 15.3752 11.5879 
-4 -4 6 1 -0.55803 0.730939 
-3.57895 -4 6 1 -0.491185 0.73504 
-3.15789 -4 6 1 -0.423028 0.739222 
-2.73684 -4 6 1 -0.353522 0.743487 
-2.31579 -4 6 1 -0.282625 0.747836 
-1.89474 -4 6 1 -0.210295 0.752274 
-1.47368 -4 6 1 -0.136489 0.756802 
-1.05263 -4 6 1 -0.061161 0.761424 
-0.631579 -4 6 1 0.0157367 0.766142 
-0.210526 -4 6 1 0.0942537 0.77096 
0.210526 -4 6 1 0.174442 0.775879 
0.631579 -4 6 1 0.256355 0.780905 
1.05263 -4 6 1 0.340048 0.78604 
1.47368 -4 6 1 0.425582 0.791288 
1.89474 -4 6 1 0.513017 0.796652 
2.31579 -4 6 1 0.602418 0.802138 
2.73684 -4 6 1 0.69385 0.807747 
3.15789 -4 6 1 0.787385 0.813486 
3.57895 -4 6 1 0.883096 0.819358 
4 -4 6 1 0.981059 0.825369 
