-0.223262 0.239339 -0.183916 0.838601 0 
-0.262113 0.249787 -0.222713 0.885416 1 
-0.305602 0.261483 -0.266433 0.93817 2 
-0.354613 0.274663 -0.316076 0.998071 3 
-0.410268 0.289631 -0.372933 1.06668 4 
-0.474017 0.306775 -0.438699 1.14603 5 
-0.547764 0.326607 -0.515648 1.23888 6 
-0.634061 0.349815 -0.606896 1.34899 7 
-0.736409 0.37734 -0.716836 1.48164 8 
-0.859747 0.410509 -0.851869 1.64458 9 
-1.01127 0.451257 -1.02169 1.84949 10 
-1.20188 0.502518 -1.24173 2.11501 11 
-1.44895 0.568962 -1.53815 2.47267 12 
-1.78192 0.658507 -1.95902 2.98052 13 
-2.25501 0.785735 -2.6036 3.75829 14 
-2.98025 0.980774 -3.71478 5.09908 15 
-4.23247 1.31753 -6.0866 7.96102 16 
-6.91377 2.03861 -14.6766 18.3261 17 
1.46731 0.197672 1.72899 1.36751 20 
1.57786 0.213556 1.88556 1.53041 21 
1.71586 0.233386 2.08645 1.73944 22 
1.89299 0.258838 2.35361 2.01741 23 
2.12865 0.292698 2.72627 2.40515 24 
2.45757 0.33996 3.28234 2.98372 25 
2.94877 0.41054 4.20137 3.93995 26 
3.7617 0.527347 6.01095 5.82277 27 
5.36634 0.757916 11.2221 11.2448 28 
10.0171 1.42617 179.346 186.173 29 
-0.223262 0.239339 -0.183916 0.838601 40 
-0.174366 0.238134 -0.131182 0.853182 41 
-0.122959 0.236867 -0.0755826 0.868555 42 
-0.0688441 0.235533 -0.0168766 0.884787 43 
-0.0118007 0.234127 0.0452035 0.901952 44 
0.0484154 0.232643 0.110957 0.920132 45 
0.112076 0.231074 0.180721 0.939421 46 
0.179487 0.229413 0.254872 0.959924 47 
0.250988 0.22765 0.333839 0.981758 48 
0.326963 0.225778 0.418106 1.00506 49 
0.407847 0.223784 0.508226 1.02997 50 
0.49413 0.221658 0.60483 1.05669 51 
0.586373 0.219384 0.708643 1.08539 52 
0.685213 0.216948 0.820505 1.11632 53 
0.791387 0.214331 0.941389 1.14974 54 
0.90574 0.211513 1.07243 1.18597 55 
1.02926 0.208468 1.21497 1.22539 56 
1.16309 0.20517 1.37059 1.26841 57 
1.30857 0.201584 1.54117 1.31558 58 
1.46731 0.197672 1.72899 1.36751 59 
