-8.76322 -0.364402 -3.96103 2.56635 0 
-12.8327 -0.474545 -4.45047 3.10354 1 
-27.1782 -0.862818 -5.17936 3.90353 2 
-0.173147 -0.226969 -0.145561 0.293297 20 
-0.128606 -0.229027 -0.104698 0.307494 21 
-0.0808983 -0.231232 -0.061233 0.322593 22 
-0.0296733 -0.233598 -0.0149113 0.338685 23 
0.0254725 -0.236146 0.0345587 0.355871 24 
0.0850073 -0.238897 0.0875095 0.374266 25 
0.149477 -0.241876 0.144322 0.394003 26 
0.219521 -0.245112 0.205434 0.415233 27 
0.295895 -0.248641 0.271353 0.438134 28 
0.379499 -0.252504 0.342669 0.462909 29 
0.471409 -0.256751 0.420075 0.4898 30 
0.572929 -0.261442 0.504383 0.519089 31 
0.685649 -0.26665 0.596562 0.551112 32 
0.811529 -0.272466 0.697766 0.58627 33 
0.953018 -0.279003 0.80939 0.625048 34 
1.11321 -0.286405 0.933131 0.668036 35 
1.29608 -0.294854 1.07107 0.715957 36 
1.5068 -0.304591 1.22581 0.769713 37 
1.75227 -0.315933 1.40061 0.830439 38 
2.04186 -0.329313 1.59965 0.899585 39 
-8.76322 -0.364402 -3.96103 2.56635 40 
-5.54358 -0.312891 -3.06927 2.03509 41 
-3.95807 -0.287524 -2.46373 1.67434 42 
-3.01439 -0.272426 -2.02565 1.41336 43 
-2.38842 -0.262411 -1.69402 1.21579 44 
-1.94284 -0.255283 -1.43424 1.06102 45 
-1.60948 -0.249949 -1.22523 0.936508 46 
-1.3507 -0.245809 -1.05345 0.834167 47 
-1.14398 -0.242502 -0.909749 0.74856 48 
-0.975053 -0.239799 -0.787773 0.675893 49 
-0.83442 -0.237549 -0.682938 0.613438 50 
-0.715522 -0.235647 -0.591869 0.559184 51 
-0.613682 -0.234017 -0.512021 0.511615 52 
-0.525475 -0.232606 -0.441441 0.469567 53 
-0.448335 -0.231372 -0.378604 0.432132 54 
-0.380302 -0.230284 -0.322301 0.398589 55 
-0.319853 -0.229316 -0.271564 0.368363 56 
-0.265787 -0.228451 -0.225607 0.340984 57 
-0.217144 -0.227673 -0.183784 0.316068 58 
-0.173147 -0.226969 -0.145561 0.293297 59 
14.7795 -1.4375 3.67106 3.47308 72 
6.6675 -0.73175 2.93415 2.55755 73 
4.48723 -0.542063 2.49047 2.00633 74 
3.4744 -0.453946 2.19404 1.63805 75 
2.88936 -0.403047 1.982 1.37461 76 
2.50834 -0.369898 1.82279 1.17681 77 
2.24047 -0.346592 1.69886 1.02284 78 
2.04186 -0.329313 1.59965 0.899585 79 
