-4 -3.57895 2 1 76.6567 -13.9314 
-4 -3.15789 2 1 10.2451 -1.81866 
-4 -2.73684 2 1 5.33284 -0.922721 
-4 -2.31579 2 1 3.52986 -0.593878 
-4 -1.89474 2 1 2.59375 -0.423142 
-4 -1.47368 2 1 2.02049 -0.318586 
-4 -1.05263 2 1 1.63336 -0.247978 
-4 -0.631579 2 1 1.35437 -0.197094 
-4 -0.210526 2 1 1.14376 -0.158682 
-4 0.210526 2 1 0.979141 -0.128657 
-4 0.631579 2 1 0.846926 -0.104542 
-4 1.05263 2 1 0.738406 -0.0847494 
-4 1.47368 2 1 0.647735 -0.0682121 
-4 1.89474 2 1 0.570844 -0.0541881 
-4 2.31579 2 1 0.504814 -0.0421449 
-4 2.73684 2 1 0.447495 -0.0316906 
-4 3.15789 2 1 0.39727 -0.0225301 
-4 3.57895 2 1 0.352899 -0.0144373 
-4 4 2 1 0.313414 -0.00723578 
4 -0.631579 2 1 -100.4 -2.78646 
4 -0.210526 2 1 -8.87998 -0.130771 
4 0.210526 2 1 -4.81135 -0.012708 
4 0.631579 2 1 -3.37354 0.0290141 
4 1.05263 2 1 -2.63829 0.0503493 
4 1.47368 2 1 -2.19177 0.0633064 
4 1.89474 2 1 -1.89181 0.0720104 
4 2.31579 2 1 -1.67643 0.0782602 
4 2.73684 2 1 -1.51428 0.0829655 
4 3.15789 2 1 -1.3878 0.0866358 
4 3.57895 2 1 -1.28637 0.0895789 
4 4 2 1 -1.20324 0.0919914 
-4 4 2 1 0.313414 -0.00723578 
-3.57895 4 2 1 0.263634 -0.00397888 
-3.15789 4 2 1 0.211727 -0.000582863 
-2.73684 4 2 1 0.157555 0.00296137 
-2.31579 4 2 1 0.100965 0.00666373 
-1.89474 4 2 1 0.0417936 0.010535 
-1.47368 4 2 1 -0.0201415 0.0145872 
-1.05263 4 2 1 -0.0850382 0.018833 
-0.631579 4 2 1 -0.153114 0.0232869 
-0.210526 4 2 1 -0.224609 0.0279645 
0.210526 4 2 1 -0.299786 0.032883 
0.631579 4 2 1 -0.378939 0.0380615 
1.05263 4 2 1 -0.46239 0.0435214 
1.47368 4 2 1 -0.5505 0.049286 
1.89474 4 2 1 -0.64367 0.0553817 
2.31579 4 2 1 -0.742349 0.0618377 
2.73684 4 2 1 -0.84704 0.0686872 
3.15789 4 2 1 -0.95831 0.0759671 
3.57895 4 2 1 -1.0768 0.0837193 
4 4 2 1 -1.20324 0.0919914 
-4 -3.15789 6 1 39.8694 24.8633 
-4 -2.73684 6 1 9.41576 6.13178 
-4 -2.31579 6 1 5.20236 3.54019 
-4 -1.89474 6 1 3.52628 2.50927 
-4 -1.47368 6 1 2.62596 1.95549 
-4 -1.05263 6 1 2.06403 1.60986 
-4 -0.631579 6 1 1.6799 1.37359 
-4 -0.210526 6 1 1.40071 1.20186 
-4 0.210526 6 1 1.18861 1.07141 
-4 0.631579 6 1 1.02203 0.968944 
-4 1.05263 6 1 0.887728 0.886337 
-4 1.47368 6 1 0.777151 0.818323 
-4 1.89474 6 1 0.684524 0.761349 
-4 2.31579 6 1 0.605803 0.712929 
-4 2.73684 6 1 0.538075 0.671271 
-4 3.15789 6 1 0.479189 0.635051 
-4 3.57895 6 1 0.427519 0.60327 
-4 4 6 1 0.381814 0.575158 
4 -0.210526 6 1 -34.5241 39.1088 
4 0.210526 6 1 -7.29285 8.02525 
4 0.631579 6 1 -4.21948 4.5171 
4 1.05263 6 1 -3.03484 3.16487 
4 1.47368 6 1 -2.40709 2.44832 
4 1.89474 6 1 -2.01829 2.00451 
4 2.31579 6 1 -1.75381 1.70261 
4 2.73684 6 1 -1.56225 1.48395 
4 3.15789 6 1 -1.4171 1.31827 
4 3.57895 6 1 -1.30332 1.18839 
4 4 6 1 -1.21173 1.08385 
-4 4 6 1 0.381814 0.575158 
-3.57895 4 6 1 0.331072 0.591356 
-3.15789 4 6 1 0.278052 0.608281 
-2.73684 4 6 1 0.222599 0.625983 
-2.31579 4 6 1 0.16454 0.644516 
-1.89474 4 6 1 0.103689 0.663941 
-1.47368 4 6 1 0.039837 0.684324 
-1.05263 4 6 1 -0.0272417 0.705736 
-0.631579 4 6 1 -0.0977987 0.72826 
-0.210526 4 6 1 -0.172112 0.751982 
0.210526 4 6 1 -0.250489 0.777001 
0.631579 4 6 1 -0.333272 0.803427 
1.05263 4 6 1 -0.420846 0.831382 
1.47368 4 6 1 -0.513636 0.861003 
1.89474 4 6 1 -0.612124 0.892442 
2.31579 4 6 1 -0.716851 0.925873 
2.73684 4 6 1 -0.82843 0.961491 
3.15789 4 6 1 -0.947555 0.999518 
3.57895 4 6 1 -1.07502 1.04021 
4 4 6 1 -1.21173 1.08385 
