-1.01381 0.163779 -1.18375 1.06319 0 
-1.08368 0.17098 -1.27777 1.16111 1 
-1.16749 0.179618 -1.39269 1.28079 2 
-1.26989 0.190171 -1.53636 1.43041 3 
-1.39782 0.203356 -1.7211 1.6228 4 
-1.56221 0.220298 -1.96746 1.87937 5 
-1.78121 0.242869 -2.31245 2.23864 6 
-2.08747 0.274432 -2.83009 2.77772 7 
-2.54611 0.321701 -3.69329 3.67667 8 
-3.30853 0.400278 -5.4214 5.47635 9 
-4.82598 0.55667 -10.6195 10.8897 10 
0.413295 0.24649 0.386897 0.891998 20 
0.455761 0.256962 0.430544 0.947875 21 
0.504094 0.26888 0.48068 1.01206 22 
0.559601 0.282568 0.538869 1.08655 23 
0.624006 0.298449 0.607219 1.17406 24 
0.699634 0.317098 0.688648 1.2783 25 
0.789702 0.339308 0.787306 1.40461 26 
0.898779 0.366205 0.909308 1.5608 27 
1.03359 0.399449 1.06405 1.7589 28 
1.20447 0.441586 1.26676 2.01841 29 
1.42813 0.496737 1.54382 2.37311 30 
1.73347 0.57203 1.94534 2.88714 31 
2.17525 0.680967 2.57946 3.69895 32 
2.87121 0.852584 3.73072 5.1728 33 
4.12935 1.16283 6.46725 8.67615 34 
7.09231 1.89346 21.3009 27.6664 35 
-1.01381 0.163779 -1.18375 1.06319 40 
-0.912823 0.169632 -1.07001 1.0508 41 
-0.815628 0.175265 -0.960919 1.03891 42 
-0.722017 0.180691 -0.856205 1.02749 43 
-0.631794 0.18592 -0.755607 1.01653 44 
-0.544779 0.190963 -0.658887 1.00599 45 
-0.460805 0.19583 -0.565825 0.995842 46 
-0.379714 0.20053 -0.476217 0.986075 47 
-0.30136 0.205071 -0.389875 0.976664 48 
-0.225608 0.209461 -0.306623 0.967589 49 
-0.152329 0.213708 -0.226298 0.958834 50 
-0.0814044 0.217819 -0.148748 0.950381 51 
-0.0127228 0.221799 -0.0738328 0.942216 52 
0.0538206 0.225656 -0.00141944 0.934323 53 
0.118324 0.229395 0.0686151 0.92669 54 
0.180881 0.23302 0.136386 0.919303 55 
0.241576 0.236538 0.202002 0.912151 56 
0.300493 0.239953 0.265563 0.905223 57 
0.357709 0.243269 0.327165 0.898508 58 
0.413295 0.24649 0.386897 0.891998 59 
