-0.816291 0.0436758 -0.869679 0.904795 20 
-0.730659 0.0393996 -0.772335 0.892706 21 
-0.646292 0.0351866 -0.676617 0.880819 22 
-0.563163 0.0310354 -0.582484 0.869129 23 
-0.481243 0.0269446 -0.489897 0.857631 24 
-0.400508 0.0229129 -0.398818 0.84632 25 
-0.32093 0.018939 -0.309211 0.835192 26 
-0.242487 0.0150218 -0.22104 0.824242 27 
-0.165153 0.01116 -0.134271 0.813467 28 
-0.088905 0.0073524 -0.0488717 0.802861 29 
-0.0137207 0.00359792 0.0351913 0.792421 30 
0.0604221 -0.000104547 0.117949 0.782144 31 
0.133545 -0.00375609 0.19943 0.772025 32 
0.205669 -0.00735774 0.279666 0.762061 33 
0.276814 -0.0109105 0.358684 0.752248 34 
0.347001 -0.0144154 0.436512 0.742582 35 
0.416248 -0.0178734 0.513176 0.733062 36 
0.484573 -0.0212854 0.588702 0.723682 37 
0.551997 -0.0246523 0.663116 0.714441 38 
0.618535 -0.027975 0.736441 0.705335 39 
-5.8081 -0.754828 -65.4794 62.2272 48 
-3.61577 -0.404137 -7.78741 7.47055 49 
-2.63794 -0.24772 -4.17745 4.04426 50 
-2.08431 -0.15916 -2.87159 2.80485 51 
-1.72804 -0.10217 -2.19758 2.16513 52 
-1.47957 -0.0624235 -1.78616 1.77464 53 
-1.29639 -0.0331223 -1.50889 1.51149 54 
-1.15576 -0.0106272 -1.30936 1.32211 55 
-1.0444 0.00718648 -1.1589 1.1793 56 
-0.954032 0.0216423 -1.04138 1.06776 57 
-0.879229 0.0336079 -0.947059 0.978237 58 
-0.816291 0.0436758 -0.869679 0.904795 59 
4.12957 -0.968162 11.3465 7.73706 67 
2.89217 -0.63681 5.42218 3.81076 68 
2.2164 -0.455853 3.5422 2.56482 69 
1.79062 -0.341837 2.61903 1.953 70 
1.49776 -0.263415 2.0704 1.5894 71 
1.28399 -0.20617 1.70681 1.34844 72 
1.12107 -0.162544 1.44816 1.17702 73 
0.992795 -0.128194 1.25474 1.04883 74 
0.889171 -0.100446 1.10465 0.949361 75 
0.803717 -0.0775632 0.984787 0.869923 76 
0.732039 -0.0583692 0.886857 0.805021 77 
0.671054 -0.0420385 0.805345 0.751 78 
0.618535 -0.027975 0.736441 0.705335 79 
