0.00298918 -0.247682 0.045829 0.27745 0 
-0.0378912 -0.250181 0.00906922 0.296396 1 
-0.0824517 -0.252905 -0.0307987 0.316945 2 
-0.131213 -0.255885 -0.0741863 0.339307 3 
-0.184797 -0.259161 -0.121581 0.363735 4 
-0.243959 -0.262777 -0.173565 0.390528 5 
-0.309615 -0.266791 -0.230839 0.420048 6 
-0.382898 -0.27127 -0.294254 0.452733 7 
-0.465219 -0.276303 -0.364853 0.489121 8 
-0.55836 -0.281996 -0.44393 0.529878 9 
-0.664603 -0.28849 -0.533109 0.575842 10 
-0.786922 -0.295967 -0.63446 0.62808 11 
-0.929266 -0.304669 -0.750656 0.687969 12 
-1.09699 -0.314921 -0.885217 0.757323 13 
-1.29754 -0.327181 -1.04287 0.83858 14 
-1.54162 -0.3421 -1.23012 0.935089 15 
-1.84509 -0.360651 -1.45615 1.05159 16 
-2.23267 -0.384343 -1.73443 1.19502 17 
-2.74492 -0.415656 -2.08541 1.37592 18 
-3.45355 -0.458972 -2.54188 1.61119 19 
3.21583 -0.936811 2.74256 1.00862 20 
3.66886 -1.08633 3.02084 1.19486 21 
4.34858 -1.31068 3.40155 1.44965 22 
5.48193 -1.68475 3.95397 1.81937 23 
7.75042 -2.43347 4.82813 2.40442 24 
14.5703 -4.68439 6.4206 3.4702 25 
0.00298918 -0.247682 0.045829 0.27745 40 
0.0465886 -0.257034 0.0885548 0.289034 41 
0.093938 -0.26719 0.134733 0.301554 42 
0.145543 -0.278259 0.184799 0.315129 43 
0.202004 -0.290369 0.239267 0.329897 44 
0.26404 -0.303675 0.298742 0.346022 45 
0.332521 -0.318364 0.36395 0.363702 46 
0.408505 -0.334662 0.43576 0.383172 47 
0.493297 -0.352849 0.515229 0.404719 48 
0.588523 -0.373274 0.603651 0.428693 49 
0.696234 -0.396378 0.70263 0.455529 50 
0.819059 -0.422723 0.814176 0.485773 51 
0.960419 -0.453043 0.940844 0.520116 52 
1.12485 -0.488313 1.08593 0.559455 53 
1.31851 -0.52985 1.25378 0.604963 54 
1.54994 -0.57949 1.45019 0.658216 55 
1.83139 -0.639859 1.68314 0.721375 56 
2.18104 -0.714857 1.96385 0.797487 57 
2.6271 -0.810534 2.30872 0.890991 58 
3.21583 -0.936811 2.74256 1.00862 59 
-3.45355 -0.458972 -2.54188 1.61119 60 
-3.99384 -0.557634 -2.79233 1.88599 61 
-4.8482 -0.71365 -3.1442 2.27207 62 
-6.40274 -0.997526 -3.67472 2.85418 63 
-10.1157 -1.67555 -4.56626 3.8324 64 
-30.6891 -5.43247 -6.37735 5.81958 65 
