-1.58647 -0.50054 -1.58204 0.608676 0 
-1.71138 -0.546742 -1.69711 0.688707 1 
-1.87024 -0.605503 -1.84083 0.788659 2 
-2.07908 -0.682746 -2.0254 0.917028 3 
-2.36586 -0.78882 -2.27115 1.08794 4 
-2.78424 -0.943572 -2.61452 1.32675 5 
-3.4518 -1.19048 -3.12809 1.68394 6 
-4.68548 -1.6468 -3.98015 2.27653 7 
-7.73571 -2.77501 -5.66977 3.45163 8 
-27.8129 -10.2011 -10.6255 6.89829 9 
0.21038 -0.178083 0.153208 0.354755 20 
0.250415 -0.181472 0.188918 0.378837 21 
0.294947 -0.185241 0.228492 0.405526 22 
0.34478 -0.189458 0.272595 0.435268 23 
0.400919 -0.19421 0.32205 0.46862 24 
0.464642 -0.199603 0.377894 0.506281 25 
0.537598 -0.205778 0.441452 0.549144 26 
0.621951 -0.212917 0.51444 0.598366 27 
0.720596 -0.221266 0.599124 0.655477 28 
0.837503 -0.231161 0.698562 0.722537 29 
0.97826 -0.243074 0.816977 0.802395 30 
1.15099 -0.257694 0.960374 0.899101 31 
1.368 -0.27606 1.13759 1.01861 32 
1.64879 -0.299826 1.36219 1.17008 33 
2.02636 -0.331781 1.65612 1.3683 34 
2.56112 -0.377042 2.05732 1.63887 35 
3.37707 -0.446101 2.63762 2.03022 36 
4.77509 -0.564425 3.55145 2.6465 37 
7.7234 -0.81396 5.20224 3.75978 38 
18.0096 -1.68455 9.08395 6.37757 39 
-1.58647 -0.50054 -1.58204 0.608676 40 
-1.39744 -0.466619 -1.40533 0.582818 41 
-1.2283 -0.436264 -1.24606 0.559512 42 
-1.07604 -0.408941 -1.10179 0.5384 43 
-0.938273 -0.384217 -0.970479 0.519186 44 
-0.813015 -0.361739 -0.850464 0.501624 45 
-0.698639 -0.341213 -0.740345 0.48551 46 
-0.593786 -0.322396 -0.638948 0.470672 47 
-0.497312 -0.305084 -0.545276 0.456965 48 
-0.408254 -0.289101 -0.458478 0.444264 49 
-0.325787 -0.274302 -0.377824 0.432461 50 
-0.249205 -0.260559 -0.302684 0.421466 51 
-0.177901 -0.247763 -0.232512 0.411198 52 
-0.111347 -0.235819 -0.16683 0.401586 53 
-0.0490835 -0.224646 -0.105222 0.392571 54 
0.00929124 -0.21417 -0.0473185 0.384098 55 
0.0641305 -0.204329 0.00720382 0.37612 56 
0.115746 -0.195066 0.0586329 0.368594 57 
0.164414 -0.186332 0.107225 0.361484 58 
0.21038 -0.178083 0.153208 0.354755 59 
53.0728 -5.57299 13.377 10.0813 78 
18.0096 -1.68455 9.08395 6.37757 79 
