-4 3.57895 2 1 68.2946 13.0466 
-4 4 2 1 19.1548 3.62158 
4 -4 2 1 -1.8586 0.238359 
4 -3.57895 2 1 -1.61045 0.239729 
4 -3.15789 2 1 -1.39538 0.240916 
4 -2.73684 2 1 -1.2072 0.241956 
4 -2.31579 2 1 -1.04116 0.242872 
4 -1.89474 2 1 -0.893562 0.243687 
4 -1.47368 2 1 -0.761505 0.244417 
4 -1.05263 2 1 -0.642654 0.245073 
4 -0.631579 2 1 -0.535122 0.245667 
4 -0.210526 2 1 -0.437365 0.246206 
4 0.210526 2 1 -0.34811 0.246699 
4 0.631579 2 1 -0.266292 0.247151 
4 1.05263 2 1 -0.19102 0.247567 
4 1.47368 2 1 -0.121537 0.24795 
4 1.89474 2 1 -0.0572022 0.248306 
4 2.31579 2 1 0.00253758 0.248636 
4 2.73684 2 1 0.0581574 0.248943 
4 3.15789 2 1 0.110069 0.249229 
4 3.57895 2 1 0.158632 0.249497 
4 4 2 1 0.204159 0.249749 
0.631579 -4 2 1 -163.67 18.4775 
1.05263 -4 2 1 -9.93511 1.14873 
1.47368 -4 2 1 -5.42158 0.639973 
1.89474 -4 2 1 -3.8576 0.463683 
2.31579 -4 2 1 -3.06395 0.374224 
2.73684 -4 2 1 -2.58397 0.320122 
3.15789 -4 2 1 -2.26239 0.283873 
3.57895 -4 2 1 -2.0319 0.257893 
4 -4 2 1 -1.8586 0.238359 
-4 4 2 1 19.1548 3.62158 
-3.57895 4 2 1 8.40741 1.70932 
-3.15789 4 2 1 5.22498 1.14309 
-2.73684 4 2 1 3.69948 0.871659 
-2.31579 4 2 1 2.80417 0.71236 
-1.89474 4 2 1 2.21541 0.607603 
-1.47368 4 2 1 1.79876 0.533471 
-1.05263 4 2 1 1.48839 0.478247 
-0.631579 4 2 1 1.24822 0.435515 
-0.210526 4 2 1 1.05686 0.401467 
0.210526 4 2 1 0.900803 0.3737 
0.631579 4 2 1 0.771103 0.350623 
1.05263 4 2 1 0.661604 0.33114 
1.47368 4 2 1 0.567927 0.314473 
1.89474 4 2 1 0.486874 0.300051 
2.31579 4 2 1 0.416054 0.28745 
2.73684 4 2 1 0.353644 0.276346 
3.15789 4 2 1 0.29823 0.266486 
3.57895 4 2 1 0.248698 0.257674 
4 4 2 1 0.204159 0.249749 
4 -4 6 1 -2.44479 2.02787 
4 -3.57895 6 1 -2.08851 1.87253 
4 -3.15789 6 1 -1.78971 1.74225 
4 -2.73684 6 1 -1.53552 1.63142 
4 -2.31579 6 1 -1.31664 1.53599 
4 -1.89474 6 1 -1.1262 1.45296 
4 -1.47368 6 1 -0.958987 1.38005 
4 -1.05263 6 1 -0.810997 1.31552 
4 -0.631579 6 1 -0.679096 1.25801 
4 -0.210526 6 1 -0.560795 1.20643 
4 0.210526 6 1 -0.454095 1.15991 
4 0.631579 6 1 -0.357368 1.11774 
4 1.05263 6 1 -0.269279 1.07933 
4 1.47368 6 1 -0.188721 1.0442 
4 1.89474 6 1 -0.114766 1.01196 
4 2.31579 6 1 -0.0466354 0.982253 
4 2.73684 6 1 0.016333 0.954798 
4 3.15789 6 1 0.0747046 0.929348 
4 3.57895 6 1 0.128965 0.905689 
4 4 6 1 0.179534 0.883641 
1.47368 -4 6 1 -26.7794 27.9446 
1.89474 -4 6 1 -8.70169 8.69157 
2.31579 -4 6 1 -5.40409 5.17957 
2.73684 -4 6 1 -4.02023 3.70574 
3.15789 -4 6 1 -3.25886 2.89487 
3.57895 -4 6 1 -2.77709 2.38178 
4 -4 6 1 -2.44479 2.02787 
-3.57895 4 6 1 64.7454 62.9649 
-3.15789 4 6 1 11.4643 11.7341 
-2.73684 4 6 1 6.03147 6.51039 
-2.31579 4 6 1 3.96568 4.52409 
-1.89474 4 6 1 2.8773 3.47759 
-1.47368 4 6 1 2.20535 2.8315 
-1.05263 4 6 1 1.74922 2.39292 
-0.631579 4 6 1 1.41932 2.07572 
-0.210526 4 6 1 1.16961 1.83562 
0.210526 4 6 1 0.974035 1.64757 
0.631579 4 6 1 0.816703 1.49629 
1.05263 4 6 1 0.687398 1.37196 
1.47368 4 6 1 0.579244 1.26797 
1.89474 4 6 1 0.487443 1.1797 
2.31579 4 6 1 0.408547 1.10384 
2.73684 4 6 1 0.340014 1.03795 
3.15789 4 6 1 0.279927 0.980171 
3.57895 4 6 1 0.226817 0.929104 
4 4 6 1 0.179534 0.883641 
