-4 -4 2 1 -11.5538 -0.747881 
-4 -3.57895 2 1 -20.078 -1.25478 
-4 -3.15789 2 1 -126.048 -7.5563 
4 -4 2 1 -0.192807 -0.251026 
4 -3.57895 2 1 -0.14762 -0.254342 
4 -3.15789 2 1 -0.0992905 -0.257889 
4 -2.73684 2 1 -0.0474812 -0.26169 
4 -2.31579 2 1 0.00819856 -0.265776 
4 -1.89474 2 1 0.0681992 -0.270179 
4 -1.47368 2 1 0.133044 -0.274938 
4 -1.05263 2 1 0.203345 -0.280096 
4 -0.631579 2 1 0.279819 -0.285708 
4 -0.210526 2 1 0.363319 -0.291835 
4 0.210526 2 1 0.454858 -0.298553 
4 0.631579 2 1 0.555657 -0.305949 
4 1.05263 2 1 0.667194 -0.314134 
4 1.47368 2 1 0.791284 -0.32324 
4 1.89474 2 1 0.930171 -0.333432 
4 2.31579 2 1 1.08667 -0.344916 
4 2.73684 2 1 1.26436 -0.357955 
4 3.15789 2 1 1.46785 -0.372887 
4 3.57895 2 1 1.7032 -0.390158 
4 4 2 1 1.97854 -0.410363 
-4 -4 2 1 -11.5538 -0.747881 
-3.57895 -4 2 1 -6.55384 -0.529217 
-3.15789 -4 2 1 -4.45659 -0.437497 
-2.73684 -4 2 1 -3.30298 -0.387045 
-2.31579 -4 2 1 -2.5731 -0.355125 
-1.89474 -4 2 1 -2.06972 -0.33311 
-1.47368 -4 2 1 -1.70156 -0.317009 
-1.05263 -4 2 1 -1.42059 -0.304721 
-0.631579 -4 2 1 -1.19911 -0.295036 
-0.210526 -4 2 1 -1.02005 -0.287204 
0.210526 -4 2 1 -0.872271 -0.280742 
0.631579 -4 2 1 -0.748244 -0.275317 
1.05263 -4 2 1 -0.642667 -0.2707 
1.47368 -4 2 1 -0.551707 -0.266722 
1.89474 -4 2 1 -0.472526 -0.263259 
2.31579 -4 2 1 -0.402975 -0.260218 
2.73684 -4 2 1 -0.341398 -0.257525 
3.15789 -4 2 1 -0.286497 -0.255124 
3.57895 -4 2 1 -0.237243 -0.252969 
4 -4 2 1 -0.192807 -0.251026 
1.05263 4 2 1 13.119 -2.0902 
1.47368 4 2 1 6.28492 -1.05971 
1.89474 4 2 1 4.29527 -0.759697 
2.31579 4 2 1 3.34693 -0.616698 
2.73684 4 2 1 2.79197 -0.533018 
3.15789 4 2 1 2.42767 -0.478086 
3.57895 4 2 1 2.17019 -0.43926 
4 4 2 1 1.97854 -0.410363 
-4 -4 6 1 -4.46943 2.81586 
-4 -3.57895 6 1 -5.11845 3.47305 
-4 -3.15789 6 1 -6.13659 4.504 
-4 -2.73684 6 1 -7.96391 6.35431 
-4 -2.31579 6 1 -12.2012 10.6449 
-4 -1.89474 6 1 -32.846 31.5495 
4 -4 6 1 -0.160048 0.276595 
4 -3.57895 6 1 -0.118431 0.289548 
4 -3.15789 6 1 -0.0742215 0.303306 
4 -2.73684 6 1 -0.0271706 0.31795 
4 -2.31579 6 1 0.0230052 0.333566 
4 -1.89474 6 1 0.0766278 0.350254 
4 -1.47368 6 1 0.134065 0.36813 
4 -1.05263 6 1 0.195739 0.387325 
4 -0.631579 6 1 0.262137 0.407989 
4 -0.210526 6 1 0.333822 0.4303 
4 0.210526 6 1 0.411453 0.45446 
4 0.631579 6 1 0.495802 0.480712 
4 1.05263 6 1 0.587778 0.509337 
4 1.47368 6 1 0.688468 0.540674 
4 1.89474 6 1 0.799169 0.575127 
4 2.31579 6 1 0.921454 0.613185 
4 2.73684 6 1 1.05724 0.655445 
4 3.15789 6 1 1.2089 0.702644 
4 3.57895 6 1 1.37938 0.755701 
4 4 6 1 1.57241 0.81578 
-4 -4 6 1 -4.46943 2.81586 
-3.57895 -4 6 1 -3.3675 2.16656 
-3.15789 -4 6 1 -2.65459 1.74648 
-2.73684 -4 6 1 -2.1556 1.45246 
-2.31579 -4 6 1 -1.78681 1.23515 
-1.89474 -4 6 1 -1.50314 1.068 
-1.47368 -4 6 1 -1.27817 0.935439 
-1.05263 -4 6 1 -1.09539 0.827735 
-0.631579 -4 6 1 -0.943941 0.738498 
-0.210526 -4 6 1 -0.816411 0.663352 
0.210526 -4 6 1 -0.707546 0.599204 
0.631579 -4 6 1 -0.613528 0.543804 
1.05263 -4 6 1 -0.531513 0.495478 
1.47368 -4 6 1 -0.459341 0.452951 
1.89474 -4 6 1 -0.39534 0.415239 
2.31579 -4 6 1 -0.338197 0.381568 
2.73684 -4 6 1 -0.286865 0.351321 
3.15789 -4 6 1 -0.240501 0.324002 
3.57895 -4 6 1 -0.198418 0.299204 
4 -4 6 1 -0.160048 0.276595 
-0.210526 4 6 1 218.444 248.456 
0.210526 4 6 1 9.35935 9.70746 
0.631579 4 6 1 5.10371 4.84807 
1.05263 4 6 1 3.64641 3.18402 
1.47368 4 6 1 2.91027 2.34344 
1.89474 4 6 1 2.46615 1.83632 
2.31579 4 6 1 2.16906 1.49707 
2.73684 4 6 1 1.95635 1.25418 
3.15789 4 6 1 1.79654 1.0717 
3.57895 4 6 1 1.67208 0.929589 
4 4 6 1 1.57241 0.81578 
