-1.78028 0.329885 -2.35936 2.10138 20 
-1.54963 0.325738 -2.02505 1.95176 21 
-1.34734 0.322101 -1.74116 1.82471 22 
-1.16849 0.318885 -1.49707 1.71547 23 
-1.00922 0.316021 -1.28497 1.62054 24 
-0.866493 0.313455 -1.09896 1.53729 25 
-0.737851 0.311142 -0.934488 1.46368 26 
-0.621308 0.309046 -0.788032 1.39813 27 
-0.515234 0.307139 -0.656782 1.33939 28 
-0.41828 0.305396 -0.538486 1.28645 29 
-0.329317 0.303796 -0.431318 1.23848 30 
-0.247398 0.302323 -0.333776 1.19483 31 
-0.171717 0.300962 -0.244621 1.15492 32 
-0.101587 0.299701 -0.162815 1.11831 33 
-0.0364201 0.29853 -0.0874845 1.0846 34 
0.0242931 0.297438 -0.017891 1.05345 35 
0.0809939 0.296419 0.0465971 1.02459 36 
0.134067 0.295464 0.106522 0.997769 37 
0.183851 0.294569 0.162351 0.972783 38 
0.230641 0.293728 0.214491 0.949447 39 
-4.96666 0.889817 -23.4282 25.7225 53 
-3.61486 0.652269 -8.23491 8.68869 54 
-2.90141 0.526897 -5.18185 5.26579 55 
-2.46051 0.44942 -3.87192 3.79718 56 
-2.16104 0.396795 -3.1438 2.98085 57 
-1.94435 0.358716 -2.6803 2.46121 58 
-1.78028 0.329885 -2.35936 2.10138 59 
6.58154 1.62306 29.2463 30.7168 62 
4.34312 1.15453 8.98809 9.94535 63 
3.16927 0.908825 5.11367 5.97276 64 
2.44645 0.757528 3.47044 4.28789 65 
1.9566 0.654995 2.56195 3.35638 66 
1.60272 0.580923 1.98545 2.76528 67 
1.33509 0.524906 1.58707 2.35681 68 
1.12562 0.481059 1.29532 2.05766 69 
0.957191 0.445805 1.07243 1.82912 70 
0.818828 0.416844 0.896599 1.64884 71 
0.703137 0.392628 0.754346 1.50298 72 
0.604968 0.37208 0.636891 1.38255 73 
0.520621 0.354425 0.53827 1.28143 74 
0.447368 0.339092 0.454289 1.19532 75 
0.383156 0.325651 0.381913 1.12111 76 
0.326408 0.313773 0.318892 1.05649 77 
0.275895 0.3032 0.263522 0.999722 78 
0.230641 0.293728 0.214491 0.949447 79 
