-4 -4 2 1 -1.78566 -0.477103 
-4 -3.57895 2 1 -1.93658 -0.51943 
-4 -3.15789 2 1 -2.13203 -0.574249 
-4 -2.73684 2 1 -2.39516 -0.648048 
-4 -2.31579 2 1 -2.76846 -0.752746 
-4 -1.89474 2 1 -3.33944 -0.912888 
-4 -1.47368 2 1 -4.32169 -1.18838 
-4 -1.05263 2 1 -6.40964 -1.77398 
-4 -0.631579 2 1 -13.874 -3.86751 
4 -4 2 1 0.166978 -0.174839 
4 -3.57895 2 1 0.20681 -0.176214 
4 -3.15789 2 1 0.250935 -0.177738 
4 -2.73684 2 1 0.300087 -0.179435 
4 -2.31579 2 1 0.355176 -0.181338 
4 -1.89474 2 1 0.417347 -0.183485 
4 -1.47368 2 1 0.48806 -0.185926 
4 -1.05263 2 1 0.569205 -0.188729 
4 -0.631579 2 1 0.663273 -0.191977 
4 -0.210526 2 1 0.773621 -0.195788 
4 0.210526 2 1 0.904873 -0.20032 
4 0.631579 2 1 1.06359 -0.205801 
4 1.05263 2 1 1.25941 -0.212563 
4 1.47368 2 1 1.50704 -0.221115 
4 1.89474 2 1 1.83021 -0.232274 
4 2.31579 2 1 2.26969 -0.247451 
4 2.73684 2 1 2.90204 -0.269287 
4 3.15789 2 1 3.88993 -0.303401 
4 3.57895 2 1 5.65046 -0.364197 
4 4 2 1 9.6722 -0.503078 
-4 -4 2 1 -1.78566 -0.477103 
-3.57895 -4 2 1 -1.56083 -0.4423 
-3.15789 -4 2 1 -1.36383 -0.411805 
-2.73684 -4 2 1 -1.1898 -0.384866 
-2.31579 -4 2 1 -1.03494 -0.360894 
-1.89474 -4 2 1 -0.896252 -0.339425 
-1.47368 -4 2 1 -0.771324 -0.320086 
-1.05263 -4 2 1 -0.658206 -0.302575 
-0.631579 -4 2 1 -0.555299 -0.286646 
-0.210526 -4 2 1 -0.461281 -0.272092 
0.210526 -4 2 1 -0.375047 -0.258743 
0.631579 -4 2 1 -0.295669 -0.246455 
1.05263 -4 2 1 -0.222361 -0.235107 
1.47368 -4 2 1 -0.154452 -0.224595 
1.89474 -4 2 1 -0.0913666 -0.21483 
2.31579 -4 2 1 -0.032609 -0.205734 
2.73684 -4 2 1 0.0222517 -0.197242 
3.15789 -4 2 1 0.0735905 -0.189295 
3.57895 -4 2 1 0.121736 -0.181842 
4 -4 2 1 0.166978 -0.174839 
3.15789 4 2 1 41.1532 -2.66726 
3.57895 4 2 1 14.9985 -0.869238 
4 4 2 1 9.6722 -0.503078 
-4 -4 6 1 -1.69678 0.70748 
-4 -3.57895 6 1 -1.81978 0.804478 
-4 -3.15789 6 1 -1.97425 0.926287 
-4 -2.73684 6 1 -2.17402 1.08382 
-4 -2.31579 6 1 -2.44245 1.2955 
-4 -1.89474 6 1 -2.82229 1.59504 
-4 -1.47368 6 1 -3.40106 2.05144 
-4 -1.05263 6 1 -4.39045 2.83166 
-4 -0.631579 6 1 -6.46772 4.46976 
-4 -0.210526 6 1 -13.6181 10.1084 
4 -4 6 1 0.113161 0.349079 
4 -3.57895 6 1 0.148365 0.373207 
4 -3.15789 6 1 0.187162 0.399797 
4 -2.73684 6 1 0.230131 0.429246 
4 -2.31579 6 1 0.277983 0.462042 
4 -1.89474 6 1 0.3316 0.498789 
4 -1.47368 6 1 0.392091 0.540247 
4 -1.05263 6 1 0.46087 0.587385 
4 -0.631579 6 1 0.539763 0.641455 
4 -0.210526 6 1 0.631179 0.704109 
4 0.210526 6 1 0.738358 0.777565 
4 0.631579 6 1 0.865761 0.864881 
4 1.05263 6 1 1.01971 0.97039 
4 1.47368 6 1 1.20946 1.10044 
4 1.89474 6 1 1.44915 1.26471 
4 2.31579 6 1 1.76147 1.47877 
4 2.73684 6 1 2.18536 1.76928 
4 3.15789 6 1 2.79357 2.18612 
4 3.57895 6 1 3.73973 2.83458 
4 4 6 1 5.41387 3.98198 
-4 -4 6 1 -1.69678 0.70748 
-3.57895 -4 6 1 -1.49968 0.66845 
-3.15789 -4 6 1 -1.32467 0.633796 
-2.73684 -4 6 1 -1.16825 0.602822 
-2.31579 -4 6 1 -1.0276 0.574971 
-1.89474 -4 6 1 -0.900453 0.549793 
-1.47368 -4 6 1 -0.784949 0.526921 
-1.05263 -4 6 1 -0.679561 0.506052 
-0.631579 -4 6 1 -0.583016 0.486935 
-0.210526 -4 6 1 -0.494244 0.469356 
0.210526 -4 6 1 -0.412345 0.453139 
0.631579 -4 6 1 -0.33655 0.43813 
1.05263 -4 6 1 -0.2662 0.424199 
1.47368 -4 6 1 -0.200729 0.411235 
1.89474 -4 6 1 -0.139647 0.39914 
2.31579 -4 6 1 -0.0825267 0.387829 
2.73684 -4 6 1 -0.0289948 0.377229 
3.15789 -4 6 1 0.0212766 0.367274 
3.57895 -4 6 1 0.0685766 0.357908 
4 -4 6 1 0.113161 0.349079 
2.31579 4 6 1 84.2506 85.7185 
2.73684 4 6 1 14.9546 13.8736 
3.15789 4 6 1 8.87321 7.56856 
3.57895 4 6 1 6.60173 5.21353 
4 4 6 1 5.41387 3.98198 
