-4 -4 2 1 22.7563 -6.13824 
-4 -3.57895 2 1 8.2035 -2.18707 
-4 -3.15789 2 1 4.8605 -1.27943 
-4 -2.73684 2 1 3.37656 -0.876532 
-4 -2.31579 2 1 2.53831 -0.648944 
-4 -1.89474 2 1 1.99963 -0.502688 
-4 -1.47368 2 1 1.62427 -0.400777 
-4 -1.05263 2 1 1.34774 -0.325696 
-4 -0.631579 2 1 1.13554 -0.268084 
-4 -0.210526 2 1 0.967566 -0.222479 
-4 0.210526 2 1 0.831297 -0.185481 
-4 0.631579 2 1 0.71853 -0.154864 
-4 1.05263 2 1 0.623667 -0.129108 
-4 1.47368 2 1 0.542759 -0.107141 
-4 1.89474 2 1 0.472936 -0.088184 
-4 2.31579 2 1 0.412067 -0.0716578 
-4 2.73684 2 1 0.358534 -0.0571232 
-4 3.15789 2 1 0.311085 -0.0442405 
-4 3.57895 2 1 0.268739 -0.0327434 
-4 4 2 1 0.230714 -0.0224196 
4 -0.210526 2 1 -24.1515 -4.68563 
4 0.210526 2 1 -7.37013 -1.24417 
4 0.631579 2 1 -4.51061 -0.657754 
4 1.05263 2 1 -3.32783 -0.415195 
4 1.47368 2 1 -2.68136 -0.28262 
4 1.89474 2 1 -2.27385 -0.199049 
4 2.31579 2 1 -1.99347 -0.14155 
4 2.73684 2 1 -1.78876 -0.0995684 
4 3.15789 2 1 -1.63273 -0.0675697 
4 3.57895 2 1 -1.50986 -0.0423715 
4 4 2 1 -1.41059 -0.022014 
-4 -4 2 1 22.7563 -6.13824 
-3.57895 -4 2 1 111.182 -32.3054 
-4 4 2 1 0.230714 -0.0224196 
-3.57895 4 2 1 0.183661 -0.022408 
-3.15789 4 2 1 0.134166 -0.0223957 
-2.73684 4 2 1 0.0820327 -0.0223828 
-2.31579 4 2 1 0.0270458 -0.0223693 
-1.89474 4 2 1 -0.0310359 -0.0223549 
-1.47368 4 2 1 -0.0924813 -0.0223397 
-1.05263 4 2 1 -0.157591 -0.0223236 
-0.631579 4 2 1 -0.226704 -0.0223066 
-0.210526 4 2 1 -0.3002 -0.0222884 
0.210526 4 2 1 -0.37851 -0.0222691 
0.631579 4 2 1 -0.462123 -0.0222484 
1.05263 4 2 1 -0.551597 -0.0222263 
1.47368 4 2 1 -0.647569 -0.0222026 
1.89474 4 2 1 -0.750776 -0.0221771 
2.31579 4 2 1 -0.862066 -0.0221496 
2.73684 4 2 1 -0.982429 -0.0221198 
3.15789 4 2 1 -1.11302 -0.0220876 
3.57895 4 2 1 -1.2552 -0.0220524 
4 4 2 1 -1.41059 -0.022014 
-4 -3.57895 6 1 73.8744 37.4072 
-4 -3.15789 6 1 11.2872 6.06124 
-4 -2.73684 6 1 5.9107 3.36846 
-4 -2.31579 6 1 3.90719 2.36503 
-4 -1.89474 6 1 2.86048 1.8408 
-4 -1.47368 6 1 2.21728 1.51866 
-4 -1.05263 6 1 1.78197 1.30064 
-4 -0.631579 6 1 1.46778 1.14328 
-4 -0.210526 6 1 1.23034 1.02436 
-4 0.210526 6 1 1.04458 0.931329 
-4 0.631579 6 1 0.895287 0.856558 
-4 1.05263 6 1 0.772683 0.795153 
-4 1.47368 6 1 0.670198 0.743825 
-4 1.89474 6 1 0.583255 0.700281 
-4 2.31579 6 1 0.508568 0.662875 
-4 2.73684 6 1 0.443716 0.630395 
-4 3.15789 6 1 0.386876 0.601927 
-4 3.57895 6 1 0.336651 0.576772 
-4 4 6 1 0.291948 0.554383 
4 0.210526 6 1 -4155.64 3791.57 
4 0.631579 6 1 -10.0621 8.91612 
4 1.05263 6 1 -5.2748 4.54789 
4 1.47368 6 1 -3.67657 3.08957 
4 1.89474 6 1 -2.87699 2.35999 
4 2.31579 6 1 -2.39709 1.92211 
4 2.73684 6 1 -2.0771 1.63013 
4 3.15789 6 1 -1.8485 1.42155 
4 3.57895 6 1 -1.67704 1.2651 
4 4 6 1 -1.54367 1.1434 
-4 4 6 1 0.291948 0.554383 
-3.57895 4 6 1 0.242823 0.570147 
-3.15789 4 6 1 0.190941 0.586795 
-2.73684 4 6 1 0.13606 0.604405 
-2.31579 4 6 1 0.0779158 0.623063 
-1.89474 4 6 1 0.0162063 0.642864 
-1.47368 4 6 1 -0.0494064 0.663918 
-1.05263 4 6 1 -0.119305 0.686347 
-0.631579 4 6 1 -0.193922 0.710291 
-0.210526 4 6 1 -0.273754 0.735908 
0.210526 4 6 1 -0.359367 0.763379 
0.631579 4 6 1 -0.451411 0.792915 
1.05263 4 6 1 -0.550641 0.824756 
1.47368 4 6 1 -0.657931 0.859183 
1.89474 4 6 1 -0.774306 0.896526 
2.31579 4 6 1 -0.900969 0.93717 
2.73684 4 6 1 -1.03935 0.981574 
3.15789 4 6 1 -1.19115 1.03029 
3.57895 4 6 1 -1.35843 1.08396 
4 4 6 1 -1.54367 1.1434 
