1.16006 0.0950193 1.03126 1.00363 0 
1.03448 0.0821296 0.91337 0.965693 1 
0.915963 0.0699657 0.801912 0.929823 2 
0.80394 0.0584681 0.696372 0.895857 3 
0.69789 0.0475835 0.59629 0.863647 4 
0.597347 0.0372641 0.501252 0.833062 5 
0.501893 0.0274671 0.410888 0.80398 6 
0.411152 0.0181537 0.32486 0.776293 7 
0.324782 0.00928901 0.242864 0.749905 8 
0.242475 0.000841358 0.164623 0.724724 9 
0.163952 -0.00721801 0.0898844 0.700671 10 
0.0889562 -0.0149153 0.0184186 0.677671 11 
0.0172564 -0.0222743 -0.049985 0.655657 12 
-0.0513605 -0.0293169 -0.115519 0.634566 13 
-0.117089 -0.036063 -0.17836 0.614342 14 
-0.180108 -0.042531 -0.238671 0.594932 15 
-0.240581 -0.0487378 -0.296602 0.576288 16 
-0.29866 -0.0546988 -0.352291 0.558366 17 
-0.354484 -0.0604283 -0.405865 0.541124 18 
-0.408182 -0.0659397 -0.457443 0.524525 19 
1.16006 0.0950193 1.03126 1.00363 40 
1.24893 0.105611 1.10379 1.10593 41 
1.35871 0.118694 1.19269 1.2313 42 
1.49775 0.135266 1.30419 1.38856 43 
1.67957 0.156935 1.44816 1.59162 44 
1.92748 0.186481 1.64123 1.86391 45 
2.28553 0.229154 1.91366 2.24813 46 
2.84808 0.2962 2.32703 2.83112 47 
3.86036 0.416845 3.02888 3.82097 48 
6.22082 0.69817 4.48305 5.87185 49 
17.9911 2.10097 9.29623 12.6601 50 
-0.408182 -0.0659397 -0.457443 0.524525 60 
-0.455014 -0.0698425 -0.506312 0.558036 61 
-0.508327 -0.0742852 -0.561776 0.596071 62 
-0.569563 -0.0793883 -0.625267 0.639609 63 
-0.640633 -0.0853109 -0.698663 0.68994 64 
-0.72411 -0.0922674 -0.784478 0.748787 65 
-0.823555 -0.100555 -0.886156 0.818513 66 
-0.944034 -0.110595 -1.00854 0.902439 67 
-1.09301 -0.12301 -1.15868 1.0054 68 
-1.28195 -0.138755 -1.34722 1.13469 69 
-1.52943 -0.159378 -1.59105 1.30189 70 
-1.86762 -0.187561 -1.91868 1.52656 71 
-2.35763 -0.228396 -2.38226 1.84446 72 
-3.13124 -0.292864 -3.08858 2.32881 73 
-4.53493 -0.40984 -4.29587 3.15671 74 
-7.86731 -0.687542 -6.83005 4.89452 75 
-25.8285 -2.18433 -15.5473 10.8723 76 
