13.8115 -1.15199 8.81804 8.0991 13 
7.28661 -0.545337 5.50597 4.74879 14 
5.13419 -0.345217 4.14107 3.36814 15 
4.06217 -0.245546 3.39631 2.61479 16 
3.42029 -0.185867 2.92729 2.14035 17 
2.99292 -0.146133 2.6048 1.81413 18 
2.68793 -0.117777 2.36944 1.57606 19 
-3.75932 -0.963336 -3.68982 1.72125 20 
-2.90089 -0.774776 -2.90513 1.43352 21 
-2.31138 -0.645286 -2.35118 1.2304 22 
-1.88154 -0.550868 -1.93923 1.07934 23 
-1.55423 -0.478973 -1.62089 0.962613 24 
-1.29668 -0.4224 -1.36751 0.869701 25 
-1.08873 -0.376723 -1.16104 0.793993 26 
-0.917316 -0.33907 -0.989559 0.731115 27 
-0.773584 -0.307499 -0.84487 0.67806 28 
-0.65133 -0.280645 -0.721148 0.632693 29 
-0.546074 -0.257524 -0.614143 0.593456 30 
-0.454502 -0.23741 -0.520682 0.559186 31 
-0.374107 -0.219751 -0.438346 0.528995 32 
-0.302962 -0.204123 -0.36526 0.502195 33 
-0.239557 -0.190196 -0.299949 0.478247 34 
-0.182693 -0.177705 -0.241234 0.456717 35 
-0.131409 -0.16644 -0.188165 0.437258 36 
-0.0849207 -0.156229 -0.139964 0.419583 37 
-0.0425864 -0.14693 -0.0959903 0.403459 38 
-0.00387287 -0.138426 -0.055712 0.388689 39 
-168.006 -52.3405 -26.2429 18.3148 54 
-13.4275 -3.9876 -10.1889 6.50298 55 
-7.52338 -2.14075 -6.66234 3.9083 56 
-5.45381 -1.49338 -5.11532 2.77007 57 
-4.39887 -1.16339 -4.24637 2.13074 58 
-3.75932 -0.963336 -3.68982 1.72125 59 
2.68793 -0.117777 2.36944 1.57606 60 
2.26577 -0.121015 2.00187 1.39609 61 
1.92728 -0.123612 1.7038 1.25016 62 
1.64982 -0.12574 1.45724 1.12944 63 
1.41825 -0.127517 1.24989 1.02792 64 
1.22206 -0.129022 1.07309 0.941356 65 
1.05371 -0.130313 0.920547 0.866671 66 
0.907673 -0.131433 0.787593 0.801576 67 
0.779785 -0.132415 0.670681 0.744335 68 
0.666862 -0.133281 0.567072 0.693608 69 
0.566422 -0.134051 0.47462 0.648343 70 
0.476504 -0.134741 0.391612 0.607702 71 
0.395536 -0.135362 0.316674 0.571012 72 
0.322247 -0.135924 0.248682 0.537722 73 
0.255592 -0.136436 0.186713 0.507382 74 
0.19471 -0.136903 0.130002 0.479616 75 
0.138882 -0.137331 0.0779059 0.454109 76 
0.0875043 -0.137725 0.0298836 0.430598 77 
0.0400647 -0.138089 -0.0145246 0.408855 78 
-0.00387287 -0.138426 -0.055712 0.388689 79 
