-4.19741 0.237014 -2.69198 1.94578 0 
-4.90491 0.343293 -2.89843 2.2455 1 
-6.05064 0.515402 -3.17146 2.64189 2 
-8.2244 0.841939 -3.54948 3.19071 3 
-13.9357 1.69988 -4.10749 4.00083 4 
-69.5364 10.0521 -5.01416 5.31714 5 
-0.0911427 -0.11299 -0.0864983 0.377602 20 
-0.049429 -0.109267 -0.0488045 0.39748 21 
-0.00447081 -0.105255 -0.0084824 0.418743 22 
0.044126 -0.100918 0.0347527 0.441542 23 
0.0968216 -0.0962146 0.0812282 0.46605 24 
0.154157 -0.0910975 0.131323 0.492467 25 
0.216775 -0.085509 0.185476 0.521024 26 
0.285438 -0.0793808 0.244203 0.551992 27 
0.361069 -0.0726309 0.308107 0.585691 28 
0.444782 -0.0651596 0.377905 0.622498 29 
0.537949 -0.0568446 0.454452 0.662863 30 
0.642264 -0.0475346 0.538777 0.707331 31 
0.759858 -0.0370395 0.632128 0.756558 32 
0.893438 -0.0251177 0.736036 0.811352 33 
1.0465 -0.011457 0.852401 0.872715 34 
1.22364 0.00435283 0.983603 0.941902 35 
1.43104 0.0228624 1.13268 1.02051 36 
1.67715 0.0448276 1.30354 1.11061 37 
1.97394 0.0713161 1.50134 1.21492 38 
2.33887 0.103885 1.733 1.33708 39 
-4.19741 0.237014 -2.69198 1.94578 40 
-3.2634 0.157402 -2.24359 1.67591 41 
-2.6204 0.102596 -1.89562 1.46647 42 
-2.15075 0.0625641 -1.61774 1.29922 43 
-1.79268 0.0320427 -1.3907 1.16257 44 
-1.51063 0.00800218 -1.20172 1.04883 45 
-1.28273 -0.0114235 -1.04197 0.952681 46 
-1.09474 -0.0274468 -0.905163 0.870337 47 
-0.93703 -0.0408896 -0.786677 0.799024 48 
-0.802825 -0.0523288 -0.683068 0.736663 49 
-0.687235 -0.0621813 -0.591698 0.68167 50 
-0.586638 -0.0707559 -0.510519 0.63281 51 
-0.498295 -0.0782859 -0.437917 0.589113 52 
-0.420095 -0.0849514 -0.372601 0.549801 53 
-0.350387 -0.0908931 -0.313526 0.514245 54 
-0.287858 -0.0962229 -0.259839 0.481932 55 
-0.231453 -0.101031 -0.210834 0.452437 56 
-0.180316 -0.105389 -0.165925 0.425407 57 
-0.133741 -0.109359 -0.124619 0.400546 58 
-0.0911427 -0.11299 -0.0864983 0.377602 59 
30.8199 5.86328 3.84995 5.06725 72 
8.83424 1.41737 3.07914 3.70904 73 
5.46057 0.73515 2.62462 2.90816 74 
4.09352 0.458709 2.32486 2.37997 75 
3.3532 0.309002 2.11232 2.00546 76 
2.88899 0.21513 1.95376 1.72608 77 
2.5707 0.150765 1.83094 1.50966 78 
2.33887 0.103885 1.733 1.33708 79 
