93.4675 -12.235 7.10913 5.71223 5 
8.6826 -1.26403 4.20024 3.31312 6 
4.55775 -0.730285 2.9825 2.30878 7 
3.09214 -0.540638 2.31327 1.75684 8 
2.34106 -0.44345 1.89007 1.4078 9 
1.88439 -0.384358 1.5983 1.16717 10 
1.5774 -0.344633 1.38496 0.991213 11 
1.35685 -0.316095 1.22217 0.856955 12 
1.19075 -0.294601 1.09387 0.75114 13 
1.06114 -0.27783 0.990153 0.665597 14 
0.957189 -0.26438 0.904565 0.595008 15 
0.871966 -0.253352 0.832738 0.535768 16 
0.800826 -0.244147 0.771598 0.485344 17 
0.740546 -0.236346 0.718927 0.441903 18 
0.688815 -0.229652 0.673078 0.404089 19 
-19.175 0.12615 -4.84551 5.19195 25 
-6.38223 -0.0526103 -3.13403 3.31225 26 
-3.82468 -0.0883484 -2.3145 2.41216 27 
-2.72869 -0.103663 -1.83379 1.88419 28 
-2.11983 -0.112171 -1.51777 1.53711 29 
-1.73239 -0.117585 -1.29418 1.29155 30 
-1.46416 -0.121333 -1.12765 1.10865 31 
-1.26747 -0.124082 -0.99881 0.967142 32 
-1.11705 -0.126184 -0.89616 0.854402 33 
-0.998304 -0.127843 -0.812454 0.762468 34 
-0.902176 -0.129186 -0.74289 0.686066 35 
-0.822766 -0.130296 -0.684163 0.621567 36 
-0.756062 -0.131228 -0.633925 0.566391 37 
-0.69924 -0.132022 -0.590458 0.518651 38 
-0.650256 -0.132706 -0.552481 0.476941 39 
0.688815 -0.229652 0.673078 0.404089 60 
0.616458 -0.224414 0.607004 0.408017 61 
0.544316 -0.219191 0.541109 0.411934 62 
0.472386 -0.213983 0.475391 0.41584 63 
0.400669 -0.208791 0.409851 0.419736 64 
0.329163 -0.203614 0.344486 0.423622 65 
0.257867 -0.198453 0.279298 0.427497 66 
0.186781 -0.193306 0.214284 0.431361 67 
0.115903 -0.188175 0.149445 0.435216 68 
0.0452326 -0.183058 0.0847796 0.43906 69 
-0.0252313 -0.177957 0.0202869 0.442893 70 
-0.0954894 -0.17287 -0.0440336 0.446717 71 
-0.165543 -0.167799 -0.108183 0.45053 72 
-0.235392 -0.162742 -0.172161 0.454333 73 
-0.305039 -0.157699 -0.235969 0.458126 74 
-0.374483 -0.152672 -0.299608 0.461909 75 
-0.443726 -0.147659 -0.363077 0.465682 76 
-0.512769 -0.14266 -0.426379 0.469445 77 
-0.581612 -0.137676 -0.489513 0.473198 78 
-0.650256 -0.132706 -0.552481 0.476941 79 
