0.497909 -0.208618 0.416368 0.383426 0 
0.440413 -0.214279 0.362482 0.387309 1 
0.380961 -0.220132 0.30692 0.391313 2 
0.319453 -0.226187 0.249603 0.395443 3 
0.255778 -0.232456 0.190447 0.399706 4 
0.18982 -0.23895 0.12936 0.404107 5 
0.121455 -0.24568 0.0662482 0.408655 6 
0.0505477 -0.252661 0.00100792 0.413356 7 
-0.0230456 -0.259906 -0.0664701 0.418218 8 
-0.0994808 -0.267432 -0.136303 0.42325 9 
-0.178926 -0.275253 -0.208616 0.428461 10 
-0.261562 -0.283388 -0.283544 0.43386 11 
-0.347585 -0.291857 -0.361231 0.439458 12 
-0.437208 -0.300681 -0.441833 0.445266 13 
-0.530662 -0.309881 -0.525516 0.451296 14 
-0.628198 -0.319484 -0.612461 0.457561 15 
-0.730088 -0.329515 -0.702862 0.464076 16 
-0.836632 -0.340004 -0.796931 0.470854 17 
-0.948156 -0.350984 -0.894893 0.477913 18 
-1.06502 -0.362489 -0.996997 0.48527 19 
0.497909 -0.208618 0.416368 0.383426 40 
0.549018 -0.211798 0.45787 0.417471 41 
0.607639 -0.215444 0.504897 0.456048 42 
0.675558 -0.219669 0.558629 0.500126 43 
0.755179 -0.224622 0.620612 0.550972 44 
0.84981 -0.230509 0.692903 0.610274 45 
0.964137 -0.237621 0.778308 0.680333 46 
1.10503 -0.246385 0.880749 0.764368 47 
1.28295 -0.257453 1.00589 0.867025 48 
1.51472 -0.27187 1.16222 0.995263 49 
1.82913 -0.291428 1.36305 1.16001 50 
2.27998 -0.319474 1.63053 1.37943 51 
2.9807 -0.363063 2.00447 1.68618 52 
4.21864 -0.44007 2.56418 2.14532 53 
6.9956 -0.612813 3.49387 2.90797 54 
18.8964 -1.35311 5.34148 4.4236 55 
-1.06502 -0.362489 -0.996997 0.48527 60 
-1.14891 -0.383075 -1.06412 0.543351 61 
-1.25202 -0.408378 -1.14448 0.61288 62 
-1.3818 -0.440227 -1.2424 0.69761 63 
-1.55015 -0.481541 -1.36436 0.80314 64 
-1.77726 -0.537274 -1.52046 0.9382 65 
-2.10039 -0.61657 -1.72733 1.1172 66 
-2.59677 -0.738381 -2.01459 1.36576 67 
-3.45674 -0.949419 -2.44037 1.73417 68 
-5.31069 -1.40438 -3.13673 2.33671 69 
-12.2415 -3.10521 -4.48169 3.50045 70 
