4 -4 2 1 -0.828689 0.0341872 
4 -3.57895 2 1 -0.741839 0.0303041 
4 -3.15789 2 1 -0.656421 0.026485 
4 -2.73684 2 1 -0.572398 0.0227283 
4 -2.31579 2 1 -0.489738 0.0190325 
4 -1.89474 2 1 -0.408407 0.0153961 
4 -1.47368 2 1 -0.328373 0.0118178 
4 -1.05263 2 1 -0.249607 0.00829606 
4 -0.631579 2 1 -0.172077 0.00482965 
4 -0.210526 2 1 -0.095755 0.00141726 
4 0.210526 2 1 -0.0206131 -0.00194239 
4 0.631579 2 1 0.053376 -0.00525048 
4 1.05263 2 1 0.126239 -0.00850822 
4 1.47368 2 1 0.198 -0.0117167 
4 1.89474 2 1 0.268686 -0.0148771 
4 2.31579 2 1 0.338319 -0.0179905 
4 2.73684 2 1 0.406923 -0.0210578 
4 3.15789 2 1 0.474522 -0.0240802 
4 3.57895 2 1 0.541136 -0.0270585 
4 4 2 1 0.606787 -0.0299938 
-1.05263 -4 2 1 -16.9081 -2.84469 
-0.631579 -4 2 1 -6.03705 -0.898326 
-0.210526 -4 2 1 -3.70417 -0.480644 
0.210526 -4 2 1 -2.6869 -0.29851 
0.631579 -4 2 1 -2.11713 -0.196497 
1.05263 -4 2 1 -1.75281 -0.131269 
1.47368 -4 2 1 -1.4998 -0.085969 
1.89474 -4 2 1 -1.31384 -0.0526745 
2.31579 -4 2 1 -1.17139 -0.0271714 
2.73684 -4 2 1 -1.05879 -0.0070112 
3.15789 -4 2 1 -0.967547 0.00932585 
3.57895 -4 2 1 -0.892105 0.0228331 
4 -4 2 1 -0.828689 0.0341872 
-1.89474 4 2 1 18.7186 -5.05938 
-1.47368 4 2 1 6.52946 -1.67463 
-1.05263 4 2 1 3.92452 -0.951277 
-0.631579 4 2 1 2.7898 -0.636183 
-0.210526 4 2 1 2.15456 -0.459788 
0.210526 4 2 1 1.7485 -0.347031 
0.631579 4 2 1 1.46655 -0.268738 
1.05263 4 2 1 1.25936 -0.211203 
1.47368 4 2 1 1.10066 -0.167136 
1.89474 4 2 1 0.975225 -0.132304 
2.31579 4 2 1 0.873582 -0.104079 
2.73684 4 2 1 0.789549 -0.0807443 
3.15789 4 2 1 0.718915 -0.0611302 
3.57895 4 2 1 0.658711 -0.0444125 
4 4 2 1 0.606787 -0.0299938 
4 -4 6 1 -0.889633 0.903514 
4 -3.57895 6 1 -0.790354 0.890892 
4 -3.15789 6 1 -0.692934 0.878507 
4 -2.73684 6 1 -0.597318 0.866351 
4 -2.31579 6 1 -0.503459 0.854419 
4 -1.89474 6 1 -0.411307 0.842704 
4 -1.47368 6 1 -0.320818 0.8312 
4 -1.05263 6 1 -0.231945 0.819901 
4 -0.631579 6 1 -0.144647 0.808803 
4 -0.210526 6 1 -0.0588815 0.797899 
4 0.210526 6 1 0.0253912 0.787186 
4 0.631579 6 1 0.10821 0.776657 
4 1.05263 6 1 0.189612 0.766308 
4 1.47368 6 1 0.269633 0.756135 
4 1.89474 6 1 0.348308 0.746133 
4 2.31579 6 1 0.425671 0.736298 
4 2.73684 6 1 0.501754 0.726625 
4 3.15789 6 1 0.576589 0.717112 
4 3.57895 6 1 0.650206 0.707753 
4 4 6 1 0.722635 0.698545 
-0.631579 -4 6 1 -321.802 299.585 
-0.210526 -4 6 1 -8.61143 8.09039 
0.210526 -4 6 1 -4.41104 4.18098 
0.631579 -4 6 1 -2.98577 2.85444 
1.05263 -4 6 1 -2.26832 2.18669 
1.47368 -4 6 1 -1.83629 1.78459 
1.89474 -4 6 1 -1.54763 1.51593 
2.31579 -4 6 1 -1.34112 1.32373 
2.73684 -4 6 1 -1.18607 1.17941 
3.15789 -4 6 1 -1.06536 1.06707 
3.57895 -4 6 1 -0.968735 0.977136 
4 -4 6 1 -0.889633 0.903514 
-1.47368 4 6 1 438.602 285.773 
-1.05263 4 6 1 10.3184 6.94572 
-0.631579 4 6 1 5.17353 3.59623 
-0.210526 4 6 1 3.43099 2.46178 
0.210526 4 6 1 2.55446 1.89112 
0.631579 4 6 1 2.02684 1.54763 
1.05263 4 6 1 1.67439 1.31817 
1.47368 4 6 1 1.42229 1.15404 
1.89474 4 6 1 1.23302 1.03082 
2.31579 4 6 1 1.0857 0.934909 
2.73684 4 6 1 0.967767 0.858134 
3.15789 4 6 1 0.871233 0.795287 
3.57895 4 6 1 0.790755 0.742893 
4 4 6 1 0.722635 0.698545 
