-0.489476 0.0496896 -0.542821 0.724825 0 
-0.531602 0.0400687 -0.594976 0.76435 1 
-0.57963 0.0291001 -0.655568 0.81027 2 
-0.634893 0.0164792 -0.726826 0.864272 3 
-0.699158 0.00180233 -0.811837 0.928696 4 
-0.77482 -0.0154775 -0.915008 1.00688 5 
-0.865207 -0.03612 -1.04285 1.10377 6 
-0.97508 -0.0612127 -1.20543 1.22698 7 
-1.1115 -0.0923686 -1.41911 1.38891 8 
-1.28541 -0.132087 -1.71248 1.61124 9 
-1.51474 -0.18446 -2.14035 1.93549 10 
-1.83098 -0.256682 -2.82271 2.45261 11 
-2.29508 -0.362676 -4.08273 3.40751 12 
-3.04243 -0.533354 -7.19231 5.76407 13 
-4.44615 -0.853935 -27.4578 21.1221 14 
0.84576 -0.00709281 1.00068 0.82254 20 
0.901219 -0.0234311 1.08087 0.881826 21 
0.966348 -0.0426179 1.17785 0.953519 22 
1.04391 -0.0654692 1.29749 1.04197 23 
1.13786 -0.0931458 1.44879 1.15383 24 
1.25399 -0.127357 1.64625 1.29981 25 
1.4012 -0.170725 1.91478 1.49833 26 
1.5939 -0.227496 2.30116 1.78398 27 
1.85705 -0.305019 2.90481 2.23025 28 
2.2379 -0.417216 3.98064 3.02561 29 
2.83815 -0.594052 6.43857 4.84274 30 
3.92416 -0.913989 17.725 13.1867 31 
-0.489476 0.0496896 -0.542821 0.724825 40 
-0.430781 0.0471935 -0.476774 0.729006 41 
-0.371002 0.0446514 -0.409341 0.733275 42 
-0.310107 0.0420618 -0.340477 0.737635 43 
-0.248067 0.0394234 -0.270137 0.742088 44 
-0.184847 0.0367349 -0.198271 0.746637 45 
-0.120414 0.0339948 -0.124831 0.751287 46 
-0.0547321 0.0312016 -0.0497632 0.756039 47 
0.0122344 0.0283538 0.0269864 0.760898 48 
0.0805239 0.0254497 0.105475 0.765867 49 
0.150176 0.0224877 0.185763 0.77095 50 
0.221232 0.019466 0.267912 0.77615 51 
0.293735 0.0163827 0.351988 0.781473 52 
0.367729 0.013236 0.43806 0.786922 53 
0.443261 0.0100239 0.526199 0.792502 54 
0.52038 0.00674436 0.616481 0.798217 55 
0.599135 0.00339521 0.708985 0.804074 56 
0.67958 -2.5799e-05 0.803794 0.810076 57 
0.761769 -0.00352099 0.900995 0.816229 58 
0.84576 -0.00709281 1.00068 0.82254 59 
