13.7017 -2.86535 4.66521 3.47139 6 
5.6298 -1.26524 3.20409 2.32419 7 
3.55456 -0.853855 2.44484 1.72807 8 
2.60346 -0.665317 1.97968 1.36285 9 
2.05777 -0.557142 1.66546 1.11614 10 
1.70381 -0.486975 1.43896 0.938307 11 
1.45563 -0.437779 1.26796 0.804044 12 
1.27198 -0.401374 1.13428 0.699085 13 
1.13059 -0.373345 1.02691 0.61478 14 
1.01837 -0.3511 0.938768 0.545579 15 
0.927149 -0.333016 0.865123 0.487756 16 
0.851529 -0.318026 0.802667 0.438719 17 
0.787824 -0.305397 0.74903 0.396606 18 
0.733425 -0.294614 0.702467 0.360048 19 
-14.193 -1.08656 -4.23685 4.05176 25 
-5.75621 -0.536108 -2.88192 2.7191 26 
-3.59827 -0.395315 -2.1786 2.02733 27 
-2.61078 -0.330887 -1.74796 1.60376 28 
-2.04463 -0.293949 -1.45716 1.31774 29 
-1.67757 -0.270001 -1.2476 1.11163 30 
-1.42028 -0.253215 -1.08942 0.956048 31 
-1.22994 -0.240796 -0.965777 0.834438 32 
-1.08341 -0.231236 -0.866477 0.73677 33 
-0.967137 -0.22365 -0.784975 0.656607 34 
-0.872621 -0.217483 -0.71688 0.58963 35 
-0.79428 -0.212372 -0.659134 0.532833 36 
-0.728288 -0.208066 -0.609545 0.484059 37 
-0.671939 -0.20439 -0.566498 0.44172 38 
-0.623263 -0.201214 -0.52878 0.404621 39 
0.733425 -0.294614 0.702467 0.360048 60 
0.657122 -0.289361 0.633649 0.362539 61 
0.581398 -0.284148 0.565303 0.365013 62 
0.506248 -0.278974 0.497425 0.367471 63 
0.431663 -0.273839 0.430009 0.369911 64 
0.357639 -0.268743 0.363051 0.372335 65 
0.284168 -0.263685 0.296546 0.374743 66 
0.211245 -0.258665 0.23049 0.377134 67 
0.138863 -0.253682 0.164878 0.37951 68 
0.0670163 -0.248736 0.0997054 0.381869 69 
-0.00430079 -0.243826 0.0349682 0.384213 70 
-0.0750942 -0.238952 -0.0293382 0.386541 71 
-0.14537 -0.234114 -0.0932179 0.388853 72 
-0.215133 -0.229311 -0.156675 0.39115 73 
-0.28439 -0.224543 -0.219715 0.393433 74 
-0.353145 -0.21981 -0.28234 0.3957 75 
-0.421405 -0.215111 -0.344555 0.397952 76 
-0.489175 -0.210445 -0.406364 0.40019 77 
-0.556459 -0.205813 -0.467771 0.402413 78 
-0.623263 -0.201214 -0.52878 0.404621 79 
