4 -4 2 1 -0.416603 -0.0256008 
4 -3.57895 2 1 -0.362725 -0.0303516 
4 -3.15789 2 1 -0.306715 -0.0352905 
4 -2.73684 2 1 -0.248444 -0.0404287 
4 -2.31579 2 1 -0.187772 -0.0457785 
4 -1.89474 2 1 -0.124548 -0.0513535 
4 -1.47368 2 1 -0.0586078 -0.057168 
4 -1.05263 2 1 0.0102283 -0.0632378 
4 -0.631579 2 1 0.0821551 -0.0695801 
4 -0.210526 2 1 0.157385 -0.0762138 
4 0.210526 2 1 0.236152 -0.0831592 
4 0.631579 2 1 0.318711 -0.0904391 
4 1.05263 2 1 0.405342 -0.098078 
4 1.47368 2 1 0.496355 -0.106103 
4 1.89474 2 1 0.59209 -0.114545 
4 2.31579 2 1 0.692925 -0.123436 
4 2.73684 2 1 0.799278 -0.132814 
4 3.15789 2 1 0.911615 -0.14272 
4 3.57895 2 1 1.03046 -0.153199 
4 4 2 1 1.15638 -0.164303 
-2.73684 -4 2 1 -25.2013 2.70281 
-2.31579 -4 2 1 -7.80705 0.78797 
-1.89474 -4 2 1 -4.51768 0.425863 
-1.47368 -4 2 1 -3.12616 0.272679 
-1.05263 -4 2 1 -2.35775 0.188089 
-0.631579 -4 2 1 -1.87047 0.134447 
-0.210526 -4 2 1 -1.53391 0.097397 
0.210526 -4 2 1 -1.2875 0.0702711 
0.631579 -4 2 1 -1.0993 0.0495531 
1.05263 -4 2 1 -0.950857 0.0332122 
1.47368 -4 2 1 -0.830783 0.0199939 
1.89474 -4 2 1 -0.731652 0.00908114 
2.31579 -4 2 1 -0.648424 -8.08715e-05 
2.73684 -4 2 1 -0.577558 -0.00788216 
3.15789 -4 2 1 -0.516489 -0.0146049 
3.57895 -4 2 1 -0.463316 -0.0204583 
4 -4 2 1 -0.416603 -0.0256008 
-0.210526 4 2 1 17.7603 -1.3194 
0.210526 4 2 1 6.21807 -0.516436 
0.631579 4 2 1 3.86471 -0.352716 
1.05263 4 2 1 2.85144 -0.282225 
1.47368 4 2 1 2.2873 -0.242979 
1.89474 4 2 1 1.92784 -0.217972 
2.31579 4 2 1 1.67878 -0.200645 
2.73684 4 2 1 1.49603 -0.187931 
3.15789 4 2 1 1.35621 -0.178205 
3.57895 4 2 1 1.24579 -0.170523 
4 4 2 1 1.15638 -0.164303 
4 -4 6 1 -0.344855 0.550949 
4 -3.57895 6 1 -0.292072 0.557094 
4 -3.15789 6 1 -0.237297 0.563471 
4 -2.73684 6 1 -0.180413 0.570094 
4 -2.31579 6 1 -0.121298 0.576976 
4 -1.89474 6 1 -0.0598166 0.584134 
4 -1.47368 6 1 0.00417544 0.591584 
4 -1.05263 6 1 0.0708353 0.599344 
4 -0.631579 6 1 0.140333 0.607435 
4 -0.210526 6 1 0.212855 0.615878 
4 0.210526 6 1 0.288601 0.624697 
4 0.631579 6 1 0.367793 0.633916 
4 1.05263 6 1 0.45067 0.643565 
4 1.47368 6 1 0.537496 0.653673 
4 1.89474 6 1 0.62856 0.664275 
4 2.31579 6 1 0.724181 0.675407 
4 2.73684 6 1 0.824709 0.687111 
4 3.15789 6 1 0.930531 0.699431 
4 3.57895 6 1 1.04208 0.712417 
4 4 6 1 1.15982 0.726125 
-3.15789 -4 6 1 -48.9647 49.5695 
-2.73684 -4 6 1 -8.82689 9.10253 
-2.31579 -4 6 1 -4.72694 4.96896 
-1.89474 -4 6 1 -3.1676 3.39684 
-1.47368 -4 6 1 -2.34596 2.56846 
-1.05263 -4 6 1 -1.83867 2.05702 
-0.631579 -4 6 1 -1.49431 1.70983 
-0.210526 -4 6 1 -1.24523 1.45871 
0.210526 -4 6 1 -1.0567 1.26863 
0.631579 -4 6 1 -0.909036 1.11976 
1.05263 -4 6 1 -0.790246 0.999992 
1.47368 -4 6 1 -0.692616 0.901562 
1.89474 -4 6 1 -0.610955 0.819231 
2.31579 -4 6 1 -0.541642 0.749349 
2.73684 -4 6 1 -0.482072 0.689291 
3.15789 -4 6 1 -0.430325 0.63712 
3.57895 -4 6 1 -0.384957 0.59138 
4 -4 6 1 -0.344855 0.550949 
-0.631579 4 6 1 35.5239 34.1779 
-0.210526 4 6 1 7.86603 7.2543 
0.210526 4 6 1 4.54047 4.01703 
0.631579 4 6 1 3.24682 2.75771 
1.05263 4 6 1 2.55862 2.08778 
1.47368 4 6 1 2.13143 1.67193 
1.89474 4 6 1 1.84043 1.38866 
2.31579 4 6 1 1.62945 1.18328 
2.73684 4 6 1 1.46947 1.02755 
3.15789 4 6 1 1.34399 0.905405 
3.57895 4 6 1 1.24295 0.80704 
4 4 6 1 1.15982 0.726125 
