21.3538 -6.68133 4.33041 2.9409 7 
6.66079 -2.1856 3.05038 1.97976 8 
3.9973 -1.37064 2.37095 1.4696 9 
2.88108 -1.0291 1.94974 1.15332 10 
2.26734 -0.841311 1.66305 0.938054 11 
1.87913 -0.722526 1.45531 0.782068 12 
1.61142 -0.640614 1.29786 0.663841 13 
1.41565 -0.580713 1.1744 0.571141 14 
1.26626 -0.535002 1.075 0.496507 15 
1.14851 -0.498973 0.99326 0.435127 16 
1.05331 -0.469844 0.924847 0.383758 17 
0.974748 -0.445806 0.866751 0.340136 18 
0.908814 -0.425632 0.816802 0.30263 19 
-22.9213 -4.99704 -4.40754 3.23848 24 
-7.02499 -1.68887 -3.01301 2.18896 25 
-4.0966 -1.07945 -2.27146 1.63087 26 
-2.86503 -0.823145 -1.81126 1.28453 27 
-2.18676 -0.681993 -1.49783 1.04864 28 
-1.75733 -0.592623 -1.27061 0.877639 29 
-1.46102 -0.530958 -1.09833 0.747983 30 
-1.24424 -0.485844 -0.963217 0.646296 31 
-1.07876 -0.451406 -0.854412 0.564409 32 
-0.948294 -0.424255 -0.764913 0.497053 33 
-0.842794 -0.402299 -0.690001 0.440674 34 
-0.755719 -0.384178 -0.626379 0.392792 35 
-0.682631 -0.368968 -0.571672 0.35162 36 
-0.620409 -0.356019 -0.524131 0.31584 37 
-0.566799 -0.344862 -0.482433 0.284458 38 
-0.520127 -0.335149 -0.445563 0.25671 39 
0.908814 -0.425632 0.816802 0.30263 60 
0.816595 -0.419793 0.737229 0.299736 61 
0.726664 -0.414098 0.659384 0.296904 62 
0.638938 -0.408543 0.583213 0.294133 63 
0.553337 -0.403123 0.508661 0.291421 64 
0.469785 -0.397832 0.435678 0.288766 65 
0.388208 -0.392667 0.364214 0.286167 66 
0.308538 -0.387622 0.294222 0.283621 67 
0.230708 -0.382694 0.225658 0.281127 68 
0.154656 -0.377878 0.158478 0.278683 69 
0.0803213 -0.373171 0.0926414 0.276288 70 
0.00764625 -0.368569 0.0281073 0.273941 71 
-0.0634241 -0.364069 -0.0351623 0.271639 72 
-0.132942 -0.359667 -0.0972041 0.269382 73 
-0.200958 -0.35536 -0.158054 0.267169 74 
-0.267521 -0.351145 -0.217745 0.264997 75 
-0.332676 -0.347019 -0.27631 0.262867 76 
-0.396467 -0.34298 -0.333782 0.260776 77 
-0.458937 -0.339024 -0.39019 0.258725 78 
-0.520127 -0.335149 -0.445563 0.25671 79 
