-45.8919 -4.99618 -6.55655 3.93453 0 
-0.242631 -0.294217 -0.197481 0.249721 20 
-0.195889 -0.300085 -0.153984 0.25991 21 
-0.146103 -0.306335 -0.107937 0.270697 22 
-0.0929656 -0.313005 -0.0591096 0.282135 23 
-0.0361276 -0.32014 -0.00724183 0.294285 24 
0.0248121 -0.327789 0.0479594 0.307217 25 
0.0903139 -0.336012 0.106826 0.321006 26 
0.16091 -0.344874 0.169736 0.335743 27 
0.237219 -0.354453 0.23712 0.351529 28 
0.319964 -0.36484 0.309474 0.368478 29 
0.409994 -0.376141 0.387368 0.386725 30 
0.508315 -0.388483 0.471464 0.406425 31 
0.61613 -0.402017 0.562533 0.427758 32 
0.734882 -0.416924 0.66148 0.450937 33 
0.866324 -0.433424 0.769374 0.476212 34 
1.01261 -0.451787 0.887485 0.50388 35 
1.17639 -0.472347 1.01734 0.534299 36 
1.36102 -0.495523 1.16077 0.567899 37 
1.57074 -0.521849 1.32004 0.605209 38 
1.81105 -0.552015 1.49791 0.646877 39 
-45.8919 -4.99618 -6.55655 3.93453 40 
-11.3999 -1.44344 -4.42945 2.70196 41 
-6.29163 -0.917276 -3.27785 2.03466 42 
-4.23518 -0.705458 -2.55587 1.6163 43 
-3.12473 -0.591079 -2.06089 1.32948 44 
-2.42957 -0.519477 -1.70039 1.12059 45 
-1.95345 -0.470435 -1.42613 0.961668 46 
-1.60692 -0.434742 -1.21046 0.836699 47 
-1.34342 -0.4076 -1.03643 0.735853 48 
-1.13629 -0.386266 -0.893027 0.65276 49 
-0.969197 -0.369055 -0.772831 0.583111 50 
-0.831554 -0.354878 -0.670626 0.523888 51 
-0.716206 -0.342996 -0.582654 0.472912 52 
-0.618141 -0.332896 -0.506137 0.428574 53 
-0.533746 -0.324203 -0.438973 0.389655 54 
-0.460349 -0.316643 -0.379547 0.35522 55 
-0.395931 -0.310008 -0.326593 0.324536 56 
-0.33894 -0.304137 -0.27911 0.297021 57 
-0.288161 -0.298907 -0.236291 0.27221 58 
-0.242631 -0.294217 -0.197481 0.249721 59 
89.5352 -25.3101 4.90653 3.86671 71 
9.48649 -2.71823 3.52587 2.56252 72 
5.27364 -1.52925 2.81472 1.89075 73 
3.76906 -1.10462 2.38111 1.48116 74 
2.99644 -0.886564 2.08911 1.20533 75 
2.52615 -0.753835 1.87907 1.00693 76 
2.20977 -0.664545 1.72074 0.857365 77 
1.98238 -0.600368 1.59712 0.740586 78 
1.81105 -0.552015 1.49791 0.646877 79 
