-1.41714 -0.439059 -1.4748 0.593434 0 
-1.52158 -0.479282 -1.5819 0.665548 1 
-1.65218 -0.529575 -1.71479 0.75503 2 
-1.82016 -0.594263 -1.88408 0.869014 3 
-2.04423 -0.680554 -2.10707 1.01916 4 
-2.35815 -0.801443 -2.41414 1.22592 5 
-2.82948 -0.982953 -2.86391 1.52876 6 
-3.61626 -1.28594 -3.58592 2.01491 7 
-5.19444 -1.8937 -4.93464 2.92304 8 
-9.96621 -3.7313 -8.35181 5.2239 9 
0.249721 -0.145128 0.192229 0.396002 20 
0.289782 -0.148848 0.228496 0.421613 21 
0.334508 -0.153002 0.268911 0.450153 22 
0.384766 -0.157669 0.314228 0.482154 23 
0.441648 -0.162951 0.365396 0.518288 24 
0.506556 -0.168979 0.423627 0.559409 25 
0.581319 -0.175921 0.490492 0.606628 26 
0.668365 -0.184005 0.568065 0.661408 27 
0.770993 -0.193535 0.659142 0.725724 28 
0.893796 -0.204939 0.767584 0.802303 29 
1.04337 -0.218829 0.898884 0.895023 30 
1.22955 -0.236118 1.06112 1.00959 31 
1.46764 -0.258228 1.26668 1.15475 32 
1.78286 -0.287501 1.53559 1.34465 33 
2.21995 -0.32809 1.90249 1.60374 34 
2.86652 -0.388132 2.43285 1.97827 35 
3.92058 -0.486016 3.26723 2.56748 36 
5.94468 -0.673981 4.77205 3.63015 37 
11.4192 -1.18236 8.2981 6.12015 38 
80.0865 -7.55902 26.2449 18.7937 39 
-1.41714 -0.439059 -1.4748 0.593434 40 
-1.25651 -0.410734 -1.31629 0.574661 41 
-1.11006 -0.384909 -1.17137 0.557499 42 
-0.975983 -0.361267 -1.03838 0.541748 43 
-0.852782 -0.339542 -0.915893 0.527241 44 
-0.739184 -0.31951 -0.802716 0.513837 45 
-0.634106 -0.300981 -0.697825 0.501415 46 
-0.536626 -0.283791 -0.600344 0.48987 47 
-0.445948 -0.267801 -0.509513 0.479112 48 
-0.361385 -0.252889 -0.424674 0.469064 49 
-0.282337 -0.23895 -0.345254 0.459658 50 
-0.208282 -0.225892 -0.270749 0.450834 51 
-0.138762 -0.213633 -0.200717 0.44254 52 
-0.0733723 -0.202102 -0.134767 0.43473 53 
-0.0117557 -0.191236 -0.0725513 0.427361 54 
0.0464053 -0.18098 -0.0137623 0.420398 55 
0.101393 -0.171284 0.0418757 0.413809 56 
0.153462 -0.162102 0.0946096 0.407564 57 
0.202836 -0.153396 0.144661 0.401636 58 
0.249721 -0.145128 0.192229 0.396002 59 
80.0865 -7.55902 26.2449 18.7937 79 
