-4 -4 2 1 -0.0594699 -0.106984 
-4 -3.57895 2 1 -0.0985762 -0.105901 
-4 -3.15789 2 1 -0.141481 -0.104712 
-4 -2.73684 2 1 -0.188766 -0.103402 
-4 -2.31579 2 1 -0.241137 -0.101951 
-4 -1.89474 2 1 -0.299463 -0.100336 
-4 -1.47368 2 1 -0.36482 -0.0985251 
-4 -1.05263 2 1 -0.438562 -0.0964823 
-4 -0.631579 2 1 -0.522411 -0.0941594 
-4 -0.210526 2 1 -0.618599 -0.0914948 
-4 0.210526 2 1 -0.730067 -0.0884068 
-4 0.631579 2 1 -0.860768 -0.084786 
-4 1.05263 2 1 -1.01615 -0.0804815 
-4 1.47368 2 1 -1.20394 -0.0752793 
-4 1.89474 2 1 -1.43544 -0.068866 
-4 2.31579 2 1 -1.72794 -0.060763 
-4 2.73684 2 1 -2.1092 -0.0502011 
-4 3.15789 2 1 -2.62685 -0.0358608 
-4 3.57895 2 1 -3.37002 -0.0152731 
-4 4 2 1 -4.52711 0.0167815 
4 -4 2 1 2.34681 -0.455511 
4 -3.57895 2 1 2.58595 -0.50529 
4 -3.15789 2 1 2.91155 -0.573068 
4 -2.73684 2 1 3.38086 -0.670759 
4 -2.31579 2 1 4.11594 -0.823775 
4 -1.89474 2 1 5.43175 -1.09768 
4 -1.47368 2 1 8.46584 -1.72925 
4 -1.05263 2 1 22.9156 -4.73713 
-4 -4 2 1 -0.0594699 -0.106984 
-3.57895 -4 2 1 -0.015712 -0.113322 
-3.15789 -4 2 1 0.0313482 -0.120138 
-2.73684 -4 2 1 0.082099 -0.127489 
-2.31579 -4 2 1 0.136992 -0.13544 
-1.89474 -4 2 1 0.196557 -0.144067 
-1.47368 -4 2 1 0.261416 -0.153461 
-1.05263 -4 2 1 0.332307 -0.163729 
-0.631579 -4 2 1 0.410114 -0.174999 
-0.210526 -4 2 1 0.495899 -0.187424 
0.210526 -4 2 1 0.590958 -0.201193 
0.631579 -4 2 1 0.696879 -0.216534 
1.05263 -4 2 1 0.815637 -0.233735 
1.47368 -4 2 1 0.949717 -0.253155 
1.89474 -4 2 1 1.10229 -0.275254 
2.31579 -4 2 1 1.27746 -0.300625 
2.73684 -4 2 1 1.48065 -0.330055 
3.15789 -4 2 1 1.71917 -0.364603 
3.57895 -4 2 1 2.00311 -0.405729 
4 -4 2 1 2.34681 -0.455511 
-4 4 2 1 -4.52711 0.0167815 
-3.57895 4 2 1 -5.45169 0.00246515 
-3.15789 4 2 1 -7.10704 -0.0231664 
-2.73684 4 2 1 -10.9256 -0.0822936 
-2.31579 4 2 1 -29.1418 -0.364354 
-4 -4 6 1 -0.00768137 0.415023 
-4 -3.57895 6 1 -0.043302 0.439536 
-4 -3.15789 6 1 -0.0822753 0.466356 
-4 -2.73684 6 1 -0.125098 0.495825 
-4 -2.31579 6 1 -0.17237 0.528355 
-4 -1.89474 6 1 -0.224822 0.564451 
-4 -1.47368 6 1 -0.283356 0.604731 
-4 -1.05263 6 1 -0.349094 0.64997 
-4 -0.631579 6 1 -0.423454 0.701141 
-4 -0.210526 6 1 -0.50825 0.759495 
-4 0.210526 6 1 -0.605847 0.826657 
-4 0.631579 6 1 -0.719378 0.904784 
-4 1.05263 6 1 -0.853093 0.996801 
-4 1.47368 6 1 -1.0129 1.10677 
-4 1.89474 6 1 -1.20726 1.24053 
-4 2.31579 6 1 -1.44874 1.4067 
-4 2.73684 6 1 -1.75684 1.61872 
-4 3.15789 6 1 -2.16354 1.8986 
-4 3.57895 6 1 -2.72518 2.2851 
-4 4 6 1 -3.55115 2.8535 
4 -4 6 1 2.30026 1.05432 
4 -3.57895 6 1 2.51102 1.21908 
4 -3.15789 6 1 2.78986 1.43707 
4 -2.73684 6 1 3.17615 1.73906 
4 -2.31579 6 1 3.74681 2.18519 
4 -1.89474 6 1 4.67521 2.91098 
4 -1.47368 6 1 6.45131 4.29948 
4 -1.05263 6 1 11.2115 8.02085 
4 -0.631579 6 1 65.9775 50.8353 
-4 -4 6 1 -0.00768137 0.415023 
-3.57895 -4 6 1 0.0366207 0.427295 
-3.15789 -4 6 1 0.0841643 0.440465 
-2.73684 -4 6 1 0.135319 0.454634 
-2.31579 -4 6 1 0.190512 0.469923 
-1.89474 -4 6 1 0.250241 0.486467 
-1.47368 -4 6 1 0.31509 0.50443 
-1.05263 -4 6 1 0.385746 0.524002 
-0.631579 -4 6 1 0.463026 0.545408 
-0.210526 -4 6 1 0.547907 0.56892 
0.210526 -4 6 1 0.641569 0.594864 
0.631579 -4 6 1 0.745449 0.623639 
1.05263 -4 6 1 0.861314 0.655733 
1.47368 -4 6 1 0.991366 0.691757 
1.89474 -4 6 1 1.13838 0.73248 
2.31579 -4 6 1 1.30591 0.778885 
2.73684 -4 6 1 1.49857 0.832251 
3.15789 -4 6 1 1.72247 0.89427 
3.57895 -4 6 1 1.98587 0.967234 
4 -4 6 1 2.30026 1.05432 
-4 4 6 1 -3.55115 2.8535 
-3.57895 4 6 1 -4.07577 3.49228 
-3.15789 4 6 1 -4.91252 4.51111 
-2.73684 4 6 1 -6.45786 6.39273 
-2.31579 4 6 1 -10.273 11.0381 
-1.89474 4 6 1 -35.1853 41.3715 
