-4 1.05263 2 1 15.1054 0.461579 
-4 1.47368 2 1 7.19391 0.20658 
-4 1.89474 2 1 4.908 0.132902 
-4 2.31579 2 1 3.82119 0.0978734 
-4 2.73684 2 1 3.18603 0.0774014 
-4 3.15789 2 1 2.76941 0.0639732 
-4 3.57895 2 1 2.4751 0.0544872 
-4 4 2 1 2.25613 0.0474295 
4 -4 2 1 -4.87518 -0.749792 
4 -3.57895 2 1 -3.54319 -0.572854 
4 -3.15789 2 1 -2.72018 -0.463528 
4 -2.73684 2 1 -2.16121 -0.389277 
4 -2.31579 2 1 -1.75679 -0.335554 
4 -1.89474 2 1 -1.4506 -0.29488 
4 -1.47368 2 1 -1.21073 -0.263017 
4 -1.05263 2 1 -1.01773 -0.23738 
4 -0.631579 2 1 -0.859096 -0.216307 
4 -0.210526 2 1 -0.726395 -0.198679 
4 0.210526 2 1 -0.613749 -0.183716 
4 0.631579 2 1 -0.51693 -0.170855 
4 1.05263 2 1 -0.432822 -0.159682 
4 1.47368 2 1 -0.359077 -0.149886 
4 1.89474 2 1 -0.293889 -0.141227 
4 2.31579 2 1 -0.235852 -0.133517 
4 2.73684 2 1 -0.183849 -0.126609 
4 3.15789 2 1 -0.136987 -0.120384 
4 3.57895 2 1 -0.0945385 -0.114745 
4 4 2 1 -0.0559084 -0.109614 
2.31579 -4 2 1 -59.6049 -9.26753 
2.73684 -4 2 1 -13.3628 -2.07075 
3.15789 -4 2 1 -8.03063 -1.24088 
3.57895 -4 2 1 -5.96904 -0.920033 
4 -4 2 1 -4.87518 -0.749792 
-4 4 2 1 2.25613 0.0474295 
-3.57895 4 2 1 1.94049 0.02599 
-3.15789 4 2 1 1.6762 0.00803848 
-2.73684 4 2 1 1.45168 -0.00721219 
-2.31579 4 2 1 1.25857 -0.0203289 
-1.89474 4 2 1 1.09072 -0.0317302 
-1.47368 4 2 1 0.943468 -0.041732 
-1.05263 4 2 1 0.813248 -0.0505771 
-0.631579 4 2 1 0.697266 -0.0584552 
-0.210526 4 2 1 0.593306 -0.0655166 
0.210526 4 2 1 0.499592 -0.071882 
0.631579 4 2 1 0.41468 -0.0776496 
1.05263 4 2 1 0.337386 -0.0828997 
1.47368 4 2 1 0.266729 -0.0876991 
1.89474 4 2 1 0.201888 -0.0921033 
2.31579 4 2 1 0.142175 -0.0961593 
2.73684 4 2 1 0.0870041 -0.0999067 
3.15789 4 2 1 0.0358758 -0.10338 
3.57895 4 2 1 -0.0116384 -0.106607 
4 4 2 1 -0.0559084 -0.109614 
-4 0.631579 6 1 15.5201 18.2817 
-4 1.05263 6 1 6.68484 7.33478 
-4 1.47368 6 1 4.46751 4.58752 
-4 1.89474 6 1 3.4585 3.33737 
-4 2.31579 6 1 2.88161 2.6226 
-4 2.73684 6 1 2.5082 2.15996 
-4 3.15789 6 1 2.24676 1.83603 
-4 3.57895 6 1 2.05349 1.59657 
-4 4 6 1 1.9048 1.41235 
4 -4 6 1 -4.1252 2.30974 
4 -3.57895 6 1 -3.16483 1.85595 
4 -3.15789 6 1 -2.51978 1.55116 
4 -2.73684 6 1 -2.05666 1.33232 
4 -2.31579 6 1 -1.70801 1.16758 
4 -1.89474 6 1 -1.43606 1.03908 
4 -1.47368 6 1 -1.21801 0.93605 
4 -1.05263 6 1 -1.03928 0.851596 
4 -0.631579 6 1 -0.890111 0.781112 
4 -0.210526 6 1 -0.763732 0.721396 
4 0.210526 6 1 -0.65529 0.670155 
4 0.631579 6 1 -0.56122 0.625705 
4 1.05263 6 1 -0.478841 0.58678 
4 1.47368 6 1 -0.406102 0.55241 
4 1.89474 6 1 -0.341405 0.521839 
4 2.31579 6 1 -0.283485 0.494471 
4 2.73684 6 1 -0.231331 0.469828 
4 3.15789 6 1 -0.184123 0.447521 
4 3.57895 6 1 -0.141188 0.427234 
4 4 6 1 -0.101972 0.408703 
1.89474 -4 6 1 -40.2075 34.3914 
2.31579 -4 6 1 -12.2291 9.51508 
2.73684 -4 6 1 -7.66038 5.45296 
3.15789 -4 6 1 -5.78683 3.78714 
3.57895 -4 6 1 -4.76678 2.88019 
4 -4 6 1 -4.1252 2.30974 
-4 4 6 1 1.9048 1.41235 
-3.57895 4 6 1 1.64615 1.28299 
-3.15789 4 6 1 1.42603 1.1729 
-2.73684 4 6 1 1.23644 1.07808 
-2.31579 4 6 1 1.07143 0.995555 
-1.89474 4 6 1 0.926516 0.92308 
-1.47368 4 6 1 0.798238 0.858924 
-1.05263 4 6 1 0.683886 0.801734 
-0.631579 4 6 1 0.581309 0.750432 
-0.210526 4 6 1 0.488777 0.704154 
0.210526 4 6 1 0.404884 0.662197 
0.631579 4 6 1 0.328474 0.623982 
1.05263 4 6 1 0.258588 0.58903 
1.47368 4 6 1 0.194425 0.55694 
1.89474 4 6 1 0.13531 0.527375 
2.31579 4 6 1 0.0806696 0.500048 
2.73684 4 6 1 0.030014 0.474714 
3.15789 4 6 1 -0.0170772 0.451162 
3.57895 4 6 1 -0.0609674 0.429211 
4 4 6 1 -0.101972 0.408703 
