-0.399706 0.0935594 -0.416066 0.742214 0 
-0.440598 0.0889476 -0.463112 0.78234 1 
-0.486916 0.0837238 -0.517223 0.828492 2 
-0.539817 0.0777576 -0.58012 0.882137 3 
-0.600811 0.0708787 -0.654131 0.945262 4 
-0.671909 0.0628602 -0.742488 1.02062 5 
-0.755849 0.0533934 -0.849809 1.11216 6 
-0.856456 0.042047 -0.982935 1.2257 7 
-0.97924 0.0281993 -1.15244 1.37028 8 
-1.13244 0.0109209 -1.37561 1.56062 9 
-1.32897 -0.0112434 -1.6827 1.82254 10 
-1.59022 -0.0407071 -2.13203 2.20578 11 
-1.95447 -0.0817872 -2.85219 2.82001 12 
-2.49759 -0.14304 -4.19369 3.96419 13 
-3.3942 -0.244161 -7.57069 6.84446 14 
-5.15595 -0.442851 -32.1795 27.8336 15 
1.00114 -0.0103464 1.20839 0.9054 20 
1.06633 -0.025955 1.30691 0.981837 21 
1.14406 -0.0445635 1.4282 1.07595 22 
1.23831 -0.0671288 1.58121 1.19465 23 
1.35498 -0.095063 1.78021 1.34906 24 
1.50316 -0.130541 2.04965 1.5581 25 
1.69761 -0.177095 2.43495 1.85704 26 
1.964 -0.240873 3.0313 2.31971 27 
2.3513 -0.333602 4.07751 3.13142 28 
2.96604 -0.480782 6.39089 4.92627 29 
4.0918 -0.750309 15.8088 12.2332 30 
-0.399706 0.0935594 -0.416066 0.742214 40 
-0.345349 0.0895275 -0.355648 0.748283 41 
-0.289382 0.0853762 -0.293228 0.754554 42 
-0.231731 0.0811001 -0.228705 0.761035 43 
-0.172321 0.0766934 -0.16197 0.767739 44 
-0.111069 0.0721501 -0.0929095 0.774677 45 
-0.0478872 0.0674637 -0.021398 0.78186 46 
0.0173157 0.0626274 0.0526967 0.789304 47 
0.0846388 0.0576338 0.129517 0.797021 48 
0.154187 0.0524751 0.209217 0.805027 49 
0.226073 0.0471431 0.291961 0.813339 50 
0.300416 0.0416288 0.377927 0.821975 51 
0.377345 0.0359227 0.467306 0.830954 52 
0.456996 0.0300147 0.560307 0.840296 53 
0.539517 0.0238938 0.657153 0.850025 54 
0.625066 0.0175483 0.758089 0.860165 55 
0.713813 0.0109656 0.863379 0.870742 56 
0.80594 0.00413221 0.973312 0.881785 57 
0.901645 -0.00296653 1.0882 0.893326 58 
1.00114 -0.0103464 1.20839 0.9054 59 
