-4 0.210526 2 1 16.5648 4.80845 
-4 0.631579 2 1 6.75129 1.79445 
-4 1.05263 2 1 4.40709 1.07448 
-4 1.47368 2 1 3.35529 0.751443 
-4 1.89474 2 1 2.75805 0.568015 
-4 2.31579 2 1 2.37306 0.449775 
-4 2.73684 2 1 2.10425 0.367216 
-4 3.15789 2 1 1.90593 0.306304 
-4 3.57895 2 1 1.75357 0.259512 
-4 4 2 1 1.63287 0.22244 
4 -4 2 1 -9.10664 0.678716 
4 -3.57895 2 1 -5.37204 0.379844 
4 -3.15789 2 1 -3.71405 0.247159 
4 -2.73684 2 1 -2.77742 0.172202 
4 -2.31579 2 1 -2.17549 0.124031 
4 -1.89474 2 1 -1.75605 0.0904646 
4 -1.47368 2 1 -1.44704 0.0657349 
4 -1.05263 2 1 -1.20992 0.0467584 
4 -0.631579 2 1 -1.02221 0.0317367 
4 -0.210526 2 1 -0.869931 0.0195501 
4 0.210526 2 1 -0.743914 0.00946519 
4 0.631579 2 1 -0.637904 0.000981484 
4 1.05263 2 1 -0.547488 -0.00625433 
4 1.47368 2 1 -0.469461 -0.0124987 
4 1.89474 2 1 -0.401439 -0.0179424 
4 2.31579 2 1 -0.341613 -0.0227301 
4 2.73684 2 1 -0.288588 -0.0269736 
4 3.15789 2 1 -0.241265 -0.0307607 
4 3.57895 2 1 -0.198772 -0.0341614 
4 4 2 1 -0.160405 -0.0372318 
3.15789 -4 2 1 -28.3575 3.14338 
3.57895 -4 2 1 -13.2814 1.21321 
4 -4 2 1 -9.10664 0.678716 
-4 4 2 1 1.63287 0.22244 
-3.57895 4 2 1 1.44237 0.194856 
-3.15789 4 2 1 1.27228 0.170226 
-2.73684 4 2 1 1.11948 0.148099 
-2.31579 4 2 1 0.981452 0.128113 
-1.89474 4 2 1 0.856162 0.109971 
-1.47368 4 2 1 0.741923 0.0934284 
-1.05263 4 2 1 0.637334 0.0782835 
-0.631579 4 2 1 0.541222 0.0643661 
-0.210526 4 2 1 0.452596 0.0515328 
0.210526 4 2 1 0.370615 0.0396616 
0.631579 4 2 1 0.294558 0.0286483 
1.05263 4 2 1 0.223805 0.0184031 
1.47368 4 2 1 0.157821 0.00884836 
1.89474 4 2 1 0.0961389 -8.34539e-05 
2.31579 4 2 1 0.0383511 -0.00845132 
2.73684 4 2 1 -0.0158997 -0.016307 
3.15789 4 2 1 -0.0669287 -0.0236962 
3.57895 4 2 1 -0.115014 -0.0306592 
4 4 2 1 -0.160405 -0.0372318 
-4 -0.631579 6 1 52.6239 88.4037 
-4 -0.210526 6 1 7.77252 12.1167 
-4 0.210526 6 1 4.44813 6.46232 
-4 0.631579 6 1 3.22771 4.38653 
-4 1.05263 6 1 2.59401 3.30869 
-4 1.47368 6 1 2.20593 2.64861 
-4 1.89474 6 1 1.94385 2.20284 
-4 2.31579 6 1 1.75497 1.88158 
-4 2.73684 6 1 1.61239 1.63906 
-4 3.15789 6 1 1.50093 1.44949 
-4 3.57895 6 1 1.41142 1.29724 
-4 4 6 1 1.33795 1.17227 
4 -4 6 1 -4.89921 3.84275 
4 -3.57895 6 1 -3.5695 2.88854 
4 -3.15789 6 1 -2.75828 2.3064 
4 -2.73684 6 1 -2.21176 1.91421 
4 -2.31579 6 1 -1.81856 1.63205 
4 -1.89474 6 1 -1.52209 1.41931 
4 -1.47368 6 1 -1.29058 1.25317 
4 -1.05263 6 1 -1.10478 1.11983 
4 -0.631579 6 1 -0.952362 1.01046 
4 -0.210526 6 1 -0.825081 0.919124 
4 0.210526 6 1 -0.717188 0.841699 
4 0.631579 6 1 -0.624568 0.775234 
4 1.05263 6 1 -0.544191 0.717555 
4 1.47368 6 1 -0.473781 0.667028 
4 1.89474 6 1 -0.411592 0.622401 
4 2.31579 6 1 -0.356264 0.582697 
4 2.73684 6 1 -0.30672 0.547144 
4 3.15789 6 1 -0.262099 0.515124 
4 3.57895 6 1 -0.221702 0.486134 
4 4 6 1 -0.184955 0.459765 
1.89474 -4 6 1 -42.5517 52.715 
2.31579 -4 6 1 -13.8125 15.4121 
2.73684 -4 6 1 -8.82212 8.93461 
3.15789 -4 6 1 -6.74984 6.24483 
3.57895 -4 6 1 -5.61519 4.77208 
4 -4 6 1 -4.89921 3.84275 
-4 4 6 1 1.33795 1.17227 
-3.57895 4 6 1 1.18683 1.10157 
-3.15789 4 6 1 1.04988 1.0375 
-2.73684 4 6 1 0.925201 0.979164 
-2.31579 4 6 1 0.811207 0.925831 
-1.89474 4 6 1 0.706583 0.876882 
-1.47368 4 6 1 0.61022 0.831797 
-1.05263 4 6 1 0.521176 0.790137 
-0.631579 4 6 1 0.438648 0.751525 
-0.210526 4 6 1 0.361947 0.715639 
0.210526 4 6 1 0.290475 0.682201 
0.631579 4 6 1 0.223716 0.650967 
1.05263 4 6 1 0.161219 0.621727 
1.47368 4 6 1 0.102588 0.594295 
1.89474 4 6 1 0.0474749 0.56851 
2.31579 4 6 1 -0.00442745 0.544227 
2.73684 4 6 1 -0.0533917 0.521318 
3.15789 4 6 1 -0.0996604 0.499671 
3.57895 4 6 1 -0.14345 0.479183 
4 4 6 1 -0.184955 0.459765 
