-4 -4 2 1 1.4736 -0.0891321 
-4 -3.57895 2 1 1.30023 -0.0917712 
-4 -3.15789 2 1 1.14305 -0.0941639 
-4 -2.73684 2 1 0.999879 -0.0963433 
-4 -2.31579 2 1 0.868934 -0.0983366 
-4 -1.89474 2 1 0.748709 -0.100167 
-4 -1.47368 2 1 0.637942 -0.101853 
-4 -1.05263 2 1 0.535557 -0.103411 
-4 -0.631579 2 1 0.440638 -0.104856 
-4 -0.210526 2 1 0.352398 -0.1062 
-4 0.210526 2 1 0.270155 -0.107451 
-4 0.631579 2 1 0.193318 -0.108621 
-4 1.05263 2 1 0.12137 -0.109716 
-4 1.47368 2 1 0.0538607 -0.110744 
-4 1.89474 2 1 -0.00960968 -0.11171 
-4 2.31579 2 1 -0.0693928 -0.11262 
-4 2.73684 2 1 -0.125801 -0.113479 
-4 3.15789 2 1 -0.179112 -0.11429 
-4 3.57895 2 1 -0.229574 -0.115059 
-4 4 2 1 -0.27741 -0.115787 
-4 -4 2 1 1.4736 -0.0891321 
-3.57895 -4 2 1 1.59243 -0.111915 
-3.15789 -4 2 1 1.74341 -0.140864 
-2.73684 -4 2 1 1.94165 -0.178872 
-2.31579 -4 2 1 2.21342 -0.230981 
-1.89474 -4 2 1 2.609 -0.306826 
-1.47368 -4 2 1 3.2379 -0.427409 
-1.05263 -4 2 1 4.39292 -0.648866 
-0.631579 -4 2 1 7.20896 -1.1888 
-0.210526 -4 2 1 24.4393 -4.49245 
-4 4 2 1 -0.27741 -0.115787 
-3.57895 4 2 1 -0.320309 -0.12818 
-3.15789 4 2 1 -0.368385 -0.14207 
-2.73684 4 2 1 -0.422635 -0.157742 
-2.31579 4 2 1 -0.484328 -0.175565 
-1.89474 4 2 1 -0.555111 -0.196014 
-1.47368 4 2 1 -0.63715 -0.219716 
-1.05263 4 2 1 -0.733365 -0.247512 
-0.631579 4 2 1 -0.847777 -0.280566 
-0.210526 4 2 1 -0.986085 -0.320523 
0.210526 4 2 1 -1.15665 -0.369799 
0.631579 4 2 1 -1.37225 -0.432086 
1.05263 4 2 1 -1.65343 -0.513318 
1.47368 4 2 1 -2.03547 -0.62369 
1.89474 4 2 1 -2.58452 -0.782311 
2.31579 4 2 1 -3.44071 -1.02966 
2.73684 4 2 1 -4.96184 -1.46912 
3.15789 4 2 1 -8.41426 -2.46652 
3.57895 4 2 1 -23.87 -6.93169 
-4 -4 6 1 1.45736 1.09827 
-4 -3.57895 6 1 1.27383 1.03364 
-4 -3.15789 6 1 1.10847 0.975413 
-4 -2.73684 6 1 0.958694 0.922673 
-4 -2.31579 6 1 0.822411 0.874683 
-4 -1.89474 6 1 0.697873 0.830829 
-4 -1.47368 6 1 0.583625 0.790598 
-4 -1.05263 6 1 0.478441 0.753559 
-4 -0.631579 6 1 0.381284 0.719347 
-4 -0.210526 6 1 0.29127 0.68765 
-4 0.210526 6 1 0.207638 0.6582 
-4 0.631579 6 1 0.129733 0.630767 
-4 1.05263 6 1 0.0569857 0.60515 
-4 1.47368 6 1 -0.0110991 0.581175 
-4 1.89474 6 1 -0.074956 0.558689 
-4 2.31579 6 1 -0.134967 0.537557 
-4 2.73684 6 1 -0.191469 0.517661 
-4 3.15789 6 1 -0.244762 0.498894 
-4 3.57895 6 1 -0.29511 0.481165 
-4 4 6 1 -0.342753 0.464388 
-4 -4 6 1 1.45736 1.09827 
-3.57895 -4 6 1 1.58309 1.22598 
-3.15789 -4 6 1 1.74579 1.39123 
-2.73684 -4 6 1 1.96457 1.61346 
-2.31579 -4 6 1 2.2745 1.92827 
-1.89474 -4 6 1 2.74749 2.40871 
-1.47368 -4 6 1 3.5582 3.23217 
-1.05263 -4 6 1 5.26911 4.97 
-0.631579 -4 6 1 11.251 11.046 
-4 4 6 1 -0.342753 0.464388 
-3.57895 4 6 1 -0.390988 0.485721 
-3.15789 4 6 1 -0.445259 0.509723 
-2.73684 4 6 1 -0.506772 0.536928 
-2.31579 4 6 1 -0.577082 0.568024 
-1.89474 4 6 1 -0.658221 0.603908 
-1.47368 4 6 1 -0.752899 0.645781 
-1.05263 4 6 1 -0.864814 0.695277 
-0.631579 4 6 1 -0.999144 0.754686 
-0.210526 4 6 1 -1.16337 0.827318 
0.210526 4 6 1 -1.36873 0.918141 
0.631579 4 6 1 -1.63288 1.03497 
1.05263 4 6 1 -1.9853 1.19083 
1.47368 4 6 1 -2.47909 1.40921 
1.89474 4 6 1 -3.22065 1.73718 
2.31579 4 6 1 -4.45896 2.28484 
2.73684 4 6 1 -6.94451 3.3841 
3.15789 4 6 1 -14.4733 6.71382 
