-4 -4 2 1 -0.929029 0.257898 
-4 -3.57895 2 1 -0.994306 0.269544 
-4 -3.15789 2 1 -1.07205 0.283416 
-4 -2.73684 2 1 -1.16622 0.300217 
-4 -2.31579 2 1 -1.28262 0.320985 
-4 -1.89474 2 1 -1.43018 0.347313 
-4 -1.47368 2 1 -1.62336 0.381779 
-4 -1.05263 2 1 -1.88716 0.428848 
-4 -0.631579 2 1 -2.269 0.496975 
-4 -0.210526 2 1 -2.8709 0.604366 
-4 0.210526 2 1 -3.96015 0.798708 
-4 0.631579 2 1 -6.53117 1.25743 
-4 1.05263 2 1 -20.0387 3.66744 
4 -4 2 1 0.478787 0.322485 
4 -3.57895 2 1 0.523672 0.335981 
4 -3.15789 2 1 0.575117 0.35145 
4 -2.73684 2 1 0.634674 0.369358 
4 -2.31579 2 1 0.704426 0.390332 
4 -1.89474 2 1 0.787235 0.415232 
4 -1.47368 2 1 0.887147 0.445274 
4 -1.05263 2 1 1.01007 0.482236 
4 -0.631579 2 1 1.16499 0.528818 
4 -0.210526 2 1 1.36627 0.589339 
4 0.210526 2 1 1.63837 0.671157 
4 0.631579 2 1 2.02666 0.787911 
4 1.05263 2 1 2.62576 0.968054 
4 1.47368 2 1 3.67133 1.28244 
4 1.89474 2 1 5.95884 1.97027 
4 2.31579 2 1 14.9373 4.66999 
-4 -4 2 1 -0.929029 0.257898 
-3.57895 -4 2 1 -0.837086 0.262116 
-3.15789 -4 2 1 -0.747571 0.266222 
-2.73684 -4 2 1 -0.660389 0.270222 
-2.31579 -4 2 1 -0.575451 0.274119 
-1.89474 -4 2 1 -0.49267 0.277917 
-1.47368 -4 2 1 -0.411966 0.281619 
-1.05263 -4 2 1 -0.333262 0.28523 
-0.631579 -4 2 1 -0.256483 0.288752 
-0.210526 -4 2 1 -0.181561 0.29219 
0.210526 -4 2 1 -0.108428 0.295545 
0.631579 -4 2 1 -0.0370212 0.298821 
1.05263 -4 2 1 0.0327194 0.30202 
1.47368 -4 2 1 0.100852 0.305146 
1.89474 -4 2 1 0.167431 0.308201 
2.31579 -4 2 1 0.232509 0.311186 
2.73684 -4 2 1 0.296137 0.314105 
3.15789 -4 2 1 0.358363 0.31696 
3.57895 -4 2 1 0.419231 0.319753 
4 -4 2 1 0.478787 0.322485 
-4 -4 6 1 -1.10234 1.15038 
-4 -3.57895 6 1 -1.19319 1.25148 
-4 -3.15789 6 1 -1.30391 1.37469 
-4 -2.73684 6 1 -1.4418 1.52813 
-4 -2.31579 6 1 -1.61826 1.72451 
-4 -1.89474 6 1 -1.85213 1.98476 
-4 -1.47368 6 1 -2.17684 2.3461 
-4 -1.05263 6 1 -2.65809 2.88165 
-4 -0.631579 6 1 -3.44503 3.75736 
-4 -0.210526 6 1 -4.96445 5.44819 
-4 0.210526 6 1 -9.12938 10.083 
-4 0.631579 6 1 -69.322 77.0664 
4 -4 6 1 0.473793 1.02121 
4 -3.57895 6 1 0.522743 1.08833 
4 -3.15789 6 1 0.579612 1.16632 
4 -2.73684 6 1 0.646492 1.25802 
4 -2.31579 6 1 0.72628 1.36743 
4 -1.89474 6 1 0.823112 1.50021 
4 -1.47368 6 1 0.943104 1.66475 
4 -1.05263 6 1 1.09569 1.87398 
4 -0.631579 6 1 1.29625 2.14899 
4 -0.210526 6 1 1.5716 2.52657 
4 0.210526 6 1 1.97321 3.07726 
4 0.631579 6 1 2.6137 3.95553 
4 1.05263 6 1 3.79646 5.57738 
4 1.47368 6 1 6.71569 9.58033 
4 1.89474 6 1 25.7516 35.6831 
-4 -4 6 1 -1.10234 1.15038 
-3.57895 -4 6 1 -0.997068 1.14175 
-3.15789 -4 6 1 -0.8949 1.13338 
-2.73684 -4 6 1 -0.795696 1.12525 
-2.31579 -4 6 1 -0.69933 1.11735 
-1.89474 -4 6 1 -0.605682 1.10968 
-1.47368 -4 6 1 -0.514639 1.10221 
-1.05263 -4 6 1 -0.426093 1.09496 
-0.631579 -4 6 1 -0.339942 1.0879 
-0.210526 -4 6 1 -0.256092 1.08103 
0.210526 -4 6 1 -0.17445 1.07434 
0.631579 -4 6 1 -0.0949316 1.06782 
1.05263 -4 6 1 -0.0174542 1.06147 
1.47368 -4 6 1 0.0580596 1.05528 
1.89474 -4 6 1 0.131684 1.04925 
2.31579 -4 6 1 0.203488 1.04336 
2.73684 -4 6 1 0.273539 1.03762 
3.15789 -4 6 1 0.3419 1.03202 
3.57895 -4 6 1 0.408632 1.02655 
4 -4 6 1 0.473793 1.02121 
