-4 -4 2 1 0.354631 -0.0829028 
-4 -3.57895 2 1 0.304489 -0.082309 
-4 -3.15789 2 1 0.251947 -0.0816868 
-4 -2.73684 2 1 0.196828 -0.0810341 
-4 -2.31579 2 1 0.138938 -0.0803486 
-4 -1.89474 2 1 0.0780621 -0.0796277 
-4 -1.47368 2 1 0.0139637 -0.0788686 
-4 -1.05263 2 1 -0.0536203 -0.0780683 
-4 -0.631579 2 1 -0.124982 -0.0772233 
-4 -0.210526 2 1 -0.200448 -0.0763296 
-4 0.210526 2 1 -0.280381 -0.075383 
-4 0.631579 2 1 -0.365192 -0.0743787 
-4 1.05263 2 1 -0.45534 -0.0733112 
-4 1.47368 2 1 -0.551345 -0.0721743 
-4 1.89474 2 1 -0.653799 -0.0709611 
-4 2.31579 2 1 -0.763372 -0.0696635 
-4 2.73684 2 1 -0.880834 -0.0682725 
-4 3.15789 2 1 -1.00707 -0.0667777 
-4 3.57895 2 1 -1.1431 -0.0651669 
-4 4 2 1 -1.2901 -0.063426 
-4 -4 2 1 0.354631 -0.0829028 
-3.57895 -4 2 1 0.399902 -0.0756848 
-3.15789 -4 2 1 0.45088 -0.0675571 
-2.73684 -4 2 1 0.508716 -0.0583358 
-2.31579 -4 2 1 0.574894 -0.0477845 
-1.89474 -4 2 1 0.65136 -0.0355931 
-1.47368 -4 2 1 0.740713 -0.0213468 
-1.05263 -4 2 1 0.846513 -0.00447839 
-0.631579 -4 2 1 0.97376 0.0158095 
-0.210526 -4 2 1 1.12971 0.0406739 
0.210526 -4 2 1 1.32531 0.0718602 
0.631579 -4 2 1 1.57789 0.112131 
1.05263 -4 2 1 1.91658 0.166131 
1.47368 -4 2 1 2.39448 0.242326 
1.89474 -4 2 1 3.1196 0.357937 
2.31579 -4 2 1 4.35072 0.554223 
2.73684 -4 2 1 6.90128 0.960878 
3.15789 -4 2 1 15.3415 2.30656 
-4 4 2 1 -1.2901 -0.063426 
-3.57895 4 2 1 -1.38681 -0.0479289 
-3.15789 4 2 1 -1.50735 -0.0286112 
-2.73684 4 2 1 -1.66179 -0.00386133 
-2.31579 4 2 1 -1.86676 0.0289868 
-1.89474 4 2 1 -2.15192 0.0746855 
-1.47368 4 2 1 -2.57577 0.142609 
-1.05263 4 2 1 -3.27198 0.254181 
-0.631579 4 2 1 -4.62736 0.471389 
-0.210526 4 2 1 -8.41971 1.07914 
0.210526 4 2 1 -79.7177 12.5051 
-4 -4 6 1 0.302445 0.442546 
-4 -3.57895 6 1 0.256267 0.454123 
-4 -3.15789 6 1 0.208106 0.466197 
-4 -2.73684 6 1 0.157832 0.478801 
-4 -2.31579 6 1 0.105303 0.49197 
-4 -1.89474 6 1 0.0503629 0.505744 
-4 -1.47368 6 1 -0.00715735 0.520164 
-4 -1.05263 6 1 -0.0674443 0.535278 
-4 -0.631579 6 1 -0.130702 0.551137 
-4 -0.210526 6 1 -0.197157 0.567798 
-4 0.210526 6 1 -0.267056 0.585321 
-4 0.631579 6 1 -0.340675 0.603778 
-4 1.05263 6 1 -0.418319 0.623243 
-4 1.47368 6 1 -0.500327 0.643803 
-4 1.89474 6 1 -0.587079 0.665552 
-4 2.31579 6 1 -0.678996 0.688596 
-4 2.73684 6 1 -0.776557 0.713054 
-4 3.15789 6 1 -0.880295 0.739062 
-4 3.57895 6 1 -0.990818 0.76677 
-4 4 6 1 -1.10881 0.796352 
4 -4 6 1 16.6692 15.3328 
4 -3.57895 6 1 30.5122 30.418 
4 -3.15789 6 1 1217.89 1324.35 
-4 -4 6 1 0.302445 0.442546 
-3.57895 -4 6 1 0.340231 0.476924 
-3.15789 -4 6 1 0.382257 0.515159 
-2.73684 -4 6 1 0.429279 0.557938 
-2.31579 -4 6 1 0.482243 0.606124 
-1.89474 -4 6 1 0.542352 0.66081 
-1.47368 -4 6 1 0.611156 0.723407 
-1.05263 -4 6 1 0.690689 0.795765 
-0.631579 -4 6 1 0.783672 0.88036 
-0.210526 -4 6 1 0.893834 0.980583 
0.210526 -4 6 1 1.02642 1.10121 
0.631579 -4 6 1 1.18905 1.24916 
1.05263 -4 6 1 1.39324 1.43494 
1.47368 -4 6 1 1.65726 1.67514 
1.89474 -4 6 1 2.01192 1.9978 
2.31579 -4 6 1 2.51357 2.45419 
2.73684 -4 6 1 3.27745 3.14916 
3.15789 -4 6 1 4.58199 4.33601 
3.57895 -4 6 1 7.31551 6.82292 
4 -4 6 1 16.6692 15.3328 
-4 4 6 1 -1.10881 0.796352 
-3.57895 4 6 1 -1.17203 0.886759 
-3.15789 4 6 1 -1.24779 0.995118 
-2.73684 4 6 1 -1.34026 1.12737 
-2.31579 4 6 1 -1.45564 1.29238 
-1.89474 4 6 1 -1.60364 1.50406 
-1.47368 4 6 1 -1.8004 1.78547 
-1.05263 4 6 1 -2.07474 2.17783 
-0.631579 4 6 1 -2.48383 2.76291 
-0.210526 4 6 1 -3.15925 3.7289 
0.210526 4 6 1 -4.48659 5.62727 
0.631579 4 6 1 -8.29019 11.0672 
1.05263 4 6 1 -117.668 167.501 
