6.29075 -1.54618 16.6479 9.27386 2 
4.01272 -0.971544 7.09729 4.16864 3 
2.88873 -0.688016 4.39891 2.72624 4 
2.21907 -0.519094 3.12538 2.04548 5 
1.77458 -0.406971 2.38387 1.6491 6 
1.45804 -0.327124 1.8986 1.3897 7 
1.22116 -0.26737 1.55631 1.20674 8 
1.03722 -0.220971 1.30193 1.07076 9 
0.890265 -0.183901 1.10545 0.965729 10 
0.770154 -0.153603 0.949111 0.882161 11 
0.670149 -0.128377 0.821761 0.814087 12 
0.585592 -0.107047 0.716018 0.757562 13 
0.513159 -0.0887757 0.626813 0.709878 14 
0.450417 -0.0729491 0.550548 0.669111 15 
0.395544 -0.0591072 0.484598 0.633858 16 
0.347146 -0.0468988 0.427002 0.603071 17 
0.304142 -0.0360509 0.376269 0.575951 18 
0.265677 -0.0263479 0.331239 0.551881 19 
-5.95484 -0.674342 -16.6677 16.2023 30 
-3.92558 -0.372661 -6.28805 5.94311 31 
-2.9858 -0.232948 -4.00204 3.68363 32 
-2.44379 -0.15237 -2.99855 2.69178 33 
-2.09112 -0.0999407 -2.43471 2.13449 34 
-1.84333 -0.0631031 -2.07351 1.77748 35 
-1.6597 -0.0358025 -1.82236 1.52924 36 
-1.51815 -0.0147598 -1.6376 1.34663 37 
-1.40572 0.00195542 -1.49599 1.20666 38 
-1.31425 0.0155537 -1.38398 1.09596 39 
0.265677 -0.0263479 0.331239 0.551881 60 
0.217508 -0.0250704 0.281485 0.567663 61 
0.167034 -0.0237318 0.229187 0.584252 62 
0.114085 -0.0223275 0.174143 0.601712 63 
0.0584737 -0.0208527 0.116131 0.620114 64 
-5.36687e-06 -0.0193017 0.0549064 0.639534 65 
-0.06158 -0.0176687 -0.00980709 0.660062 66 
-0.126503 -0.0159468 -0.0783159 0.681793 67 
-0.195054 -0.0141288 -0.150964 0.704837 68 
-0.267547 -0.0122062 -0.228138 0.729317 69 
-0.344332 -0.0101697 -0.310276 0.755371 70 
-0.425802 -0.00800906 -0.39787 0.783157 71 
-0.512398 -0.00571242 -0.491485 0.812851 72 
-0.60462 -0.00326657 -0.591762 0.84466 73 
-0.703036 -0.000656465 -0.699439 0.878815 74 
-0.80829 0.00213501 -0.815367 0.915588 75 
-0.921121 0.00512743 -0.940532 0.95529 76 
-1.04238 0.00834331 -1.07608 0.998288 77 
-1.17304 0.0118087 -1.22337 1.04501 78 
-1.31425 0.0155537 -1.38398 1.09596 79 
