-0.867128 0.0143153 -0.952139 0.911342 20 
-0.776304 0.0116988 -0.846511 0.896991 21 
-0.687453 0.0091391 -0.743521 0.882998 22 
-0.600512 0.00663445 -0.643069 0.86935 23 
-0.515419 0.00418305 -0.545065 0.856035 24 
-0.432116 0.00178323 -0.449419 0.84304 25 
-0.350547 -0.000566642 -0.356048 0.830355 26 
-0.270659 -0.00286809 -0.26487 0.817967 27 
-0.1924 -0.00512261 -0.17581 0.805867 28 
-0.115721 -0.00733161 -0.0887951 0.794045 29 
-0.0405749 -0.00949646 -0.00375524 0.782491 30 
0.0330845 -0.0116185 0.079376 0.771196 31 
0.1053 -0.0136989 0.160662 0.760153 32 
0.176115 -0.015739 0.240164 0.749351 33 
0.245569 -0.0177398 0.31794 0.738784 34 
0.313701 -0.0197026 0.394045 0.728444 35 
0.380548 -0.0216284 0.468532 0.718324 36 
0.446146 -0.0235181 0.541453 0.708417 37 
0.510531 -0.025373 0.612857 0.698716 38 
0.573734 -0.0271938 0.68279 0.689214 39 
-4.02046 -0.685646 -12.6946 11.3812 49 
-2.85508 -0.426961 -5.30528 4.79272 50 
-2.22691 -0.287523 -3.38869 3.08384 51 
-1.83407 -0.200322 -2.50797 2.29857 52 
-1.56518 -0.140635 -2.002 1.84743 53 
-1.36957 -0.0972149 -1.67354 1.55457 54 
-1.22088 -0.0642088 -1.44313 1.34912 55 
-1.10403 -0.0382714 -1.27256 1.19704 56 
-1.00979 -0.0173516 -1.1412 1.07992 57 
-0.932167 -0.000121742 -1.03693 0.98694 58 
-0.867128 0.0143153 -0.952139 0.911342 59 
5.28372 -1.40123 35.512 22.6037 66 
3.44335 -0.864344 8.16376 5.39623 67 
2.53683 -0.599886 4.56301 3.13065 68 
1.99722 -0.442464 3.14238 2.23679 69 
1.63924 -0.338033 2.38202 1.75837 70 
1.38441 -0.263691 1.9084 1.46037 71 
1.19375 -0.208071 1.58506 1.25692 72 
1.04574 -0.164892 1.35027 1.10919 73 
0.92751 -0.1304 1.17204 0.997047 74 
0.830888 -0.102213 1.03212 0.90901 75 
0.750449 -0.0787464 0.919356 0.838061 76 
0.682441 -0.0589065 0.826548 0.779667 77 
0.624189 -0.0419128 0.748827 0.730764 78 
0.573734 -0.0271938 0.68279 0.689214 79 
