-4 -3.15789 2 1 16.1517 -1.93857 
-4 -2.73684 2 1 6.59251 -0.75872 
-4 -2.31579 2 1 4.05145 -0.445088 
-4 -1.89474 2 1 2.87504 -0.299887 
-4 -1.47368 2 1 2.19666 -0.216159 
-4 -1.05263 2 1 1.75531 -0.161685 
-4 -0.631579 2 1 1.44524 -0.123413 
-4 -0.210526 2 1 1.21545 -0.0950512 
-4 0.210526 2 1 1.03834 -0.0731912 
-4 0.631579 2 1 0.897653 -0.0558273 
-4 1.05263 2 1 0.783206 -0.0417016 
-4 1.47368 2 1 0.688283 -0.0299856 
-4 1.89474 2 1 0.608279 -0.0201111 
-4 2.31579 2 1 0.539935 -0.0116757 
-4 2.73684 2 1 0.480874 -0.00438601 
-4 3.15789 2 1 0.429325 0.00197646 
-4 3.57895 2 1 0.38394 0.00757806 
-4 4 2 1 0.343677 0.0125476 
4 -0.631579 2 1 -28.1657 1.71199 
4 -0.210526 2 1 -7.22497 0.496041 
4 0.210526 2 1 -4.2647 0.32415 
4 0.631579 2 1 -3.08276 0.255519 
4 1.05263 2 1 -2.44684 0.218593 
4 1.47368 2 1 -2.04957 0.195525 
4 1.89474 2 1 -1.77784 0.179747 
4 2.31579 2 1 -1.58025 0.168274 
4 2.73684 2 1 -1.43011 0.159556 
4 3.15789 2 1 -1.31216 0.152707 
4 3.57895 2 1 -1.21704 0.147184 
4 4 2 1 -1.13872 0.142636 
-4 4 2 1 0.343677 0.0125476 
-3.57895 4 2 1 0.292841 0.0170087 
-3.15789 4 2 1 0.239998 0.021646 
-2.73684 4 2 1 0.185026 0.02647 
-2.31579 4 2 1 0.127795 0.0314923 
-1.89474 4 2 1 0.0681628 0.0367254 
-1.47368 4 2 1 0.0059744 0.0421828 
-1.05263 4 2 1 -0.058938 0.0478792 
-0.631579 4 2 1 -0.126757 0.0538307 
-0.210526 4 2 1 -0.197683 0.0600548 
0.210526 4 2 1 -0.271934 0.0665707 
0.631579 4 2 1 -0.34975 0.0733994 
1.05263 4 2 1 -0.431393 0.080564 
1.47368 4 2 1 -0.517153 0.0880899 
1.89474 4 2 1 -0.60735 0.0960051 
2.31579 4 2 1 -0.702336 0.104341 
2.73684 4 2 1 -0.802505 0.113131 
3.15789 4 2 1 -0.908291 0.122414 
3.57895 4 2 1 -1.02018 0.132233 
4 4 2 1 -1.13872 0.142636 
-4 -3.15789 6 1 153.737 104.258 
-4 -2.73684 6 1 11.3789 8.01162 
-4 -2.31579 6 1 5.75583 4.20998 
-4 -1.89474 6 1 3.78145 2.87513 
-4 -1.47368 6 1 2.77437 2.19426 
-4 -1.05263 6 1 2.16361 1.78133 
-4 -0.631579 6 1 1.75368 1.50419 
-4 -0.210526 6 1 1.45951 1.30531 
-4 0.210526 6 1 1.23814 1.15564 
-4 0.631579 6 1 1.06551 1.03893 
-4 1.05263 6 1 0.927128 0.945372 
-4 1.47368 6 1 0.81372 0.868699 
-4 1.89474 6 1 0.719084 0.804717 
-4 2.31579 6 1 0.638917 0.750517 
-4 2.73684 6 1 0.570134 0.704015 
-4 3.15789 6 1 0.510473 0.663679 
-4 3.57895 6 1 0.458232 0.628359 
-4 4 6 1 0.412106 0.597175 
4 -0.210526 6 1 -12.5922 15.4762 
4 0.210526 6 1 -5.32502 6.36117 
4 0.631579 6 1 -3.46621 4.02971 
4 1.05263 6 1 -2.6156 2.96282 
4 1.47368 6 1 -2.12793 2.35114 
4 1.89474 6 1 -1.81175 1.95456 
4 2.31579 6 1 -1.59013 1.67659 
4 2.73684 6 1 -1.42617 1.47094 
4 3.15789 6 1 -1.29995 1.31263 
4 3.57895 6 1 -1.19979 1.18701 
4 4 6 1 -1.11838 1.08489 
-4 4 6 1 0.412106 0.597175 
-3.57895 4 6 1 0.360697 0.613557 
-3.15789 4 6 1 0.307178 0.630612 
-2.73684 4 6 1 0.251418 0.648381 
-2.31579 4 6 1 0.193273 0.66691 
-1.89474 4 6 1 0.132586 0.686249 
-1.47368 4 6 1 0.0691868 0.706452 
-1.05263 4 6 1 0.00288973 0.727579 
-0.631579 4 6 1 -0.0665087 0.749694 
-0.210526 4 6 1 -0.139231 0.772868 
0.210526 4 6 1 -0.215523 0.79718 
0.631579 4 6 1 -0.295652 0.822715 
1.05263 4 6 1 -0.379917 0.849567 
1.47368 4 6 1 -0.468646 0.877842 
1.89474 4 6 1 -0.562204 0.907656 
2.31579 4 6 1 -0.660994 0.939137 
2.73684 4 6 1 -0.76547 0.97243 
3.15789 4 6 1 -0.876137 1.0077 
3.57895 4 6 1 -0.993561 1.04512 
4 4 6 1 -1.11838 1.08489 
