-4 -4 2 1 -0.626692 0.129218 
-4 -3.57895 2 1 -0.674099 0.124123 
-4 -3.15789 2 1 -0.728903 0.118232 
-4 -2.73684 2 1 -0.792982 0.111345 
-4 -2.31579 2 1 -0.868909 0.103184 
-4 -1.89474 2 1 -0.960305 0.0933604 
-4 -1.47368 2 1 -1.07243 0.0813086 
-4 -1.05263 2 1 -1.21325 0.0661733 
-4 -0.631579 2 1 -1.39538 0.0465975 
-4 -0.210526 2 1 -1.64012 0.0202912 
-4 0.210526 2 1 -1.98649 -0.0169372 
-4 0.631579 2 1 -2.51433 -0.073672 
-4 1.05263 2 1 -3.41693 -0.170687 
-4 1.47368 2 1 -5.31301 -0.374484 
-4 1.89474 2 1 -11.8504 -1.07715 
4 -4 2 1 0.70928 0.151695 
4 -3.57895 2 1 0.760789 0.14807 
4 -3.15789 2 1 0.820729 0.143851 
4 -2.73684 2 1 0.891354 0.13888 
4 -2.31579 2 1 0.9758 0.132937 
4 -1.89474 2 1 1.07856 0.125704 
4 -1.47368 2 1 1.20633 0.116711 
4 -1.05263 2 1 1.36949 0.105228 
4 -0.631579 2 1 1.58512 0.0900518 
4 -0.210526 2 1 1.88336 0.069061 
4 0.210526 2 1 2.32294 0.0381218 
4 0.631579 2 1 3.03558 -0.0120348 
4 1.05263 2 1 4.39024 -0.107379 
4 1.47368 2 1 7.9658 -0.359035 
4 1.89474 2 1 44.0579 -2.89928 
-4 -4 2 1 -0.626692 0.129218 
-3.57895 -4 2 1 -0.559068 0.130356 
-3.15789 -4 2 1 -0.491156 0.131499 
-2.73684 -4 2 1 -0.422954 0.132646 
-2.31579 -4 2 1 -0.35446 0.133798 
-1.89474 -4 2 1 -0.285672 0.134956 
-1.47368 -4 2 1 -0.216589 0.136118 
-1.05263 -4 2 1 -0.147208 0.137285 
-0.631579 -4 2 1 -0.0775283 0.138458 
-0.210526 -4 2 1 -0.00754699 0.139635 
0.210526 -4 2 1 0.0627377 0.140817 
0.631579 -4 2 1 0.133328 0.142005 
1.05263 -4 2 1 0.204225 0.143198 
1.47368 -4 2 1 0.275431 0.144396 
1.89474 -4 2 1 0.346949 0.145599 
2.31579 -4 2 1 0.41878 0.146808 
2.73684 -4 2 1 0.490927 0.148021 
3.15789 -4 2 1 0.563391 0.149241 
3.57895 -4 2 1 0.636174 0.150465 
4 -4 2 1 0.70928 0.151695 
-4 -4 6 1 -0.732143 0.883376 
-4 -3.57895 6 1 -0.795914 0.940713 
-4 -3.15789 6 1 -0.871359 1.00855 
-4 -2.73684 6 1 -0.962007 1.09005 
-4 -2.31579 6 1 -1.07297 1.18982 
-4 -1.89474 6 1 -1.21193 1.31476 
-4 -1.47368 6 1 -1.39103 1.47579 
-4 -1.05263 6 1 -1.63058 1.69118 
-4 -0.631579 6 1 -1.96741 1.99403 
-4 -0.210526 6 1 -2.47587 2.4512 
-4 0.210526 6 1 -3.332 3.22096 
-4 0.631579 6 1 -5.07758 4.79045 
-4 1.05263 6 1 -10.5972 9.75326 
4 -4 6 1 0.803756 0.94583 
4 -3.57895 6 1 0.872208 1.0117 
4 -3.15789 6 1 0.953917 1.09033 
4 -2.73684 6 1 1.05315 1.18582 
4 -2.31579 6 1 1.1762 1.30424 
4 -1.89474 6 1 1.33285 1.45498 
4 -1.47368 6 1 1.539 1.65337 
4 -1.05263 6 1 1.82254 1.92622 
4 -0.631579 6 1 2.23711 2.32517 
4 -0.210526 6 1 2.90082 2.96387 
4 0.210526 6 1 4.13474 4.15129 
4 0.631579 6 1 7.22709 7.12711 
4 1.05263 6 1 29.1794 28.2521 
-4 -4 6 1 -0.732143 0.883376 
-3.57895 -4 6 1 -0.654853 0.886519 
-3.15789 -4 6 1 -0.577185 0.889677 
-2.73684 -4 6 1 -0.499137 0.89285 
-2.31579 -4 6 1 -0.420705 0.89604 
-1.89474 -4 6 1 -0.341887 0.899245 
-1.47368 -4 6 1 -0.262681 0.902466 
-1.05263 -4 6 1 -0.183082 0.905702 
-0.631579 -4 6 1 -0.103089 0.908955 
-0.210526 -4 6 1 -0.0226978 0.912224 
0.210526 -4 6 1 0.0580939 0.915509 
0.631579 -4 6 1 0.139289 0.918811 
1.05263 -4 6 1 0.220891 0.922129 
1.47368 -4 6 1 0.302903 0.925464 
1.89474 -4 6 1 0.385328 0.928816 
2.31579 -4 6 1 0.468169 0.932184 
2.73684 -4 6 1 0.551429 0.93557 
3.15789 -4 6 1 0.635111 0.938973 
3.57895 -4 6 1 0.719219 0.942393 
4 -4 6 1 0.803756 0.94583 
