-4 -4 2 1 -1.2375 -0.254649 
-4 -3.57895 2 1 -1.32316 -0.278235 
-4 -3.15789 2 1 -1.42823 -0.307167 
-4 -2.73684 2 1 -1.56016 -0.34349 
-4 -2.31579 2 1 -1.73073 -0.390455 
-4 -1.89474 2 1 -1.95984 -0.45354 
-4 -1.47368 2 1 -2.28388 -0.542762 
-4 -1.05263 2 1 -2.77726 -0.678612 
-4 -0.631579 2 1 -3.61969 -0.910567 
-4 -0.210526 2 1 -5.38428 -1.39643 
-4 0.210526 2 1 -11.416 -3.05722 
4 -4 2 1 0.299594 -0.0404438 
4 -3.57895 2 1 0.339668 -0.0414574 
4 -3.15789 2 1 0.384643 -0.042595 
4 -2.73684 2 1 0.435479 -0.0438808 
4 -2.31579 2 1 0.4934 -0.0453459 
4 -1.89474 2 1 0.559999 -0.0470304 
4 -1.47368 2 1 0.637383 -0.0489877 
4 -1.05263 2 1 0.728404 -0.0512899 
4 -0.631579 2 1 0.837014 -0.0540371 
4 -0.210526 2 1 0.968856 -0.0573719 
4 0.210526 2 1 1.13228 -0.0615054 
4 0.631579 2 1 1.34017 -0.0667638 
4 1.05263 2 1 1.61355 -0.0736785 
4 1.47368 2 1 1.98913 -0.0831782 
4 1.89474 2 1 2.5374 -0.097046 
4 2.31579 2 1 3.41303 -0.119194 
4 2.73684 2 1 5.03398 -0.160194 
4 3.15789 2 1 9.05694 -0.261949 
4 3.57895 2 1 36.0902 -0.945719 
-4 -4 2 1 -1.2375 -0.254649 
-3.57895 -4 2 1 -1.10523 -0.236216 
-3.15789 -4 2 1 -0.981969 -0.219039 
-2.73684 -4 2 1 -0.866835 -0.202994 
-2.31579 -4 2 1 -0.759048 -0.187973 
-1.89474 -4 2 1 -0.657925 -0.173881 
-1.47368 -4 2 1 -0.562868 -0.160634 
-1.05263 -4 2 1 -0.473345 -0.148158 
-0.631579 -4 2 1 -0.388888 -0.136389 
-0.210526 -4 2 1 -0.309078 -0.125267 
0.210526 -4 2 1 -0.233543 -0.11474 
0.631579 -4 2 1 -0.161947 -0.104763 
1.05263 -4 2 1 -0.0939904 -0.0952926 
1.47368 -4 2 1 -0.0294024 -0.0862918 
1.89474 -4 2 1 0.0320612 -0.0777264 
2.31579 -4 2 1 0.090622 -0.0695656 
2.73684 -4 2 1 0.146481 -0.0617812 
3.15789 -4 2 1 0.19982 -0.054348 
3.57895 -4 2 1 0.250807 -0.0472426 
4 -4 2 1 0.299594 -0.0404438 
-4 -4 6 1 -1.3526 0.695275 
-4 -3.57895 6 1 -1.45169 0.769637 
-4 -3.15789 6 1 -1.57367 0.861178 
-4 -2.73684 6 1 -1.72751 0.976629 
-4 -2.31579 6 1 -1.92757 1.12676 
-4 -1.89474 6 1 -2.19836 1.32998 
-4 -1.47368 6 1 -2.58543 1.62046 
-4 -1.05263 6 1 -3.18417 2.06979 
-4 -0.631579 6 1 -4.23357 2.85731 
-4 -0.210526 6 1 -6.5494 4.59524 
-4 0.210526 6 1 -15.9123 11.6217 
4 -4 6 1 0.246477 0.518414 
4 -3.57895 6 1 0.283855 0.54992 
4 -3.15789 6 1 0.325853 0.585321 
4 -2.73684 6 1 0.373385 0.625385 
4 -2.31579 6 1 0.427621 0.671101 
4 -1.89474 6 1 0.490087 0.723754 
4 -1.47368 6 1 0.56281 0.785053 
4 -1.05263 6 1 0.648543 0.857318 
4 -0.631579 6 1 0.751119 0.943781 
4 -0.210526 6 1 0.876044 1.04908 
4 0.210526 6 1 1.03151 1.18013 
4 0.631579 6 1 1.23029 1.34768 
4 1.05263 6 1 1.4934 1.56945 
4 1.47368 6 1 1.85809 1.87686 
4 1.89474 6 1 2.39729 2.33135 
4 2.31579 6 1 3.27562 3.0717 
4 2.73684 6 1 4.95981 4.49133 
4 3.15789 6 1 9.49895 8.3174 
4 3.57895 6 1 64.5157 54.6915 
-4 -4 6 1 -1.3526 0.695275 
-3.57895 -4 6 1 -1.21417 0.679965 
-3.15789 -4 6 1 -1.08532 0.665713 
-2.73684 -4 6 1 -0.965082 0.652415 
-2.31579 -4 6 1 -0.852622 0.639976 
-1.89474 -4 6 1 -0.747208 0.628317 
-1.47368 -4 6 1 -0.6482 0.617367 
-1.05263 -4 6 1 -0.555029 0.607062 
-0.631579 -4 6 1 -0.467195 0.597347 
-0.210526 -4 6 1 -0.384253 0.588174 
0.210526 -4 6 1 -0.305803 0.579497 
0.631579 -4 6 1 -0.231492 0.571278 
1.05263 -4 6 1 -0.160999 0.563481 
1.47368 -4 6 1 -0.0940384 0.556075 
1.89474 -4 6 1 -0.0303508 0.549031 
2.31579 -4 6 1 0.0302982 0.542324 
2.73684 -4 6 1 0.0881208 0.535928 
3.15789 -4 6 1 0.14331 0.529824 
3.57895 -4 6 1 0.196042 0.523992 
4 -4 6 1 0.246477 0.518414 
