-1.8586 0.238359 -2.44479 2.02787 20 
-1.61045 0.239729 -2.08851 1.87253 21 
-1.39538 0.240916 -1.78971 1.74225 22 
-1.2072 0.241956 -1.53552 1.63142 23 
-1.04116 0.242872 -1.31664 1.53599 24 
-0.893562 0.243687 -1.1262 1.45296 25 
-0.761505 0.244417 -0.958987 1.38005 26 
-0.642654 0.245073 -0.810997 1.31552 27 
-0.535122 0.245667 -0.679096 1.25801 28 
-0.437365 0.246206 -0.560795 1.20643 29 
-0.34811 0.246699 -0.454095 1.15991 30 
-0.266292 0.247151 -0.357368 1.11774 31 
-0.19102 0.247567 -0.269279 1.07933 32 
-0.121537 0.24795 -0.188721 1.0442 33 
-0.0572022 0.248306 -0.114766 1.01196 34 
0.00253758 0.248636 -0.0466354 0.982253 35 
0.0581574 0.248943 0.016333 0.954798 36 
0.110069 0.249229 0.0747046 0.929348 37 
0.158632 0.249497 0.128965 0.905689 38 
0.204159 0.249749 0.179534 0.883641 39 
-5.42158 0.639973 -26.7794 27.9446 53 
-3.8576 0.463683 -8.70169 8.69157 54 
-3.06395 0.374224 -5.40409 5.17957 55 
-2.58397 0.320122 -4.02023 3.70574 56 
-2.26239 0.283873 -3.25886 2.89487 57 
-2.0319 0.257893 -2.77709 2.38178 58 
-1.8586 0.238359 -2.44479 2.02787 59 
8.40741 1.70932 64.7454 62.9649 61 
5.22498 1.14309 11.4643 11.7341 62 
3.69948 0.871659 6.03147 6.51039 63 
2.80417 0.71236 3.96568 4.52409 64 
2.21541 0.607603 2.8773 3.47759 65 
1.79876 0.533471 2.20535 2.8315 66 
1.48839 0.478247 1.74922 2.39292 67 
1.24822 0.435515 1.41932 2.07572 68 
1.05686 0.401467 1.16961 1.83562 69 
0.900803 0.3737 0.974035 1.64757 70 
0.771103 0.350623 0.816703 1.49629 71 
0.661604 0.33114 0.687398 1.37196 72 
0.567927 0.314473 0.579244 1.26797 73 
0.486874 0.300051 0.487443 1.1797 74 
0.416054 0.28745 0.408547 1.10384 75 
0.353644 0.276346 0.340014 1.03795 76 
0.29823 0.266486 0.279927 0.980171 77 
0.248698 0.257674 0.226817 0.929104 78 
0.204159 0.249749 0.179534 0.883641 79 
