-4 -4 2 1 -0.785731 0.251669 
-4 -3.57895 2 1 -0.842386 0.25815 
-4 -3.15789 2 1 -0.908981 0.265768 
-4 -2.73684 2 1 -0.988381 0.27485 
-4 -2.31579 2 1 -1.08468 0.285865 
-4 -1.89474 2 1 -1.20389 0.299502 
-4 -1.47368 2 1 -1.35533 0.316825 
-4 -1.05263 2 1 -1.55409 0.339561 
-4 -0.631579 2 1 -1.82646 0.370717 
-4 -0.210526 2 1 -2.22263 0.416033 
-4 0.210526 2 1 -2.85179 0.488003 
-4 0.631579 2 1 -4.00517 0.619936 
-4 1.05263 2 1 -6.80572 0.940285 
-4 1.47368 2 1 -23.5936 2.86062 
4 -4 2 1 0.589652 0.3093 
4 -3.57895 2 1 0.638424 0.319302 
4 -3.15789 2 1 0.694818 0.330869 
4 -2.73684 2 1 0.760774 0.344396 
4 -2.31579 2 1 0.838949 0.360429 
4 -1.89474 2 1 0.933085 0.379736 
4 -1.47368 2 1 1.04863 0.403433 
4 -1.05263 2 1 1.19381 0.433209 
4 -0.631579 2 1 1.38172 0.471749 
4 -0.210526 2 1 1.63448 0.523588 
4 0.210526 2 1 1.99264 0.597046 
4 0.631579 2 1 2.53953 0.70921 
4 1.05263 2 1 3.47766 0.901615 
4 1.47368 2 1 5.46065 1.30832 
4 1.89474 2 1 12.4279 2.73727 
-4 -4 2 1 -0.785731 0.251669 
-3.57895 -4 2 1 -0.706241 0.255 
-3.15789 -4 2 1 -0.627612 0.258295 
-2.73684 -4 2 1 -0.549832 0.261554 
-2.31579 -4 2 1 -0.472886 0.264778 
-1.89474 -4 2 1 -0.39676 0.267968 
-1.47368 -4 2 1 -0.321442 0.271124 
-1.05263 -4 2 1 -0.24692 0.274246 
-0.631579 -4 2 1 -0.17318 0.277336 
-0.210526 -4 2 1 -0.100209 0.280394 
0.210526 -4 2 1 -0.0279977 0.283419 
0.631579 -4 2 1 0.0434677 0.286414 
1.05263 -4 2 1 0.114198 0.289378 
1.47368 -4 2 1 0.184205 0.292311 
1.89474 -4 2 1 0.253499 0.295214 
2.31579 -4 2 1 0.322092 0.298089 
2.73684 -4 2 1 0.389993 0.300934 
3.15789 -4 2 1 0.457213 0.30375 
3.57895 -4 2 1 0.523763 0.306539 
4 -4 2 1 0.589652 0.3093 
-4 -4 6 1 -0.937924 1.09846 
-4 -3.57895 6 1 -1.01757 1.18485 
-4 -3.15789 6 1 -1.11359 1.28901 
-4 -2.73684 6 1 -1.23161 1.41702 
-4 -2.31579 6 1 -1.38015 1.57814 
-4 -1.89474 6 1 -1.57283 1.78715 
-4 -1.47368 6 1 -1.83275 2.06908 
-4 -1.05263 6 1 -2.20254 2.47019 
-4 -0.631579 6 1 -2.77054 3.08631 
-4 -0.210526 6 1 -3.75447 4.15359 
-4 0.210526 6 1 -5.87506 6.45381 
-4 0.631579 6 1 -13.7955 15.0452 
4 -4 6 1 0.628532 1.07341 
4 -3.57895 6 1 0.687222 1.1478 
4 -3.15789 6 1 0.756462 1.23556 
4 -2.73684 6 1 0.839377 1.34066 
4 -2.31579 6 1 0.940463 1.46878 
4 -1.89474 6 1 1.06643 1.62844 
4 -1.47368 6 1 1.22774 1.83291 
4 -1.05263 6 1 1.44171 2.10413 
4 -0.631579 6 1 1.73917 2.48115 
4 -0.210526 6 1 2.18079 3.04091 
4 0.210526 6 1 2.9049 3.95874 
4 0.631579 6 1 4.31006 5.73979 
4 1.05263 6 1 8.20993 10.6829 
4 1.47368 6 1 73.7627 93.7719 
-4 -4 6 1 -0.937924 1.09846 
-3.57895 -4 6 1 -0.846247 1.09699 
-3.15789 -4 6 1 -0.755704 1.09554 
-2.73684 -4 6 1 -0.666273 1.09411 
-2.31579 -4 6 1 -0.577935 1.0927 
-1.89474 -4 6 1 -0.490669 1.0913 
-1.47368 -4 6 1 -0.404456 1.08993 
-1.05263 -4 6 1 -0.319278 1.08856 
-0.631579 -4 6 1 -0.235114 1.08722 
-0.210526 -4 6 1 -0.151948 1.08589 
0.210526 -4 6 1 -0.0697624 1.08457 
0.631579 -4 6 1 0.011461 1.08327 
1.05263 -4 6 1 0.0917385 1.08199 
1.47368 -4 6 1 0.171087 1.08072 
1.89474 -4 6 1 0.249521 1.07947 
2.31579 -4 6 1 0.327059 1.07823 
2.73684 -4 6 1 0.403713 1.077 
3.15789 -4 6 1 0.479501 1.07579 
3.57895 -4 6 1 0.554435 1.07459 
4 -4 6 1 0.628532 1.07341 
