-4 -4 2 1 3.20347 0.851657 
-4 -3.57895 2 1 2.58444 0.751971 
-4 -3.15789 2 1 2.12213 0.677525 
-4 -2.73684 2 1 1.76373 0.619809 
-4 -2.31579 2 1 1.47773 0.573755 
-4 -1.89474 2 1 1.24422 0.536151 
-4 -1.47368 2 1 1.04995 0.504868 
-4 -1.05263 2 1 0.885805 0.478435 
-4 -0.631579 2 1 0.745279 0.455805 
-4 -0.210526 2 1 0.623617 0.436214 
-4 0.210526 2 1 0.517258 0.419086 
-4 0.631579 2 1 0.423487 0.403986 
-4 1.05263 2 1 0.340194 0.390573 
-4 1.47368 2 1 0.265715 0.378579 
-4 1.89474 2 1 0.198722 0.367791 
-4 2.31579 2 1 0.13814 0.358035 
-4 2.73684 2 1 0.0830905 0.349171 
-4 3.15789 2 1 0.0328491 0.34108 
-4 3.57895 2 1 -0.0131878 0.333667 
-4 4 2 1 -0.0555269 0.326849 
4 1.89474 2 1 -179.264 34.2944 
4 2.31579 2 1 -15.0662 2.84514 
4 2.73684 2 1 -8.35299 1.55933 
4 3.15789 2 1 -5.99157 1.10704 
4 3.57895 2 1 -4.78621 0.876179 
4 4 2 1 -4.05492 0.736112 
-4 -4 2 1 3.20347 0.851657 
-3.57895 -4 2 1 3.68288 0.986907 
-3.15789 -4 2 1 4.42449 1.19613 
-2.73684 -4 2 1 5.72435 1.56284 
-2.31579 -4 2 1 8.59327 2.37222 
-1.89474 -4 2 1 20.1972 5.64591 
-4 4 2 1 -0.0555269 0.326849 
-3.57895 4 2 1 -0.100396 0.33144 
-3.15789 4 2 1 -0.149367 0.336452 
-2.73684 4 2 1 -0.20303 0.341943 
-2.31579 4 2 1 -0.262093 0.347987 
-1.89474 4 2 1 -0.327413 0.354671 
-1.47368 4 2 1 -0.400042 0.362103 
-1.05263 4 2 1 -0.481277 0.370416 
-0.631579 4 2 1 -0.572746 0.379776 
-0.210526 4 2 1 -0.676513 0.390395 
0.210526 4 2 1 -0.795235 0.402544 
0.631579 4 2 1 -0.932397 0.41658 
1.05263 4 2 1 -1.09266 0.43298 
1.47368 4 2 1 -1.28239 0.452395 
1.89474 4 2 1 -1.51054 0.475742 
2.31579 4 2 1 -1.7901 0.50435 
2.73684 4 2 1 -2.14064 0.540222 
3.15789 4 2 1 -2.59315 0.586527 
3.57895 4 2 1 -3.19966 0.648592 
4 4 2 1 -4.05492 0.736112 
-4 -4 6 1 5.72238 5.7954 
-4 -3.57895 6 1 4.11888 4.46545 
-4 -3.15789 6 1 3.12806 3.64366 
-4 -2.73684 6 1 2.45511 3.0855 
-4 -2.31579 6 1 1.96819 2.68165 
-4 -1.89474 6 1 1.59954 2.37589 
-4 -1.47368 6 1 1.31074 2.13635 
-4 -1.05263 6 1 1.07837 1.94362 
-4 -0.631579 6 1 0.887368 1.7852 
-4 -0.210526 6 1 0.727592 1.65268 
-4 0.210526 6 1 0.591961 1.54019 
-4 0.631579 6 1 0.475386 1.4435 
-4 1.05263 6 1 0.374116 1.35951 
-4 1.47368 6 1 0.285322 1.28586 
-4 1.89474 6 1 0.206833 1.22076 
-4 2.31579 6 1 0.136952 1.1628 
-4 2.73684 6 1 0.0743374 1.11087 
-4 3.15789 6 1 0.0179118 1.06407 
-4 3.57895 6 1 -0.0331992 1.02168 
-4 4 6 1 -0.0797128 0.983099 
4 3.15789 6 1 -44.899 40.7613 
4 3.57895 6 1 -14.0403 12.1795 
4 4 6 1 -8.68044 7.21519 
-4 -4 6 1 5.72238 5.7954 
-3.57895 -4 6 1 7.98337 8.44762 
-3.15789 -4 6 1 14.3497 15.9155 
-2.73684 -4 6 1 146.177 170.553 
-4 4 6 1 -0.0797128 0.983099 
-3.57895 4 6 1 -0.131415 1.02056 
-3.15789 4 6 1 -0.188468 1.0619 
-2.73684 4 6 1 -0.25175 1.10776 
-2.31579 4 6 1 -0.322339 1.15891 
-1.89474 4 6 1 -0.401578 1.21632 
-1.47368 4 6 1 -0.491161 1.28123 
-1.05263 4 6 1 -0.593255 1.35521 
-0.631579 4 6 1 -0.710677 1.4403 
-0.210526 4 6 1 -0.847159 1.53919 
0.210526 4 6 1 -1.00775 1.65556 
0.631579 4 6 1 -1.19947 1.79447 
1.05263 4 6 1 -1.43232 1.9632 
1.47368 4 6 1 -1.72113 2.17247 
1.89474 4 6 1 -2.08885 2.43892 
2.31579 4 6 1 -2.57292 2.78968 
2.73684 4 6 1 -3.23893 3.27227 
3.15789 4 6 1 -4.21322 3.97824 
3.57895 4 6 1 -5.77425 5.10936 
4 4 6 1 -8.68044 7.21519 
