0.5931 -0.216801 0.503056 0.416107 0 
0.529912 -0.224261 0.442757 0.415651 1 
0.465316 -0.231887 0.381196 0.415186 2 
0.399264 -0.239685 0.318334 0.414711 3 
0.331706 -0.247661 0.254128 0.414226 4 
0.262591 -0.25582 0.188535 0.41373 5 
0.191863 -0.26417 0.121509 0.413224 6 
0.119466 -0.272717 0.0530038 0.412706 7 
0.0453405 -0.281468 -0.0170309 0.412177 8 
-0.0305771 -0.290431 -0.0886469 0.411636 9 
-0.108352 -0.299613 -0.161898 0.411082 10 
-0.188054 -0.309022 -0.236842 0.410516 11 
-0.269754 -0.318667 -0.313536 0.409936 12 
-0.35353 -0.328558 -0.392045 0.409343 13 
-0.439461 -0.338702 -0.472431 0.408735 14 
-0.527632 -0.349112 -0.554765 0.408113 15 
-0.61813 -0.359796 -0.639117 0.407476 16 
-0.71105 -0.370765 -0.725563 0.406823 17 
-0.806491 -0.382033 -0.814181 0.406153 18 
-0.904555 -0.39361 -0.905054 0.405466 19 
0.5931 -0.216801 0.503056 0.416107 40 
0.648026 -0.224712 0.548238 0.452485 41 
0.711719 -0.233887 0.600135 0.49427 42 
0.786459 -0.244652 0.660366 0.542764 43 
0.875394 -0.257462 0.731112 0.599725 44 
0.982993 -0.27296 0.815391 0.667581 45 
1.11582 -0.292092 0.917496 0.749791 46 
1.28392 -0.316305 1.04375 0.851445 47 
1.5035 -0.347934 1.20388 0.980368 48 
1.8025 -0.391 1.41361 1.14923 49 
2.23348 -0.453079 1.70023 1.38 50 
2.90862 -0.550324 2.11551 1.71436 51 
4.11735 -0.724427 2.77113 2.24223 52 
6.90562 -1.12604 3.96075 3.20004 53 
20.2059 -3.04179 6.78491 5.4739 54 
-0.904555 -0.39361 -0.905054 0.405466 60 
-0.976266 -0.420589 -0.971013 0.450478 61 
-1.06304 -0.453236 -1.0496 0.504108 62 
-1.17018 -0.493545 -1.14482 0.569093 63 
-1.30581 -0.544573 -1.2626 0.649465 64 
-1.48304 -0.61125 -1.41201 0.751425 65 
-1.72447 -0.702081 -1.60777 0.885018 66 
-2.07269 -0.833092 -1.87542 1.06767 67 
-2.61871 -1.03852 -2.26346 1.33248 68 
-3.59787 -1.4069 -2.87669 1.75097 69 
-5.86438 -2.25962 -3.99129 2.5116 70 
-16.8284 -6.38455 -6.6472 4.32408 71 
