4 -4 2 1 -0.743093 0.1204 
4 -3.57895 2 1 -0.664043 0.114371 
4 -3.15789 2 1 -0.585374 0.108371 
4 -2.73684 2 1 -0.507083 0.102401 
4 -2.31579 2 1 -0.429168 0.0964584 
4 -1.89474 2 1 -0.351626 0.0905446 
4 -1.47368 2 1 -0.274454 0.0846591 
4 -1.05263 2 1 -0.19765 0.0788016 
4 -0.631579 2 1 -0.121211 0.072972 
4 -0.210526 2 1 -0.0451336 0.0671699 
4 0.210526 2 1 0.0305836 0.0613953 
4 0.631579 2 1 0.105944 0.055648 
4 1.05263 2 1 0.180949 0.0499277 
4 1.47368 2 1 0.255602 0.0442343 
4 1.89474 2 1 0.329905 0.0385675 
4 2.31579 2 1 0.403861 0.0329273 
4 2.73684 2 1 0.477473 0.0273133 
4 3.15789 2 1 0.550741 0.0217254 
4 3.57895 2 1 0.62367 0.0161635 
4 4 2 1 0.696261 0.0106274 
-1.05263 -4 2 1 -9.58573 0.0301646 
-0.631579 -4 2 1 -4.75267 0.0794839 
-0.210526 -4 2 1 -3.16452 0.0956903 
0.210526 -4 2 1 -2.37466 0.10375 
0.631579 -4 2 1 -1.90209 0.108573 
1.05263 -4 2 1 -1.58759 0.111782 
1.47368 -4 2 1 -1.36323 0.114072 
1.89474 -4 2 1 -1.19511 0.115787 
2.31579 -4 2 1 -1.06443 0.117121 
2.73684 -4 2 1 -0.959944 0.118187 
3.15789 -4 2 1 -0.874492 0.119059 
3.57895 -4 2 1 -0.803308 0.119785 
4 -4 2 1 -0.743093 0.1204 
-1.47368 4 2 1 16.8997 -2.6326 
-1.05263 4 2 1 6.16331 -0.8812 
-0.631579 4 2 1 3.76234 -0.489536 
-0.210526 4 2 1 2.70417 -0.316918 
0.210526 4 2 1 2.10847 -0.219744 
0.631579 4 2 1 1.72644 -0.157423 
1.05263 4 2 1 1.46059 -0.114057 
1.47368 4 2 1 1.26493 -0.0821381 
1.89474 4 2 1 1.11489 -0.0576632 
2.31579 4 2 1 0.996194 -0.0383 
2.73684 4 2 1 0.899941 -0.0225985 
3.15789 4 2 1 0.820318 -0.00960973 
3.57895 4 2 1 0.753357 0.0013134 
4 4 2 1 0.696261 0.0106274 
4 -4 6 1 -0.755522 0.936698 
4 -3.57895 6 1 -0.668448 0.927888 
4 -3.15789 6 1 -0.581836 0.919125 
4 -2.73684 6 1 -0.495682 0.910409 
4 -2.31579 6 1 -0.409983 0.901738 
4 -1.89474 6 1 -0.324735 0.893113 
4 -1.47368 6 1 -0.239934 0.884533 
4 -1.05263 6 1 -0.155578 0.875999 
4 -0.631579 6 1 -0.0716623 0.867508 
4 -0.210526 6 1 0.0118162 0.859063 
4 0.210526 6 1 0.0948609 0.85066 
4 0.631579 6 1 0.177475 0.842302 
4 1.05263 6 1 0.259663 0.833987 
4 1.47368 6 1 0.341426 0.825714 
4 1.89474 6 1 0.422769 0.817484 
4 2.31579 6 1 0.503695 0.809297 
4 2.73684 6 1 0.584207 0.801151 
4 3.15789 6 1 0.664307 0.793046 
4 3.57895 6 1 0.744001 0.784983 
4 4 6 1 0.823289 0.776961 
-0.631579 -4 6 1 -11.0454 12.2811 
-0.210526 -4 6 1 -4.86753 5.47014 
0.210526 -4 6 1 -3.1272 3.55144 
0.631579 -4 6 1 -2.30661 2.64676 
1.05263 -4 6 1 -1.82905 2.12025 
1.47368 -4 6 1 -1.51661 1.77579 
1.89474 -4 6 1 -1.29628 1.53288 
2.31579 -4 6 1 -1.13255 1.35237 
2.73684 -4 6 1 -1.0061 1.21296 
3.15789 -4 6 1 -0.905504 1.10205 
3.57895 -4 6 1 -0.823559 1.01171 
4 -4 6 1 -0.755522 0.936698 
-1.05263 4 6 1 27.3975 21.1918 
-0.631579 4 6 1 7.55155 5.94574 
-0.210526 4 6 1 4.37162 3.50286 
0.210526 4 6 1 3.07242 2.50478 
0.631579 4 6 1 2.36624 1.96228 
1.05263 4 6 1 1.9225 1.62139 
1.47368 4 6 1 1.61783 1.38734 
1.89474 4 6 1 1.39571 1.2167 
2.31579 4 6 1 1.22659 1.08678 
2.73684 4 6 1 1.09352 0.984559 
3.15789 4 6 1 0.986091 0.902029 
3.57895 4 6 1 0.897538 0.834001 
4 4 6 1 0.823289 0.776961 
