-0.719688 0.20771 -0.85464 1.01949 0 
-0.772305 0.209391 -0.927752 1.0942 1 
-0.83374 0.211353 -1.01526 1.18364 2 
-0.906409 0.213675 -1.12189 1.2926 3 
-0.993707 0.216464 -1.25466 1.42829 4 
-1.10054 0.219876 -1.42455 1.60191 5 
-1.2343 0.224149 -1.64963 1.83193 6 
-1.40663 0.229654 -1.96202 2.15118 7 
-1.63702 0.237014 -2.42476 2.62408 8 
-1.96077 0.247356 -3.18078 3.3967 9 
-2.44902 0.262953 -4.63822 4.88614 10 
-3.26987 0.289174 -8.61792 8.95322 11 
-4.93871 0.342485 -63.7296 65.2749 12 
0.63874 0.257129 0.699746 1.0378 20 
0.688822 0.262387 0.762605 1.11028 21 
0.746897 0.268485 0.837157 1.19624 22 
0.815042 0.27564 0.926997 1.29983 23 
0.896127 0.284153 1.03736 1.42708 24 
0.994223 0.294453 1.1762 1.58717 25 
1.11531 0.307166 1.35617 1.79467 26 
1.26855 0.323255 1.59869 2.07432 27 
1.46869 0.34427 1.94328 2.47163 28 
1.74119 0.37288 2.4715 3.0807 29 
2.13391 0.414114 3.38351 4.13228 30 
2.74894 0.478689 5.33619 6.38378 31 
3.84957 0.59425 12.477 14.6174 32 
-0.719688 0.20771 -0.85464 1.01949 40 
-0.645296 0.210416 -0.769033 1.0205 41 
-0.571238 0.213111 -0.683867 1.0215 42 
-0.497513 0.215793 -0.599137 1.0225 43 
-0.424116 0.218463 -0.514841 1.02349 44 
-0.351047 0.221121 -0.430975 1.02448 45 
-0.278303 0.223767 -0.347537 1.02546 46 
-0.205882 0.226402 -0.264522 1.02644 47 
-0.133782 0.229025 -0.181927 1.02741 48 
-0.0620006 0.231636 -0.0997502 1.02838 49 
0.00946426 0.234236 -0.0179873 1.02934 50 
0.0806146 0.236825 0.0633646 1.0303 51 
0.151453 0.239402 0.144308 1.03125 52 
0.22198 0.241967 0.224847 1.0322 53 
0.292199 0.244522 0.304985 1.03315 54 
0.362112 0.247065 0.384723 1.03409 55 
0.431721 0.249598 0.464065 1.03502 56 
0.501027 0.252119 0.543014 1.03595 57 
0.570033 0.254629 0.621574 1.03688 58 
0.63874 0.257129 0.699746 1.0378 59 
