-4 -2.31579 2 1 16.2717 1.79768 
-4 -1.89474 2 1 6.22415 0.66168 
-4 -1.47368 2 1 3.81271 0.389034 
-4 -1.05263 2 1 2.7293 0.26654 
-4 -0.631579 2 1 2.11373 0.196942 
-4 -0.210526 2 1 1.71677 0.15206 
-4 0.210526 2 1 1.43953 0.120714 
-4 0.631579 2 1 1.23494 0.0975832 
-4 1.05263 2 1 1.07776 0.0798117 
-4 1.47368 2 1 0.953218 0.0657305 
-4 1.89474 2 1 0.852104 0.0542982 
-4 2.31579 2 1 0.768376 0.0448317 
-4 2.73684 2 1 0.697905 0.036864 
-4 3.15789 2 1 0.637773 0.0300653 
-4 3.57895 2 1 0.585861 0.024196 
-4 4 2 1 0.540591 0.0190776 
4 -1.47368 2 1 -20.5953 6.84679 
4 -1.05263 2 1 -6.30474 2.02876 
4 -0.631579 2 1 -3.7631 1.17185 
4 -0.210526 2 1 -2.70231 0.814208 
4 0.210526 2 1 -2.12015 0.617933 
4 0.631579 2 1 -1.75231 0.493915 
4 1.05263 2 1 -1.49883 0.408457 
4 1.47368 2 1 -1.31356 0.345993 
4 1.89474 2 1 -1.17223 0.298344 
4 2.31579 2 1 -1.06087 0.260799 
4 2.73684 2 1 -0.970857 0.23045 
4 3.15789 2 1 -0.89659 0.205411 
4 3.57895 2 1 -0.83427 0.1844 
4 4 2 1 -0.781228 0.166517 
-4 4 2 1 0.540591 0.0190776 
-3.57895 4 2 1 0.480362 0.0257957 
-3.15789 4 2 1 0.419228 0.0326148 
-2.73684 4 2 1 0.357168 0.0395371 
-2.31579 4 2 1 0.294161 0.0465651 
-1.89474 4 2 1 0.230185 0.0537012 
-1.47368 4 2 1 0.165218 0.0609478 
-1.05263 4 2 1 0.0992362 0.0683076 
-0.631579 4 2 1 0.0322159 0.0757833 
-0.210526 4 2 1 -0.0358676 0.0833775 
0.210526 4 2 1 -0.10504 0.0910932 
0.631579 4 2 1 -0.175327 0.0989333 
1.05263 4 2 1 -0.246757 0.106901 
1.47368 4 2 1 -0.319357 0.114999 
1.89474 4 2 1 -0.393156 0.123231 
2.31579 4 2 1 -0.468185 0.1316 
2.73684 4 2 1 -0.544474 0.140109 
3.15789 4 2 1 -0.622055 0.148763 
3.57895 4 2 1 -0.700962 0.157564 
4 4 2 1 -0.781228 0.166517 
-4 -2.73684 6 1 41.4515 39.2997 
-4 -2.31579 6 1 8.78292 8.37386 
-4 -1.89474 6 1 4.86459 4.66456 
-4 -1.47368 6 1 3.34091 3.22216 
-4 -1.05263 6 1 2.53046 2.45495 
-4 -0.631579 6 1 2.02743 1.97875 
-4 -0.210526 6 1 1.6848 1.65439 
-4 0.210526 6 1 1.43639 1.41924 
-4 0.631579 6 1 1.24803 1.24093 
-4 1.05263 6 1 1.10031 1.10108 
-4 1.47368 6 1 0.981339 0.988464 
-4 1.89474 6 1 0.88348 0.895825 
-4 2.31579 6 1 0.801568 0.818283 
-4 2.73684 6 1 0.732 0.752426 
-4 3.15789 6 1 0.67218 0.695797 
-4 3.57895 6 1 0.620194 0.646584 
-4 4 6 1 0.574597 0.60342 
4 -1.89474 6 1 -107.123 170.264 
4 -1.47368 6 1 -7.4614 11.627 
4 -1.05263 6 1 -3.92192 5.99307 
4 -0.631579 6 1 -2.68556 4.02509 
4 -0.210526 6 1 -2.05621 3.02331 
4 0.210526 6 1 -1.67494 2.41642 
4 0.631579 6 1 -1.41922 2.00938 
4 1.05263 6 1 -1.2358 1.71742 
4 1.47368 6 1 -1.09782 1.49779 
4 1.89474 6 1 -0.99025 1.32657 
4 2.31579 6 1 -0.904038 1.18934 
4 2.73684 6 1 -0.833397 1.0769 
4 3.15789 6 1 -0.774458 0.983082 
4 3.57895 6 1 -0.724535 0.903617 
4 4 6 1 -0.681707 0.835445 
-4 4 6 1 0.574597 0.60342 
-3.57895 4 6 1 0.517001 0.614057 
-3.15789 4 6 1 0.458574 0.624848 
-2.73684 4 6 1 0.399298 0.635795 
-2.31579 4 6 1 0.339154 0.646903 
-1.89474 4 6 1 0.278123 0.658175 
-1.47368 4 6 1 0.216185 0.669614 
-1.05263 4 6 1 0.15332 0.681225 
-0.631579 4 6 1 0.0895068 0.69301 
-0.210526 4 6 1 0.0247239 0.704975 
0.210526 4 6 1 -0.0410512 0.717123 
0.631579 4 6 1 -0.107841 0.729458 
1.05263 4 6 1 -0.17567 0.741985 
1.47368 4 6 1 -0.244562 0.754709 
1.89474 4 6 1 -0.314542 0.767633 
2.31579 4 6 1 -0.385636 0.780764 
2.73684 4 6 1 -0.457872 0.794105 
3.15789 4 6 1 -0.531276 0.807662 
3.57895 4 6 1 -0.605878 0.82144 
4 4 6 1 -0.681707 0.835445 
