-4 -4 2 1 0.486517 -0.200617 
-4 -3.57895 2 1 0.429632 -0.2059 
-4 -3.15789 2 1 0.370744 -0.211368 
-4 -2.73684 2 1 0.309746 -0.217033 
-4 -2.31579 2 1 0.246522 -0.222904 
-4 -1.89474 2 1 0.180947 -0.228993 
-4 -1.47368 2 1 0.112889 -0.235313 
-4 -1.05263 2 1 0.0422041 -0.241877 
-4 -0.631579 2 1 -0.0312639 -0.2487 
-4 -0.210526 2 1 -0.107682 -0.255796 
-4 0.210526 2 1 -0.187232 -0.263183 
-4 0.631579 2 1 -0.270109 -0.270879 
-4 1.05263 2 1 -0.356528 -0.278904 
-4 1.47368 2 1 -0.446721 -0.28728 
-4 1.89474 2 1 -0.540939 -0.296029 
-4 2.31579 2 1 -0.639458 -0.305178 
-4 2.73684 2 1 -0.742581 -0.314754 
-4 3.15789 2 1 -0.850638 -0.324789 
-4 3.57895 2 1 -0.96399 -0.335315 
-4 4 2 1 -1.08304 -0.34637 
-4 -4 2 1 0.486517 -0.200617 
-3.57895 -4 2 1 0.537124 -0.202896 
-3.15789 -4 2 1 0.595087 -0.205506 
-2.73684 -4 2 1 0.662138 -0.208525 
-2.31579 -4 2 1 0.740595 -0.212057 
-1.89474 -4 2 1 0.833639 -0.216247 
-1.47368 -4 2 1 0.945755 -0.221295 
-1.05263 -4 2 1 1.08348 -0.227496 
-0.631579 -4 2 1 1.25671 -0.235296 
-0.210526 -4 2 1 1.48121 -0.245404 
0.210526 -4 2 1 1.78371 -0.259024 
0.631579 -4 2 1 2.2134 -0.278371 
1.05263 -4 2 1 2.87181 -0.308017 
1.47368 -4 2 1 4.00786 -0.359168 
1.89474 -4 2 1 6.43707 -0.468545 
2.31579 -4 2 1 15.2842 -0.866893 
-4 4 2 1 -1.08304 -0.34637 
-3.57895 4 2 1 -1.16816 -0.364928 
-3.15789 4 2 1 -1.27292 -0.387768 
-2.73684 4 2 1 -1.40502 -0.416568 
-2.31579 4 2 1 -1.57674 -0.454008 
-1.89474 4 2 1 -1.80909 -0.504664 
-1.47368 4 2 1 -2.14103 -0.577033 
-1.05263 4 2 1 -2.65405 -0.688884 
-0.631579 4 2 1 -3.55195 -0.884644 
-0.210526 4 2 1 -5.52778 -1.31541 
0.210526 4 2 1 -13.4373 -3.03985 
-4 -4 6 1 0.406721 0.386199 
-4 -3.57895 6 1 0.353495 0.390647 
-4 -3.15789 6 1 0.29856 0.395238 
-4 -2.73684 6 1 0.241833 0.399978 
-4 -2.31579 6 1 0.183223 0.404876 
-4 -1.89474 6 1 0.122636 0.409939 
-4 -1.47368 6 1 0.0599693 0.415176 
-4 -1.05263 6 1 -0.00488515 0.420595 
-4 -0.631579 6 1 -0.0720444 0.426208 
-4 -0.210526 6 1 -0.141633 0.432023 
-4 0.210526 6 1 -0.213787 0.438052 
-4 0.631579 6 1 -0.288648 0.444308 
-4 1.05263 6 1 -0.366374 0.450803 
-4 1.47368 6 1 -0.447131 0.457552 
-4 1.89474 6 1 -0.5311 0.464569 
-4 2.31579 6 1 -0.618477 0.471871 
-4 2.73684 6 1 -0.709474 0.479475 
-4 3.15789 6 1 -0.80432 0.487401 
-4 3.57895 6 1 -0.903264 0.495669 
-4 4 6 1 -1.00658 0.504303 
-4 -4 6 1 0.406721 0.386199 
-3.57895 -4 6 1 0.447834 0.420297 
-3.15789 -4 6 1 0.494348 0.458874 
-2.73684 -4 6 1 0.547402 0.502876 
-2.31579 -4 6 1 0.60848 0.553533 
-1.89474 -4 6 1 0.679552 0.612478 
-1.47368 -4 6 1 0.763289 0.681926 
-1.05263 -4 6 1 0.863406 0.764961 
-0.631579 -4 6 1 0.985232 0.866 
-0.210526 -4 6 1 1.13669 0.991612 
0.210526 -4 6 1 1.33007 1.152 
0.631579 -4 6 1 1.58561 1.36393 
1.05263 -4 6 1 1.93898 1.65701 
1.47368 -4 6 1 2.45967 2.08886 
1.89474 -4 6 1 3.30341 2.78863 
2.31579 -4 6 1 4.90602 4.11779 
2.73684 -4 6 1 9.12794 7.61933 
3.15789 -4 6 1 51.0989 42.4288 
-4 4 6 1 -1.00658 0.504303 
-3.57895 4 6 1 -1.07362 0.564602 
-3.15789 4 6 1 -1.15389 0.636804 
-2.73684 4 6 1 -1.25173 0.724818 
-2.31579 4 6 1 -1.37364 0.834475 
-1.89474 4 6 1 -1.52974 0.974882 
-1.47368 4 6 1 -1.73674 1.16108 
-1.05263 4 6 1 -2.0244 1.41983 
-0.631579 4 6 1 -2.45127 1.8038 
-0.210526 4 6 1 -3.15068 2.43291 
0.210526 4 6 1 -4.50598 3.65201 
0.631579 4 6 1 -8.25446 7.02376 
1.05263 4 6 1 -68.5209 61.2333 
