0.20597 -0.121356 0.197146 0.38291 0 
0.161669 -0.117789 0.15702 0.400532 1 
0.114461 -0.113987 0.114534 0.419191 2 
0.0640532 -0.109928 0.0694714 0.43898 3 
0.0101068 -0.105584 0.0215921 0.460007 4 
-0.0477637 -0.100924 -0.029377 0.482391 5 
-0.110003 -0.0959123 -0.0837449 0.506267 6 
-0.177124 -0.0905074 -0.141863 0.531791 7 
-0.249727 -0.0846612 -0.204134 0.559138 8 
-0.328509 -0.0783172 -0.27102 0.588511 9 
-0.414297 -0.0714093 -0.343051 0.620145 10 
-0.508066 -0.0638585 -0.420847 0.65431 11 
-0.610987 -0.0555709 -0.505129 0.691324 12 
-0.724466 -0.0464331 -0.596742 0.731556 13 
-0.850217 -0.036307 -0.696686 0.775448 14 
-0.990345 -0.0250233 -0.806152 0.823522 15 
-1.14746 -0.0123715 -0.92657 0.876405 16 
-1.32486 0.00191348 -1.05967 0.934857 17 
-1.52674 0.0181695 -1.20756 0.999806 18 
-1.75854 0.0368349 -1.37286 1.0724 19 
10.2493 0.595371 4.39328 3.17981 20 
15.8102 1.1285 4.94587 3.8554 21 
41.406 3.58233 5.77116 4.86439 22 
0.20597 -0.121356 0.197146 0.38291 40 
0.249654 -0.118238 0.235986 0.408799 41 
0.298029 -0.114786 0.278553 0.437172 42 
0.351894 -0.110942 0.325411 0.468404 43 
0.412241 -0.106636 0.377243 0.502953 44 
0.480314 -0.101778 0.434886 0.541374 45 
0.557698 -0.0962552 0.499374 0.584358 46 
0.646445 -0.089922 0.572004 0.632769 47 
0.749254 -0.0825851 0.654421 0.687703 48 
0.869756 -0.0739857 0.748748 0.750576 49 
1.01295 -0.0637669 0.857765 0.823241 50 
1.18591 -0.0514241 0.985197 0.908179 51 
1.39898 -0.0362179 1.13614 1.00879 52 
1.66798 -0.0170215 1.31775 1.12984 53 
2.01822 0.00797308 1.54045 1.27828 54 
2.49307 0.0418601 1.81995 1.46458 55 
3.17342 0.090412 2.18117 1.70534 56 
4.22948 0.165777 2.66606 2.02855 57 
6.09123 0.298638 3.35128 2.48527 58 
10.2493 0.595371 4.39328 3.17981 59 
-1.75854 0.0368349 -1.37286 1.0724 60 
-1.90494 0.0658362 -1.44663 1.20067 61 
-2.09596 0.103674 -1.5372 1.35815 62 
-2.35564 0.155114 -1.65103 1.5561 63 
-2.72911 0.229096 -1.79843 1.8124 64 
-3.31219 0.344597 -1.99681 2.15734 65 
-4.35012 0.550201 -2.27812 2.64651 66 
-6.71553 1.01876 -2.70815 3.39427 67 
-17.4723 3.14957 -3.44718 4.67932 68 
