-4 -4 2 1 3.3217 0.87696 
-4 -3.57895 2 1 2.66358 0.770377 
-4 -3.15789 2 1 2.17785 0.691712 
-4 -2.73684 2 1 1.80461 0.631266 
-4 -2.31579 2 1 1.50884 0.583367 
-4 -1.89474 2 1 1.26869 0.544475 
-4 -1.47368 2 1 1.06982 0.512268 
-4 -1.05263 2 1 0.902433 0.485159 
-4 -0.631579 2 1 0.759594 0.462026 
-4 -0.210526 2 1 0.636274 0.442054 
-4 0.210526 2 1 0.528729 0.424637 
-4 0.631579 2 1 0.434113 0.409314 
-4 1.05263 2 1 0.350227 0.395729 
-4 1.47368 2 1 0.275344 0.383601 
-4 1.89474 2 1 0.208089 0.372709 
-4 2.31579 2 1 0.147351 0.362873 
-4 2.73684 2 1 0.0922288 0.353946 
-4 3.15789 2 1 0.0419767 0.345807 
-4 3.57895 2 1 -0.00402319 0.338358 
-4 4 2 1 -0.0462886 0.331513 
4 1.89474 2 1 -65.2875 13.0319 
4 2.31579 2 1 -13.1603 2.59532 
4 2.73684 2 1 -7.73341 1.50879 
4 3.15789 2 1 -5.66432 1.09453 
4 3.57895 2 1 -4.57297 0.876025 
4 4 2 1 -3.89876 0.74104 
-4 -4 2 1 3.3217 0.87696 
-3.57895 -4 2 1 3.83717 1.02212 
-3.15789 -4 2 1 4.64565 1.24979 
-2.73684 -4 2 1 6.09617 1.65826 
-2.31579 -4 2 1 9.45725 2.60476 
-1.89474 -4 2 1 25.7847 7.20265 
-4 4 2 1 -0.0462886 0.331513 
-3.57895 4 2 1 -0.0912162 0.336289 
-3.15789 4 2 1 -0.140205 0.341496 
-2.73684 4 2 1 -0.193833 0.347197 
-2.31579 4 2 1 -0.25279 0.353464 
-1.89474 4 2 1 -0.317913 0.360387 
-1.47368 4 2 1 -0.390222 0.368074 
-1.05263 4 2 1 -0.470978 0.376658 
-0.631579 4 2 1 -0.56175 0.386308 
-0.210526 4 2 1 -0.664526 0.397233 
0.210526 4 2 1 -0.781855 0.409705 
0.631579 4 2 1 -0.917065 0.424078 
1.05263 4 2 1 -1.07458 0.440823 
1.47368 4 2 1 -1.26042 0.460578 
1.89474 4 2 1 -1.48297 0.484235 
2.31579 4 2 1 -1.7543 0.513078 
2.73684 4 2 1 -2.09243 0.549023 
3.15789 4 2 1 -2.5255 0.595059 
3.57895 4 2 1 -3.1 0.65613 
4 4 2 1 -3.89876 0.74104 
-4 -4 6 1 6.17916 6.22577 
-4 -3.57895 6 1 4.36129 4.7019 
-4 -3.15789 6 1 3.27435 3.79074 
-4 -2.73684 6 1 2.55129 3.18463 
-4 -2.31579 6 1 2.03559 2.75233 
-4 -1.89474 6 1 1.64924 2.42845 
-4 -1.47368 6 1 1.34899 2.17676 
-4 -1.05263 6 1 1.10894 1.97554 
-4 -0.631579 6 1 0.912643 1.81098 
-4 -0.210526 6 1 0.749132 1.67392 
-4 0.210526 6 1 0.610827 1.55798 
-4 0.631579 6 1 0.492316 1.45864 
-4 1.05263 6 1 0.389634 1.37256 
-4 1.47368 6 1 0.299808 1.29726 
-4 1.89474 6 1 0.220566 1.23083 
-4 2.31579 6 1 0.150142 1.1718 
-4 2.73684 6 1 0.0871402 1.11899 
-4 3.15789 6 1 0.0304471 1.07146 
-4 3.57895 6 1 -0.02084 1.02847 
-4 4 6 1 -0.0674591 0.98939 
4 3.15789 6 1 -32.6637 29.9677 
4 3.57895 6 1 -12.5376 11.0003 
4 4 6 1 -8.06761 6.78776 
-4 -4 6 1 6.17916 6.22577 
-3.57895 -4 6 1 8.89134 9.36578 
-3.15789 -4 6 1 17.5492 19.3894 
-4 4 6 1 -0.0674591 0.98939 
-3.57895 4 6 1 -0.119125 1.02684 
-3.15789 4 6 1 -0.176085 1.06812 
-2.73684 4 6 1 -0.239198 1.11386 
-2.31579 4 6 1 -0.309516 1.16483 
-1.89474 4 6 1 -0.388348 1.22196 
-1.47368 4 6 1 -0.477341 1.28647 
-1.05263 4 6 1 -0.578593 1.35985 
-0.631579 4 6 1 -0.694827 1.44409 
-0.210526 4 6 1 -0.829632 1.5418 
0.210526 4 6 1 -0.987845 1.65647 
0.631579 4 6 1 -1.17614 1.79294 
1.05263 4 6 1 -1.40401 1.9581 
1.47368 4 6 1 -1.68538 2.16203 
1.89474 4 6 1 -2.04161 2.42022 
2.31579 4 6 1 -2.50715 2.75764 
2.73684 4 6 1 -3.14144 3.21736 
3.15789 4 6 1 -4.05654 3.8806 
3.57895 4 6 1 -5.49193 4.92095 
4 4 6 1 -8.06761 6.78776 
