-4 -1.89474 2 1 9.94043 0.204912 
-4 -1.47368 2 1 4.9244 0.0527431 
-4 -1.05263 2 1 3.25913 0.00222445 
-4 -0.631579 2 1 2.42775 -0.0229967 
-4 -0.210526 2 1 1.92933 -0.0381173 
-4 0.210526 2 1 1.59721 -0.0481926 
-4 0.631579 2 1 1.36006 -0.0553867 
-4 1.05263 2 1 1.18225 -0.060781 
-4 1.47368 2 1 1.04398 -0.0649757 
-4 1.89474 2 1 0.933375 -0.068331 
-4 2.31579 2 1 0.842894 -0.0710759 
-4 2.73684 2 1 0.767501 -0.073363 
-4 3.15789 2 1 0.703711 -0.0752982 
-4 3.57895 2 1 0.649039 -0.0769568 
-4 4 2 1 0.601659 -0.0783941 
4 -1.47368 2 1 -9.22459 1.84722 
4 -1.05263 2 1 -4.63768 0.873231 
4 -0.631579 2 1 -3.11106 0.549068 
4 -0.210526 2 1 -2.3482 0.38708 
4 0.210526 2 1 -1.89062 0.289918 
4 0.631579 2 1 -1.58563 0.225155 
4 1.05263 2 1 -1.36781 0.178902 
4 1.47368 2 1 -1.20446 0.144216 
4 1.89474 2 1 -1.07741 0.11724 
4 2.31579 2 1 -0.975787 0.0956598 
4 2.73684 2 1 -0.892641 0.0780044 
4 3.15789 2 1 -0.823355 0.0632922 
4 3.57895 2 1 -0.764731 0.0508438 
4 4 2 1 -0.714483 0.040174 
-4 4 2 1 0.601659 -0.0783941 
-3.57895 4 2 1 0.536764 -0.0725479 
-3.15789 4 2 1 0.471412 -0.0666605 
-2.73684 4 2 1 0.405598 -0.0607315 
-2.31579 4 2 1 0.339318 -0.0547604 
-1.89474 4 2 1 0.272565 -0.0487468 
-1.47368 4 2 1 0.205336 -0.0426903 
-1.05263 4 2 1 0.137624 -0.0365903 
-0.631579 4 2 1 0.0694255 -0.0304464 
-0.210526 4 2 1 0.000734343 -0.0242582 
0.210526 4 2 1 -0.0684547 -0.0180251 
0.631579 4 2 1 -0.138147 -0.0117467 
1.05263 4 2 1 -0.208348 -0.00542245 
1.47368 4 2 1 -0.279064 0.000948143 
1.89474 4 2 1 -0.350299 0.00736559 
2.31579 4 2 1 -0.422061 0.0138304 
2.73684 4 2 1 -0.494354 0.0203431 
3.15789 4 2 1 -0.567185 0.0269043 
3.57895 4 2 1 -0.640559 0.0335144 
4 4 2 1 -0.714483 0.040174 
-4 -2.31579 6 1 11.0024 10.0042 
-4 -1.89474 6 1 5.40792 4.89568 
-4 -1.47368 6 1 3.57113 3.21844 
-4 -1.05263 6 1 2.65789 2.38454 
-4 -0.631579 6 1 2.11159 1.8857 
-4 -0.210526 6 1 1.74808 1.55376 
-4 0.210526 6 1 1.48876 1.31696 
-4 0.631579 6 1 1.29445 1.13953 
-4 1.05263 6 1 1.14342 1.00163 
-4 1.47368 6 1 1.02267 0.891369 
-4 1.89474 6 1 0.923923 0.801196 
-4 2.31579 6 1 0.841662 0.726081 
-4 2.73684 6 1 0.772078 0.662542 
-4 3.15789 6 1 0.71245 0.608094 
-4 3.57895 6 1 0.660785 0.560917 
-4 4 6 1 0.615587 0.519645 
4 -1.89474 6 1 -8.48586 11.6367 
4 -1.47368 6 1 -4.23395 5.71385 
4 -1.05263 6 1 -2.83439 3.76427 
4 -0.631579 6 1 -2.13788 2.79405 
4 -0.210526 6 1 -1.72103 2.21337 
4 0.210526 6 1 -1.44355 1.82686 
4 0.631579 6 1 -1.24557 1.55107 
4 1.05263 6 1 -1.0972 1.34439 
4 1.47368 6 1 -0.98187 1.18373 
4 1.89474 6 1 -0.889649 1.05527 
4 2.31579 6 1 -0.814223 0.950203 
4 2.73684 6 1 -0.751388 0.862675 
4 3.15789 6 1 -0.698233 0.788631 
4 3.57895 6 1 -0.652683 0.72518 
4 4 6 1 -0.613213 0.670199 
-4 4 6 1 0.615587 0.519645 
-3.57895 4 6 1 0.554746 0.527099 
-3.15789 4 6 1 0.493503 0.534603 
-2.73684 4 6 1 0.431855 0.542156 
-2.31579 4 6 1 0.369796 0.549759 
-1.89474 4 6 1 0.307324 0.557414 
-1.47368 4 6 1 0.244433 0.565119 
-1.05263 4 6 1 0.181119 0.572876 
-0.631579 4 6 1 0.117379 0.580686 
-0.210526 4 6 1 0.0532074 0.588548 
0.210526 4 6 1 -0.0113995 0.596464 
0.631579 4 6 1 -0.0764463 0.604434 
1.05263 4 6 1 -0.141938 0.612458 
1.47368 4 6 1 -0.207878 0.620537 
1.89474 4 6 1 -0.274272 0.628671 
2.31579 4 6 1 -0.341124 0.636862 
2.73684 4 6 1 -0.40844 0.64511 
3.15789 4 6 1 -0.476223 0.653415 
3.57895 4 6 1 -0.544479 0.661777 
4 4 6 1 -0.613213 0.670199 
