4 -4 2 1 -0.549605 0.241411 
4 -3.57895 2 1 -0.485442 0.236552 
4 -3.15789 2 1 -0.42004 0.231599 
4 -2.73684 2 1 -0.353364 0.226549 
4 -2.31579 2 1 -0.285376 0.221401 
4 -1.89474 2 1 -0.216037 0.216149 
4 -1.47368 2 1 -0.145307 0.210793 
4 -1.05263 2 1 -0.0731428 0.205328 
4 -0.631579 2 1 0.000499244 0.199751 
4 -0.210526 2 1 0.0756651 0.194058 
4 0.210526 2 1 0.152402 0.188247 
4 0.631579 2 1 0.230761 0.182312 
4 1.05263 2 1 0.310793 0.176251 
4 1.47368 2 1 0.392553 0.170059 
4 1.89474 2 1 0.476096 0.163732 
4 2.31579 2 1 0.561483 0.157266 
4 2.73684 2 1 0.648775 0.150655 
4 3.15789 2 1 0.738035 0.143895 
4 3.57895 2 1 0.829332 0.136981 
4 4 2 1 0.922737 0.129907 
-1.89474 -4 2 1 -20.9487 6.95855 
-1.47368 -4 2 1 -6.62954 2.24345 
-1.05263 -4 2 1 -3.89217 1.34207 
-0.631579 -4 2 1 -2.73131 0.959815 
-0.210526 -4 2 1 -2.08953 0.748488 
0.210526 -4 2 1 -1.6823 0.61439 
0.631579 -4 2 1 -1.40089 0.521727 
1.05263 -4 2 1 -1.1948 0.453865 
1.47368 -4 2 1 -1.03736 0.402021 
1.89474 -4 2 1 -0.913157 0.361124 
2.31579 -4 2 1 -0.812676 0.328037 
2.73684 -4 2 1 -0.72971 0.300717 
3.15789 -4 2 1 -0.660049 0.277779 
3.57895 -4 2 1 -0.600728 0.258245 
4 -4 2 1 -0.549605 0.241411 
-0.631579 4 2 1 10.8288 1.58749 
-0.210526 4 2 1 5.11274 0.746428 
0.210526 4 2 1 3.37985 0.491449 
0.631579 4 2 1 2.54249 0.368239 
1.05263 4 2 1 2.049 0.295627 
1.47368 4 2 1 1.72365 0.247755 
1.89474 4 2 1 1.49302 0.213819 
2.31579 4 2 1 1.32099 0.188507 
2.73684 4 2 1 1.18775 0.168902 
3.15789 4 2 1 1.08151 0.15327 
3.57895 4 2 1 0.994822 0.140514 
4 4 2 1 0.922737 0.129907 
4 -4 6 1 -0.493373 0.917912 
4 -3.57895 6 1 -0.427424 0.919547 
4 -3.15789 6 1 -0.360177 0.921215 
4 -2.73684 6 1 -0.291595 0.922916 
4 -2.31579 6 1 -0.221637 0.924651 
4 -1.89474 6 1 -0.15026 0.926421 
4 -1.47368 6 1 -0.0774224 0.928228 
4 -1.05263 6 1 -0.00307776 0.930072 
4 -0.631579 6 1 0.072821 0.931954 
4 -0.210526 6 1 0.150323 0.933876 
4 0.210526 6 1 0.22948 0.93584 
4 0.631579 6 1 0.310345 0.937845 
4 1.05263 6 1 0.392974 0.939895 
4 1.47368 6 1 0.477426 0.941989 
4 1.89474 6 1 0.563761 0.94413 
4 2.31579 6 1 0.652043 0.94632 
4 2.73684 6 1 0.742339 0.948559 
4 3.15789 6 1 0.834719 0.950851 
4 3.57895 6 1 0.929255 0.953195 
4 4 6 1 1.02602 0.955595 
-1.89474 -4 6 1 -44.4609 63.7068 
-1.47368 -4 6 1 -7.33776 10.6922 
-1.05263 -4 6 1 -3.94134 5.84185 
-0.631579 -4 6 1 -2.66674 4.02164 
-0.210526 -4 6 1 -1.9989 3.06791 
0.210526 -4 6 1 -1.58784 2.48089 
0.631579 -4 6 1 -1.30936 2.0832 
1.05263 -4 6 1 -1.10821 1.79595 
1.47368 -4 6 1 -0.956121 1.57875 
1.89474 -4 6 1 -0.837088 1.40876 
2.31579 -4 6 1 -0.74139 1.2721 
2.73684 -4 6 1 -0.66278 1.15984 
3.15789 -4 6 1 -0.597055 1.06598 
3.57895 -4 6 1 -0.541287 0.986336 
4 -4 6 1 -0.493373 0.917912 
-0.631579 4 6 1 17.3173 18.241 
-0.210526 4 6 1 6.57303 6.84109 
0.210526 4 6 1 4.09734 4.21433 
0.631579 4 6 1 2.99748 3.04736 
1.05263 4 6 1 2.37595 2.3879 
1.47368 4 6 1 1.97644 1.96401 
1.89474 4 6 1 1.69801 1.66859 
2.31579 4 6 1 1.49287 1.45093 
2.73684 4 6 1 1.33544 1.28389 
3.15789 4 6 1 1.21081 1.15166 
3.57895 4 6 1 1.1097 1.04438 
4 4 6 1 1.02602 0.955595 
