4 -4 2 1 -1.11347 0.129691 
4 -3.57895 2 1 -0.992553 0.130699 
4 -3.15789 2 1 -0.877799 0.131656 
4 -2.73684 2 1 -0.768746 0.132565 
4 -2.31579 2 1 -0.664978 0.13343 
4 -1.89474 2 1 -0.56612 0.134254 
4 -1.47368 2 1 -0.471833 0.13504 
4 -1.05263 2 1 -0.381806 0.13579 
4 -0.631579 2 1 -0.295757 0.136507 
4 -0.210526 2 1 -0.213428 0.137193 
4 0.210526 2 1 -0.134583 0.137851 
4 0.631579 2 1 -0.0590056 0.138481 
4 1.05263 2 1 0.0135039 0.139085 
4 1.47368 2 1 0.083128 0.139665 
4 1.89474 2 1 0.150036 0.140223 
4 2.31579 2 1 0.214383 0.14076 
4 2.73684 2 1 0.276314 0.141276 
4 3.15789 2 1 0.335963 0.141773 
4 3.57895 2 1 0.393453 0.142252 
4 4 2 1 0.448899 0.142714 
-0.210526 -4 2 1 -11.0257 -0.77665 
0.210526 -4 2 1 -5.14963 -0.239363 
0.631579 -4 2 1 -3.43176 -0.0822856 
1.05263 -4 2 1 -2.61182 -0.00731312 
1.47368 -4 2 1 -2.13166 0.0365908 
1.89474 -4 2 1 -1.81633 0.0654237 
2.31579 -4 2 1 -1.59338 0.085809 
2.73684 -4 2 1 -1.42741 0.100985 
3.15789 -4 2 1 -1.29905 0.112722 
3.57895 -4 2 1 -1.19682 0.12207 
4 -4 2 1 -1.11347 0.129691 
-2.73684 4 2 1 34.7755 -2.71407 
-2.31579 4 2 1 8.72994 -0.546463 
-1.89474 4 2 1 4.88402 -0.226392 
-1.47368 4 2 1 3.33658 -0.0976089 
-1.05263 4 2 1 2.50119 -0.0280843 
-0.631579 4 2 1 1.97829 0.0154327 
-0.210526 4 2 1 1.62018 0.045236 
0.210526 4 2 1 1.35956 0.0669257 
0.631579 4 2 1 1.16139 0.0834181 
1.05263 4 2 1 1.00563 0.0963813 
1.47368 4 2 1 0.879975 0.106839 
1.89474 4 2 1 0.776469 0.115453 
2.31579 4 2 1 0.68973 0.122672 
2.73684 4 2 1 0.615989 0.128809 
3.15789 4 2 1 0.552528 0.13409 
3.57895 4 2 1 0.497337 0.138683 
4 4 2 1 0.448899 0.142714 
4 -4 6 1 -1.35447 1.27929 
4 -3.57895 6 1 -1.19942 1.2439 
4 -3.15789 6 1 -1.05394 1.21069 
4 -2.73684 6 1 -0.917174 1.17947 
4 -2.31579 6 1 -0.788362 1.15007 
4 -1.89474 6 1 -0.66683 1.12233 
4 -1.47368 6 1 -0.551977 1.09611 
4 -1.05263 6 1 -0.443266 1.0713 
4 -0.631579 6 1 -0.340219 1.04778 
4 -0.210526 6 1 -0.242404 1.02545 
4 0.210526 6 1 -0.149431 1.00423 
4 0.631579 6 1 -0.0609514 0.984034 
4 1.05263 6 1 0.0233544 0.964791 
4 1.47368 6 1 0.103775 0.946434 
4 1.89474 6 1 0.180571 0.928905 
4 2.31579 6 1 0.253985 0.912148 
4 2.73684 6 1 0.324233 0.896113 
4 3.15789 6 1 0.391517 0.880755 
4 3.57895 6 1 0.45602 0.866032 
4 4 6 1 0.517912 0.851905 
0.631579 -4 6 1 -11.568 11.6344 
1.05263 -4 6 1 -5.40853 5.38956 
1.47368 -4 6 1 -3.60162 3.55759 
1.89474 -4 6 1 -2.73819 2.6822 
2.31579 -4 6 1 -2.23227 2.16926 
2.73684 -4 6 1 -1.8999 1.83228 
3.15789 -4 6 1 -1.66485 1.59398 
3.57895 -4 6 1 -1.48984 1.41654 
4 -4 6 1 -1.35447 1.27929 
-1.89474 4 6 1 32.9662 26.708 
-1.47368 4 6 1 8.3378 7.08311 
-1.05263 4 6 1 4.66528 4.1567 
-0.631579 4 6 1 3.18498 2.97714 
-0.210526 4 6 1 2.38521 2.33984 
0.210526 4 6 1 1.88438 1.94076 
0.631579 4 6 1 1.54128 1.66737 
1.05263 4 6 1 1.29154 1.46836 
1.47368 4 6 1 1.10161 1.31702 
1.89474 4 6 1 0.952309 1.19805 
2.31579 4 6 1 0.831855 1.10207 
2.73684 4 6 1 0.732625 1.023 
3.15789 4 6 1 0.649464 0.956731 
3.57895 4 6 1 0.578761 0.900392 
4 4 6 1 0.517912 0.851905 
