-0.134055 0.13584 -0.0815462 0.68362 0 
-0.171929 0.1446 -0.117237 0.720971 1 
-0.213893 0.154307 -0.156841 0.762417 2 
-0.260647 0.165121 -0.201038 0.80867 3 
-0.313061 0.177245 -0.250676 0.860617 4 
-0.372228 0.190931 -0.306827 0.91938 5 
-0.439545 0.206501 -0.370862 0.986393 6 
-0.516818 0.224375 -0.444567 1.06353 7 
-0.606434 0.245104 -0.53031 1.15326 8 
-0.711607 0.269431 -0.631305 1.25895 9 
-0.836771 0.298382 -0.752017 1.38528 10 
-0.988227 0.333414 -0.898846 1.53893 11 
-1.17523 0.376669 -1.08129 1.72987 12 
-1.41196 0.431425 -1.31411 1.97352 13 
-1.72129 0.502975 -1.6215 2.2952 14 
-2.14266 0.600441 -2.04611 2.73957 15 
-2.75042 0.74102 -2.67082 3.39333 16 
-3.70337 0.961441 -3.68063 4.45012 17 
-5.41219 1.3567 -5.59035 6.44866 18 
-9.36734 2.27155 -10.5697 11.6596 19 
1.78965 0.0686931 1.97233 1.33574 20 
1.93742 0.0816533 2.14901 1.51292 21 
2.12733 0.0983086 2.37813 1.7427 22 
2.38039 0.120502 2.68712 2.05257 23 
2.73437 0.151548 3.12656 2.49326 24 
3.2647 0.198059 3.80115 3.16977 25 
4.14687 0.275428 4.96861 4.34055 26 
5.90481 0.429604 7.47992 6.85902 27 
11.128 0.887693 16.802 16.2077 28 
-0.134055 0.13584 -0.0815462 0.68362 40 
-0.0882266 0.13424 -0.0334518 0.69889 41 
-0.0395237 0.13254 0.0177032 0.715132 42 
0.0123331 0.13073 0.0722207 0.732442 43 
0.0676603 0.128799 0.130443 0.750928 44 
0.126818 0.126734 0.192762 0.770715 45 
0.190219 0.124521 0.259626 0.791945 46 
0.258337 0.122143 0.331549 0.814781 47 
0.331718 0.119582 0.40913 0.839414 48 
0.410996 0.116815 0.493063 0.866063 49 
0.496913 0.113816 0.584161 0.894988 50 
0.590338 0.110555 0.683383 0.926491 51 
0.692301 0.106996 0.791866 0.960936 52 
0.804029 0.103096 0.91097 0.998752 53 
0.926994 0.0988041 1.04234 1.04046 54 
1.06298 0.0940574 1.18796 1.0867 55 
1.21418 0.08878 1.3503 1.13824 56 
1.38328 0.0828775 1.5324 1.19606 57 
1.57367 0.0762317 1.73811 1.26138 58 
1.78965 0.0686931 1.97233 1.33574 59 
-9.36734 2.27155 -10.5697 11.6596 60 
-14.4767 3.6491 -19.0364 22.5374 61 
-39.5374 10.4058 -337.962 432.283 62 
