15.1054 0.461579 6.68484 7.33478 12 
7.19391 0.20658 4.46751 4.58752 13 
4.908 0.132902 3.4585 3.33737 14 
3.82119 0.0978734 2.88161 2.6226 15 
3.18603 0.0774014 2.5082 2.15996 16 
2.76941 0.0639732 2.24676 1.83603 17 
2.4751 0.0544872 2.05349 1.59657 18 
2.25613 0.0474295 1.9048 1.41235 19 
-4.87518 -0.749792 -4.1252 2.30974 20 
-3.54319 -0.572854 -3.16483 1.85595 21 
-2.72018 -0.463528 -2.51978 1.55116 22 
-2.16121 -0.389277 -2.05666 1.33232 23 
-1.75679 -0.335554 -1.70801 1.16758 24 
-1.4506 -0.29488 -1.43606 1.03908 25 
-1.21073 -0.263017 -1.21801 0.93605 26 
-1.01773 -0.23738 -1.03928 0.851596 27 
-0.859096 -0.216307 -0.890111 0.781112 28 
-0.726395 -0.198679 -0.763732 0.721396 29 
-0.613749 -0.183716 -0.65529 0.670155 30 
-0.51693 -0.170855 -0.56122 0.625705 31 
-0.432822 -0.159682 -0.478841 0.58678 32 
-0.359077 -0.149886 -0.406102 0.55241 33 
-0.293889 -0.141227 -0.341405 0.521839 34 
-0.235852 -0.133517 -0.283485 0.494471 35 
-0.183849 -0.126609 -0.231331 0.469828 36 
-0.136987 -0.120384 -0.184123 0.447521 37 
-0.0945385 -0.114745 -0.141188 0.427234 38 
-0.0559084 -0.109614 -0.101972 0.408703 39 
-59.6049 -9.26753 -12.2291 9.51508 55 
-13.3628 -2.07075 -7.66038 5.45296 56 
-8.03063 -1.24088 -5.78683 3.78714 57 
-5.96904 -0.920033 -4.76678 2.88019 58 
-4.87518 -0.749792 -4.1252 2.30974 59 
2.25613 0.0474295 1.9048 1.41235 60 
1.94049 0.02599 1.64615 1.28299 61 
1.6762 0.00803848 1.42603 1.1729 62 
1.45168 -0.00721219 1.23644 1.07808 63 
1.25857 -0.0203289 1.07143 0.995555 64 
1.09072 -0.0317302 0.926516 0.92308 65 
0.943468 -0.041732 0.798238 0.858924 66 
0.813248 -0.0505771 0.683886 0.801734 67 
0.697266 -0.0584552 0.581309 0.750432 68 
0.593306 -0.0655166 0.488777 0.704154 69 
0.499592 -0.071882 0.404884 0.662197 70 
0.41468 -0.0776496 0.328474 0.623982 71 
0.337386 -0.0828997 0.258588 0.58903 72 
0.266729 -0.0876991 0.194425 0.55694 73 
0.201888 -0.0921033 0.13531 0.527375 74 
0.142175 -0.0961593 0.0806696 0.500048 75 
0.0870041 -0.0999067 0.030014 0.474714 76 
0.0358758 -0.10338 -0.0170772 0.451162 77 
-0.0116384 -0.106607 -0.0609674 0.429211 78 
-0.0559084 -0.109614 -0.101972 0.408703 79 
