20.8592 -0.68163 3.8752 3.90085 8 
6.83076 -0.351462 2.85141 2.71986 9 
4.18909 -0.289289 2.28561 2.06717 10 
3.07264 -0.263013 1.92664 1.65308 11 
2.4564 -0.248509 1.67862 1.36698 12 
2.06572 -0.239315 1.497 1.15747 13 
1.79592 -0.232965 1.35826 0.997421 14 
1.59841 -0.228316 1.24881 0.871173 15 
1.44757 -0.224766 1.16027 0.769038 16 
1.32861 -0.221966 1.08717 0.684711 17 
1.23239 -0.219702 1.02579 0.613908 18 
1.15295 -0.217832 0.973529 0.553617 19 
-27.8181 -1.26288 -4.83523 3.88812 22 
-7.96973 -0.511958 -3.3294 2.6949 23 
-4.5403 -0.382213 -2.50423 2.04103 24 
-3.11771 -0.328393 -1.98328 1.62823 25 
-2.33916 -0.298938 -1.62451 1.34393 26 
-1.84802 -0.280357 -1.36237 1.13622 27 
-1.50993 -0.267566 -1.16247 0.977817 28 
-1.263 -0.258224 -1.00499 0.853029 29 
-1.07474 -0.251101 -0.877725 0.752182 30 
-0.92646 -0.245491 -0.772737 0.668989 31 
-0.806646 -0.240959 -0.684649 0.599188 32 
-0.707819 -0.23722 -0.609684 0.539786 33 
-0.62491 -0.234083 -0.545113 0.48862 34 
-0.554358 -0.231414 -0.488915 0.444088 35 
-0.493594 -0.229115 -0.439559 0.404978 36 
-0.440711 -0.227114 -0.395869 0.370358 37 
-0.394271 -0.225357 -0.356921 0.339496 38 
-0.353164 -0.223802 -0.321984 0.311811 39 
1.15295 -0.217832 0.973529 0.553617 60 
1.03572 -0.218297 0.877443 0.535683 61 
0.924564 -0.218737 0.785629 0.518546 62 
0.819024 -0.219156 0.697808 0.502154 63 
0.718685 -0.219553 0.613725 0.48646 64 
0.623171 -0.219932 0.533146 0.47142 65 
0.532144 -0.220293 0.455857 0.456994 66 
0.445293 -0.220637 0.38166 0.443145 67 
0.362339 -0.220966 0.310373 0.42984 68 
0.283024 -0.22128 0.241828 0.417046 69 
0.207114 -0.221581 0.175871 0.404735 70 
0.134395 -0.221869 0.112357 0.39288 71 
0.0646693 -0.222146 0.0511532 0.381457 72 
-0.00224402 -0.222411 -0.00786441 0.370441 73 
-0.0665117 -0.222666 -0.0648109 0.359812 74 
-0.128288 -0.222911 -0.119793 0.34955 75 
-0.187714 -0.223146 -0.172912 0.339635 76 
-0.244922 -0.223373 -0.224259 0.330051 77 
-0.300035 -0.223591 -0.273922 0.320782 78 
-0.353164 -0.223802 -0.321984 0.311811 79 
