-4 0.631579 2 1 19.7815 3.04495 
-4 1.05263 2 1 7.60909 1.07621 
-4 1.47368 2 1 4.91499 0.64047 
-4 1.89474 2 1 3.73084 0.448946 
-4 2.31579 2 1 3.06508 0.341268 
-4 2.73684 2 1 2.63844 0.272264 
-4 3.15789 2 1 2.34171 0.224271 
-4 3.57895 2 1 2.12339 0.18896 
-4 4 2 1 1.95603 0.161891 
4 -4 2 1 -6.14927 -0.303123 
4 -3.57895 2 1 -4.18433 -0.228376 
4 -3.15789 2 1 -3.09654 -0.186996 
4 -2.73684 2 1 -2.40572 -0.160717 
4 -2.31579 2 1 -1.92811 -0.142549 
4 -1.89474 2 1 -1.5782 -0.129238 
4 -1.47368 2 1 -1.31081 -0.119066 
4 -1.05263 2 1 -1.09983 -0.11104 
4 -0.631579 2 1 -0.92911 -0.104546 
4 -0.210526 2 1 -0.788133 -0.0991833 
4 0.210526 2 1 -0.669748 -0.0946799 
4 0.631579 2 1 -0.568927 -0.0908446 
4 1.05263 2 1 -0.482031 -0.087539 
4 1.47368 2 1 -0.406362 -0.0846605 
4 1.89474 2 1 -0.339876 -0.0821314 
4 2.31579 2 1 -0.280997 -0.0798916 
4 2.73684 2 1 -0.22849 -0.0778942 
4 3.15789 2 1 -0.181373 -0.0761019 
4 3.57895 2 1 -0.138858 -0.0744846 
4 4 2 1 -0.100301 -0.0730179 
2.73684 -4 2 1 -27.7746 -0.645745 
3.15789 -4 2 1 -11.8278 -0.393091 
3.57895 -4 2 1 -7.91706 -0.331131 
4 -4 2 1 -6.14927 -0.303123 
-4 4 2 1 1.95603 0.161891 
-3.57895 4 2 1 1.70465 0.133174 
-3.15789 4 2 1 1.48768 0.108389 
-2.73684 4 2 1 1.29852 0.0867793 
-2.31579 4 2 1 1.13213 0.067772 
-1.89474 4 2 1 0.984648 0.0509236 
-1.47368 4 2 1 0.853013 0.035886 
-1.05263 4 2 1 0.734804 0.0223821 
-0.631579 4 2 1 0.628066 0.0101887 
-0.210526 4 2 1 0.531208 -0.000876057 
0.210526 4 2 1 0.442918 -0.010962 
0.631579 4 2 1 0.362108 -0.0201936 
1.05263 4 2 1 0.287865 -0.0286749 
1.47368 4 2 1 0.21942 -0.0364938 
1.89474 4 2 1 0.15612 -0.043725 
2.31579 4 2 1 0.0974058 -0.0504324 
2.73684 4 2 1 0.042796 -0.0566708 
3.15789 4 2 1 -0.00812508 -0.0624879 
3.57895 4 2 1 -0.0557189 -0.0679249 
4 4 2 1 -0.100301 -0.0730179 
-4 0.210526 6 1 12.9101 17.8337 
-4 0.631579 6 1 5.89134 7.56654 
-4 1.05263 6 1 3.9936 4.79051 
-4 1.47368 6 1 3.11038 3.49853 
-4 1.89474 6 1 2.59974 2.75156 
-4 2.31579 6 1 2.26699 2.2648 
-4 2.73684 6 1 2.03296 1.92246 
-4 3.15789 6 1 1.85939 1.66856 
-4 3.57895 6 1 1.72554 1.47276 
-4 4 6 1 1.61916 1.31716 
4 -4 6 1 -4.44562 2.92681 
4 -3.57895 6 1 -3.34204 2.28856 
4 -3.15789 6 1 -2.6289 1.87612 
4 -2.73684 6 1 -2.13014 1.58766 
4 -2.31579 6 1 -1.76172 1.37459 
4 -1.89474 6 1 -1.47846 1.21077 
4 -1.47368 6 1 -1.25388 1.08088 
4 -1.05263 6 1 -1.07147 0.975387 
4 -0.631579 6 1 -0.920367 0.887996 
4 -0.210526 6 1 -0.793146 0.814418 
4 0.210526 6 1 -0.684562 0.751619 
4 0.631579 6 1 -0.590799 0.697392 
4 1.05263 6 1 -0.509016 0.650093 
4 1.47368 6 1 -0.437055 0.608474 
4 1.89474 6 1 -0.373246 0.571571 
4 2.31579 6 1 -0.31628 0.538624 
4 2.73684 6 1 -0.26511 0.509031 
4 3.15789 6 1 -0.218896 0.482303 
4 3.57895 6 1 -0.176951 0.458044 
4 4 6 1 -0.138708 0.435927 
1.89474 -4 6 1 -44.1411 44.9529 
2.31579 -4 6 1 -13.114 12.1041 
2.73684 -4 6 1 -8.21003 6.91224 
3.15789 -4 6 1 -6.21174 4.79662 
3.57895 -4 6 1 -5.12686 3.64805 
4 -4 6 1 -4.44562 2.92681 
-4 4 6 1 1.61916 1.31716 
-3.57895 4 6 1 1.41804 1.21634 
-3.15789 4 6 1 1.24154 1.12786 
-2.73684 4 6 1 1.08541 1.04959 
-2.31579 4 6 1 0.94631 0.979853 
-1.89474 4 6 1 0.821597 0.917334 
-1.47368 4 6 1 0.709152 0.860964 
-1.05263 4 6 1 0.607247 0.809879 
-0.631579 4 6 1 0.514468 0.763368 
-0.210526 4 6 1 0.429641 0.720844 
0.210526 4 6 1 0.351785 0.681814 
0.631579 4 6 1 0.280077 0.645866 
1.05263 4 6 1 0.213814 0.612648 
1.47368 4 6 1 0.152399 0.581861 
1.89474 4 6 1 0.0953194 0.553246 
2.31579 4 6 1 0.0421315 0.526583 
2.73684 4 6 1 -0.00754957 0.501677 
3.15789 4 6 1 -0.0540596 0.478361 
3.57895 4 6 1 -0.0976929 0.456488 
4 4 6 1 -0.138708 0.435927 
