-4 -4 2 1 0.917676 0.156811 
-4 -3.57895 2 1 0.822127 0.14623 
-4 -3.15789 2 1 0.72921 0.13594 
-4 -2.73684 2 1 0.638818 0.125929 
-4 -2.31579 2 1 0.55085 0.116187 
-4 -1.89474 2 1 0.465208 0.106703 
-4 -1.47368 2 1 0.381803 0.0974667 
-4 -1.05263 2 1 0.300548 0.0884682 
-4 -0.631579 2 1 0.22136 0.0796987 
-4 -0.210526 2 1 0.144162 0.0711495 
-4 0.210526 2 1 0.068879 0.0628125 
-4 0.631579 2 1 -0.00455831 0.0546798 
-4 1.05263 2 1 -0.0762175 0.046744 
-4 1.47368 2 1 -0.146162 0.0389981 
-4 1.89474 2 1 -0.214453 0.0314353 
-4 2.31579 2 1 -0.281149 0.0240492 
-4 2.73684 2 1 -0.346304 0.0168337 
-4 3.15789 2 1 -0.409972 0.00978292 
-4 3.57895 2 1 -0.472202 0.00289131 
-4 4 2 1 -0.533043 -0.00384645 
-4 -4 2 1 0.917676 0.156811 
-3.57895 -4 2 1 0.985184 0.18047 
-3.15789 -4 2 1 1.06627 0.208889 
-2.73684 -4 2 1 1.16551 0.243666 
-2.31579 -4 2 1 1.28974 0.287203 
-1.89474 -4 2 1 1.44977 0.343288 
-1.47368 -4 2 1 1.66369 0.418258 
-1.05263 -4 2 1 1.96422 0.523581 
-0.631579 -4 2 1 2.41731 0.682373 
-0.210526 -4 2 1 3.17867 0.949198 
0.210526 -4 2 1 4.72505 1.49114 
0.631579 -4 2 1 9.56274 3.18656 
-4 4 2 1 -0.533043 -0.00384645 
-3.57895 4 2 1 -0.583366 0.00308922 
-3.15789 4 2 1 -0.64134 0.0110795 
-2.73684 4 2 1 -0.708854 0.0203848 
-2.31579 4 2 1 -0.788476 0.0313587 
-1.89474 4 2 1 -0.883782 0.0444943 
-1.47368 4 2 1 -0.999913 0.0605001 
-1.05263 4 2 1 -1.14453 0.0804323 
-0.631579 4 2 1 -1.32959 0.105938 
-0.210526 4 2 1 -1.57479 0.139733 
0.210526 4 2 1 -1.91517 0.186646 
0.631579 4 2 1 -2.41946 0.25615 
1.05263 4 2 1 -3.24364 0.369743 
1.47368 4 2 1 -4.83342 0.588855 
1.89474 4 2 1 -9.18084 1.18804 
2.31579 4 2 1 -70.3558 9.61951 
-4 -4 6 1 0.778866 0.878658 
-4 -3.57895 6 1 0.693182 0.859744 
-4 -3.15789 6 1 0.609661 0.841308 
-4 -2.73684 6 1 0.528222 0.823331 
-4 -2.31579 6 1 0.448789 0.805797 
-4 -1.89474 6 1 0.371288 0.78869 
-4 -1.47368 6 1 0.29565 0.771994 
-4 -1.05263 6 1 0.221808 0.755694 
-4 -0.631579 6 1 0.149698 0.739777 
-4 -0.210526 6 1 0.0792616 0.724229 
-4 0.210526 6 1 0.01044 0.709037 
-4 0.631579 6 1 -0.0568213 0.69419 
-4 1.05263 6 1 -0.122575 0.679676 
-4 1.47368 6 1 -0.186871 0.665483 
-4 1.89474 6 1 -0.249757 0.651602 
-4 2.31579 6 1 -0.31128 0.638021 
-4 2.73684 6 1 -0.371482 0.624732 
-4 3.15789 6 1 -0.430407 0.611725 
-4 3.57895 6 1 -0.488094 0.598992 
-4 4 6 1 -0.544582 0.586523 
-4 -4 6 1 0.778866 0.878658 
-3.57895 -4 6 1 0.828592 0.959974 
-3.15789 -4 6 1 0.887312 1.056 
-2.73684 -4 6 1 0.957705 1.17111 
-2.31579 -4 6 1 1.04364 1.31163 
-1.89474 -4 6 1 1.15089 1.48702 
-1.47368 -4 6 1 1.28853 1.7121 
-1.05263 -4 6 1 1.4716 2.01146 
-0.631579 -4 6 1 1.72703 2.42916 
-0.210526 -4 6 1 2.10829 3.05262 
0.210526 -4 6 1 2.73875 4.08358 
0.631579 -4 6 1 3.98135 6.11555 
1.05263 -4 6 1 7.56875 11.9819 
1.47368 -4 6 1 130.998 213.821 
-4 4 6 1 -0.544582 0.586523 
-3.57895 4 6 1 -0.591969 0.631604 
-3.15789 4 6 1 -0.645996 0.683001 
-2.73684 4 6 1 -0.708164 0.742144 
-2.31579 4 6 1 -0.780462 0.810924 
-1.89474 4 6 1 -0.865587 0.891906 
-1.47368 4 6 1 -0.967284 0.988655 
-1.05263 4 6 1 -1.09091 1.10627 
-0.631579 4 6 1 -1.24443 1.25232 
-0.210526 4 6 1 -1.44016 1.43852 
0.210526 4 6 1 -1.6983 1.6841 
0.631579 4 6 1 -2.05434 2.02281 
1.05263 4 6 1 -2.57702 2.52006 
1.47368 4 6 1 -3.41907 3.32113 
1.89474 4 6 1 -5.00197 4.827 
2.31579 4 6 1 -9.07137 8.69838 
2.73684 4 6 1 -42.9325 40.9117 
