-4 -4 2 1 -3.47295 0.264668 
-4 -3.57895 2 1 -3.94223 0.361047 
-4 -3.15789 2 1 -4.64335 0.505043 
-4 -2.73684 2 1 -5.80448 0.743515 
-4 -2.31579 2 1 -8.09941 1.21485 
-4 -1.89474 2 1 -14.773 2.58546 
-4 -1.47368 2 1 -298.147 60.7846 
4 -4 2 1 -0.0581374 -0.0770719 
4 -3.57895 2 1 -0.0174614 -0.0714396 
4 -3.15789 2 1 0.0265068 -0.0653515 
4 -2.73684 2 1 0.0741838 -0.0587499 
4 -2.31579 2 1 0.126059 -0.0515669 
4 -1.89474 2 1 0.182714 -0.0437222 
4 -1.47368 2 1 0.244839 -0.0351199 
4 -1.05263 2 1 0.313269 -0.0256448 
4 -0.631579 2 1 0.389013 -0.0151569 
4 -0.210526 2 1 0.47331 -0.00348455 
4 0.210526 2 1 0.567697 0.00958477 
4 0.631579 2 1 0.674099 0.0243179 
4 1.05263 2 1 0.794968 0.041054 
4 1.47368 2 1 0.933468 0.0602315 
4 1.89474 2 1 1.09376 0.0824266 
4 2.31579 2 1 1.28143 0.108412 
4 2.73684 2 1 1.50414 0.13925 
4 3.15789 2 1 1.77273 0.17644 
4 3.57895 2 1 2.10298 0.222169 
4 4 2 1 2.51889 0.279759 
-4 -4 2 1 -3.47295 0.264668 
-3.57895 -4 2 1 -2.8002 0.197341 
-3.15789 -4 2 1 -2.30538 0.147822 
-2.73684 -4 2 1 -1.92615 0.109871 
-2.31579 -4 2 1 -1.62625 0.0798574 
-1.89474 -4 2 1 -1.38313 0.0555276 
-1.47368 -4 2 1 -1.18207 0.0354066 
-1.05263 -4 2 1 -1.01303 0.018489 
-0.631579 -4 2 1 -0.868908 0.00406643 
-0.210526 -4 2 1 -0.744585 -0.00837528 
0.210526 -4 2 1 -0.63624 -0.019218 
0.631579 -4 2 1 -0.540979 -0.0287513 
1.05263 -4 2 1 -0.456566 -0.0371989 
1.47368 -4 2 1 -0.381249 -0.0447363 
1.89474 -4 2 1 -0.313632 -0.0515031 
2.31579 -4 2 1 -0.252593 -0.0576116 
2.73684 -4 2 1 -0.197215 -0.0631536 
3.15789 -4 2 1 -0.146746 -0.0682043 
3.57895 -4 2 1 -0.100561 -0.0728262 
4 -4 2 1 -0.0581374 -0.0770719 
1.05263 4 2 1 124.936 35.7345 
1.47368 4 2 1 11.2005 2.79414 
1.89474 4 2 1 6.29233 1.37263 
2.31579 4 2 1 4.56077 0.87113 
2.73684 4 2 1 3.67589 0.61485 
3.15789 4 2 1 3.13869 0.459266 
3.57895 4 2 1 2.77791 0.354775 
4 4 2 1 2.51889 0.279759 
-4 -4 6 1 -2.41569 1.77189 
-4 -3.57895 6 1 -2.58338 2.02676 
-4 -3.15789 6 1 -2.80023 2.35635 
-4 -2.73684 6 1 -3.09156 2.79916 
-4 -2.31579 6 1 -3.50372 3.42561 
-4 -1.89474 6 1 -4.13152 4.37982 
-4 -1.47368 6 1 -5.20418 6.01019 
-4 -1.05263 6 1 -7.45398 9.42971 
-4 -0.631579 6 1 -15.1744 21.1642 
4 -4 6 1 -0.0630847 0.406076 
4 -3.57895 6 1 -0.026544 0.428121 
4 -3.15789 6 1 0.0126557 0.451771 
4 -2.73684 6 1 0.0548156 0.477206 
4 -2.31579 6 1 0.100284 0.504637 
4 -1.89474 6 1 0.149467 0.53431 
4 -1.47368 6 1 0.202838 0.566509 
4 -1.05263 6 1 0.260956 0.601572 
4 -0.631579 6 1 0.324484 0.639899 
4 -0.210526 6 1 0.394215 0.681969 
4 0.210526 6 1 0.471104 0.728356 
4 0.631579 6 1 0.556311 0.779762 
4 1.05263 6 1 0.651265 0.837049 
4 1.47368 6 1 0.75774 0.901286 
4 1.89474 6 1 0.877966 0.973819 
4 2.31579 6 1 1.01479 1.05637 
4 2.73684 6 1 1.17191 1.15116 
4 3.15789 6 1 1.3542 1.26114 
4 3.57895 6 1 1.56824 1.39027 
4 4 6 1 1.8231 1.54403 
-4 -4 6 1 -2.41569 1.77189 
-3.57895 -4 6 1 -2.04729 1.55801 
-3.15789 -4 6 1 -1.75175 1.38643 
-2.73684 -4 6 1 -1.5094 1.24573 
-2.31579 -4 6 1 -1.30706 1.12827 
-1.89474 -4 6 1 -1.13558 1.02872 
-1.47368 -4 6 1 -0.988411 0.943276 
-1.05263 -4 6 1 -0.860713 0.869141 
-0.631579 -4 6 1 -0.748866 0.804208 
-0.210526 -4 6 1 -0.650091 0.746864 
0.210526 -4 6 1 -0.562223 0.695852 
0.631579 -4 6 1 -0.483549 0.650178 
1.05263 -4 6 1 -0.412699 0.609045 
1.47368 -4 6 1 -0.34856 0.571809 
1.89474 -4 6 1 -0.290223 0.537941 
2.31579 -4 6 1 -0.236933 0.507004 
2.73684 -4 6 1 -0.188064 0.478633 
3.15789 -4 6 1 -0.143086 0.452521 
3.57895 -4 6 1 -0.101554 0.428409 
4 -4 6 1 -0.0630847 0.406076 
0.210526 4 6 1 14.1968 25.6995 
0.631579 4 6 1 6.12053 9.93329 
1.05263 4 6 1 4.1597 6.10544 
1.47368 4 6 1 3.27587 4.38007 
1.89474 4 6 1 2.7729 3.39819 
2.31579 4 6 1 2.44825 2.76441 
2.73684 4 6 1 2.22136 2.3215 
3.15789 4 6 1 2.05386 1.99451 
3.57895 4 6 1 1.92513 1.7432 
4 4 6 1 1.8231 1.54403 
