-4 -4 2 1 -0.331366 0.169514 
-4 -3.57895 2 1 -0.371714 0.171852 
-4 -3.15789 2 1 -0.417239 0.17449 
-4 -2.73684 2 1 -0.469005 0.17749 
-4 -2.31579 2 1 -0.52839 0.180931 
-4 -1.89474 2 1 -0.597211 0.184918 
-4 -1.47368 2 1 -0.677909 0.189594 
-4 -1.05263 2 1 -0.77385 0.195153 
-4 -0.631579 2 1 -0.889803 0.201872 
-4 -0.210526 2 1 -1.03276 0.210156 
-4 0.210526 2 1 -1.21339 0.220622 
-4 0.631579 2 1 -1.44886 0.234266 
-4 1.05263 2 1 -1.7686 0.252793 
-4 1.47368 2 1 -2.22772 0.279396 
-4 1.89474 2 1 -2.94273 0.320826 
-4 2.31579 2 1 -4.21025 0.394271 
-4 2.73684 2 1 -7.07388 0.5602 
-4 3.15789 2 1 -19.6734 1.29026 
4 -4 2 1 1.1642 0.0688981 
4 -3.57895 2 1 1.24353 0.0629609 
4 -3.15789 2 1 1.33972 0.0557625 
4 -2.73684 2 1 1.45877 0.0468532 
4 -2.31579 2 1 1.60993 0.0355407 
4 -1.89474 2 1 1.80822 0.0207012 
4 -1.47368 2 1 2.07976 0.000380684 
4 -1.05263 2 1 2.4743 -0.0291456 
4 -0.631579 2 1 3.09992 -0.0759651 
4 -0.210526 2 1 4.24371 -0.161562 
4 0.210526 2 1 7.00442 -0.368164 
4 0.631579 2 1 23.077 -1.57098 
-4 -4 2 1 -0.331366 0.169514 
-3.57895 -4 2 1 -0.279319 0.166013 
-3.15789 -4 2 1 -0.225276 0.162377 
-2.73684 -4 2 1 -0.169118 0.158599 
-2.31579 -4 2 1 -0.11072 0.15467 
-1.89474 -4 2 1 -0.0499452 0.150581 
-1.47368 -4 2 1 0.0133553 0.146323 
-1.05263 -4 2 1 0.0793419 0.141883 
-0.631579 -4 2 1 0.148189 0.137252 
-0.210526 -4 2 1 0.220088 0.132414 
0.210526 -4 2 1 0.295245 0.127358 
0.631579 -4 2 1 0.373887 0.122067 
1.05263 -4 2 1 0.456262 0.116525 
1.47368 -4 2 1 0.542643 0.110714 
1.89474 -4 2 1 0.633328 0.104613 
2.31579 -4 2 1 0.728649 0.0982002 
2.73684 -4 2 1 0.828969 0.0914511 
3.15789 -4 2 1 0.934693 0.0843383 
3.57895 -4 2 1 1.04627 0.0768319 
4 -4 2 1 1.1642 0.0688981 
-4 -4 6 1 -0.322178 0.806055 
-4 -3.57895 6 1 -0.365997 0.850883 
-4 -3.15789 6 1 -0.416047 0.902086 
-4 -2.73684 6 1 -0.473759 0.961127 
-4 -2.31579 6 1 -0.541038 1.02996 
-4 -1.89474 6 1 -0.620477 1.11123 
-4 -1.47368 6 1 -0.715703 1.20864 
-4 -1.05263 6 1 -0.831939 1.32756 
-4 -0.631579 6 1 -0.977001 1.47596 
-4 -0.210526 6 1 -1.16313 1.66638 
-4 0.210526 6 1 -1.41064 1.91959 
-4 0.631579 6 1 -1.75589 2.27279 
-4 1.05263 6 1 -2.27101 2.79978 
-4 1.47368 6 1 -3.12231 3.67068 
-4 1.89474 6 1 -4.79823 5.38521 
-4 2.31579 6 1 -9.62233 10.3204 
-4 2.73684 6 1 -163.596 167.841 
4 -4 6 1 1.40949 1.08723 
4 -3.57895 6 1 1.53 1.19481 
4 -3.15789 6 1 1.68107 1.32965 
4 -2.73684 6 1 1.87597 1.50363 
4 -2.31579 6 1 2.13704 1.73667 
4 -1.89474 6 1 2.50487 2.06501 
4 -1.47368 6 1 3.06175 2.5621 
4 -1.05263 6 1 4.00385 3.40305 
4 -0.631579 6 1 5.94226 5.13334 
4 -0.210526 6 1 12.2308 10.7467 
-4 -4 6 1 -0.322178 0.806055 
-3.57895 -4 6 1 -0.264904 0.815355 
-3.15789 -4 6 1 -0.205215 0.825047 
-2.73684 -4 6 1 -0.142956 0.835156 
-2.31579 -4 6 1 -0.0779561 0.84571 
-1.89474 -4 6 1 -0.0100314 0.856739 
-1.47368 -4 6 1 0.0610205 0.868276 
-1.05263 -4 6 1 0.135421 0.880357 
-0.631579 -4 6 1 0.213411 0.893021 
-0.210526 -4 6 1 0.295259 0.90631 
0.210526 -4 6 1 0.381256 0.920274 
0.631579 -4 6 1 0.471728 0.934964 
1.05263 -4 6 1 0.567033 0.950439 
1.47368 -4 6 1 0.667568 0.966764 
1.89474 -4 6 1 0.773777 0.984009 
2.31579 -4 6 1 0.886152 1.00226 
2.73684 -4 6 1 1.00525 1.02159 
3.15789 -4 6 1 1.13169 1.04212 
3.57895 -4 6 1 1.26617 1.06396 
4 -4 6 1 1.40949 1.08723 
