-4 -4 2 1 0.230948 -0.0917157 
-4 -3.57895 2 1 0.185987 -0.0877515 
-4 -3.15789 2 1 0.138231 -0.0835408 
-4 -2.73684 2 1 0.0874093 -0.0790599 
-4 -2.31579 2 1 0.0332181 -0.0742819 
-4 -1.89474 2 1 -0.0246896 -0.0691762 
-4 -1.47368 2 1 -0.0867096 -0.0637079 
-4 -1.05263 2 1 -0.153296 -0.057837 
-4 -0.631579 2 1 -0.224973 -0.0515173 
-4 -0.210526 2 1 -0.302346 -0.0446953 
-4 0.210526 2 1 -0.386124 -0.0373087 
-4 0.631579 2 1 -0.477136 -0.0292842 
-4 1.05263 2 1 -0.57636 -0.0205357 
-4 1.47368 2 1 -0.684962 -0.0109603 
-4 1.89474 2 1 -0.804336 -0.000435178 
-4 2.31579 2 1 -0.936168 0.0111884 
-4 2.73684 2 1 -1.08252 0.024092 
-4 3.15789 2 1 -1.24592 0.0384991 
-4 3.57895 2 1 -1.42954 0.054689 
-4 4 2 1 -1.63738 0.0730144 
4 -4 2 1 13.4349 1.50957 
4 -3.57895 2 1 24.7423 3.18234 
4 -3.15789 2 1 666.826 98.1692 
-4 -4 2 1 0.230948 -0.0917157 
-3.57895 -4 2 1 0.274518 -0.0864318 
-3.15789 -4 2 1 0.322874 -0.0805675 
-2.73684 -4 2 1 0.376852 -0.0740214 
-2.31579 -4 2 1 0.437492 -0.0666673 
-1.89474 -4 2 1 0.50611 -0.0583459 
-1.47368 -4 2 1 0.584388 -0.0488528 
-1.05263 -4 2 1 0.674524 -0.0379217 
-0.631579 -4 2 1 0.779431 -0.0251993 
-0.210526 -4 2 1 0.903065 -0.0102057 
0.210526 -4 2 1 1.05093 0.0077265 
0.631579 -4 2 1 1.23093 0.0295554 
1.05263 -4 2 1 1.45481 0.0567058 
1.47368 -4 2 1 1.74084 0.0913938 
1.89474 -4 2 1 2.11908 0.137264 
2.31579 -4 2 1 2.64268 0.200764 
2.73684 -4 2 1 3.41539 0.294472 
3.15789 -4 2 1 4.67043 0.446675 
3.57895 -4 2 1 7.06434 0.736993 
4 -4 2 1 13.4349 1.50957 
-4 4 2 1 -1.63738 0.0730144 
-3.57895 4 2 1 -1.76686 0.106425 
-3.15789 4 2 1 -1.93351 0.149427 
-2.73684 4 2 1 -2.15601 0.206841 
-2.31579 4 2 1 -2.46809 0.287371 
-1.89474 4 2 1 -2.9375 0.408497 
-1.47368 4 2 1 -3.72327 0.611259 
-1.05263 4 2 1 -5.30783 1.02014 
-0.631579 4 2 1 -10.1682 2.27431 
-4 -4 6 1 0.214443 0.409552 
-4 -3.57895 6 1 0.173604 0.426693 
-4 -3.15789 6 1 0.13049 0.444789 
-4 -2.73684 6 1 0.0849061 0.46392 
-4 -2.31579 6 1 0.0366343 0.484181 
-4 -1.89474 6 1 -0.0145707 0.505672 
-4 -1.47368 6 1 -0.0689847 0.52851 
-4 -1.05263 6 1 -0.126919 0.552826 
-4 -0.631579 6 1 -0.188727 0.578767 
-4 -0.210526 6 1 -0.25481 0.606503 
-4 0.210526 6 1 -0.325628 0.636226 
-4 0.631579 6 1 -0.401708 0.668158 
-4 1.05263 6 1 -0.48366 0.702554 
-4 1.47368 6 1 -0.572191 0.739711 
-4 1.89474 6 1 -0.668127 0.779976 
-4 2.31579 6 1 -0.772435 0.823756 
-4 2.73684 6 1 -0.886264 0.871531 
-4 3.15789 6 1 -1.01098 0.923875 
-4 3.57895 6 1 -1.14822 0.981476 
-4 4 6 1 -1.29997 1.04517 
4 -4 6 1 4.76827 3.75599 
4 -3.57895 6 1 5.40469 4.58731 
4 -3.15789 6 1 6.37727 5.85772 
4 -2.73684 6 1 8.04789 8.03995 
4 -2.31579 6 1 11.5887 12.6651 
4 -1.89474 6 1 24.1329 29.0509 
-4 -4 6 1 0.214443 0.409552 
-3.57895 -4 6 1 0.252731 0.437689 
-3.15789 -4 6 1 0.294768 0.46858 
-2.73684 -4 6 1 0.341134 0.502653 
-2.31579 -4 6 1 0.392534 0.540425 
-1.89474 -4 6 1 0.449835 0.582533 
-1.47368 -4 6 1 0.514114 0.629769 
-1.05263 -4 6 1 0.586728 0.683131 
-0.631579 -4 6 1 0.669413 0.743893 
-0.210526 -4 6 1 0.764418 0.813709 
0.210526 -4 6 1 0.87472 0.894765 
0.631579 -4 6 1 1.00433 0.990014 
1.05263 -4 6 1 1.15882 1.10354 
1.47368 -4 6 1 1.3461 1.24117 
1.89474 -4 6 1 1.57786 1.41147 
2.31579 -4 6 1 1.87206 1.62767 
2.73684 -4 6 1 2.25788 1.9112 
3.15789 -4 6 1 2.78602 2.29931 
3.57895 -4 6 1 3.55302 2.86295 
4 -4 6 1 4.76827 3.75599 
-4 4 6 1 -1.29997 1.04517 
-3.57895 4 6 1 -1.36813 1.16675 
-3.15789 4 6 1 -1.45112 1.3148 
-2.73684 4 6 1 -1.5544 1.49902 
-2.31579 4 6 1 -1.68641 1.73452 
-1.89474 4 6 1 -1.86112 2.04617 
-1.47368 4 6 1 -2.1032 2.47801 
-1.05263 4 6 1 -2.46096 3.1162 
-0.631579 4 6 1 -3.04334 4.15506 
-0.210526 4 6 1 -4.15863 6.14456 
0.210526 4 6 1 -7.15533 11.4902 
0.631579 4 6 1 -42.4453 74.4419 
