10.8777 -1.06901 15.6498 12.5505 15 
7.01821 -0.590441 8.29769 6.29139 16 
5.33997 -0.382339 5.87686 4.23044 17 
4.40123 -0.265936 4.67197 3.20467 18 
3.80146 -0.191564 3.9508 2.5907 19 
-2.56278 -0.67768 -2.98437 1.36793 20 
-2.11866 -0.577238 -2.45273 1.20806 21 
-1.77108 -0.49863 -2.04411 1.08519 22 
-1.49166 -0.435434 -1.72023 0.987797 23 
-1.26213 -0.383523 -1.45721 0.908707 24 
-1.07022 -0.340122 -1.23937 0.843201 25 
-0.907391 -0.303296 -1.05599 0.788058 26 
-0.767495 -0.271657 -0.899491 0.740998 27 
-0.646005 -0.244181 -0.764367 0.700365 28 
-0.539514 -0.220097 -0.646518 0.664927 29 
-0.445405 -0.198813 -0.54283 0.633748 30 
-0.361638 -0.179868 -0.450896 0.606103 31 
-0.286596 -0.162896 -0.368825 0.581424 32 
-0.218983 -0.147605 -0.295109 0.559257 33 
-0.157749 -0.133756 -0.228535 0.539238 34 
-0.102032 -0.121155 -0.168113 0.521069 35 
-0.0511177 -0.10964 -0.113028 0.504505 36 
-0.00441108 -0.0990771 -0.0626029 0.489342 37 
0.0385887 -0.0893522 -0.0162699 0.475409 38 
0.0783062 -0.0803697 0.0264496 0.462563 39 
-18.4269 -6.73285 -116.417 79.3025 53 
-7.6294 -2.61155 -12.291 7.7621 54 
-5.06984 -1.6346 -6.89978 4.05802 55 
-3.92386 -1.19719 -4.97646 2.7366 56 
-3.27382 -0.949077 -3.98924 2.05833 57 
-2.85505 -0.789239 -3.38846 1.64556 58 
-2.56278 -0.67768 -2.98437 1.36793 59 
3.80146 -0.191564 3.9508 2.5907 60 
3.02665 -0.168424 3.07812 2.11746 61 
2.47029 -0.151808 2.47065 1.78803 62 
2.05142 -0.139298 2.02343 1.54551 63 
1.72468 -0.12954 1.68045 1.35951 64 
1.46268 -0.121715 1.40906 1.21234 65 
1.24792 -0.115301 1.18897 1.09299 66 
1.06867 -0.109948 1.00689 0.994245 67 
0.916808 -0.105412 0.853748 0.911199 68 
0.786493 -0.10152 0.723162 0.840384 69 
0.673446 -0.0981439 0.610487 0.779281 70 
0.574448 -0.0951873 0.512276 0.726022 71 
0.487033 -0.0925766 0.42591 0.679187 72 
0.409281 -0.0902545 0.349369 0.637679 73 
0.339673 -0.0881756 0.281067 0.60064 74 
0.276993 -0.0863036 0.219741 0.567383 75 
0.220257 -0.0846092 0.164374 0.537358 76 
0.168657 -0.0830681 0.114139 0.510116 77 
0.121525 -0.0816605 0.0683525 0.485287 78 
0.0783062 -0.0803697 0.0264496 0.462563 79 
