-4 -4 2 1 -0.438535 0.0628386 
-4 -3.57895 2 1 -0.479791 0.0551909 
-4 -3.15789 2 1 -0.526637 0.0465069 
-4 -2.73684 2 1 -0.580293 0.0365605 
-4 -2.31579 2 1 -0.64236 0.025055 
-4 -1.89474 2 1 -0.714984 0.0115925 
-4 -1.47368 2 1 -0.801108 -0.00437263 
-4 -1.05263 2 1 -0.904883 -0.0236098 
-4 -0.631579 2 1 -1.03236 -0.0472397 
-4 -0.210526 2 1 -1.19269 -0.0769609 
-4 0.210526 2 1 -1.40046 -0.115477 
-4 0.631579 2 1 -1.6804 -0.16737 
-4 1.05263 2 1 -2.078 -0.241074 
-4 1.47368 2 1 -2.68716 -0.353996 
-4 1.89474 2 1 -3.73797 -0.548788 
-4 2.31579 2 1 -5.98384 -0.965112 
-4 2.73684 2 1 -14.1509 -2.47906 
4 -4 2 1 0.924876 -0.0256291 
4 -3.57895 2 1 0.984678 -0.0431502 
4 -3.15789 2 1 1.05542 -0.0638782 
4 -2.73684 2 1 1.14042 -0.0887821 
4 -2.31579 2 1 1.24447 -0.119265 
4 -1.89474 2 1 1.37476 -0.157438 
4 -1.47368 2 1 1.54266 -0.206633 
4 -1.05263 2 1 1.76722 -0.272426 
4 -0.631579 2 1 2.08292 -0.364923 
4 -0.210526 2 1 2.55939 -0.504523 
4 0.210526 2 1 3.36137 -0.739493 
4 0.631579 2 1 4.99549 -1.21827 
4 1.05263 2 1 10.1533 -2.72946 
-4 -4 2 1 -0.438535 0.0628386 
-3.57895 -4 2 1 -0.382507 0.0592031 
-3.15789 -4 2 1 -0.325097 0.0554779 
-2.73684 -4 2 1 -0.266254 0.0516598 
-2.31579 -4 2 1 -0.205924 0.0477451 
-1.89474 -4 2 1 -0.144048 0.0437302 
-1.47368 -4 2 1 -0.0805682 0.0396112 
-1.05263 -4 2 1 -0.0154201 0.0353839 
-0.631579 -4 2 1 0.0514627 0.0310441 
-0.210526 -4 2 1 0.12015 0.0265872 
0.210526 -4 2 1 0.190717 0.0220083 
0.631579 -4 2 1 0.263241 0.0173025 
1.05263 -4 2 1 0.337804 0.0124643 
1.47368 -4 2 1 0.414495 0.00748805 
1.89474 -4 2 1 0.493404 0.00236784 
2.31579 -4 2 1 0.574631 -0.00290271 
2.73684 -4 2 1 0.658278 -0.00833032 
3.15789 -4 2 1 0.744456 -0.0139221 
3.57895 -4 2 1 0.833281 -0.0196857 
4 -4 2 1 0.924876 -0.0256291 
-4 -4 6 1 -0.470783 0.720081 
-4 -3.57895 6 1 -0.519828 0.758658 
-4 -3.15789 6 1 -0.576469 0.803209 
-4 -2.73684 6 1 -0.64262 0.85524 
-4 -2.31579 6 1 -0.720893 0.916807 
-4 -1.89474 6 1 -0.814958 0.990794 
-4 -1.47368 6 1 -0.93013 1.08138 
-4 -1.05263 6 1 -1.07441 1.19487 
-4 -0.631579 6 1 -1.26043 1.34118 
-4 -0.210526 6 1 -1.50937 1.53699 
-4 0.210526 6 1 -1.85964 1.8125 
-4 0.631579 6 1 -2.38894 2.22882 
-4 1.05263 6 1 -3.28161 2.93095 
-4 1.47368 6 1 -5.10744 4.36707 
-4 1.89474 6 1 -10.932 8.94842 
4 -4 6 1 1.10851 0.844091 
4 -3.57895 6 1 1.19748 0.909626 
4 -3.15789 6 1 1.30603 0.989593 
4 -2.73684 6 1 1.44144 1.08935 
4 -2.31579 6 1 1.6151 1.21728 
4 -1.89474 6 1 1.84586 1.38727 
4 -1.47368 6 1 2.16743 1.62416 
4 -1.05263 6 1 2.64655 1.97712 
4 -0.631579 6 1 3.43658 2.55911 
4 -0.210526 6 1 4.98548 3.70014 
4 0.210526 6 1 9.39709 6.95004 
4 0.631579 6 1 121.255 89.3524 
-4 -4 6 1 -0.470783 0.720081 
-3.57895 -4 6 1 -0.408169 0.724998 
-3.15789 -4 6 1 -0.343814 0.730051 
-2.73684 -4 6 1 -0.277645 0.735247 
-2.31579 -4 6 1 -0.209585 0.740591 
-1.89474 -4 6 1 -0.139552 0.74609 
-1.47368 -4 6 1 -0.0674567 0.751751 
-1.05263 -4 6 1 0.0067915 0.757581 
-0.631579 -4 6 1 0.083291 0.763588 
-0.210526 -4 6 1 0.162146 0.76978 
0.210526 -4 6 1 0.243466 0.776165 
0.631579 -4 6 1 0.32737 0.782754 
1.05263 -4 6 1 0.413982 0.789555 
1.47368 -4 6 1 0.503435 0.796579 
1.89474 -4 6 1 0.595873 0.803837 
2.31579 -4 6 1 0.691445 0.811342 
2.73684 -4 6 1 0.790316 0.819105 
3.15789 -4 6 1 0.892658 0.827141 
3.57895 -4 6 1 0.998658 0.835465 
4 -4 6 1 1.10851 0.844091 
