-4 -4 2 1 -0.301464 0.200527 
-4 -3.57895 2 1 -0.34148 0.205801 
-4 -3.15789 2 1 -0.386548 0.21174 
-4 -2.73684 2 1 -0.437688 0.21848 
-4 -2.31579 2 1 -0.496216 0.226193 
-4 -1.89474 2 1 -0.563859 0.235108 
-4 -1.47368 2 1 -0.642924 0.245528 
-4 -1.05263 2 1 -0.736573 0.25787 
-4 -0.631579 2 1 -0.84925 0.272719 
-4 -0.210526 2 1 -0.98741 0.290927 
-4 0.210526 2 1 -1.1608 0.313778 
-4 0.631579 2 1 -1.38486 0.343307 
-4 1.05263 2 1 -1.68562 0.382943 
-4 1.47368 2 1 -2.11057 0.438947 
-4 1.89474 2 1 -2.75666 0.524094 
-4 2.31579 2 1 -3.85721 0.669135 
-4 2.73684 2 1 -6.15188 0.971546 
-4 3.15789 2 1 -13.8887 1.99117 
4 -4 2 1 1.24357 0.112921 
4 -3.57895 2 1 1.33065 0.113043 
4 -3.15789 2 1 1.43708 0.113192 
4 -2.73684 2 1 1.5701 0.113378 
4 -2.31579 2 1 1.7411 0.113618 
4 -1.89474 2 1 1.96909 0.113937 
4 -1.47368 2 1 2.28822 0.114384 
4 -1.05263 2 1 2.7668 0.115054 
4 -0.631579 2 1 3.56412 0.116171 
4 -0.210526 2 1 5.15763 0.118403 
4 0.210526 2 1 9.92908 0.125085 
4 0.631579 2 1 3351.26 4.80456 
-4 -4 2 1 -0.301464 0.200527 
-3.57895 -4 2 1 -0.250288 0.197625 
-3.15789 -4 2 1 -0.19696 0.194602 
-2.73684 -4 2 1 -0.141341 0.191448 
-2.31579 -4 2 1 -0.0832803 0.188156 
-1.89474 -4 2 1 -0.0226141 0.184716 
-1.47368 -4 2 1 0.0408375 0.181118 
-1.05263 -4 2 1 0.107271 0.177351 
-0.631579 -4 2 1 0.176901 0.173403 
-0.210526 -4 2 1 0.249964 0.16926 
0.210526 -4 2 1 0.326721 0.164908 
0.631579 -4 2 1 0.407459 0.16033 
1.05263 -4 2 1 0.492496 0.155508 
1.47368 -4 2 1 0.582185 0.150423 
1.89474 -4 2 1 0.676917 0.145051 
2.31579 -4 2 1 0.777132 0.139369 
2.73684 -4 2 1 0.883319 0.133348 
3.15789 -4 2 1 0.996028 0.126957 
3.57895 -4 2 1 1.11588 0.120161 
4 -4 2 1 1.24357 0.112921 
-4 -4 6 1 -0.282555 0.829911 
-4 -3.57895 6 1 -0.324968 0.876411 
-4 -3.15789 6 1 -0.373253 0.929348 
-4 -2.73684 6 1 -0.42872 0.990159 
-4 -2.31579 6 1 -0.493101 1.06074 
-4 -1.89474 6 1 -0.568732 1.14366 
-4 -1.47368 6 1 -0.658843 1.24245 
-4 -1.05263 6 1 -0.768035 1.36217 
-4 -0.631579 6 1 -0.903084 1.51023 
-4 -0.210526 6 1 -1.07441 1.69806 
-4 0.210526 6 1 -1.2989 1.94417 
-4 0.631579 6 1 -1.60583 2.28068 
-4 1.05263 6 1 -2.05084 2.76857 
-4 1.47368 6 1 -2.75417 3.53966 
-4 1.89474 6 1 -4.03267 4.94134 
-4 2.31579 6 1 -7.07997 8.28224 
-4 2.73684 6 1 -23.8043 26.618 
4 -4 6 1 1.50077 1.17778 
4 -3.57895 6 1 1.63189 1.30167 
4 -3.15789 6 1 1.79748 1.45814 
4 -2.73684 6 1 2.01321 1.66198 
4 -2.31579 6 1 2.30591 1.93856 
4 -1.89474 6 1 2.72574 2.33526 
4 -1.47368 6 1 3.37847 2.95203 
4 -1.05263 6 1 4.5323 4.0423 
4 -0.631579 6 1 7.12377 6.491 
4 -0.210526 6 1 18.2797 17.0323 
-4 -4 6 1 -0.282555 0.829911 
-3.57895 -4 6 1 -0.226509 0.840844 
-3.15789 -4 6 1 -0.167896 0.852278 
-2.73684 -4 6 1 -0.106537 0.864247 
-2.31579 -4 6 1 -0.0422336 0.87679 
-1.89474 -4 6 1 0.0252313 0.88995 
-1.47368 -4 6 1 0.0960967 0.903774 
-1.05263 -4 6 1 0.170626 0.918312 
-0.631579 -4 6 1 0.249112 0.933622 
-0.210526 -4 6 1 0.331877 0.949767 
0.210526 -4 6 1 0.419282 0.966817 
0.631579 -4 6 1 0.511727 0.98485 
1.05263 -4 6 1 0.609662 1.00395 
1.47368 -4 6 1 0.713591 1.02423 
1.89474 -4 6 1 0.824081 1.04578 
2.31579 -4 6 1 0.941774 1.06874 
2.73684 -4 6 1 1.0674 1.09324 
3.15789 -4 6 1 1.20178 1.11946 
3.57895 -4 6 1 1.34588 1.14757 
4 -4 6 1 1.50077 1.17778 
