-4 -4 2 1 -0.883272 0.27438 
-4 -3.57895 2 1 -0.945897 0.285667 
-4 -3.15789 2 1 -1.02019 0.299056 
-4 -2.73684 2 1 -1.10974 0.315194 
-4 -2.31579 2 1 -1.21978 0.335027 
-4 -1.89474 2 1 -1.35828 0.359987 
-4 -1.47368 2 1 -1.53788 0.392356 
-4 -1.05263 2 1 -1.7801 0.436008 
-4 -0.631579 2 1 -2.12458 0.498091 
-4 -0.210526 2 1 -2.65341 0.593397 
-4 0.210526 2 1 -3.56864 0.75834 
-4 0.631579 2 1 -5.53752 1.11318 
-4 1.05263 2 1 -12.8477 2.43063 
4 -4 2 1 0.514879 0.336086 
4 -3.57895 2 1 0.561121 0.349627 
4 -3.15789 2 1 0.614296 0.365198 
4 -2.73684 2 1 0.676089 0.383293 
4 -2.31579 2 1 0.748781 0.404579 
4 -1.89474 2 1 0.835533 0.429982 
4 -1.47368 2 1 0.940862 0.460826 
4 -1.05263 2 1 1.07145 0.499065 
4 -0.631579 2 1 1.23762 0.547725 
4 -0.210526 2 1 1.45621 0.611735 
4 0.210526 2 1 1.75668 0.699719 
4 0.631579 2 1 2.1956 0.82825 
4 1.05263 2 1 2.89738 1.03375 
4 1.47368 2 1 4.19898 1.41489 
4 1.89474 2 1 7.44344 2.36497 
4 2.31579 2 1 29.7795 8.90559 
-4 -4 2 1 -0.883272 0.27438 
-3.57895 -4 2 1 -0.795591 0.27825 
-3.15789 -4 2 1 -0.709757 0.282038 
-2.73684 -4 2 1 -0.625712 0.285747 
-2.31579 -4 2 1 -0.543399 0.28938 
-1.89474 -4 2 1 -0.462767 0.292939 
-1.47368 -4 2 1 -0.383764 0.296425 
-1.05263 -4 2 1 -0.306341 0.299842 
-0.631579 -4 2 1 -0.230452 0.303192 
-0.210526 -4 2 1 -0.15605 0.306475 
0.210526 -4 2 1 -0.0830941 0.309695 
0.631579 -4 2 1 -0.011541 0.312853 
1.05263 -4 2 1 0.058649 0.315951 
1.47368 -4 2 1 0.127514 0.31899 
1.89474 -4 2 1 0.195093 0.321972 
2.31579 -4 2 1 0.261419 0.3249 
2.73684 -4 2 1 0.326528 0.327773 
3.15789 -4 2 1 0.390454 0.330594 
3.57895 -4 2 1 0.453227 0.333365 
4 -4 2 1 0.514879 0.336086 
-4 -4 6 1 -1.05292 1.15745 
-4 -3.57895 6 1 -1.14087 1.25619 
-4 -3.15789 6 1 -1.24777 1.37619 
-4 -2.73684 6 1 -1.38048 1.52515 
-4 -2.31579 6 1 -1.54961 1.71501 
-4 -1.89474 6 1 -1.77256 1.96527 
-4 -1.47368 6 1 -2.07986 2.31023 
-4 -1.05263 6 1 -2.53058 2.81617 
-4 -0.631579 6 1 -3.25564 3.63008 
-4 -0.210526 6 1 -4.61514 5.15616 
-4 0.210526 6 1 -8.08941 9.05613 
-4 0.631579 6 1 -35.8837 40.2561 
4 -4 6 1 0.52315 1.06012 
4 -3.57895 6 1 0.575242 1.13136 
4 -3.15789 6 1 0.636097 1.21459 
4 -2.73684 6 1 0.70813 1.31311 
4 -2.31579 6 1 0.794733 1.43155 
4 -1.89474 6 1 0.900822 1.57664 
4 -1.47368 6 1 1.03381 1.75852 
4 -1.05263 6 1 1.20541 1.99321 
4 -0.631579 6 1 1.43529 2.30761 
4 -0.210526 6 1 1.75922 2.75064 
4 0.210526 6 1 2.24978 3.42155 
4 0.631579 6 1 3.08001 4.55702 
4 1.05263 6 1 4.78954 6.89508 
4 1.47368 6 1 10.3478 14.4969 
-4 -4 6 1 -1.05292 1.15745 
-3.57895 -4 6 1 -0.952061 1.15122 
-3.15789 -4 6 1 -0.853594 1.14514 
-2.73684 -4 6 1 -0.757434 1.1392 
-2.31579 -4 6 1 -0.663501 1.1334 
-1.89474 -4 6 1 -0.571717 1.12774 
-1.47368 -4 6 1 -0.48201 1.1222 
-1.05263 -4 6 1 -0.39431 1.11678 
-0.631579 -4 6 1 -0.308551 1.11148 
-0.210526 -4 6 1 -0.224668 1.1063 
0.210526 -4 6 1 -0.142601 1.10124 
0.631579 -4 6 1 -0.0622922 1.09628 
1.05263 -4 6 1 0.0163153 1.09142 
1.47368 -4 6 1 0.0932747 1.08667 
1.89474 -4 6 1 0.168637 1.08201 
2.31579 -4 6 1 0.242452 1.07746 
2.73684 -4 6 1 0.314766 1.07299 
3.15789 -4 6 1 0.385625 1.06861 
3.57895 -4 6 1 0.455073 1.06433 
4 -4 6 1 0.52315 1.06012 
