0.638139 -0.15873 0.549673 0.494781 0 
0.571491 -0.1662 0.485246 0.492336 1 
0.503833 -0.173784 0.419885 0.489855 2 
0.435141 -0.181484 0.353568 0.487338 3 
0.365392 -0.189302 0.286276 0.484784 4 
0.294561 -0.197241 0.217986 0.482192 5 
0.222623 -0.205305 0.148676 0.479562 6 
0.149551 -0.213495 0.0783223 0.476892 7 
0.0753192 -0.221816 0.00690223 0.474181 8 
-0.000101091 -0.23027 -0.065609 0.471429 9 
-0.0767384 -0.23886 -0.139237 0.468635 10 
-0.154622 -0.24759 -0.214007 0.465797 11 
-0.233784 -0.256463 -0.289946 0.462915 12 
-0.314254 -0.265483 -0.367082 0.459987 13 
-0.396067 -0.274653 -0.445444 0.457013 14 
-0.479255 -0.283978 -0.525061 0.453991 15 
-0.563853 -0.29346 -0.605962 0.450921 16 
-0.649899 -0.303105 -0.68818 0.4478 17 
-0.737429 -0.312916 -0.771748 0.444629 18 
-0.826482 -0.322898 -0.856697 0.441405 19 
0.638139 -0.15873 0.549673 0.494781 40 
0.69448 -0.165118 0.596985 0.536372 41 
0.760151 -0.172565 0.651745 0.584512 42 
0.837678 -0.181356 0.715863 0.640877 43 
0.93059 -0.191892 0.791962 0.707775 44 
1.04397 -0.204749 0.883744 0.78846 45 
1.18543 -0.22079 0.996617 0.887686 46 
1.36686 -0.241363 1.13879 1.01267 47 
1.60799 -0.268705 1.32339 1.17495 48 
1.94409 -0.306818 1.57271 1.39412 49 
2.44504 -0.363623 1.92803 1.70649 50 
3.27151 -0.457341 2.47523 2.18753 51 
4.89352 -0.641268 3.4272 3.02439 52 
9.5254 -1.1665 5.49665 4.84363 53 
133.245 -15.1956 13.4471 11.8328 54 
-0.826482 -0.322898 -0.856697 0.441405 60 
-0.892163 -0.345254 -0.921448 0.485531 61 
-0.970876 -0.372045 -0.998293 0.537901 62 
-1.06692 -0.404737 -1.09097 0.601061 63 
-1.18675 -0.44552 -1.20494 0.678729 64 
-1.34041 -0.497822 -1.34848 0.776552 65 
-1.54461 -0.567326 -1.53483 0.903548 66 
-1.8292 -0.66419 -1.78649 1.07505 67 
-2.25327 -0.808527 -2.14508 1.31943 68 
-2.95263 -1.04656 -2.69715 1.69565 69 
-4.32418 -1.5134 -3.65713 2.34987 70 
-8.23376 -2.84408 -5.742 3.77069 71 
-108.904 -37.1088 -13.7264 9.21195 72 
