-1.45495 0.374034 -1.9019 1.91437 20 
-1.2842 0.369075 -1.66111 1.82081 21 
-1.12813 0.364541 -1.44614 1.73729 22 
-0.984919 0.360381 -1.25307 1.66227 23 
-0.853049 0.356551 -1.07869 1.59452 24 
-0.731221 0.353012 -0.920435 1.53303 25 
-0.61833 0.349733 -0.776154 1.47697 26 
-0.513427 0.346686 -0.644078 1.42565 27 
-0.415694 0.343847 -0.52272 1.37849 28 
-0.324419 0.341195 -0.410827 1.33502 29 
-0.238983 0.338714 -0.307333 1.29481 30 
-0.158844 0.336386 -0.211327 1.2575 31 
-0.0835224 0.334198 -0.122024 1.22281 32 
-0.0125975 0.332138 -0.0387468 1.19045 33 
0.0543048 0.330194 0.0390956 1.1602 34 
0.117517 0.328358 0.112018 1.13187 35 
0.177337 0.326621 0.180473 1.10527 36 
0.234031 0.324974 0.244858 1.08025 37 
0.287836 0.323411 0.305527 1.05668 38 
0.338969 0.321926 0.362791 1.03443 39 
-4.6611 0.991297 -52.1674 61.8133 52 
-3.34485 0.737886 -9.16334 10.5675 53 
-2.65507 0.605087 -5.20593 5.85162 54 
-2.23049 0.523344 -3.71981 4.08069 55 
-1.94282 0.467961 -2.94092 3.15252 56 
-1.73503 0.427958 -2.46144 2.58115 57 
-1.57792 0.397709 -2.13657 2.19401 58 
-1.45495 0.374034 -1.9019 1.91437 59 
5.19779 1.20094 28.9202 31.1958 64 
3.54957 0.902762 8.31216 9.43027 65 
2.64642 0.73937 4.70041 5.61567 66 
2.07626 0.636222 3.19771 4.02857 67 
1.6836 0.565185 2.3742 3.1588 68 
1.39671 0.513284 1.85428 2.60969 69 
1.17794 0.473705 1.49621 2.23151 70 
1.00559 0.442525 1.23458 1.95519 71 
0.866307 0.417327 1.03507 1.74447 72 
0.751408 0.396541 0.87789 1.57846 73 
0.655005 0.3791 0.750865 1.4443 74 
0.572964 0.364258 0.646077 1.33363 75 
0.502299 0.351474 0.558155 1.24077 76 
0.440796 0.340347 0.483333 1.16174 77 
0.386783 0.330576 0.418884 1.09367 78 
0.338969 0.321926 0.362791 1.03443 79 
