-4 0.631579 2 1 43.4354 4.6551 
-4 1.05263 2 1 9.56541 0.943221 
-4 1.47368 2 1 5.65302 0.514454 
-4 1.89474 2 1 4.13999 0.348638 
-4 2.31579 2 1 3.3371 0.260649 
-4 2.73684 2 1 2.83943 0.206107 
-4 3.15789 2 1 2.50072 0.168988 
-4 3.57895 2 1 2.25531 0.142093 
-4 4 2 1 2.06931 0.121709 
4 -4 2 1 -5.59253 -0.510338 
4 -3.57895 2 1 -3.91545 -0.381717 
4 -3.15789 2 1 -2.94255 -0.307101 
4 -2.73684 2 1 -2.30727 -0.258379 
4 -2.31579 2 1 -1.85985 -0.224065 
4 -1.89474 2 1 -1.5277 -0.198591 
4 -1.47368 2 1 -1.27135 -0.178931 
4 -1.05263 2 1 -1.06751 -0.163298 
4 -0.631579 2 1 -0.901556 -0.15057 
4 -0.210526 2 1 -0.763815 -0.140006 
4 0.210526 2 1 -0.647657 -0.131097 
4 0.631579 2 1 -0.548379 -0.123483 
4 1.05263 2 1 -0.46255 -0.116901 
4 1.47368 2 1 -0.387611 -0.111153 
4 1.89474 2 1 -0.321613 -0.106092 
4 2.31579 2 1 -0.263045 -0.1016 
4 2.73684 2 1 -0.210721 -0.097587 
4 3.15789 2 1 -0.163691 -0.0939801 
4 3.57895 2 1 -0.121192 -0.0907207 
4 4 2 1 -0.082598 -0.0877608 
2.73684 -4 2 1 -19.7524 -1.50451 
3.15789 -4 2 1 -10.0336 -0.822148 
3.57895 -4 2 1 -7.0443 -0.612268 
4 -4 2 1 -5.59253 -0.510338 
-4 4 2 1 2.06931 0.121709 
-3.57895 4 2 1 1.79458 0.0949658 
-3.15789 4 2 1 1.56017 0.0721483 
-2.73684 4 2 1 1.35782 0.0524512 
-2.31579 4 2 1 1.18137 0.0352753 
-1.89474 4 2 1 1.02614 0.0201657 
-1.47368 4 2 1 0.888535 0.00677056 
-1.05263 4 2 1 0.765702 -0.00518614 
-0.631579 4 2 1 0.655387 -0.0159243 
-0.210526 4 2 1 0.55577 -0.0256212 
0.210526 4 2 1 0.465365 -0.0344213 
0.631579 4 2 1 0.382952 -0.0424435 
1.05263 4 2 1 0.307516 -0.0497866 
1.47368 4 2 1 0.238206 -0.0565333 
1.89474 4 2 1 0.174306 -0.0627534 
2.31579 4 2 1 0.115206 -0.0685062 
2.73684 4 2 1 0.060385 -0.0738426 
3.15789 4 2 1 0.00939399 -0.0788061 
3.57895 4 2 1 -0.0381546 -0.0834346 
4 4 2 1 -0.082598 -0.0877608 
-4 0.210526 6 1 30.583 40.9924 
-4 0.631579 6 1 7.84623 9.76332 
-4 1.05263 6 1 4.76537 5.53176 
-4 1.47368 6 1 3.54411 3.85435 
-4 1.89474 6 1 2.8891 2.95469 
-4 2.31579 6 1 2.48063 2.39367 
-4 2.73684 6 1 2.20156 2.01037 
-4 3.15789 6 1 1.99881 1.73188 
-4 3.57895 6 1 1.84483 1.5204 
-4 4 6 1 1.72392 1.35433 
4 -4 6 1 -4.32255 2.67272 
4 -3.57895 6 1 -3.27567 2.11224 
4 -3.15789 6 1 -2.58882 1.74451 
4 -2.73684 6 1 -2.10352 1.48469 
4 -2.31579 6 1 -1.74241 1.29135 
4 -1.89474 6 1 -1.46323 1.14188 
4 -1.47368 6 1 -1.24093 1.02287 
4 -1.05263 6 1 -1.05974 0.925864 
4 -0.631579 6 1 -0.909221 0.845278 
4 -0.210526 6 1 -0.782191 0.777268 
4 0.210526 6 1 -0.673551 0.719104 
4 0.631579 6 1 -0.579576 0.668791 
4 1.05263 6 1 -0.497485 0.624841 
4 1.47368 6 1 -0.425158 0.586118 
4 1.89474 6 1 -0.360951 0.551743 
4 2.31579 6 1 -0.303568 0.521021 
4 2.73684 6 1 -0.251977 0.4934 
4 3.15789 6 1 -0.205343 0.468433 
4 3.57895 6 1 -0.162984 0.445755 
4 4 6 1 -0.124339 0.425064 
1.89474 -4 6 1 -43.9136 41.7943 
2.31579 -4 6 1 -12.8628 11.1117 
2.73684 -4 6 1 -8.02421 6.33048 
3.15789 -4 6 1 -6.05787 4.38746 
3.57895 -4 6 1 -4.99162 3.33386 
4 -4 6 1 -4.32255 2.67272 
-4 4 6 1 1.72392 1.35433 
-3.57895 4 6 1 1.50251 1.24301 
-3.15789 4 6 1 1.31042 1.14643 
-2.73684 4 6 1 1.14218 1.06184 
-2.31579 4 6 1 0.99361 0.987142 
-1.89474 4 6 1 0.861451 0.920696 
-1.47368 4 6 1 0.743127 0.861205 
-1.05263 4 6 1 0.636573 0.807632 
-0.631579 4 6 1 0.540115 0.759136 
-0.210526 4 6 1 0.452385 0.715027 
0.210526 4 6 1 0.372249 0.674737 
0.631579 4 6 1 0.298761 0.637789 
1.05263 4 6 1 0.231127 0.603784 
1.47368 4 6 1 0.168675 0.572385 
1.89474 4 6 1 0.110831 0.543302 
2.31579 4 6 1 0.0571034 0.516289 
2.73684 4 6 1 0.00706742 0.491132 
3.15789 4 6 1 -0.0396446 0.467647 
3.57895 4 6 1 -0.0833532 0.445671 
4 4 6 1 -0.124339 0.425064 
