-4 -0.631579 2 1 26.2834 0.842052 
-4 -0.210526 2 1 7.31512 0.0844751 
-4 0.210526 2 1 4.37152 -0.03309 
-4 0.631579 2 1 3.17623 -0.0808294 
-4 1.05263 2 1 2.5283 -0.106707 
-4 1.47368 2 1 2.12181 -0.122942 
-4 1.89474 2 1 1.84299 -0.134078 
-4 2.31579 2 1 1.63987 -0.14219 
-4 2.73684 2 1 1.4853 -0.148364 
-4 3.15789 2 1 1.36372 -0.153219 
-4 3.57895 2 1 1.26561 -0.157138 
-4 4 2 1 1.18475 -0.160367 
4 -3.15789 2 1 -15.4691 -0.174441 
4 -2.73684 2 1 -6.48859 -0.18546 
4 -2.31579 2 1 -4.0131 -0.188498 
4 -1.89474 2 1 -2.85397 -0.18992 
4 -1.47368 2 1 -2.18176 -0.190745 
4 -1.05263 2 1 -1.74291 -0.191283 
4 -0.631579 2 1 -1.43388 -0.191662 
4 -0.210526 2 1 -1.20448 -0.191944 
4 0.210526 2 1 -1.02745 -0.192161 
4 0.631579 2 1 -0.886696 -0.192334 
4 1.05263 2 1 -0.772099 -0.192474 
4 1.47368 2 1 -0.676989 -0.192591 
4 1.89474 2 1 -0.596786 -0.192689 
4 2.31579 2 1 -0.528239 -0.192773 
4 2.73684 2 1 -0.46898 -0.192846 
4 3.15789 2 1 -0.41724 -0.19291 
4 3.57895 2 1 -0.371675 -0.192966 
4 4 2 1 -0.33124 -0.193015 
-4 4 2 1 1.18475 -0.160367 
-3.57895 4 2 1 1.06367 -0.162975 
-3.15789 4 2 1 0.949353 -0.165437 
-2.73684 4 2 1 0.841255 -0.167765 
-2.31579 4 2 1 0.738879 -0.169969 
-1.89474 4 2 1 0.641783 -0.172061 
-1.47368 4 2 1 0.549568 -0.174046 
-1.05263 4 2 1 0.461876 -0.175935 
-0.631579 4 2 1 0.378382 -0.177733 
-0.210526 4 2 1 0.298791 -0.179447 
0.210526 4 2 1 0.222836 -0.181083 
0.631579 4 2 1 0.150274 -0.182645 
1.05263 4 2 1 0.0808816 -0.18414 
1.47368 4 2 1 0.0144559 -0.18557 
1.89474 4 2 1 -0.0491893 -0.186941 
2.31579 4 2 1 -0.110225 -0.188255 
2.73684 4 2 1 -0.168809 -0.189517 
3.15789 4 2 1 -0.225085 -0.190729 
3.57895 4 2 1 -0.279187 -0.191894 
4 4 2 1 -0.33124 -0.193015 
-4 -1.47368 6 1 23.8281 29.0472 
-4 -1.05263 6 1 6.67601 7.68813 
-4 -0.631579 6 1 4.00422 4.36103 
-4 -0.210526 6 1 2.91853 3.00904 
-4 0.210526 6 1 2.32983 2.27595 
-4 0.631579 6 1 1.96043 1.81594 
-4 1.05263 6 1 1.70702 1.50039 
-4 1.47368 6 1 1.5224 1.27047 
-4 1.89474 6 1 1.38189 1.0955 
-4 2.31579 6 1 1.27138 0.957886 
-4 2.73684 6 1 1.18218 0.846812 
-4 3.15789 6 1 1.10867 0.755277 
-4 3.57895 6 1 1.04705 0.678543 
-4 4 6 1 0.994652 0.613289 
4 -4 6 1 -16.5673 13.4737 
4 -3.57895 6 1 -6.97212 5.72013 
4 -3.15789 6 1 -4.32308 3.57951 
4 -2.73684 6 1 -3.08208 2.57669 
4 -2.31579 6 1 -2.3622 1.99498 
4 -1.89474 6 1 -1.89217 1.61515 
4 -1.47368 6 1 -1.56114 1.34766 
4 -1.05263 6 1 -1.3154 1.14908 
4 -0.631579 6 1 -1.12574 0.995827 
4 -0.210526 6 1 -0.974942 0.873969 
4 0.210526 6 1 -0.852163 0.774755 
4 0.631579 6 1 -0.75026 0.69241 
4 1.05263 6 1 -0.664326 0.622969 
4 1.47368 6 1 -0.59088 0.563619 
4 1.89474 6 1 -0.527384 0.51231 
4 2.31579 6 1 -0.471945 0.467511 
4 2.73684 6 1 -0.42312 0.428057 
4 3.15789 6 1 -0.379793 0.393045 
4 3.57895 6 1 -0.341084 0.361765 
4 4 6 1 -0.306292 0.333651 
3.15789 -4 6 1 -118.143 116.43 
3.57895 -4 6 1 -27.2578 24.3095 
4 -4 6 1 -16.5673 13.4737 
-4 4 6 1 0.994652 0.613289 
-3.57895 4 6 1 0.89592 0.592066 
-3.15789 4 6 1 0.801921 0.571861 
-2.73684 4 6 1 0.712321 0.552602 
-2.31579 4 6 1 0.62682 0.534223 
-1.89474 4 6 1 0.545141 0.516666 
-1.47368 4 6 1 0.467035 0.499878 
-1.05263 4 6 1 0.392272 0.483807 
-0.631579 4 6 1 0.320642 0.46841 
-0.210526 4 6 1 0.251951 0.453645 
0.210526 4 6 1 0.186024 0.439474 
0.631579 4 6 1 0.122695 0.425862 
1.05263 4 6 1 0.0618153 0.412776 
1.47368 4 6 1 0.00324463 0.400186 
1.89474 4 6 1 -0.0531458 0.388065 
2.31579 4 6 1 -0.107476 0.376387 
2.73684 4 6 1 -0.159855 0.365128 
3.15789 4 6 1 -0.210389 0.354266 
3.57895 4 6 1 -0.259171 0.34378 
4 4 6 1 -0.306292 0.333651 
