-4 -3.15789 2 1 35.1667 -2.02655 
-4 -2.73684 2 1 8.45925 -0.44466 
-4 -2.31579 2 1 4.69794 -0.221876 
-4 -1.89474 2 1 3.19715 -0.132984 
-4 -1.47368 2 1 2.38991 -0.0851706 
-4 -1.05263 2 1 1.88569 -0.0553059 
-4 -0.631579 2 1 1.54084 -0.0348803 
-4 -0.210526 2 1 1.29011 -0.0200295 
-4 0.210526 2 1 1.0996 -0.00874521 
-4 0.631579 2 1 0.949931 0.000119563 
-4 1.05263 2 1 0.829247 0.00726766 
-4 1.47368 2 1 0.729872 0.0131537 
-4 1.89474 2 1 0.646618 0.0180849 
-4 2.31579 2 1 0.575858 0.022276 
-4 2.73684 2 1 0.514974 0.0258821 
-4 3.15789 2 1 0.462036 0.0290177 
-4 3.57895 2 1 0.415581 0.0317692 
-4 4 2 1 0.374488 0.0342032 
4 -0.631579 2 1 -15.5794 2.32693 
4 -0.210526 2 1 -5.97202 0.910628 
4 0.210526 2 1 -3.78132 0.587678 
4 0.631579 2 1 -2.81081 0.444606 
4 1.05263 2 1 -2.26311 0.363865 
4 1.47368 2 1 -1.91134 0.312008 
4 1.89474 2 1 -1.66632 0.275887 
4 2.31579 2 1 -1.48586 0.249283 
4 2.73684 2 1 -1.34741 0.228873 
4 3.15789 2 1 -1.23783 0.212719 
4 3.57895 2 1 -1.14894 0.199615 
4 4 2 1 -1.0754 0.188773 
-4 4 2 1 0.374488 0.0342032 
-3.57895 4 2 1 0.322539 0.0397414 
-3.15789 4 2 1 0.268714 0.0454797 
-2.73684 4 2 1 0.212909 0.0514289 
-2.31579 4 2 1 0.155013 0.0576011 
-1.89474 4 2 1 0.0949075 0.0640089 
-1.47368 4 2 1 0.0324624 0.070666 
-1.05263 4 2 1 -0.0324614 0.0775875 
-0.631579 4 2 1 -0.100014 0.0847892 
-0.210526 4 2 1 -0.17036 0.0922886 
0.210526 4 2 1 -0.243674 0.100105 
0.631579 4 2 1 -0.320149 0.108257 
1.05263 4 2 1 -0.399995 0.11677 
1.47368 4 2 1 -0.483438 0.125665 
1.89474 4 2 1 -0.570728 0.134971 
2.31579 4 2 1 -0.662136 0.144716 
2.73684 4 2 1 -0.757962 0.154932 
3.15789 4 2 1 -0.858533 0.165654 
3.57895 4 2 1 -0.964211 0.17692 
4 4 2 1 -1.0754 0.188773 
-4 -2.73684 6 1 13.8016 10.5067 
-4 -2.31579 6 1 6.31786 4.96863 
-4 -1.89474 6 1 4.02427 3.27134 
-4 -1.47368 6 1 2.91178 2.44808 
-4 -1.05263 6 1 2.25486 1.96196 
-4 -0.631579 6 1 1.82125 1.64108 
-4 -0.210526 6 1 1.51361 1.41342 
-4 0.210526 6 1 1.28402 1.24352 
-4 0.631579 6 1 1.10611 1.11187 
-4 1.05263 6 1 0.964206 1.00686 
-4 1.47368 6 1 0.848376 0.921141 
-4 1.89474 6 1 0.75204 0.849851 
-4 2.31579 6 1 0.670659 0.789628 
-4 2.73684 6 1 0.601 0.73808 
-4 3.15789 6 1 0.540702 0.693458 
-4 3.57895 6 1 0.487997 0.654455 
-4 4 6 1 0.441534 0.620073 
4 -0.631579 6 1 -56.1382 76.6734 
4 -0.210526 6 1 -7.44219 9.87591 
4 0.210526 6 1 -4.11355 5.30994 
4 0.631579 6 1 -2.90053 3.646 
4 1.05263 6 1 -2.27255 2.78458 
4 1.47368 6 1 -1.8886 2.25791 
4 1.89474 6 1 -1.62958 1.90261 
4 2.31579 6 1 -1.44304 1.64673 
4 2.73684 6 1 -1.3023 1.45368 
4 3.15789 6 1 -1.19234 1.30283 
4 3.57895 6 1 -1.10405 1.18172 
4 4 6 1 -1.0316 1.08234 
-4 4 6 1 0.441534 0.620073 
-3.57895 4 6 1 0.389415 0.636428 
-3.15789 4 6 1 0.335362 0.65339 
-2.73684 4 6 1 0.279266 0.670992 
-2.31579 4 6 1 0.221009 0.689273 
-1.89474 4 6 1 0.160463 0.708273 
-1.47368 4 6 1 0.0974917 0.728033 
-1.05263 4 6 1 0.0319456 0.748601 
-0.631579 4 6 1 -0.0363364 0.770028 
-0.210526 4 6 1 -0.107529 0.792368 
0.210526 4 6 1 -0.181823 0.815682 
0.631579 4 6 1 -0.259425 0.840033 
1.05263 4 6 1 -0.340561 0.865493 
1.47368 4 6 1 -0.425478 0.89214 
1.89474 4 6 1 -0.514448 0.920059 
2.31579 4 6 1 -0.607766 0.949342 
2.73684 4 6 1 -0.705759 0.980092 
3.15789 4 6 1 -0.80879 1.01242 
3.57895 4 6 1 -0.917254 1.04646 
4 4 6 1 -1.0316 1.08234 
