-1.09753 0.00252101 -1.25157 0.909288 0 
-1.17218 -0.00101894 -1.34693 0.99712 1 
-1.26243 -0.00529802 -1.46372 1.1047 2 
-1.37371 -0.0105747 -1.6101 1.23951 3 
-1.51437 -0.0172438 -1.79892 1.41342 4 
-1.69778 -0.0259404 -2.05177 1.64631 5 
-1.94694 -0.0377547 -2.40787 1.9743 6 
-2.30493 -0.0547293 -2.94671 2.4706 7 
-2.86299 -0.08119 -3.85749 3.30947 8 
-3.85384 -0.128172 -5.72824 5.03253 9 
-6.09983 -0.234668 -11.7678 10.5952 10 
0.358973 0.127505 0.317715 0.726682 20 
0.399837 0.132871 0.357721 0.770607 21 
0.446037 0.138937 0.403194 0.820534 22 
0.498692 0.14585 0.455338 0.877786 23 
0.559256 0.153802 0.515737 0.944101 24 
0.629656 0.163045 0.586519 1.02182 25 
0.712499 0.173922 0.670613 1.11415 26 
0.811404 0.186908 0.772166 1.22565 27 
0.931544 0.202681 0.897242 1.36298 28 
1.08058 0.222249 1.05509 1.53628 29 
1.27036 0.247167 1.26052 1.76184 30 
1.52025 0.279976 1.53888 2.06746 31 
1.86416 0.32513 1.93738 2.50499 32 
2.36747 0.391212 2.5552 3.18333 33 
3.1744 0.497159 3.64215 4.37675 34 
4.67838 0.694625 6.05958 7.03097 35 
8.46933 1.19236 16.104 18.0592 36 
-1.09753 0.00252101 -1.25157 0.909288 40 
-0.985803 0.0121081 -1.1289 0.895014 41 
-0.879618 0.02122 -1.01266 0.881489 42 
-0.778569 0.0298912 -0.902378 0.868655 43 
-0.682292 0.0381529 -0.797593 0.856462 44 
-0.590456 0.0460335 -0.697909 0.844863 45 
-0.502762 0.0535586 -0.60296 0.833814 46 
-0.418935 0.060752 -0.512418 0.823279 47 
-0.338725 0.0676349 -0.425983 0.813221 48 
-0.261902 0.0742271 -0.343381 0.803609 49 
-0.188258 0.0805467 -0.264364 0.794414 50 
-0.117598 0.0866101 -0.188702 0.78561 51 
-0.0497449 0.0924327 -0.116186 0.777172 52 
0.0154656 0.0980285 -0.0466249 0.769078 53 
0.0781848 0.103411 0.0201593 0.761307 54 
0.138553 0.108591 0.0843294 0.75384 55 
0.1967 0.11358 0.146036 0.746659 56 
0.252745 0.11839 0.205418 0.739749 57 
0.306802 0.123028 0.262605 0.733095 58 
0.358973 0.127505 0.317715 0.726682 59 
