-0.851455 0.274345 -1.01668 1.14793 0 
-0.912164 0.284542 -1.10219 1.24356 1 
-0.983974 0.296602 -1.20589 1.35953 2 
-1.07023 0.31109 -1.33425 1.50307 3 
-1.1758 0.328819 -1.49726 1.68538 4 
-1.30796 0.351015 -1.71115 1.92459 5 
-1.47821 0.37961 -2.00416 2.25226 6 
-1.70581 0.417835 -2.43011 2.72862 7 
-2.02558 0.471541 -3.10606 3.48457 8 
-2.50775 0.552522 -4.34351 4.86846 9 
-3.31812 0.688624 -7.33912 8.21857 10 
-4.96469 0.965168 -25.0311 28.0042 11 
0.53965 0.335018 0.557607 1.07428 20 
0.586786 0.34792 0.61189 1.14739 21 
0.641099 0.362787 0.675528 1.23311 22 
0.704361 0.380104 0.751166 1.33498 23 
0.778985 0.400531 0.842553 1.45807 24 
0.868333 0.424988 0.955177 1.60976 25 
0.977238 0.454798 1.09742 1.80133 26 
1.11291 0.491936 1.28272 2.05091 27 
1.28661 0.539482 1.53413 2.38953 28 
1.51692 0.602524 1.8947 2.87517 29 
1.8369 0.690112 2.45526 3.63018 30 
2.31159 0.820048 3.44603 4.96461 31 
3.08896 1.03284 5.67061 7.96083 32 
4.59401 1.44481 15.2368 20.8452 33 
-0.851455 0.274345 -1.01668 1.14793 40 
-0.766558 0.278048 -0.918849 1.14335 41 
-0.683152 0.281686 -0.822962 1.13887 42 
-0.6012 0.28526 -0.728962 1.13447 43 
-0.520662 0.288773 -0.636795 1.13016 44 
-0.441503 0.292225 -0.546408 1.12593 45 
-0.363689 0.295619 -0.457748 1.12178 46 
-0.287183 0.298956 -0.370768 1.11771 47 
-0.211955 0.302237 -0.28542 1.11372 48 
-0.137972 0.305464 -0.201658 1.1098 49 
-0.0652037 0.308637 -0.119439 1.10596 50 
0.0063797 0.31176 -0.0387204 1.10218 51 
0.0768069 0.314831 0.0405385 1.09847 52 
0.146106 0.317854 0.118377 1.09483 53 
0.214303 0.320828 0.194833 1.09125 54 
0.281425 0.323755 0.269942 1.08774 55 
0.347496 0.326637 0.343741 1.08429 56 
0.412542 0.329474 0.416263 1.08089 57 
0.476586 0.332267 0.487541 1.07756 58 
0.53965 0.335018 0.557607 1.07428 59 
