-4 -4 2 1 -0.719688 0.20771 
-4 -3.57895 2 1 -0.772305 0.209391 
-4 -3.15789 2 1 -0.83374 0.211353 
-4 -2.73684 2 1 -0.906409 0.213675 
-4 -2.31579 2 1 -0.993707 0.216464 
-4 -1.89474 2 1 -1.10054 0.219876 
-4 -1.47368 2 1 -1.2343 0.224149 
-4 -1.05263 2 1 -1.40663 0.229654 
-4 -0.631579 2 1 -1.63702 0.237014 
-4 -0.210526 2 1 -1.96077 0.247356 
-4 0.210526 2 1 -2.44902 0.262953 
-4 0.631579 2 1 -3.26987 0.289174 
-4 1.05263 2 1 -4.93871 0.342485 
-4 1.47368 2 1 -10.1736 0.509709 
4 -4 2 1 0.63874 0.257129 
4 -3.57895 2 1 0.688822 0.262387 
4 -3.15789 2 1 0.746897 0.268485 
4 -2.73684 2 1 0.815042 0.27564 
4 -2.31579 2 1 0.896127 0.284153 
4 -1.89474 2 1 0.994223 0.294453 
4 -1.47368 2 1 1.11531 0.307166 
4 -1.05263 2 1 1.26855 0.323255 
4 -0.631579 2 1 1.46869 0.34427 
4 -0.210526 2 1 1.74119 0.37288 
4 0.210526 2 1 2.13391 0.414114 
4 0.631579 2 1 2.74894 0.478689 
4 1.05263 2 1 3.84957 0.59425 
4 1.47368 2 1 6.38607 0.86057 
4 1.89474 2 1 18.4394 2.12611 
-4 -4 2 1 -0.719688 0.20771 
-3.57895 -4 2 1 -0.645296 0.210416 
-3.15789 -4 2 1 -0.571238 0.213111 
-2.73684 -4 2 1 -0.497513 0.215793 
-2.31579 -4 2 1 -0.424116 0.218463 
-1.89474 -4 2 1 -0.351047 0.221121 
-1.47368 -4 2 1 -0.278303 0.223767 
-1.05263 -4 2 1 -0.205882 0.226402 
-0.631579 -4 2 1 -0.133782 0.229025 
-0.210526 -4 2 1 -0.0620006 0.231636 
0.210526 -4 2 1 0.00946426 0.234236 
0.631579 -4 2 1 0.0806146 0.236825 
1.05263 -4 2 1 0.151453 0.239402 
1.47368 -4 2 1 0.22198 0.241967 
1.89474 -4 2 1 0.292199 0.244522 
2.31579 -4 2 1 0.362112 0.247065 
2.73684 -4 2 1 0.431721 0.249598 
3.15789 -4 2 1 0.501027 0.252119 
3.57895 -4 2 1 0.570033 0.254629 
4 -4 2 1 0.63874 0.257129 
-4 -4 6 1 -0.85464 1.01949 
-4 -3.57895 6 1 -0.927752 1.0942 
-4 -3.15789 6 1 -1.01526 1.18364 
-4 -2.73684 6 1 -1.12189 1.2926 
-4 -2.31579 6 1 -1.25466 1.42829 
-4 -1.89474 6 1 -1.42455 1.60191 
-4 -1.47368 6 1 -1.64963 1.83193 
-4 -1.05263 6 1 -1.96202 2.15118 
-4 -0.631579 6 1 -2.42476 2.62408 
-4 -0.210526 6 1 -3.18078 3.3967 
-4 0.210526 6 1 -4.63822 4.88614 
-4 0.631579 6 1 -8.61792 8.95322 
-4 1.05263 6 1 -63.7296 65.2749 
4 -4 6 1 0.699746 1.0378 
4 -3.57895 6 1 0.762605 1.11028 
4 -3.15789 6 1 0.837157 1.19624 
4 -2.73684 6 1 0.926997 1.29983 
4 -2.31579 6 1 1.03736 1.42708 
4 -1.89474 6 1 1.1762 1.58717 
4 -1.47368 6 1 1.35617 1.79467 
4 -1.05263 6 1 1.59869 2.07432 
4 -0.631579 6 1 1.94328 2.47163 
4 -0.210526 6 1 2.4715 3.0807 
4 0.210526 6 1 3.38351 4.13228 
4 0.631579 6 1 5.33619 6.38378 
4 1.05263 6 1 12.477 14.6174 
-4 -4 6 1 -0.85464 1.01949 
-3.57895 -4 6 1 -0.769033 1.0205 
-3.15789 -4 6 1 -0.683867 1.0215 
-2.73684 -4 6 1 -0.599137 1.0225 
-2.31579 -4 6 1 -0.514841 1.02349 
-1.89474 -4 6 1 -0.430975 1.02448 
-1.47368 -4 6 1 -0.347537 1.02546 
-1.05263 -4 6 1 -0.264522 1.02644 
-0.631579 -4 6 1 -0.181927 1.02741 
-0.210526 -4 6 1 -0.0997502 1.02838 
0.210526 -4 6 1 -0.0179873 1.02934 
0.631579 -4 6 1 0.0633646 1.0303 
1.05263 -4 6 1 0.144308 1.03125 
1.47368 -4 6 1 0.224847 1.0322 
1.89474 -4 6 1 0.304985 1.03315 
2.31579 -4 6 1 0.384723 1.03409 
2.73684 -4 6 1 0.464065 1.03502 
3.15789 -4 6 1 0.543014 1.03595 
3.57895 -4 6 1 0.621574 1.03688 
4 -4 6 1 0.699746 1.0378 
