-0.511354 0.0534991 -0.573582 0.738855 0 
-0.554044 0.0437687 -0.627289 0.779927 1 
-0.602811 0.0326532 -0.689858 0.827776 2 
-0.659052 0.0198341 -0.763678 0.88423 3 
-0.724628 0.00488726 -0.852086 0.95184 4 
-0.802073 -0.0127649 -0.959879 1.03427 5 
-0.89493 -0.0339301 -1.09422 1.13701 6 
-1.00831 -0.0597727 -1.26629 1.2686 7 
-1.14986 -0.0920362 -1.49457 1.44318 8 
-1.33156 -0.133453 -1.81201 1.68594 9 
-1.57334 -0.188561 -2.28351 2.04651 10 
-1.91088 -0.265497 -3.05712 2.63813 11 
-2.41511 -0.380427 -4.56013 3.78755 12 
-3.25002 -0.570729 -8.74413 6.98725 13 
-4.89959 -0.946718 -81.9514 62.9723 14 
0.818186 0.0115681 0.961966 0.830376 20 
0.872502 -0.00332349 1.03946 0.88918 21 
0.936143 -0.0207717 1.13291 0.960083 22 
1.01174 -0.0414968 1.24778 1.04725 23 
1.103 -0.0665175 1.3924 1.15699 24 
1.21536 -0.0973237 1.58007 1.29938 25 
1.3571 -0.136184 1.83334 1.49156 26 
1.54148 -0.186734 2.19391 1.76516 27 
1.79112 -0.255178 2.74828 2.18581 28 
2.14816 -0.353064 3.71013 2.91565 29 
2.70086 -0.504596 5.78979 4.49367 30 
3.67078 -0.770514 13.6386 10.4492 31 
-0.511354 0.0534991 -0.573582 0.738855 40 
-0.451371 0.0516074 -0.505896 0.74289 41 
-0.390429 0.0496854 -0.436976 0.746997 42 
-0.328504 0.0477324 -0.366789 0.75118 43 
-0.265573 0.0457477 -0.2953 0.755441 44 
-0.20161 0.0437304 -0.222471 0.759782 45 
-0.136591 0.0416798 -0.148266 0.764205 46 
-0.070488 0.0395951 -0.0726443 0.768712 47 
-0.00327477 0.0374753 0.00443479 0.773306 48 
0.0650772 0.0353196 0.0830137 0.777989 49 
0.134597 0.0331271 0.163137 0.782765 50 
0.205315 0.0308968 0.24485 0.787635 51 
0.277263 0.0286277 0.328201 0.792603 52 
0.350472 0.0263189 0.413239 0.797671 53 
0.424977 0.0239691 0.500017 0.802843 54 
0.500811 0.0215775 0.588588 0.808122 55 
0.578011 0.0191427 0.679009 0.813511 56 
0.656614 0.0166638 0.771338 0.819014 57 
0.736659 0.0141393 0.865636 0.824635 58 
0.818186 0.0115681 0.961966 0.830376 59 
