8.45925 -0.44466 13.8016 10.5067 3 
4.69794 -0.221876 6.31786 4.96863 4 
3.19715 -0.132984 4.02427 3.27134 5 
2.38991 -0.0851706 2.91178 2.44808 6 
1.88569 -0.0553059 2.25486 1.96196 7 
1.54084 -0.0348803 1.82125 1.64108 8 
1.29011 -0.0200295 1.51361 1.41342 9 
1.0996 -0.00874521 1.28402 1.24352 10 
0.949931 0.000119563 1.10611 1.11187 11 
0.829247 0.00726766 0.964206 1.00686 12 
0.729872 0.0131537 0.848376 0.921141 13 
0.646618 0.0180849 0.75204 0.849851 14 
0.575858 0.022276 0.670659 0.789628 15 
0.514974 0.0258821 0.601 0.73808 16 
0.462036 0.0290177 0.540702 0.693458 17 
0.415581 0.0317692 0.487997 0.654455 18 
0.374488 0.0342032 0.441534 0.620073 19 
-15.5794 2.32693 -56.1382 76.6734 28 
-5.97202 0.910628 -7.44219 9.87591 29 
-3.78132 0.587678 -4.11355 5.30994 30 
-2.81081 0.444606 -2.90053 3.646 31 
-2.26311 0.363865 -2.27255 2.78458 32 
-1.91134 0.312008 -1.8886 2.25791 33 
-1.66632 0.275887 -1.62958 1.90261 34 
-1.48586 0.249283 -1.44304 1.64673 35 
-1.34741 0.228873 -1.3023 1.45368 36 
-1.23783 0.212719 -1.19234 1.30283 37 
-1.14894 0.199615 -1.10405 1.18172 38 
-1.0754 0.188773 -1.0316 1.08234 39 
0.374488 0.0342032 0.441534 0.620073 60 
0.322539 0.0397414 0.389415 0.636428 61 
0.268714 0.0454797 0.335362 0.65339 62 
0.212909 0.0514289 0.279266 0.670992 63 
0.155013 0.0576011 0.221009 0.689273 64 
0.0949075 0.0640089 0.160463 0.708273 65 
0.0324624 0.070666 0.0974917 0.728033 66 
-0.0324614 0.0775875 0.0319456 0.748601 67 
-0.100014 0.0847892 -0.0363364 0.770028 68 
-0.17036 0.0922886 -0.107529 0.792368 69 
-0.243674 0.100105 -0.181823 0.815682 70 
-0.320149 0.108257 -0.259425 0.840033 71 
-0.399995 0.11677 -0.340561 0.865493 72 
-0.483438 0.125665 -0.425478 0.89214 73 
-0.570728 0.134971 -0.514448 0.920059 74 
-0.662136 0.144716 -0.607766 0.949342 75 
-0.757962 0.154932 -0.705759 0.980092 76 
-0.858533 0.165654 -0.80879 1.01242 77 
-0.964211 0.17692 -0.917254 1.04646 78 
-1.0754 0.188773 -1.0316 1.08234 79 
