-4 -0.631579 2 1 18.9064 -1.218 
-4 -0.210526 2 1 6.60924 -0.544867 
-4 0.210526 2 1 4.10165 -0.407604 
-4 0.631579 2 1 3.02195 -0.348502 
-4 1.05263 2 1 2.4208 -0.315597 
-4 1.47368 2 1 2.03777 -0.29463 
-4 1.89474 2 1 1.77237 -0.280102 
-4 2.31579 2 1 1.57763 -0.269442 
-4 2.73684 2 1 1.42865 -0.261287 
-4 3.15789 2 1 1.31098 -0.254846 
-4 3.57895 2 1 1.21571 -0.249631 
-4 4 2 1 1.13698 -0.245322 
4 -3.15789 2 1 -46.5123 -2.90031 
4 -2.73684 2 1 -9.00238 -0.737048 
4 -2.31579 2 1 -4.86058 -0.498184 
4 -1.89474 2 1 -3.26895 -0.406392 
4 -1.47368 2 1 -2.42664 -0.357814 
4 -1.05263 2 1 -1.90531 -0.327749 
4 -0.631579 2 1 -1.55085 -0.307307 
4 -0.210526 2 1 -1.2942 -0.292505 
4 0.210526 2 1 -1.09978 -0.281293 
4 0.631579 2 1 -0.947409 -0.272505 
4 1.05263 2 1 -0.824771 -0.265432 
4 1.47368 2 1 -0.723939 -0.259617 
4 1.89474 2 1 -0.639571 -0.254751 
4 2.31579 2 1 -0.56794 -0.25062 
4 2.73684 2 1 -0.506364 -0.247069 
4 3.15789 2 1 -0.452864 -0.243984 
4 3.57895 2 1 -0.405949 -0.241278 
4 4 2 1 -0.364474 -0.238886 
-4 4 2 1 1.13698 -0.245322 
-3.57895 4 2 1 1.02161 -0.244827 
-3.15789 4 2 1 0.91199 -0.244357 
-2.73684 4 2 1 0.807697 -0.24391 
-2.31579 4 2 1 0.708355 -0.243484 
-1.89474 4 2 1 0.613619 -0.243078 
-1.47368 4 2 1 0.523176 -0.242691 
-1.05263 4 2 1 0.436741 -0.24232 
-0.631579 4 2 1 0.354053 -0.241966 
-0.210526 4 2 1 0.274874 -0.241626 
0.210526 4 2 1 0.198985 -0.241301 
0.631579 4 2 1 0.126184 -0.240989 
1.05263 4 2 1 0.0562885 -0.24069 
1.47368 4 2 1 -0.0108736 -0.240402 
1.89474 4 2 1 -0.0754592 -0.240125 
2.31579 4 2 1 -0.137614 -0.239858 
2.73684 4 2 1 -0.197472 -0.239602 
3.15789 4 2 1 -0.255159 -0.239355 
3.57895 4 2 1 -0.31079 -0.239116 
4 4 2 1 -0.364474 -0.238886 
-4 -1.47368 6 1 17.3433 18.6969 
-4 -1.05263 6 1 6.12767 6.25461 
-4 -0.631579 6 1 3.81771 3.69199 
-4 -0.210526 6 1 2.82068 2.58592 
-4 0.210526 6 1 2.26494 1.96939 
-4 0.631579 6 1 1.9106 1.57629 
-4 1.05263 6 1 1.66497 1.3038 
-4 1.47368 6 1 1.48468 1.10379 
-4 1.89474 6 1 1.34672 0.950739 
-4 2.31579 6 1 1.23775 0.829845 
-4 2.73684 6 1 1.14949 0.731937 
-4 3.15789 6 1 1.07656 0.651029 
-4 3.57895 6 1 1.01528 0.583047 
-4 4 6 1 0.963067 0.525123 
4 -4 6 1 -48.0352 37.702 
4 -3.57895 6 1 -9.50485 7.49433 
4 -3.15789 6 1 -5.15207 4.08177 
4 -2.73684 6 1 -3.47405 2.7662 
4 -2.31579 6 1 -2.58481 2.06904 
4 -1.89474 6 1 -2.03402 1.63723 
4 -1.47368 6 1 -1.65935 1.34349 
4 -1.05263 6 1 -1.38798 1.13073 
4 -0.631579 6 1 -1.18235 0.969518 
4 -0.210526 6 1 -1.02116 0.843146 
4 0.210526 6 1 -0.891407 0.74142 
4 0.631579 6 1 -0.784712 0.657772 
4 1.05263 6 1 -0.695429 0.587775 
4 1.47368 6 1 -0.619619 0.52834 
4 1.89474 6 1 -0.554445 0.477243 
4 2.31579 6 1 -0.497816 0.432846 
4 2.73684 6 1 -0.448154 0.393912 
4 3.15789 6 1 -0.404249 0.35949 
4 3.57895 6 1 -0.365154 0.32884 
4 4 6 1 -0.33012 0.301373 
4 -4 6 1 -48.0352 37.702 
-4 4 6 1 0.963067 0.525123 
-3.57895 4 6 1 0.868244 0.508716 
-3.15789 4 6 1 0.777474 0.493011 
-2.73684 4 6 1 0.690504 0.477963 
-2.31579 4 6 1 0.6071 0.463533 
-1.89474 4 6 1 0.527046 0.449682 
-1.47368 4 6 1 0.450146 0.436376 
-1.05263 4 6 1 0.376216 0.423585 
-0.631579 4 6 1 0.305087 0.411278 
-0.210526 4 6 1 0.236603 0.399429 
0.210526 4 6 1 0.17062 0.388012 
0.631579 4 6 1 0.107003 0.377005 
1.05263 4 6 1 0.0456261 0.366386 
1.47368 4 6 1 -0.013626 0.356134 
1.89474 4 6 1 -0.0708621 0.346231 
2.31579 4 6 1 -0.126183 0.336659 
2.73684 4 6 1 -0.179684 0.327402 
3.15789 4 6 1 -0.231453 0.318445 
3.57895 4 6 1 -0.281572 0.309773 
4 4 6 1 -0.33012 0.301373 
