-4 -4 2 1 -0.958147 0.235403 
-4 -3.57895 2 1 -1.02504 0.246344 
-4 -3.15789 2 1 -1.1049 0.259407 
-4 -2.73684 2 1 -1.20192 0.275277 
-4 -2.31579 2 1 -1.32229 0.294965 
-4 -1.89474 2 1 -1.47559 0.320039 
-4 -1.47368 2 1 -1.67747 0.353059 
-4 -1.05263 2 1 -1.95537 0.398514 
-4 -0.631579 2 1 -2.36219 0.465056 
-4 -0.210526 2 1 -3.01476 0.571794 
-4 0.210526 2 1 -4.23209 0.770906 
-4 0.631579 2 1 -7.30653 1.27378 
-4 1.05263 2 1 -30.1534 5.01073 
4 -4 2 1 0.455809 0.303764 
4 -3.57895 2 1 0.499822 0.316628 
4 -3.15789 2 1 0.550152 0.331337 
4 -2.73684 2 1 0.608263 0.34832 
4 -2.31579 2 1 0.676113 0.368149 
4 -1.89474 2 1 0.756371 0.391605 
4 -1.47368 2 1 0.852785 0.419783 
4 -1.05263 2 1 0.97078 0.454268 
4 -0.631579 2 1 1.11851 0.497444 
4 -0.210526 2 1 1.30885 0.55307 
4 0.210526 2 1 1.56332 0.627441 
4 0.631579 2 1 1.92092 0.73195 
4 1.05263 2 1 2.46024 0.88957 
4 1.47368 2 1 3.36703 1.15458 
4 1.89474 2 1 5.21087 1.69346 
4 2.31579 2 1 10.9971 3.3845 
-4 -4 2 1 -0.958147 0.235403 
-3.57895 -4 2 1 -0.863289 0.239989 
-3.15789 -4 2 1 -0.771282 0.244438 
-2.73684 -4 2 1 -0.682 0.248754 
-2.31579 -4 2 1 -0.595323 0.252945 
-1.89474 -4 2 1 -0.511139 0.257015 
-1.47368 -4 2 1 -0.429342 0.26097 
-1.05263 -4 2 1 -0.349832 0.264814 
-0.631579 -4 2 1 -0.272514 0.268552 
-0.210526 -4 2 1 -0.197299 0.272188 
0.210526 -4 2 1 -0.124103 0.275727 
0.631579 -4 2 1 -0.0528439 0.279172 
1.05263 -4 2 1 0.0165528 0.282527 
1.47368 -4 2 1 0.0841595 0.285796 
1.89474 -4 2 1 0.150044 0.288981 
2.31579 -4 2 1 0.214273 0.292087 
2.73684 -4 2 1 0.276906 0.295115 
3.15789 -4 2 1 0.338003 0.298069 
3.57895 -4 2 1 0.397619 0.300951 
4 -4 2 1 0.455809 0.303764 
-4 -4 6 1 -1.13188 1.13145 
-4 -3.57895 6 1 -1.22414 1.23258 
-4 -3.15789 6 1 -1.33672 1.35599 
-4 -2.73684 6 1 -1.47715 1.50992 
-4 -2.31579 6 1 -1.65723 1.70732 
-4 -1.89474 6 1 -1.89652 1.96962 
-4 -1.47368 6 1 -2.22995 2.33512 
-4 -1.05263 6 1 -2.7267 2.87963 
-4 -0.631579 6 1 -3.54564 3.77733 
-4 -0.210526 6 1 -5.15075 5.53679 
-4 0.210526 6 1 -9.71891 10.5443 
-4 0.631579 6 1 -123.818 135.615 
4 -4 6 1 0.442905 0.984702 
4 -3.57895 6 1 0.489918 1.04839 
4 -3.15789 6 1 0.544331 1.12211 
4 -2.73684 6 1 0.608038 1.20841 
4 -2.31579 6 1 0.683645 1.31084 
4 -1.89474 6 1 0.774828 1.43437 
4 -1.47368 6 1 0.886954 1.58627 
4 -1.05263 6 1 1.02817 1.77758 
4 -0.631579 6 1 1.2115 2.02594 
4 -0.210526 6 1 1.45906 2.36132 
4 0.210526 6 1 1.8118 2.83917 
4 0.631579 6 1 2.35479 3.57478 
4 1.05263 6 1 3.29884 4.85371 
4 1.47368 6 1 5.34845 7.63037 
4 1.89474 6 1 13.1893 18.2525 
-4 -4 6 1 -1.13188 1.13145 
-3.57895 -4 6 1 -1.02375 1.12137 
-3.15789 -4 6 1 -0.919222 1.11163 
-2.73684 -4 6 1 -0.818116 1.10221 
-2.31579 -4 6 1 -0.720265 1.09309 
-1.89474 -4 6 1 -0.625516 1.08426 
-1.47368 -4 6 1 -0.533723 1.07571 
-1.05263 -4 6 1 -0.44475 1.06742 
-0.631579 -4 6 1 -0.358469 1.05938 
-0.210526 -4 6 1 -0.27476 1.05158 
0.210526 -4 6 1 -0.193509 1.04401 
0.631579 -4 6 1 -0.11461 1.03665 
1.05263 -4 6 1 -0.0379619 1.02951 
1.47368 -4 6 1 0.0365303 1.02257 
1.89474 -4 6 1 0.108956 1.01582 
2.31579 -4 6 1 0.179401 1.00926 
2.73684 -4 6 1 0.247944 1.00287 
3.15789 -4 6 1 0.314661 0.996653 
3.57895 -4 6 1 0.379626 0.990599 
4 -4 6 1 0.442905 0.984702 
