4 -4 2 1 -0.317061 -0.281651 
4 -3.57895 2 1 -0.26802 -0.288981 
4 -3.15789 2 1 -0.216203 -0.296727 
4 -2.73684 2 1 -0.161365 -0.304924 
4 -2.31579 2 1 -0.103236 -0.313613 
4 -1.89474 2 1 -0.0415086 -0.32284 
4 -1.47368 2 1 0.0241607 -0.332657 
4 -1.05263 2 1 0.0941624 -0.34312 
4 -0.631579 2 1 0.16894 -0.354298 
4 -0.210526 2 1 0.248999 -0.366265 
4 0.210526 2 1 0.334919 -0.379109 
4 0.631579 2 1 0.42737 -0.392928 
4 1.05263 2 1 0.527124 -0.407839 
4 1.47368 2 1 0.635083 -0.423977 
4 1.89474 2 1 0.752303 -0.441499 
4 2.31579 2 1 0.880028 -0.460591 
4 2.73684 2 1 1.01974 -0.481475 
4 3.15789 2 1 1.1732 -0.504415 
4 3.57895 2 1 1.34255 -0.529729 
4 4 2 1 1.5304 -0.557808 
-3.57895 -4 2 1 -365.274 -45.0545 
-3.15789 -4 2 1 -13.3231 -1.87722 
-2.73684 -4 2 1 -6.55522 -1.04695 
-2.31579 -4 2 1 -4.24106 -0.763047 
-1.89474 -4 2 1 -3.07275 -0.619719 
-1.47368 -4 2 1 -2.36813 -0.533276 
-1.05263 -4 2 1 -1.89685 -0.47546 
-0.631579 -4 2 1 -1.55948 -0.434071 
-0.210526 -4 2 1 -1.30604 -0.402978 
0.210526 -4 2 1 -1.10867 -0.378766 
0.631579 -4 2 1 -0.950623 -0.359376 
1.05263 -4 2 1 -0.82121 -0.3435 
1.47368 -4 2 1 -0.713295 -0.330261 
1.89474 -4 2 1 -0.621933 -0.319053 
2.31579 -4 2 1 -0.543586 -0.309441 
2.73684 -4 2 1 -0.475658 -0.301108 
3.15789 -4 2 1 -0.4162 -0.293813 
3.57895 -4 2 1 -0.363721 -0.287375 
4 -4 2 1 -0.317061 -0.281651 
0.631579 4 2 1 11.3859 -4.05739 
1.05263 4 2 1 5.5033 -1.96854 
1.47368 4 2 1 3.74267 -1.34336 
1.89474 4 2 1 2.89564 -1.04259 
2.31579 4 2 1 2.3976 -0.86574 
2.73684 4 2 1 2.0697 -0.749307 
3.15789 4 2 1 1.83748 -0.666849 
3.57895 4 2 1 1.66439 -0.605387 
4 4 2 1 1.5304 -0.557808 
-4 -4 6 1 -21.77 13.8016 
-4 -3.57895 6 1 -79.4707 54.3289 
4 -4 6 1 -0.256006 0.277303 
4 -3.57895 6 1 -0.209543 0.284687 
4 -3.15789 6 1 -0.160675 0.292453 
4 -2.73684 6 1 -0.109211 0.300632 
4 -2.31579 6 1 -0.0549383 0.309257 
4 -1.89474 6 1 0.00237977 0.318366 
4 -1.47368 6 1 0.0630068 0.328002 
4 -1.05263 6 1 0.127238 0.338209 
4 -0.631579 6 1 0.195404 0.349043 
4 -0.210526 6 1 0.267879 0.360561 
4 0.210526 6 1 0.345083 0.37283 
4 0.631579 6 1 0.427496 0.385928 
4 1.05263 6 1 0.515664 0.39994 
4 1.47368 6 1 0.61021 0.414966 
4 1.89474 6 1 0.711853 0.431119 
4 2.31579 6 1 0.821423 0.448533 
4 2.73684 6 1 0.939886 0.467359 
4 3.15789 6 1 1.06837 0.487778 
4 3.57895 6 1 1.2082 0.510001 
4 4 6 1 1.36095 0.534277 
-4 -4 6 1 -21.77 13.8016 
-3.57895 -4 6 1 -8.27191 5.31633 
-3.15789 -4 6 1 -4.96785 3.23931 
-2.73684 -4 6 1 -3.47512 2.30093 
-2.31579 -4 6 1 -2.62466 1.76631 
-1.89474 -4 6 1 -2.07535 1.42099 
-1.47368 -4 6 1 -1.69128 1.17956 
-1.05263 -4 6 1 -1.40765 1.00126 
-0.631579 -4 6 1 -1.18961 0.864194 
-0.210526 -4 6 1 -1.01677 0.755541 
0.210526 -4 6 1 -0.876394 0.667296 
0.631579 -4 6 1 -0.76012 0.594203 
1.05263 -4 6 1 -0.662231 0.532667 
1.47368 -4 6 1 -0.578687 0.480149 
1.89474 -4 6 1 -0.50655 0.434801 
2.31579 -4 6 1 -0.443632 0.39525 
2.73684 -4 6 1 -0.388273 0.360449 
3.15789 -4 6 1 -0.339188 0.329593 
3.57895 -4 6 1 -0.295367 0.302046 
4 -4 6 1 -0.256006 0.277303 
-0.210526 4 6 1 20.4196 16.0408 
0.210526 4 6 1 6.7916 4.95278 
0.631579 4 6 1 4.22852 2.86739 
1.05263 4 6 1 3.14558 1.98629 
1.47368 4 6 1 2.54791 1.50001 
1.89474 4 6 1 2.16903 1.19175 
2.31579 4 6 1 1.90739 0.978874 
2.73684 4 6 1 1.71587 0.823046 
3.15789 4 6 1 1.56961 0.704043 
3.57895 4 6 1 1.45425 0.61019 
4 4 6 1 1.36095 0.534277 
