-4 -4 2 1 -0.0837194 -0.023354 
-4 -3.57895 2 1 -0.122174 -0.0196923 
-4 -3.15789 2 1 -0.16449 -0.0156628 
-4 -2.73684 2 1 -0.211281 -0.0112072 
-4 -2.31579 2 1 -0.263297 -0.00625421 
-4 -1.89474 2 1 -0.321463 -0.000715479 
-4 -1.47368 2 1 -0.38694 0.00551937 
-4 -1.05263 2 1 -0.461198 0.0125904 
-4 -0.631579 2 1 -0.546131 0.0206778 
-4 -0.210526 2 1 -0.644217 0.0300179 
-4 0.210526 2 1 -0.758771 0.0409259 
-4 0.631579 2 1 -0.894318 0.053833 
-4 1.05263 2 1 -1.05721 0.0693441 
-4 1.47368 2 1 -1.25666 0.0883358 
-4 1.89474 2 1 -1.50651 0.112127 
-4 2.31579 2 1 -1.82865 0.142802 
-4 2.73684 2 1 -2.25974 0.183851 
-4 3.15789 2 1 -2.86631 0.241611 
-4 3.57895 2 1 -3.7829 0.32889 
-4 4 2 1 -5.32876 0.47609 
4 -4 2 1 2.11108 -0.246965 
4 -3.57895 2 1 2.30669 -0.267648 
4 -3.15789 2 1 2.56634 -0.295103 
4 -2.73684 2 1 2.92765 -0.333305 
4 -2.31579 2 1 3.46482 -0.390102 
4 -1.89474 2 1 4.34756 -0.483438 
4 -1.47368 2 1 6.06746 -0.665291 
4 -1.05263 2 1 10.8894 -1.17514 
4 -0.631579 2 1 104.283 -11.0501 
-4 -4 2 1 -0.0837194 -0.023354 
-3.57895 -4 2 1 -0.0395075 -0.0278584 
-3.15789 -4 2 1 0.00784431 -0.0326827 
-2.73684 -4 2 1 0.0586829 -0.0378623 
-2.31579 -4 2 1 0.113408 -0.0434378 
-1.89474 -4 2 1 0.172483 -0.0494565 
-1.47368 -4 2 1 0.236449 -0.0559735 
-1.05263 -4 2 1 0.305937 -0.0630532 
-0.631579 -4 2 1 0.381698 -0.0707718 
-0.210526 -4 2 1 0.464618 -0.07922 
0.210526 -4 2 1 0.555765 -0.0885062 
0.631579 -4 2 1 0.656425 -0.0987617 
1.05263 -4 2 1 0.768171 -0.110147 
1.47368 -4 2 1 0.89294 -0.122858 
1.89474 -4 2 1 1.03315 -0.137143 
2.31579 -4 2 1 1.19186 -0.153313 
2.73684 -4 2 1 1.37298 -0.171766 
3.15789 -4 2 1 1.58162 -0.193023 
3.57895 -4 2 1 1.82458 -0.217776 
4 -4 2 1 2.11108 -0.246965 
-4 4 2 1 -5.32876 0.47609 
-3.57895 4 2 1 -6.64311 0.598392 
-3.15789 4 2 1 -9.26549 0.842409 
-2.73684 4 2 1 -17.0824 1.56978 
-2.31579 4 2 1 -1640.72 152.652 
-4 -4 6 1 -0.0302968 0.502294 
-4 -3.57895 6 1 -0.0656364 0.530641 
-4 -3.15789 6 1 -0.104467 0.561789 
-4 -2.73684 6 1 -0.147334 0.596173 
-4 -2.31579 6 1 -0.194899 0.634327 
-4 -1.89474 6 1 -0.247981 0.676906 
-4 -1.47368 6 1 -0.307598 0.724727 
-4 -1.05263 6 1 -0.375037 0.778822 
-4 -0.631579 6 1 -0.451944 0.840511 
-4 -0.210526 6 1 -0.540464 0.911516 
-4 0.210526 6 1 -0.643443 0.994119 
-4 0.631579 6 1 -0.764738 1.09141 
-4 1.05263 6 1 -0.909712 1.2077 
-4 1.47368 6 1 -1.08605 1.34915 
-4 1.89474 6 1 -1.30516 1.52491 
-4 2.31579 6 1 -1.58477 1.74919 
-4 2.73684 6 1 -1.95392 2.0453 
-4 3.15789 6 1 -2.46384 2.45432 
-4 3.57895 6 1 -3.21403 3.05607 
-4 4 6 1 -4.42662 4.02873 
4 -4 6 1 2.16567 1.14717 
4 -3.57895 6 1 2.3599 1.31478 
4 -3.15789 6 1 2.61445 1.53444 
4 -2.73684 6 1 2.96258 1.83485 
4 -2.31579 6 1 3.46751 2.27058 
4 -1.89474 6 1 4.26598 2.9596 
4 -1.47368 6 1 5.71881 4.2133 
4 -1.05263 6 1 9.18891 7.20778 
4 -0.631579 6 1 28.418 23.8012 
-4 -4 6 1 -0.0302968 0.502294 
-3.57895 -4 6 1 0.0150377 0.515607 
-3.15789 -4 6 1 0.0635405 0.529851 
-2.73684 -4 6 1 0.115556 0.545126 
-2.31579 -4 6 1 0.17148 0.561548 
-1.89474 -4 6 1 0.231769 0.579253 
-1.47368 -4 6 1 0.296957 0.598397 
-1.05263 -4 6 1 0.367666 0.619161 
-0.631579 -4 6 1 0.444627 0.641762 
-0.210526 -4 6 1 0.528708 0.666453 
0.210526 -4 6 1 0.620946 0.69354 
0.631579 -4 6 1 0.722588 0.723388 
1.05263 -4 6 1 0.835148 0.756443 
1.47368 -4 6 1 0.960488 0.793251 
1.89474 -4 6 1 1.10091 0.834488 
2.31579 -4 6 1 1.25932 0.881007 
2.73684 -4 6 1 1.4394 0.93389 
3.15789 -4 6 1 1.64593 0.994541 
3.57895 -4 6 1 1.8852 1.06481 
4 -4 6 1 2.16567 1.14717 
-4 4 6 1 -4.42662 4.02873 
-3.57895 4 6 1 -5.30765 5.15994 
-3.15789 4 6 1 -6.90325 7.20861 
-2.73684 4 6 1 -10.6757 12.0522 
-2.31579 4 6 1 -30.64 37.6854 
