-4 -4 2 1 0.298371 -0.057937 
-4 -3.57895 2 1 0.250887 -0.0549562 
-4 -3.15789 2 1 0.200851 -0.0518151 
-4 -2.73684 2 1 0.14805 -0.0485004 
-4 -2.31579 2 1 0.0922501 -0.0449975 
-4 -1.89474 2 1 0.0331871 -0.0412897 
-4 -1.47368 2 1 -0.0294336 -0.0373586 
-4 -1.05263 2 1 -0.0959434 -0.0331833 
-4 -0.631579 2 1 -0.166716 -0.0287404 
-4 -0.210526 2 1 -0.242175 -0.0240034 
-4 0.210526 2 1 -0.322802 -0.0189419 
-4 0.631579 2 1 -0.409146 -0.0135215 
-4 1.05263 2 1 -0.501839 -0.00770258 
-4 1.47368 2 1 -0.601606 -0.00143953 
-4 1.89474 2 1 -0.70929 0.0053205 
-4 2.31579 2 1 -0.825872 0.0126391 
-4 2.73684 2 1 -0.952503 0.0205886 
-4 3.15789 2 1 -1.09054 0.0292541 
-4 3.57895 2 1 -1.2416 0.0387369 
-4 4 2 1 -1.40761 0.0491585 
-4 -4 2 1 0.298371 -0.057937 
-3.57895 -4 2 1 0.342302 -0.0496066 
-3.15789 -4 2 1 0.391416 -0.0402932 
-2.73684 -4 2 1 0.446687 -0.0298122 
-2.31579 -4 2 1 0.509353 -0.0179292 
-1.89474 -4 2 1 0.581001 -0.00434279 
-1.47368 -4 2 1 0.663713 0.0113416 
-1.05263 -4 2 1 0.760266 0.0296507 
-0.631579 -4 2 1 0.874451 0.0513033 
-0.210526 -4 2 1 1.01158 0.0773075 
0.210526 -4 2 1 1.17936 0.109121 
0.631579 -4 2 1 1.38932 0.148937 
1.05263 -4 2 1 1.6597 0.200208 
1.47368 -4 2 1 2.02093 0.268707 
1.89474 -4 2 1 2.52806 0.364872 
2.31579 -4 2 1 3.29185 0.509708 
2.73684 -4 2 1 4.57315 0.752677 
3.15789 -4 2 1 7.16741 1.24462 
3.57895 -4 2 1 15.2131 2.77029 
-4 4 2 1 -1.40761 0.0491585 
-3.57895 4 2 1 -1.51225 0.0784328 
-3.15789 4 2 1 -1.64383 0.115245 
-2.73684 4 2 1 -1.8143 0.162938 
-2.31579 4 2 1 -2.0439 0.227172 
-1.89474 4 2 1 -2.36982 0.318355 
-1.47368 4 2 1 -2.8688 0.457953 
-1.05263 4 2 1 -3.72846 0.69846 
-0.631579 4 2 1 -5.56125 1.21121 
-0.210526 4 2 1 -12.1743 3.06132 
-4 -4 6 1 0.261512 0.448638 
-4 -3.57895 6 1 0.218049 0.463208 
-4 -3.15789 6 1 0.172495 0.478478 
-4 -2.73684 6 1 0.124697 0.494501 
-4 -2.31579 6 1 0.0744831 0.511334 
-4 -1.89474 6 1 0.0216668 0.529039 
-4 -1.47368 6 1 -0.0339599 0.547686 
-4 -1.05263 6 1 -0.0926276 0.567352 
-4 -0.631579 6 1 -0.154593 0.588124 
-4 -0.210526 6 1 -0.220141 0.610096 
-4 0.210526 6 1 -0.289592 0.633378 
-4 0.631579 6 1 -0.363307 0.658088 
-4 1.05263 6 1 -0.441689 0.684363 
-4 1.47368 6 1 -0.525196 0.712356 
-4 1.89474 6 1 -0.614349 0.742241 
-4 2.31579 6 1 -0.709739 0.774218 
-4 2.73684 6 1 -0.812045 0.808513 
-4 3.15789 6 1 -0.922048 0.845387 
-4 3.57895 6 1 -1.04065 0.885144 
-4 4 6 1 -1.1689 0.928136 
4 -4 6 1 7.16183 6.47096 
4 -3.57895 6 1 8.70033 8.49494 
4 -3.15789 6 1 11.5872 12.2927 
4 -2.73684 6 1 18.9776 22.0152 
4 -2.31579 6 1 78.7744 100.681 
-4 -4 6 1 0.261512 0.448638 
-3.57895 -4 6 1 0.29897 0.48133 
-3.15789 -4 6 1 0.340357 0.51745 
-2.73684 -4 6 1 0.386323 0.557568 
-2.31579 -4 6 1 0.437676 0.602387 
-1.89474 -4 6 1 0.49542 0.652783 
-1.47368 -4 6 1 0.560827 0.709868 
-1.05263 -4 6 1 0.635531 0.775067 
-0.631579 -4 6 1 0.721667 0.850243 
-0.210526 -4 6 1 0.822076 0.937875 
0.210526 -4 6 1 0.940625 1.04134 
0.631579 -4 6 1 1.08272 1.16535 
1.05263 -4 6 1 1.25615 1.31671 
1.47368 -4 6 1 1.47255 1.50559 
1.89474 -4 6 1 1.75018 1.74789 
2.31579 -4 6 1 2.11928 2.07002 
2.73684 -4 6 1 2.63398 2.51923 
3.15789 -4 6 1 3.40161 3.18919 
3.57895 -4 6 1 4.66931 4.29559 
4 -4 6 1 7.16183 6.47096 
-4 4 6 1 -1.1689 0.928136 
-3.57895 4 6 1 -1.23124 1.03246 
-3.15789 4 6 1 -1.3062 1.1579 
-2.73684 4 6 1 -1.39804 1.31157 
-2.31579 4 6 1 -1.51316 1.50422 
-1.89474 4 6 1 -1.66173 1.75283 
-1.47368 4 6 1 -1.86079 2.08594 
-1.05263 4 6 1 -2.14134 2.55541 
-0.631579 4 6 1 -2.56632 3.26657 
-0.210526 4 6 1 -3.28591 4.47072 
0.210526 4 6 1 -4.76896 6.95245 
0.631579 4 6 1 -9.6033 15.0422 
