-0.755312 0.106136 -0.774056 0.929779 20 
-0.675229 0.100311 -0.685397 0.920388 21 
-0.595663 0.0945234 -0.59737 0.911063 22 
-0.516608 0.0887731 -0.509969 0.901804 23 
-0.438059 0.0830595 -0.423187 0.892611 24 
-0.360013 0.0773825 -0.337017 0.883483 25 
-0.282463 0.0717417 -0.251453 0.87442 26 
-0.205405 0.0661366 -0.166489 0.865419 27 
-0.128835 0.060567 -0.0821178 0.856482 28 
-0.052748 0.0550325 0.00166614 0.847607 29 
0.0228608 0.0495329 0.0848691 0.838793 30 
0.0979957 0.0440676 0.167497 0.83004 31 
0.172661 0.0386366 0.249556 0.821347 32 
0.246862 0.0332393 0.331052 0.812715 33 
0.320601 0.0278756 0.41199 0.804141 34 
0.393885 0.0225451 0.492377 0.795625 35 
0.466716 0.0172475 0.572218 0.787168 36 
0.539099 0.0119824 0.651518 0.778767 37 
0.611038 0.00674965 0.730283 0.770424 38 
0.682537 0.00154889 0.808519 0.762136 39 
-4.90682 -0.0522365 -12.9286 13.9728 48 
-3.2351 0.0115366 -5.21252 5.6927 49 
-2.41719 0.0427384 -3.27333 3.61175 50 
-1.93204 0.0612461 -2.39052 2.66441 51 
-1.6109 0.0734968 -1.88568 2.12267 52 
-1.38264 0.0822048 -1.55887 1.77197 53 
-1.21204 0.0887127 -1.33004 1.5264 54 
-1.07971 0.0937607 -1.16086 1.34486 55 
-0.974077 0.0977906 -1.0307 1.20519 56 
-0.887795 0.101082 -0.927463 1.0944 57 
-0.815995 0.103821 -0.843572 1.00438 58 
-0.755312 0.106136 -0.774056 0.929779 59 
5.69143 -0.924679 22.3738 16.8811 67 
3.58124 -0.534469 7.1091 5.47151 68 
2.60788 -0.35448 4.21533 3.30856 69 
2.04764 -0.250881 2.99049 2.39305 70 
1.68354 -0.183553 2.31394 1.88736 71 
1.42793 -0.136286 1.88485 1.56664 72 
1.2386 -0.101277 1.58845 1.3451 73 
1.09274 -0.0743038 1.37143 1.18288 74 
0.976909 -0.0528854 1.20567 1.05898 75 
0.882706 -0.0354657 1.07492 0.961257 76 
0.80459 -0.0210207 0.969153 0.882202 77 
0.738763 -0.00884819 0.881832 0.816934 78 
0.682537 0.00154889 0.808519 0.762136 79 
