2.41578 0.509492 3.33967 3.28069 0 
2.02915 0.467 2.67459 2.82161 1 
1.71611 0.432596 2.17753 2.47851 2 
1.45747 0.404171 1.79197 2.21236 3 
1.24018 0.380291 1.48416 1.9999 4 
1.05507 0.359946 1.23276 1.82636 5 
0.895477 0.342406 1.02354 1.68195 6 
0.756465 0.327129 0.846723 1.5599 7 
0.634295 0.313702 0.695316 1.45539 8 
0.526081 0.301809 0.56421 1.36489 9 
0.42956 0.291201 0.449578 1.28576 10 
0.342936 0.281681 0.348498 1.21599 11 
0.264759 0.273089 0.258703 1.15401 12 
0.193851 0.265296 0.178401 1.09858 13 
0.129244 0.258195 0.106163 1.04871 14 
0.0701341 0.251699 0.0408321 1.00362 15 
0.0158477 0.245733 -0.0185368 0.962638 16 
-0.0341824 0.240234 -0.0727243 0.925234 17 
-0.0804377 0.235151 -0.12238 0.890958 18 
-0.12333 0.230437 -0.168051 0.859433 19 
-6.95537 0.392909 -48.5674 35.9757 38 
-5.54706 0.321831 -15.9931 11.2765 39 
2.41578 0.509492 3.33967 3.28069 40 
2.6882 0.55955 4.00662 4.0895 41 
3.07205 0.630084 5.15153 5.47792 42 
3.65329 0.736888 7.5751 8.41698 43 
4.63686 0.917622 16.1282 18.7892 44 
-0.12333 0.230437 -0.168051 0.859433 60 
-0.167267 0.231177 -0.219129 0.893056 61 
-0.215539 0.23199 -0.275827 0.930379 62 
-0.268819 0.232888 -0.339127 0.972047 63 
-0.327931 0.233884 -0.410254 1.01887 64 
-0.393886 0.234996 -0.490754 1.07186 65 
-0.467947 0.236244 -0.582611 1.13232 66 
-0.551705 0.237655 -0.688412 1.20197 67 
-0.647198 0.239264 -0.811591 1.28305 68 
-0.757079 0.241116 -0.956814 1.37865 69 
-0.884863 0.243269 -1.13058 1.49303 70 
-1.03532 0.245804 -1.34222 1.63235 71 
-1.21505 0.248833 -1.60563 1.80574 72 
-1.43355 0.252515 -1.94245 2.02746 73 
-1.70486 0.257087 -2.38835 2.32098 74 
-2.05077 0.262916 -3.00655 2.72792 75 
-2.50693 0.270602 -3.92082 3.32975 76 
-3.13605 0.281204 -5.41083 4.31056 77 
-4.05954 0.296765 -8.27034 6.19288 78 
-5.54706 0.321831 -15.9931 11.2765 79 
