-4 -4 2 1 1.65637 -0.0403641 
-4 -3.57895 2 1 1.4481 -0.04111 
-4 -3.15789 2 1 1.26389 -0.0417698 
-4 -2.73684 2 1 1.09978 -0.0423575 
-4 -2.31579 2 1 0.952657 -0.0428844 
-4 -1.89474 2 1 0.820018 -0.0433594 
-4 -1.47368 2 1 0.69982 -0.0437899 
-4 -1.05263 2 1 0.590393 -0.0441818 
-4 -0.631579 2 1 0.490351 -0.0445401 
-4 -0.210526 2 1 0.398536 -0.0448689 
-4 0.210526 2 1 0.313973 -0.0451717 
-4 0.631579 2 1 0.235835 -0.0454516 
-4 1.05263 2 1 0.163418 -0.0457109 
-4 1.47368 2 1 0.0961151 -0.0459519 
-4 1.89474 2 1 0.0334029 -0.0461765 
-4 2.31579 2 1 -0.0251726 -0.0463863 
-4 2.73684 2 1 -0.0800078 -0.0465827 
-4 3.15789 2 1 -0.13145 -0.0467669 
-4 3.57895 2 1 -0.179804 -0.0469401 
-4 4 2 1 -0.22534 -0.0471032 
4 3.57895 2 1 -60.3384 -15.7852 
4 4 2 1 -18.7763 -4.62599 
-4 -4 2 1 1.65637 -0.0403641 
-3.57895 -4 2 1 1.79494 -0.0645093 
-3.15789 -4 2 1 1.97399 -0.0957095 
-2.73684 -4 2 1 2.21432 -0.137586 
-2.31579 -4 2 1 2.55385 -0.196749 
-1.89474 -4 2 1 3.07 -0.286689 
-1.47368 -4 2 1 3.94903 -0.43986 
-1.05263 -4 2 1 5.78104 -0.759089 
-0.631579 -4 2 1 11.9503 -1.83408 
-4 4 2 1 -0.22534 -0.0471032 
-3.57895 4 2 1 -0.26758 -0.0575291 
-3.15789 4 2 1 -0.314562 -0.0691255 
-2.73684 4 2 1 -0.367132 -0.0821014 
-2.31579 4 2 1 -0.426351 -0.0967183 
-1.89474 4 2 1 -0.493565 -0.113309 
-1.47368 4 2 1 -0.57051 -0.132301 
-1.05263 4 2 1 -0.659465 -0.154257 
-0.631579 4 2 1 -0.76348 -0.179931 
-0.210526 4 2 1 -0.886731 -0.210353 
0.210526 4 2 1 -1.0351 -0.246975 
0.631579 4 2 1 -1.21714 -0.291906 
1.05263 4 2 1 -1.44576 -0.348338 
1.47368 4 2 1 -1.7415 -0.421334 
1.89474 4 2 1 -2.13897 -0.51944 
2.31579 4 2 1 -2.70157 -0.658306 
2.73684 4 2 1 -3.55919 -0.869991 
3.15789 4 2 1 -5.02637 -1.23213 
3.57895 4 2 1 -8.11124 -1.99356 
4 4 2 1 -18.7763 -4.62599 
-4 -4 6 1 1.76548 1.36252 
-4 -3.57895 6 1 1.52251 1.26451 
-4 -3.15789 6 1 1.31102 1.17921 
-4 -2.73684 6 1 1.12526 1.10428 
-4 -2.31579 6 1 0.960807 1.03794 
-4 -1.89474 6 1 0.814189 0.978799 
-4 -1.47368 6 1 0.682657 0.925743 
-4 -1.05263 6 1 0.563996 0.877879 
-4 -0.631579 6 1 0.456404 0.83448 
-4 -0.210526 6 1 0.358402 0.794949 
-4 0.210526 6 1 0.268763 0.758792 
-4 0.631579 6 1 0.186459 0.725593 
-4 1.05263 6 1 0.110627 0.695005 
-4 1.47368 6 1 0.0405302 0.66673 
-4 1.89474 6 1 -0.0244567 0.640517 
-4 2.31579 6 1 -0.0848734 0.616147 
-4 2.73684 6 1 -0.141185 0.593432 
-4 3.15789 6 1 -0.193798 0.57221 
-4 3.57895 6 1 -0.243063 0.552338 
-4 4 6 1 -0.28929 0.533691 
-4 -4 6 1 1.76548 1.36252 
-3.57895 -4 6 1 1.94246 1.54207 
-3.15789 -4 6 1 2.18091 1.78397 
-2.73684 -4 6 1 2.51958 2.12756 
-2.31579 -4 6 1 3.03847 2.65397 
-1.89474 -4 6 1 3.93358 3.56205 
-1.47368 -4 6 1 5.84674 5.50295 
-1.05263 -4 6 1 12.8047 12.5618 
-4 4 6 1 -0.28929 0.533691 
-3.57895 4 6 1 -0.337726 0.555389 
-3.15789 4 6 1 -0.391952 0.57968 
-2.73684 4 6 1 -0.453074 0.607061 
-2.31579 4 6 1 -0.522497 0.63816 
-1.89474 4 6 1 -0.602033 0.673789 
-1.47368 4 6 1 -0.694068 0.715018 
-1.05263 4 6 1 -0.801799 0.763277 
-0.631579 4 6 1 -0.929614 0.820534 
-0.210526 4 6 1 -1.08371 0.889563 
0.210526 4 6 1 -1.27311 0.97441 
0.631579 4 6 1 -1.51154 1.08122 
1.05263 4 6 1 -1.82085 1.21978 
1.47368 4 6 1 -2.23816 1.40672 
1.89474 4 6 1 -2.83201 1.67274 
2.31579 4 6 1 -3.74449 2.0815 
2.73684 4 6 1 -5.32603 2.78998 
3.15789 4 6 1 -8.73848 4.31863 
3.57895 4 6 1 -21.5308 10.0491 
