-4 -4 2 1 1.13848 0.109775 
-4 -3.57895 2 1 1.01573 0.0965994 
-4 -3.15789 2 1 0.899595 0.0841335 
-4 -2.73684 2 1 0.789553 0.0723217 
-4 -2.31579 2 1 0.685136 0.0611137 
-4 -1.89474 2 1 0.585924 0.0504645 
-4 -1.47368 2 1 0.491537 0.0403331 
-4 -1.05263 2 1 0.401632 0.0306828 
-4 -0.631579 2 1 0.315897 0.0214801 
-4 -0.210526 2 1 0.234048 0.0126946 
-4 0.210526 2 1 0.155827 0.00429842 
-4 0.631579 2 1 0.0809976 -0.00373364 
-4 1.05263 2 1 0.00934437 -0.0114248 
-4 1.47368 2 1 -0.0593308 -0.0187963 
-4 1.89474 2 1 -0.12521 -0.0258677 
-4 2.31579 2 1 -0.18846 -0.0326569 
-4 2.73684 2 1 -0.249236 -0.0391805 
-4 3.15789 2 1 -0.30768 -0.0454537 
-4 3.57895 2 1 -0.363923 -0.0514908 
-4 4 2 1 -0.418088 -0.0573048 
-4 -4 2 1 1.13848 0.109775 
-3.57895 -4 2 1 1.22528 0.122607 
-3.15789 -4 2 1 1.33225 0.138421 
-2.73684 -4 2 1 1.46736 0.158396 
-2.31579 -4 2 1 1.6434 0.184421 
-1.89474 -4 2 1 1.88227 0.219734 
-1.47368 -4 2 1 2.22492 0.270391 
-1.05263 -4 2 1 2.75776 0.349164 
-0.631579 -4 2 1 3.69996 0.488455 
-0.210526 -4 2 1 5.81748 0.801503 
0.210526 -4 2 1 14.9549 2.15235 
-4 4 2 1 -0.418088 -0.0573048 
-3.57895 4 2 1 -0.465224 -0.0601637 
-3.15789 4 2 1 -0.518934 -0.0634213 
-2.73684 4 2 1 -0.580697 -0.0671673 
-2.31579 4 2 1 -0.65247 -0.0715204 
-1.89474 4 2 1 -0.736903 -0.0766414 
-1.47368 4 2 1 -0.837668 -0.0827529 
-1.05263 4 2 1 -0.960011 -0.0901732 
-0.631579 4 2 1 -1.1117 -0.0993731 
-0.210526 4 2 1 -1.30471 -0.11108 
0.210526 4 2 1 -1.55863 -0.12648 
0.631579 4 2 1 -1.90765 -0.147649 
1.05263 4 2 1 -2.41754 -0.178574 
1.47368 4 2 1 -3.2328 -0.228021 
1.89474 4 2 1 -4.74506 -0.319741 
2.31579 4 2 1 -8.51544 -0.54842 
2.73684 4 2 1 -34.5046 -2.1247 
-4 -4 6 1 1.00661 1.00082 
-4 -3.57895 6 1 0.892011 0.964402 
-4 -3.15789 6 1 0.783357 0.929878 
-4 -2.73684 6 1 0.680199 0.897099 
-4 -2.31579 6 1 0.58213 0.865938 
-4 -1.89474 6 1 0.488783 0.836277 
-4 -1.47368 6 1 0.399825 0.80801 
-4 -1.05263 6 1 0.314953 0.781042 
-4 -0.631579 6 1 0.233892 0.755285 
-4 -0.210526 6 1 0.156391 0.73066 
-4 0.210526 6 1 0.0822206 0.707092 
-4 0.631579 6 1 0.0111707 0.684516 
-4 1.05263 6 1 -0.0569517 0.66287 
-4 1.47368 6 1 -0.122324 0.642098 
-4 1.89474 6 1 -0.185109 0.622148 
-4 2.31579 6 1 -0.245458 0.602973 
-4 2.73684 6 1 -0.303509 0.584527 
-4 3.15789 6 1 -0.359392 0.56677 
-4 3.57895 6 1 -0.413226 0.549664 
-4 4 6 1 -0.465121 0.533175 
-4 -4 6 1 1.00661 1.00082 
-3.57895 -4 6 1 1.07656 1.10193 
-3.15789 -4 6 1 1.162 1.22543 
-2.73684 -4 6 1 1.26872 1.37969 
-2.31579 -4 6 1 1.40579 1.57783 
-1.89474 -4 6 1 1.58831 1.84167 
-1.47368 -4 6 1 1.8434 2.2104 
-1.05263 -4 6 1 2.22503 2.76206 
-0.631579 -4 6 1 2.85848 3.67771 
-0.210526 -4 6 1 4.11565 5.49496 
0.210526 -4 6 1 7.81112 10.8368 
0.631579 -4 6 1 248.531 358.8 
-4 4 6 1 -0.465121 0.533175 
-3.57895 4 6 1 -0.51396 0.567843 
-3.15789 4 6 1 -0.569414 0.607207 
-2.73684 4 6 1 -0.632924 0.652289 
-2.31579 4 6 1 -0.706383 0.704434 
-1.89474 4 6 1 -0.792327 0.76544 
-1.47368 4 6 1 -0.894235 0.837779 
-1.05263 4 6 1 -1.01701 0.924931 
-0.631579 4 6 1 -1.16779 1.03196 
-0.210526 4 6 1 -1.3574 1.16656 
0.210526 4 6 1 -1.60305 1.34092 
0.631579 4 6 1 -1.93388 1.57576 
1.05263 4 6 1 -2.4035 1.90912 
1.47368 4 6 1 -3.12244 2.41946 
1.89474 4 6 1 -4.36098 3.29863 
2.31579 4 6 1 -7.00116 5.17275 
2.73684 4 6 1 -16.5233 11.932 
