4 -4 2 1 -1.60996 0.408386 
4 -3.57895 2 1 -1.41276 0.401054 
4 -3.15789 2 1 -1.2358 0.394475 
4 -2.73684 2 1 -1.0761 0.388537 
4 -2.31579 2 1 -0.931273 0.383152 
4 -1.89474 2 1 -0.79932 0.378247 
4 -1.47368 2 1 -0.6786 0.373758 
4 -1.05263 2 1 -0.567739 0.369636 
4 -0.631579 2 1 -0.465576 0.365838 
4 -0.210526 2 1 -0.371126 0.362326 
4 0.210526 2 1 -0.283547 0.35907 
4 0.631579 2 1 -0.202115 0.356043 
4 1.05263 2 1 -0.126206 0.35322 
4 1.47368 2 1 -0.0552764 0.350583 
4 1.89474 2 1 0.0111489 0.348114 
4 2.31579 2 1 0.0734854 0.345796 
4 2.73684 2 1 0.132099 0.343617 
4 3.15789 2 1 0.187315 0.341564 
4 3.57895 2 1 0.239418 0.339627 
4 4 2 1 0.288667 0.337796 
0.631579 -4 2 1 -14.4667 3.35162 
1.05263 -4 2 1 -6.17596 1.45366 
1.47368 -4 2 1 -4.06505 0.970417 
1.89474 -4 2 1 -3.10039 0.749583 
2.31579 -4 2 1 -2.54771 0.623059 
2.73684 -4 2 1 -2.18952 0.54106 
3.15789 -4 2 1 -1.93852 0.483601 
3.57895 -4 2 1 -1.75286 0.441099 
4 -4 2 1 -1.60996 0.408386 
-3.57895 4 2 1 125.471 28.5949 
-3.15789 4 2 1 12.4956 3.09323 
-2.73684 4 2 1 6.34579 1.70505 
-2.31579 4 2 1 4.14433 1.20812 
-1.89474 4 2 1 3.0128 0.952708 
-1.47368 4 2 1 2.3237 0.797158 
-1.05263 4 2 1 1.85997 0.692482 
-0.631579 4 2 1 1.52659 0.617229 
-0.210526 4 2 1 1.27538 0.560523 
0.210526 4 2 1 1.07928 0.516259 
0.631579 4 2 1 0.921958 0.480747 
1.05263 4 2 1 0.792943 0.451624 
1.47368 4 2 1 0.685226 0.42731 
1.89474 4 2 1 0.593935 0.406703 
2.31579 4 2 1 0.51558 0.389016 
2.73684 4 2 1 0.447592 0.373669 
3.15789 4 2 1 0.388043 0.360227 
3.57895 4 2 1 0.335451 0.348356 
4 4 2 1 0.288667 0.337796 
4 -4 6 1 -2.13514 2.08797 
4 -3.57895 6 1 -1.85025 1.96401 
4 -3.15789 6 1 -1.60179 1.8559 
4 -2.73684 6 1 -1.38318 1.76078 
4 -2.31579 6 1 -1.18935 1.67644 
4 -1.89474 6 1 -1.01632 1.60115 
4 -1.47368 6 1 -0.860899 1.53353 
4 -1.05263 6 1 -0.72054 1.47246 
4 -0.631579 6 1 -0.593151 1.41703 
4 -0.210526 6 1 -0.477014 1.3665 
4 0.210526 6 1 -0.370702 1.32024 
4 0.631579 6 1 -0.273017 1.27774 
4 1.05263 6 1 -0.182951 1.23855 
4 1.47368 6 1 -0.0996461 1.2023 
4 1.89474 6 1 -0.0223683 1.16868 
4 2.31579 6 1 0.0495136 1.1374 
4 2.73684 6 1 0.116546 1.10823 
4 3.15789 6 1 0.179203 1.08097 
4 3.57895 6 1 0.2379 1.05543 
4 4 6 1 0.293 1.03145 
1.47368 -4 6 1 -14.7374 17.0804 
1.89474 -4 6 1 -6.71298 7.53406 
2.31579 -4 6 1 -4.47661 4.87353 
2.73684 -4 6 1 -3.42577 3.62339 
3.15789 -4 6 1 -2.81529 2.89711 
3.57895 -4 6 1 -2.4163 2.42246 
4 -4 6 1 -2.13514 2.08797 
-2.73684 4 6 1 63.2082 69.3658 
-2.31579 4 6 1 10.3167 11.9186 
-1.89474 4 6 1 5.40512 6.5839 
-1.47368 4 6 1 3.55873 4.57848 
-1.05263 4 6 1 2.59059 3.52694 
-0.631579 4 6 1 1.99447 2.87947 
-0.210526 4 6 1 1.5905 2.44071 
0.210526 4 6 1 1.29867 2.12374 
0.631579 4 6 1 1.07797 1.88404 
1.05263 4 6 1 0.905232 1.69642 
1.47368 4 6 1 0.766346 1.54557 
1.89474 4 6 1 0.652251 1.42165 
2.31579 4 6 1 0.556853 1.31803 
2.73684 4 6 1 0.475903 1.23011 
3.15789 4 6 1 0.406351 1.15457 
3.57895 4 6 1 0.345948 1.08896 
4 4 6 1 0.293 1.03145 
