4 -4 2 1 -1.27178 0.259227 
4 -3.57895 2 1 -1.12895 0.258248 
4 -3.15789 2 1 -0.995734 0.257335 
4 -2.73684 2 1 -0.871186 0.256481 
4 -2.31579 2 1 -0.75449 0.255682 
4 -1.89474 2 1 -0.644925 0.254931 
4 -1.47368 2 1 -0.541858 0.254224 
4 -1.05263 2 1 -0.444727 0.253559 
4 -0.631579 2 1 -0.353033 0.25293 
4 -0.210526 2 1 -0.266333 0.252336 
4 0.210526 2 1 -0.184229 0.251773 
4 0.631579 2 1 -0.106365 0.25124 
4 1.05263 2 1 -0.0324213 0.250733 
4 1.47368 2 1 0.0378911 0.250251 
4 1.89474 2 1 0.104833 0.249792 
4 2.31579 2 1 0.168642 0.249355 
4 2.73684 2 1 0.229532 0.248938 
4 3.15789 2 1 0.287699 0.248539 
4 3.57895 2 1 0.343322 0.248158 
4 4 2 1 0.396565 0.247793 
0.210526 -4 2 1 -9.53975 0.822616 
0.631579 -4 2 1 -4.91366 0.507389 
1.05263 -4 2 1 -3.38992 0.403559 
1.47368 -4 2 1 -2.63143 0.351875 
1.89474 -4 2 1 -2.17741 0.320937 
2.31579 -4 2 1 -1.87518 0.300343 
2.73684 -4 2 1 -1.65951 0.285647 
3.15789 -4 2 1 -1.49789 0.274634 
3.57895 -4 2 1 -1.37225 0.266073 
4 -4 2 1 -1.27178 0.259227 
-2.73684 4 2 1 15.2873 1.221 
-2.31579 4 2 1 6.6988 0.659685 
-1.89474 4 2 1 4.195 0.496046 
-1.47368 4 2 1 3.00108 0.418015 
-1.05263 4 2 1 2.30225 0.372342 
-0.631579 4 2 1 1.84344 0.342356 
-0.210526 4 2 1 1.51913 0.32116 
0.210526 4 2 1 1.27773 0.305383 
0.631579 4 2 1 1.09104 0.293182 
1.05263 4 2 1 0.942372 0.283465 
1.47368 4 2 1 0.821174 0.275544 
1.89474 4 2 1 0.720477 0.268963 
2.31579 4 2 1 0.635487 0.263408 
2.73684 4 2 1 0.562793 0.258657 
3.15789 4 2 1 0.499907 0.254547 
3.57895 4 2 1 0.44497 0.250957 
4 4 2 1 0.396565 0.247793 
4 -4 6 1 -1.61074 1.59608 
4 -3.57895 6 1 -1.41823 1.53692 
4 -3.15789 6 1 -1.24171 1.48268 
4 -2.73684 6 1 -1.07927 1.43276 
4 -2.31579 6 1 -0.929291 1.38667 
4 -1.89474 6 1 -0.790392 1.34399 
4 -1.47368 6 1 -0.661388 1.30435 
4 -1.05263 6 1 -0.541259 1.26743 
4 -0.631579 6 1 -0.429119 1.23297 
4 -0.210526 6 1 -0.324197 1.20073 
4 0.210526 6 1 -0.225817 1.1705 
4 0.631579 6 1 -0.133387 1.14209 
4 1.05263 6 1 -0.0463824 1.11536 
4 1.47368 6 1 0.035661 1.09015 
4 1.89474 6 1 0.113156 1.06633 
4 2.31579 6 1 0.18647 1.0438 
4 2.73684 6 1 0.255932 1.02246 
4 3.15789 6 1 0.32184 1.0022 
4 3.57895 6 1 0.384458 0.982961 
4 4 6 1 0.444026 0.964656 
1.05263 -4 6 1 -10.7865 11.9321 
1.47368 -4 6 1 -5.43622 5.90526 
1.89474 -4 6 1 -3.71691 3.96855 
2.31579 -4 6 1 -2.86879 3.0132 
2.73684 -4 6 1 -2.36355 2.44407 
3.15789 -4 6 1 -2.02822 2.06635 
3.57895 -4 6 1 -1.78944 1.79737 
4 -4 6 1 -1.61074 1.59608 
-1.89474 4 6 1 14.9009 14.5957 
-1.47368 4 6 1 6.35895 6.5417 
-1.05263 4 6 1 3.94536 4.26599 
-0.631579 4 6 1 2.80622 3.19191 
-0.210526 4 6 1 2.14294 2.56652 
0.210526 4 6 1 1.70886 2.15724 
0.631579 4 6 1 1.40269 1.86855 
1.05263 4 6 1 1.17514 1.65401 
1.47368 4 6 1 0.999384 1.48829 
1.89474 4 6 1 0.859541 1.35643 
2.31579 4 6 1 0.745624 1.24903 
2.73684 4 6 1 0.651035 1.15984 
3.15789 4 6 1 0.57124 1.0846 
3.57895 4 6 1 0.50302 1.02028 
4 4 6 1 0.444026 0.964656 
