1.20392 0.0629759 1.08289 1.00762 0 
1.07243 0.0509326 0.957974 0.966618 1 
0.948999 0.0396275 0.840558 0.928075 2 
0.832909 0.0289946 0.729982 0.891778 3 
0.723523 0.0189758 0.625666 0.857536 4 
0.620276 0.00951928 0.527092 0.825178 5 
0.522667 0.000579065 0.4338 0.794555 6 
0.430245 -0.00788603 0.345376 0.765529 7 
0.342607 -0.0159129 0.261448 0.737979 8 
0.259392 -0.0235347 0.181683 0.711796 9 
0.180273 -0.0307813 0.105777 0.686879 10 
0.104954 -0.0376799 0.033458 0.66314 11 
0.0331694 -0.0442548 -0.035523 0.640497 12 
-0.0353252 -0.0505283 -0.101392 0.618875 13 
-0.100751 -0.0565207 -0.164355 0.598207 14 
-0.163308 -0.0622505 -0.224599 0.578431 15 
-0.223183 -0.0677345 -0.282298 0.559491 16 
-0.280544 -0.0729883 -0.337609 0.541335 17 
-0.335546 -0.078026 -0.390678 0.523915 18 
-0.388332 -0.0828607 -0.441637 0.507187 19 
1.20392 0.0629759 1.08289 1.00762 40 
1.29702 0.0686555 1.16102 1.11215 41 
1.41253 0.0757022 1.25744 1.24115 42 
1.55966 0.0846774 1.37943 1.40436 43 
1.75342 0.0964979 1.53872 1.61745 44 
2.02019 0.112772 1.75547 1.90743 45 
2.41079 0.1366 2.06764 2.32507 46 
3.03751 0.174832 2.55605 2.97847 47 
4.20717 0.246186 3.42857 4.14577 48 
7.16457 0.426599 5.43209 6.82615 49 
29.2914 1.77642 14.8159 19.3801 50 
-0.388332 -0.0828607 -0.441637 0.507187 60 
-0.434542 -0.0887813 -0.490512 0.538378 61 
-0.487037 -0.0955073 -0.545931 0.573745 62 
-0.547195 -0.103215 -0.609303 0.614188 63 
-0.616825 -0.112136 -0.682472 0.660883 64 
-0.698355 -0.122582 -0.767901 0.715401 65 
-0.79512 -0.13498 -0.868952 0.779889 66 
-0.911833 -0.149934 -0.990341 0.857357 67 
-1.05537 -0.168325 -1.1389 0.952162 68 
-1.23617 -0.19149 -1.32489 1.07086 69 
-1.47093 -0.221569 -1.5645 1.22377 70 
-1.78803 -0.262197 -1.88484 1.42821 71 
-2.23999 -0.320104 -2.33495 1.71546 72 
-2.93609 -0.409292 -3.01374 2.14864 73 
-4.14737 -0.564487 -4.15478 2.87683 74 
-6.78168 -0.902008 -6.47412 4.35698 75 
-16.9169 -2.20058 -13.7452 8.99719 76 
