0.58342 -0.222799 0.49361 0.406048 0 
0.520887 -0.230194 0.434075 0.40601 1 
0.456875 -0.237764 0.373221 0.405972 2 
0.391329 -0.245516 0.311004 0.405933 3 
0.324195 -0.253455 0.247379 0.405892 4 
0.255412 -0.26159 0.182296 0.405851 5 
0.184921 -0.269926 0.115704 0.405809 6 
0.112657 -0.278472 0.047552 0.405766 7 
0.0385509 -0.287236 -0.0222171 0.405722 8 
-0.0374673 -0.296226 -0.0936612 0.405677 9 
-0.115473 -0.305452 -0.166841 0.405631 10 
-0.195545 -0.314921 -0.241821 0.405584 11 
-0.277767 -0.324645 -0.318668 0.405535 12 
-0.362226 -0.334633 -0.397454 0.405485 13 
-0.449015 -0.344897 -0.478251 0.405434 14 
-0.538232 -0.355448 -0.561138 0.405382 15 
-0.62998 -0.366299 -0.646198 0.405328 16 
-0.724368 -0.377461 -0.733517 0.405273 17 
-0.821512 -0.38895 -0.823186 0.405217 18 
-0.921534 -0.400779 -0.915301 0.405159 19 
0.58342 -0.222799 0.49361 0.406048 40 
0.638007 -0.230614 0.53838 0.441791 41 
0.701239 -0.239667 0.589726 0.482786 42 
0.775344 -0.250276 0.649215 0.530282 43 
0.863392 -0.262882 0.718949 0.585957 44 
0.969727 -0.278106 0.801823 0.652123 45 
1.1007 -0.296857 0.90194 0.732056 46 
1.26601 -0.320524 1.0253 0.830549 47 
1.48119 -0.351331 1.18108 0.954916 48 
1.7728 -0.393081 1.38396 1.1169 49 
2.19038 -0.452865 1.65913 1.33659 50 
2.83803 -0.545588 2.0536 1.65153 51 
3.97819 -0.708821 2.66643 2.14081 52 
6.51727 -1.07234 3.74829 3.00456 53 
17.1165 -2.58981 6.17149 4.93923 54 
-0.921534 -0.400779 -0.915301 0.405159 60 
-0.994585 -0.428091 -0.981505 0.450901 61 
-1.08315 -0.461205 -1.06044 0.505439 62 
-1.19276 -0.502188 -1.15617 0.571583 63 
-1.33193 -0.554222 -1.2747 0.653476 64 
-1.51448 -0.622476 -1.42526 0.757504 65 
-1.76444 -0.715932 -1.62288 0.894042 66 
-2.12759 -0.851711 -1.89369 1.08116 67 
-2.70334 -1.06697 -2.28762 1.35333 68 
-3.7556 -1.46041 -2.9133 1.78563 69 
-6.29368 -2.40936 -4.06049 2.57825 70 
-21.0215 -7.91595 -6.8471 4.50359 71 
