-4 -4 2 1 3.69552 0.909104 
-4 -3.57895 2 1 2.90649 0.786955 
-4 -3.15789 2 1 2.34527 0.700075 
-4 -2.73684 2 1 1.92565 0.635114 
-4 -2.31579 2 1 1.60005 0.584708 
-4 -1.89474 2 1 1.34004 0.544457 
-4 -1.47368 2 1 1.12763 0.511573 
-4 -1.05263 2 1 0.950829 0.484203 
-4 -0.631579 2 1 0.801386 0.461068 
-4 -0.210526 2 1 0.673404 0.441256 
-4 0.210526 2 1 0.562569 0.424098 
-4 0.631579 2 1 0.465653 0.409094 
-4 1.05263 2 1 0.380187 0.395863 
-4 1.47368 2 1 0.304257 0.384109 
-4 1.89474 2 1 0.23635 0.373596 
-4 2.31579 2 1 0.175258 0.364139 
-4 2.73684 2 1 0.120006 0.355585 
-4 3.15789 2 1 0.0697924 0.347812 
-4 3.57895 2 1 0.0239595 0.340716 
-4 4 2 1 -0.0180423 0.334214 
4 1.89474 2 1 -21.036 4.42766 
4 2.31579 2 1 -9.27842 1.94041 
4 2.73684 2 1 -6.21179 1.29168 
4 3.15789 2 1 -4.80024 0.993074 
4 3.57895 2 1 -3.98863 0.821381 
4 4 2 1 -3.4615 0.709871 
-4 -4 2 1 3.69552 0.909104 
-3.57895 -4 2 1 4.33244 1.07648 
-3.15789 -4 2 1 5.37537 1.35055 
-2.73684 -4 2 1 7.39414 1.88106 
-2.31579 -4 2 1 12.9623 3.34431 
-1.89474 -4 2 1 99.5122 26.0885 
-4 4 2 1 -0.0180423 0.334214 
-3.57895 4 2 1 -0.0630647 0.339126 
-3.15789 4 2 1 -0.112011 0.344465 
-2.73684 4 2 1 -0.165417 0.350291 
-2.31579 4 2 1 -0.223921 0.356674 
-1.89474 4 2 1 -0.288291 0.363696 
-1.47368 4 2 1 -0.359454 0.37146 
-1.05263 4 2 1 -0.438547 0.380088 
-0.631579 4 2 1 -0.526972 0.389735 
-0.210526 4 2 1 -0.626486 0.400591 
0.210526 4 2 1 -0.739313 0.4129 
0.631579 4 2 1 -0.868316 0.426973 
1.05263 4 2 1 -1.01724 0.44322 
1.47368 4 2 1 -1.1911 0.462186 
1.89474 4 2 1 -1.3967 0.484616 
2.31579 4 2 1 -1.64364 0.511556 
2.73684 4 2 1 -1.94577 0.544515 
3.15789 4 2 1 -2.3239 0.585767 
3.57895 4 2 1 -2.81085 0.63889 
4 4 2 1 -3.4615 0.709871 
-4 -4 6 1 7.8574 7.69823 
-4 -3.57895 6 1 5.17214 5.41562 
-4 -3.15789 6 1 3.73832 4.19681 
-4 -2.73684 6 1 2.84644 3.43867 
-4 -2.31579 6 1 2.23808 2.92153 
-4 -1.89474 6 1 1.79659 2.54624 
-4 -1.47368 6 1 1.4616 2.26148 
-4 -1.05263 6 1 1.19871 2.03801 
-4 -0.631579 6 1 0.986909 1.85797 
-4 -0.210526 6 1 0.812625 1.70982 
-4 0.210526 6 1 0.666699 1.58578 
-4 0.631579 6 1 0.542731 1.4804 
-4 1.05263 6 1 0.436112 1.38977 
-4 1.47368 6 1 0.343437 1.31099 
-4 1.89474 6 1 0.26214 1.24188 
-4 2.31579 6 1 0.190246 1.18077 
-4 2.73684 6 1 0.126212 1.12634 
-4 3.15789 6 1 0.0688176 1.07755 
-4 3.57895 6 1 0.0170799 1.03357 
-4 4 6 1 -0.0297978 0.99372 
4 2.73684 6 1 -242.259 237.216 
4 3.15789 6 1 -16.8107 15.7362 
4 3.57895 6 1 -9.16429 8.22436 
4 4 6 1 -6.49892 5.60591 
-4 -4 6 1 7.8574 7.69823 
-3.57895 -4 6 1 12.7496 13.0831 
-3.15789 -4 6 1 42.7697 46.1262 
-4 4 6 1 -0.0297978 0.99372 
-3.57895 4 6 1 -0.0812106 1.03037 
-3.15789 4 6 1 -0.137713 1.07066 
-2.73684 4 6 1 -0.200101 1.11514 
-2.31579 4 6 1 -0.269345 1.16451 
-1.89474 4 6 1 -0.346639 1.21961 
-1.47368 4 6 1 -0.433475 1.28152 
-1.05263 4 6 1 -0.531735 1.35158 
-0.631579 4 6 1 -0.643834 1.4315 
-0.210526 4 6 1 -0.772915 1.52353 
0.210526 4 6 1 -0.923155 1.63064 
0.631579 4 6 1 -1.10022 1.75688 
1.05263 4 6 1 -1.312 1.90787 
1.47368 4 6 1 -1.56981 2.09168 
1.89474 4 6 1 -1.89049 2.32031 
2.31579 4 6 1 -2.30023 2.61243 
2.73684 4 6 1 -2.84211 2.99877 
3.15789 4 6 1 -3.59235 3.53366 
3.57895 4 6 1 -4.69973 4.32317 
4 4 6 1 -6.49892 5.60591 
