-4 -4 2 1 -1.70299 -0.497458 
-4 -3.57895 2 1 -1.84294 -0.542767 
-4 -3.15789 2 1 -2.02286 -0.601021 
-4 -2.73684 2 1 -2.26277 -0.678694 
-4 -2.31579 2 1 -2.59863 -0.787435 
-4 -1.89474 2 1 -3.10242 -0.950547 
-4 -1.47368 2 1 -3.94208 -1.2224 
-4 -1.05263 2 1 -5.62138 -1.76611 
-4 -0.631579 2 1 -10.6593 -3.39722 
-4 -0.210526 2 1 -1.5672e+06 -507409 
4 -4 2 1 0.18477 -0.180095 
4 -3.57895 2 1 0.224706 -0.18244 
4 -3.15789 2 1 0.269021 -0.185043 
4 -2.73684 2 1 0.318479 -0.187947 
4 -2.31579 2 1 0.374028 -0.191208 
4 -1.89474 2 1 0.436869 -0.194898 
4 -1.47368 2 1 0.508538 -0.199107 
4 -1.05263 2 1 0.591037 -0.203951 
4 -0.631579 2 1 0.687019 -0.209587 
4 -0.210526 2 1 0.800085 -0.216226 
4 0.210526 2 1 0.935241 -0.224162 
4 0.631579 2 1 1.09966 -0.233817 
4 1.05263 2 1 1.30401 -0.245816 
4 1.47368 2 1 1.56484 -0.261132 
4 1.89474 2 1 1.9093 -0.281358 
4 2.31579 2 1 2.38533 -0.309311 
4 2.73684 2 1 3.08609 -0.350458 
4 3.15789 2 1 4.21988 -0.417033 
4 3.57895 2 1 6.36755 -0.543143 
4 4 2 1 11.9889 -0.873223 
-4 -4 2 1 -1.70299 -0.497458 
-3.57895 -4 2 1 -1.49337 -0.462216 
-3.15789 -4 2 1 -1.30809 -0.431068 
-2.73684 -4 2 1 -1.14315 -0.40334 
-2.31579 -4 2 1 -0.995377 -0.378497 
-1.89474 -4 2 1 -0.862222 -0.356111 
-1.47368 -4 2 1 -0.741617 -0.335836 
-1.05263 -4 2 1 -0.631869 -0.317385 
-0.631579 -4 2 1 -0.531574 -0.300524 
-0.210526 -4 2 1 -0.439562 -0.285055 
0.210526 -4 2 1 -0.354848 -0.270814 
0.631579 -4 2 1 -0.276595 -0.257658 
1.05263 -4 2 1 -0.204093 -0.245469 
1.47368 -4 2 1 -0.136729 -0.234144 
1.89474 -4 2 1 -0.0739762 -0.223595 
2.31579 -4 2 1 -0.0153768 -0.213743 
2.73684 -4 2 1 0.0394685 -0.204523 
3.15789 -4 2 1 0.0909091 -0.195875 
3.57895 -4 2 1 0.139253 -0.187748 
4 -4 2 1 0.18477 -0.180095 
3.15789 4 2 1 238.496 -21.7218 
3.57895 4 2 1 21.4236 -1.74163 
4 4 2 1 11.9889 -0.873223 
-4 -4 6 1 -1.65071 0.658245 
-4 -3.57895 6 1 -1.77068 0.747416 
-4 -3.15789 6 1 -1.92105 0.859175 
-4 -2.73684 6 1 -2.11503 1.00335 
-4 -2.31579 6 1 -2.37481 1.19643 
-4 -1.89474 6 1 -2.74072 1.46839 
-4 -1.47368 6 1 -3.29448 1.87997 
-4 -1.05263 6 1 -4.23074 2.57584 
-4 -0.631579 6 1 -6.1548 4.00589 
-4 -0.210526 6 1 -12.3755 8.62937 
4 -4 6 1 0.129249 0.347639 
4 -3.57895 6 1 0.16465 0.371612 
4 -3.15789 6 1 0.203752 0.398091 
4 -2.73684 6 1 0.247167 0.427491 
4 -2.31579 6 1 0.29565 0.460322 
4 -1.89474 6 1 0.350144 0.497224 
4 -1.47368 6 1 0.41184 0.539003 
4 -1.05263 6 1 0.482268 0.586695 
4 -0.631579 6 1 0.563421 0.641651 
4 -0.210526 6 1 0.657953 0.705665 
4 0.210526 6 1 0.769468 0.781181 
4 0.631579 6 1 0.902996 0.871603 
4 1.05263 6 1 1.06577 0.981828 
4 1.47368 6 1 1.26857 1.11916 
4 1.89474 6 1 1.52824 1.29501 
4 2.31579 6 1 1.87261 1.5282 
4 2.73684 6 1 2.35117 1.85227 
4 3.15789 6 1 3.06136 2.3332 
4 3.57895 6 1 4.22504 3.12122 
4 4 6 1 6.48027 4.64841 
-4 -4 6 1 -1.65071 0.658245 
-3.57895 -4 6 1 -1.46193 0.625303 
-3.15789 -4 6 1 -1.29331 0.595879 
-2.73684 -4 6 1 -1.14178 0.569436 
-2.31579 -4 6 1 -1.00486 0.545545 
-1.89474 -4 6 1 -0.880551 0.523852 
-1.47368 -4 6 1 -0.767175 0.504067 
-1.05263 -4 6 1 -0.663353 0.48595 
-0.631579 -4 6 1 -0.567926 0.469298 
-0.210526 -4 6 1 -0.479917 0.45394 
0.210526 -4 6 1 -0.398492 0.439731 
0.631579 -4 6 1 -0.322938 0.426547 
1.05263 -4 6 1 -0.252644 0.41428 
1.47368 -4 6 1 -0.187079 0.402839 
1.89474 -4 6 1 -0.12578 0.392142 
2.31579 -4 6 1 -0.0683448 0.38212 
2.73684 -4 6 1 -0.0144188 0.37271 
3.15789 -4 6 1 0.0363099 0.363857 
3.57895 -4 6 1 0.0841175 0.355515 
4 -4 6 1 0.129249 0.347639 
2.73684 4 6 1 30.1891 27.3205 
3.15789 4 6 1 12.44 10.3475 
3.57895 4 6 1 8.31634 6.40419 
4 4 6 1 6.48027 4.64841 
