-2.19044 -0.227858 -1.89296 1.04619 0 
-2.39713 -0.232443 -2.02469 1.18994 1 
-2.67335 -0.238571 -2.19091 1.37133 2 
-3.06126 -0.247176 -2.40718 1.60734 3 
-3.64577 -0.260143 -2.70012 1.92703 4 
-4.62706 -0.281911 -3.11932 2.3845 5 
-6.61678 -0.32605 -3.76878 3.09325 6 
-12.8122 -0.463488 -4.91009 4.33875 7 
0.0841448 -0.111599 0.0431326 0.39067 20 
0.123401 -0.107649 0.077726 0.416109 21 
0.166512 -0.103311 0.115455 0.443853 22 
0.214075 -0.0985246 0.156767 0.474232 23 
0.266817 -0.0932174 0.202197 0.507639 24 
0.325632 -0.087299 0.252394 0.544552 25 
0.391634 -0.0806574 0.308148 0.585551 26 
0.466225 -0.0731515 0.370438 0.631356 27 
0.5512 -0.0646008 0.440484 0.682865 28 
0.648887 -0.0547708 0.51983 0.741213 29 
0.762372 -0.0433511 0.610461 0.807859 30 
0.895822 -0.0299224 0.714969 0.884709 31 
1.05502 -0.0139033 0.836803 0.974301 32 
1.2482 0.0055358 0.980664 1.08009 33 
1.48755 0.029621 1.15312 1.20691 34 
1.79187 0.0602441 1.36363 1.36171 35 
2.19177 0.100485 1.62636 1.55491 36 
2.74067 0.155719 1.96349 1.80282 37 
3.5409 0.236244 2.41184 2.13252 38 
4.81634 0.364587 3.03731 2.59246 39 
-2.19044 -0.227858 -1.89296 1.04619 40 
-1.88283 -0.212136 -1.65719 0.966361 41 
-1.62457 -0.198935 -1.4535 0.897395 42 
-1.40465 -0.187695 -1.27575 0.837214 43 
-1.21514 -0.178008 -1.11929 0.784239 44 
-1.05012 -0.169574 -0.980504 0.73725 45 
-0.905149 -0.162164 -0.856561 0.695286 46 
-0.776774 -0.155603 -0.745201 0.657581 47 
-0.6623 -0.149752 -0.644599 0.62352 48 
-0.559587 -0.144502 -0.553268 0.592598 49 
-0.466909 -0.139765 -0.469984 0.564399 50 
-0.382865 -0.135469 -0.393727 0.538581 51 
-0.306302 -0.131556 -0.323645 0.514852 52 
-0.236264 -0.127976 -0.259016 0.492971 53 
-0.17195 -0.124689 -0.199228 0.472728 54 
-0.112687 -0.12166 -0.143757 0.453947 55 
-0.0579017 -0.118859 -0.0921507 0.436474 56 
-0.00710542 -0.116263 -0.0440197 0.420178 57 
0.0401223 -0.113849 0.000975803 0.404944 58 
0.0841448 -0.111599 0.0431326 0.39067 59 
36.6528 4.13607 5.58415 6.54779 75 
12.0787 1.22492 4.42695 4.75061 76 
7.67131 0.7028 3.76535 3.72312 77 
5.82851 0.484493 3.33713 3.05808 78 
4.81634 0.364587 3.03731 2.59246 79 
