-4 1.89474 2 1 29.0627 -3.32395 
-4 2.31579 2 1 10.8777 -1.06901 
-4 2.73684 2 1 7.01821 -0.590441 
-4 3.15789 2 1 5.33997 -0.382339 
-4 3.57895 2 1 4.40123 -0.265936 
-4 4 2 1 3.80146 -0.191564 
4 -4 2 1 -2.56278 -0.67768 
4 -3.57895 2 1 -2.11866 -0.577238 
4 -3.15789 2 1 -1.77108 -0.49863 
4 -2.73684 2 1 -1.49166 -0.435434 
4 -2.31579 2 1 -1.26213 -0.383523 
4 -1.89474 2 1 -1.07022 -0.340122 
4 -1.47368 2 1 -0.907391 -0.303296 
4 -1.05263 2 1 -0.767495 -0.271657 
4 -0.631579 2 1 -0.646005 -0.244181 
4 -0.210526 2 1 -0.539514 -0.220097 
4 0.210526 2 1 -0.445405 -0.198813 
4 0.631579 2 1 -0.361638 -0.179868 
4 1.05263 2 1 -0.286596 -0.162896 
4 1.47368 2 1 -0.218983 -0.147605 
4 1.89474 2 1 -0.157749 -0.133756 
4 2.31579 2 1 -0.102032 -0.121155 
4 2.73684 2 1 -0.0511177 -0.10964 
4 3.15789 2 1 -0.00441108 -0.0990771 
4 3.57895 2 1 0.0385887 -0.0893522 
4 4 2 1 0.0783062 -0.0803697 
1.47368 -4 2 1 -18.4269 -6.73285 
1.89474 -4 2 1 -7.6294 -2.61155 
2.31579 -4 2 1 -5.06984 -1.6346 
2.73684 -4 2 1 -3.92386 -1.19719 
3.15789 -4 2 1 -3.27382 -0.949077 
3.57895 -4 2 1 -2.85505 -0.789239 
4 -4 2 1 -2.56278 -0.67768 
-4 4 2 1 3.80146 -0.191564 
-3.57895 4 2 1 3.02665 -0.168424 
-3.15789 4 2 1 2.47029 -0.151808 
-2.73684 4 2 1 2.05142 -0.139298 
-2.31579 4 2 1 1.72468 -0.12954 
-1.89474 4 2 1 1.46268 -0.121715 
-1.47368 4 2 1 1.24792 -0.115301 
-1.05263 4 2 1 1.06867 -0.109948 
-0.631579 4 2 1 0.916808 -0.105412 
-0.210526 4 2 1 0.786493 -0.10152 
0.210526 4 2 1 0.673446 -0.0981439 
0.631579 4 2 1 0.574448 -0.0951873 
1.05263 4 2 1 0.487033 -0.0925766 
1.47368 4 2 1 0.409281 -0.0902545 
1.89474 4 2 1 0.339673 -0.0881756 
2.31579 4 2 1 0.276993 -0.0863036 
2.73684 4 2 1 0.220257 -0.0846092 
3.15789 4 2 1 0.168657 -0.0830681 
3.57895 4 2 1 0.121525 -0.0816605 
4 4 2 1 0.0783062 -0.0803697 
-4 2.31579 6 1 15.6498 12.5505 
-4 2.73684 6 1 8.29769 6.29139 
-4 3.15789 6 1 5.87686 4.23044 
-4 3.57895 6 1 4.67197 3.20467 
-4 4 6 1 3.9508 2.5907 
4 -4 6 1 -2.98437 1.36793 
4 -3.57895 6 1 -2.45273 1.20806 
4 -3.15789 6 1 -2.04411 1.08519 
4 -2.73684 6 1 -1.72023 0.987797 
4 -2.31579 6 1 -1.45721 0.908707 
4 -1.89474 6 1 -1.23937 0.843201 
4 -1.47368 6 1 -1.05599 0.788058 
4 -1.05263 6 1 -0.899491 0.740998 
4 -0.631579 6 1 -0.764367 0.700365 
4 -0.210526 6 1 -0.646518 0.664927 
4 0.210526 6 1 -0.54283 0.633748 
4 0.631579 6 1 -0.450896 0.606103 
4 1.05263 6 1 -0.368825 0.581424 
4 1.47368 6 1 -0.295109 0.559257 
4 1.89474 6 1 -0.228535 0.539238 
4 2.31579 6 1 -0.168113 0.521069 
4 2.73684 6 1 -0.113028 0.504505 
4 3.15789 6 1 -0.0626029 0.489342 
4 3.57895 6 1 -0.0162699 0.475409 
4 4 6 1 0.0264496 0.462563 
1.47368 -4 6 1 -116.417 79.3025 
1.89474 -4 6 1 -12.291 7.7621 
2.31579 -4 6 1 -6.89978 4.05802 
2.73684 -4 6 1 -4.97646 2.7366 
3.15789 -4 6 1 -3.98924 2.05833 
3.57895 -4 6 1 -3.38846 1.64556 
4 -4 6 1 -2.98437 1.36793 
-4 4 6 1 3.9508 2.5907 
-3.57895 4 6 1 3.07812 2.11746 
-3.15789 4 6 1 2.47065 1.78803 
-2.73684 4 6 1 2.02343 1.54551 
-2.31579 4 6 1 1.68045 1.35951 
-1.89474 4 6 1 1.40906 1.21234 
-1.47368 4 6 1 1.18897 1.09299 
-1.05263 4 6 1 1.00689 0.994245 
-0.631579 4 6 1 0.853748 0.911199 
-0.210526 4 6 1 0.723162 0.840384 
0.210526 4 6 1 0.610487 0.779281 
0.631579 4 6 1 0.512276 0.726022 
1.05263 4 6 1 0.42591 0.679187 
1.47368 4 6 1 0.349369 0.637679 
1.89474 4 6 1 0.281067 0.60064 
2.31579 4 6 1 0.219741 0.567383 
2.73684 4 6 1 0.164374 0.537358 
3.15789 4 6 1 0.114139 0.510116 
3.57895 4 6 1 0.0683525 0.485287 
4 4 6 1 0.0264496 0.462563 
