0.948206 0.168878 0.807955 0.912042 0 
0.849052 0.157312 0.71866 0.890418 1 
0.753023 0.146111 0.631963 0.869424 2 
0.659975 0.135257 0.54775 0.849031 3 
0.569771 0.124735 0.465918 0.829214 4 
0.482282 0.11453 0.386366 0.80995 5 
0.397387 0.104627 0.309001 0.791215 6 
0.314973 0.0950137 0.233733 0.772988 7 
0.234933 0.0856772 0.160478 0.755249 8 
0.157165 0.0766059 0.0891576 0.737978 9 
0.0815735 0.0677884 0.0196949 0.721157 10 
0.00806934 0.0592144 -0.0479815 0.704768 11 
-0.0634332 0.0508739 -0.113939 0.688796 12 
-0.133015 0.0427575 -0.178244 0.673224 13 
-0.200752 0.0348562 -0.240956 0.658038 14 
-0.266716 0.0271616 -0.302134 0.643223 15 
-0.330978 0.0196658 -0.361833 0.628766 16 
-0.3936 0.012361 -0.420108 0.614654 17 
-0.454647 0.00524019 -0.477007 0.600875 18 
-0.514175 -0.00170361 -0.53258 0.587418 19 
0.948206 0.168878 0.807955 0.912042 40 
1.018 0.192868 0.859756 0.997281 41 
1.10215 0.221794 0.921207 1.0984 42 
1.2056 0.257355 0.995283 1.22029 43 
1.33585 0.302128 1.08632 1.37009 44 
1.50487 0.360225 1.20089 1.55862 45 
1.73298 0.438637 1.34948 1.80313 46 
2.05775 0.550273 1.54988 2.13289 47 
2.55712 0.721926 1.83492 2.60193 48 
3.42366 1.01979 2.27257 3.32208 49 
5.29773 1.66398 3.03017 4.56872 50 
12.3767 4.0973 4.66076 7.25188 51 
-0.514175 -0.00170361 -0.53258 0.587418 60 
-0.563966 0.00433321 -0.580277 0.63141 61 
-0.621219 0.0112748 -0.634617 0.68153 62 
-0.687748 0.0193411 -0.697092 0.739152 63 
-0.766007 0.0288294 -0.769676 0.806099 64 
-0.859396 0.0401523 -0.85504 0.884833 65 
-0.972774 0.0538987 -0.956883 0.978766 66 
-1.11333 0.0709398 -1.08049 1.09277 67 
-1.29215 0.0926216 -1.23366 1.23405 68 
-1.52736 0.121139 -1.42847 1.41372 69 
-1.85058 0.160327 -1.68453 1.6499 70 
-2.32261 0.217558 -2.03614 1.9742 71 
-3.07693 0.309015 -2.54905 2.44727 72 
-4.47479 0.478497 -3.36728 3.20195 73 
-7.95239 0.900135 -4.87898 4.59624 74 
-31.6329 3.77126 -8.61411 8.04128 75 
