0.171679 -0.168642 0.173151 0.342059 0 
0.128065 -0.166185 0.133795 0.359937 1 
0.0813871 -0.163556 0.0919484 0.378946 2 
0.0313099 -0.160736 0.0473682 0.399197 3 
-0.0225518 -0.157703 -0.000222764 0.420816 4 
-0.0806439 -0.154431 -0.0511402 0.443946 5 
-0.143485 -0.150892 -0.105745 0.468751 6 
-0.211683 -0.147051 -0.164454 0.49542 7 
-0.285952 -0.142868 -0.227747 0.524172 8 
-0.367142 -0.138296 -0.296183 0.555259 9 
-0.456266 -0.133276 -0.370415 0.58898 10 
-0.554549 -0.127741 -0.451213 0.625683 11 
-0.663477 -0.121606 -0.539487 0.665783 12 
-0.78488 -0.114769 -0.636325 0.709773 13 
-0.92103 -0.107101 -0.743038 0.758249 14 
-1.07479 -0.0984419 -0.861218 0.811933 15 
-1.24981 -0.0885849 -0.992816 0.871713 16 
-1.45083 -0.0772638 -1.14026 0.93869 17 
-1.6841 -0.0641262 -1.30658 1.01425 18 
-1.95807 -0.0486965 -1.49567 1.10014 19 
7.91206 -0.209128 4.03563 2.54635 20 
10.9475 -0.194134 4.52441 3.07463 21 
19.3712 -0.152526 5.2418 3.85 22 
160.798 0.54604 6.39711 5.09869 23 
0.171679 -0.168642 0.173151 0.342059 40 
0.215563 -0.168871 0.212806 0.36469 41 
0.264026 -0.169125 0.256173 0.389439 42 
0.317822 -0.169406 0.303801 0.416619 43 
0.377883 -0.16972 0.356347 0.446607 44 
0.445371 -0.170073 0.414617 0.479862 45 
0.521756 -0.170473 0.4796 0.516947 46 
0.608919 -0.170929 0.552525 0.558565 47 
0.709315 -0.171454 0.634945 0.605601 48 
0.826207 -0.172065 0.728842 0.659187 49 
0.964022 -0.172786 0.836793 0.720794 50 
1.12893 -0.173648 0.962209 0.792368 51 
1.32979 -0.174699 1.1097 0.876541 52 
1.57981 -0.176007 1.28566 0.97696 53 
1.89954 -0.177679 1.49921 1.09883 54 
2.32285 -0.179893 1.76384 1.24985 55 
2.90982 -0.182963 2.10035 1.4419 56 
3.77811 -0.187505 2.54265 1.69432 57 
5.19368 -0.194909 3.14993 2.04088 58 
7.91206 -0.209128 4.03563 2.54635 59 
-1.95807 -0.0486965 -1.49567 1.10014 60 
-2.13667 -0.0321467 -1.58108 1.2382 61 
-2.37513 -0.0100506 -1.68743 1.41011 62 
-2.70959 0.0209414 -1.8235 1.63005 63 
-3.21264 0.0675553 -2.00377 1.92145 64 
-4.0547 0.145583 -2.25396 2.32587 65 
-5.75261 0.302917 -2.62452 2.92486 66 
-10.9595 0.785404 -3.22986 3.90336 67 
