-0.499689 0.193941 -0.434448 0.828027 20 
-0.439393 0.189795 -0.373513 0.831974 21 
-0.377535 0.185542 -0.311005 0.836022 22 
-0.314054 0.181177 -0.246863 0.840177 23 
-0.248886 0.176696 -0.181022 0.844442 24 
-0.181962 0.172094 -0.113412 0.848821 25 
-0.11321 0.167367 -0.043962 0.853319 26 
-0.0425541 0.162509 0.0274043 0.857942 27 
0.0300854 0.157514 0.100767 0.862693 28 
0.104793 0.152378 0.176212 0.86758 29 
0.18166 0.147092 0.253829 0.872607 30 
0.260779 0.141652 0.333712 0.877782 31 
0.342253 0.13605 0.415963 0.883109 32 
0.426186 0.130279 0.500688 0.888597 33 
0.512693 0.124331 0.588001 0.894252 34 
0.601894 0.118198 0.678022 0.900083 35 
0.693916 0.11187 0.770879 0.906098 36 
0.788895 0.10534 0.866709 0.912305 37 
0.886977 0.0985957 0.965656 0.918714 38 
0.988316 0.0916278 1.06787 0.925334 39 
-91.4387 28.9548 -58.3519 79.9375 44 
-9.16132 2.93332 -7.95255 11.097 45 
-4.73739 1.53418 -4.18587 5.95209 46 
-3.1551 1.03376 -2.802 4.06186 47 
-2.34209 0.77663 -2.0832 3.08006 48 
-1.84707 0.62007 -1.64292 2.47868 49 
-1.51398 0.514726 -1.34556 2.07251 50 
-1.27454 0.438999 -1.13123 1.77977 51 
-1.09412 0.381939 -0.969434 1.55876 52 
-0.953295 0.337401 -0.842955 1.38601 53 
-0.840318 0.30167 -0.741369 1.24725 54 
-0.747673 0.27237 -0.657986 1.13336 55 
-0.670323 0.247907 -0.588316 1.0382 56 
-0.60477 0.227175 -0.529233 0.957494 57 
-0.548507 0.20938 -0.478494 0.888189 58 
-0.499689 0.193941 -0.434448 0.828027 59 
18.9515 2.69042 19.0585 20.3645 68 
6.35335 0.867802 6.7833 7.10094 69 
3.87712 0.509559 4.18435 4.29274 70 
2.82022 0.356655 3.05491 3.07236 71 
2.23418 0.27187 2.42333 2.38992 72 
1.86166 0.217977 2.01987 1.95398 73 
1.60395 0.180693 1.73985 1.65141 74 
1.41506 0.153366 1.53413 1.42913 75 
1.27067 0.132477 1.37661 1.25892 76 
1.15672 0.115991 1.25211 1.12441 77 
1.06449 0.102648 1.15125 1.01543 78 
0.988316 0.0916278 1.06787 0.925334 79 
