9.94043 0.204912 5.40792 4.89568 5 
4.9244 0.0527431 3.57113 3.21844 6 
3.25913 0.00222445 2.65789 2.38454 7 
2.42775 -0.0229967 2.11159 1.8857 8 
1.92933 -0.0381173 1.74808 1.55376 9 
1.59721 -0.0481926 1.48876 1.31696 10 
1.36006 -0.0553867 1.29445 1.13953 11 
1.18225 -0.060781 1.14342 1.00163 12 
1.04398 -0.0649757 1.02267 0.891369 13 
0.933375 -0.068331 0.923923 0.801196 14 
0.842894 -0.0710759 0.841662 0.726081 15 
0.767501 -0.073363 0.772078 0.662542 16 
0.703711 -0.0752982 0.71245 0.608094 17 
0.649039 -0.0769568 0.660785 0.560917 18 
0.601659 -0.0783941 0.615587 0.519645 19 
-9.22459 1.84722 -4.23395 5.71385 26 
-4.63768 0.873231 -2.83439 3.76427 27 
-3.11106 0.549068 -2.13788 2.79405 28 
-2.3482 0.38708 -1.72103 2.21337 29 
-1.89062 0.289918 -1.44355 1.82686 30 
-1.58563 0.225155 -1.24557 1.55107 31 
-1.36781 0.178902 -1.0972 1.34439 32 
-1.20446 0.144216 -0.98187 1.18373 33 
-1.07741 0.11724 -0.889649 1.05527 34 
-0.975787 0.0956598 -0.814223 0.950203 35 
-0.892641 0.0780044 -0.751388 0.862675 36 
-0.823355 0.0632922 -0.698233 0.788631 37 
-0.764731 0.0508438 -0.652683 0.72518 38 
-0.714483 0.040174 -0.613213 0.670199 39 
0.601659 -0.0783941 0.615587 0.519645 60 
0.536764 -0.0725479 0.554746 0.527099 61 
0.471412 -0.0666605 0.493503 0.534603 62 
0.405598 -0.0607315 0.431855 0.542156 63 
0.339318 -0.0547604 0.369796 0.549759 64 
0.272565 -0.0487468 0.307324 0.557414 65 
0.205336 -0.0426903 0.244433 0.565119 66 
0.137624 -0.0365903 0.181119 0.572876 67 
0.0694255 -0.0304464 0.117379 0.580686 68 
0.000734343 -0.0242582 0.0532074 0.588548 69 
-0.0684547 -0.0180251 -0.0113995 0.596464 70 
-0.138147 -0.0117467 -0.0764463 0.604434 71 
-0.208348 -0.00542245 -0.141938 0.612458 72 
-0.279064 0.000948143 -0.207878 0.620537 73 
-0.350299 0.00736559 -0.274272 0.628671 74 
-0.422061 0.0138304 -0.341124 0.636862 75 
-0.494354 0.0203431 -0.40844 0.64511 76 
-0.567185 0.0269043 -0.476223 0.653415 77 
-0.640559 0.0335144 -0.544479 0.661777 78 
-0.714483 0.040174 -0.613213 0.670199 79 
