0.755835 -0.133398 0.639974 0.521008 0 
0.677962 -0.136825 0.571226 0.517519 1 
0.600213 -0.140247 0.502576 0.514034 2 
0.522588 -0.143663 0.434022 0.510554 3 
0.445086 -0.147074 0.365564 0.507079 4 
0.367706 -0.15048 0.297202 0.503609 5 
0.29045 -0.15388 0.228936 0.500144 6 
0.213316 -0.157274 0.160765 0.496684 7 
0.136304 -0.160664 0.0926906 0.493228 8 
0.0594138 -0.164048 0.024711 0.489778 9 
-0.0173548 -0.167426 -0.0431736 0.486332 10 
-0.0940021 -0.170799 -0.110963 0.482891 11 
-0.170528 -0.174167 -0.178658 0.479455 12 
-0.246934 -0.17753 -0.246259 0.476023 13 
-0.323219 -0.180887 -0.313765 0.472597 14 
-0.399384 -0.184239 -0.381177 0.469175 15 
-0.47543 -0.187586 -0.448496 0.465758 16 
-0.551355 -0.190928 -0.51572 0.462346 17 
-0.627162 -0.194264 -0.582852 0.458938 18 
-0.702849 -0.197595 -0.64989 0.455535 19 
0.755835 -0.133398 0.639974 0.521008 40 
0.816619 -0.129466 0.684821 0.57168 41 
0.888325 -0.124827 0.736645 0.630235 42 
0.97419 -0.119273 0.797211 0.698669 43 
1.07887 -0.112501 0.868936 0.779709 44 
1.20929 -0.104063 0.955216 0.877196 45 
1.37631 -0.0932584 1.06098 0.996698 46 
1.59783 -0.078928 1.19367 1.14662 47 
1.90572 -0.0590099 1.36507 1.34029 48 
2.36274 -0.0294443 1.59502 1.6001 49 
3.11186 0.0190177 1.91967 1.96692 50 
4.56463 0.113001 2.41271 2.524 51 
8.59046 0.373439 3.25106 3.47124 52 
74.9251 4.66476 4.99291 5.43933 53 
-0.702849 -0.197595 -0.64989 0.455535 60 
-0.761369 -0.198933 -0.697452 0.500832 61 
-0.830221 -0.200508 -0.752302 0.553069 62 
-0.912406 -0.202388 -0.816252 0.613972 63 
-1.01221 -0.204671 -0.891772 0.685894 64 
-1.13599 -0.207502 -0.982313 0.772123 65 
-1.29354 -0.211106 -1.09285 0.877398 66 
-1.5009 -0.215849 -1.23084 1.00881 67 
-1.78609 -0.222373 -1.40795 1.17749 68 
-2.20307 -0.231911 -1.64357 1.40188 69 
-2.87064 -0.247181 -1.97241 1.71506 70 
-4.11173 -0.27557 -2.46347 2.18272 71 
-7.222 -0.346714 -3.27605 2.95659 72 
-29.2995 -0.851715 -4.87966 4.48381 73 
