-4 -1.47368 2 1 9.87425 -1.65624 
-4 -1.05263 2 1 4.86306 -0.888838 
-4 -0.631579 2 1 3.23082 -0.638878 
-4 -0.210526 2 1 2.42166 -0.514965 
-4 0.210526 2 1 1.93838 -0.440955 
-4 0.631579 2 1 1.6171 -0.391756 
-4 1.05263 2 1 1.38806 -0.356681 
-4 1.47368 2 1 1.21653 -0.330413 
-4 1.89474 2 1 1.08326 -0.310004 
-4 2.31579 2 1 0.976732 -0.293691 
-4 2.73684 2 1 0.889634 -0.280353 
-4 3.15789 2 1 0.817093 -0.269244 
-4 3.57895 2 1 0.755742 -0.259849 
-4 4 2 1 0.703176 -0.251799 
4 -1.89474 2 1 -17.1351 -0.379622 
4 -1.47368 2 1 -6.15635 -0.231036 
4 -1.05263 2 1 -3.74565 -0.198409 
4 -0.631579 2 1 -2.68824 -0.184098 
4 -0.210526 2 1 -2.09433 -0.17606 
4 0.210526 2 1 -1.71395 -0.170912 
4 0.631579 2 1 -1.44949 -0.167333 
4 1.05263 2 1 -1.25497 -0.164701 
4 1.47368 2 1 -1.10589 -0.162683 
4 1.89474 2 1 -0.987984 -0.161087 
4 2.31579 2 1 -0.892404 -0.159794 
4 2.73684 2 1 -0.813356 -0.158724 
4 3.15789 2 1 -0.746893 -0.157824 
4 3.57895 2 1 -0.690231 -0.157057 
4 4 2 1 -0.64135 -0.156396 
-4 4 2 1 0.703176 -0.251799 
-3.57895 4 2 1 0.629554 -0.246575 
-3.15789 4 2 1 0.556262 -0.241374 
-2.73684 4 2 1 0.483297 -0.236197 
-2.31579 4 2 1 0.410657 -0.231043 
-1.89474 4 2 1 0.338341 -0.225911 
-1.47368 4 2 1 0.266345 -0.220803 
-1.05263 4 2 1 0.194667 -0.215717 
-0.631579 4 2 1 0.123307 -0.210653 
-0.210526 4 2 1 0.0522607 -0.205612 
0.210526 4 2 1 -0.018473 -0.200593 
0.631579 4 2 1 -0.0888963 -0.195596 
1.05263 4 2 1 -0.159011 -0.190621 
1.47368 4 2 1 -0.22882 -0.185668 
1.89474 4 2 1 -0.298324 -0.180736 
2.31579 4 2 1 -0.367526 -0.175825 
2.73684 4 2 1 -0.436428 -0.170936 
3.15789 4 2 1 -0.505031 -0.166069 
3.57895 4 2 1 -0.573338 -0.161222 
4 4 2 1 -0.64135 -0.156396 
-4 -2.31579 6 1 29.0229 23.3738 
-4 -1.89474 6 1 7.53766 5.94839 
-4 -1.47368 6 1 4.33909 3.35423 
-4 -1.05263 6 1 3.05022 2.30891 
-4 -0.631579 6 1 2.35396 1.74421 
-4 -0.210526 6 1 1.91799 1.39062 
-4 0.210526 6 1 1.61934 1.1484 
-4 0.631579 6 1 1.40195 0.972096 
-4 1.05263 6 1 1.23664 0.838019 
-4 1.47368 6 1 1.10669 0.732622 
-4 1.89474 6 1 1.00185 0.647592 
-4 2.31579 6 1 0.915479 0.577545 
-4 2.73684 6 1 0.843099 0.518843 
-4 3.15789 6 1 0.781563 0.468934 
-4 3.57895 6 1 0.728604 0.425982 
-4 4 6 1 0.682544 0.388626 
4 -2.31579 6 1 -9.51761 9.94897 
4 -1.89474 6 1 -4.61668 4.76178 
4 -1.47368 6 1 -3.04247 3.09562 
4 -1.05263 6 1 -2.26605 2.27385 
4 -0.631579 6 1 -1.80356 1.78435 
4 -0.210526 6 1 -1.49662 1.45948 
4 0.210526 6 1 -1.27806 1.22815 
4 0.631579 6 1 -1.11451 1.05505 
4 1.05263 6 1 -0.987518 0.920639 
4 1.47368 6 1 -0.886062 0.813257 
4 1.89474 6 1 -0.803143 0.725495 
4 2.31579 6 1 -0.734106 0.652426 
4 2.73684 6 1 -0.675734 0.590644 
4 3.15789 6 1 -0.625733 0.537722 
4 3.57895 6 1 -0.582422 0.491882 
4 4 6 1 -0.544544 0.451791 
-4 4 6 1 0.682544 0.388626 
-3.57895 4 6 1 0.615588 0.392073 
-3.15789 4 6 1 0.548904 0.395505 
-2.73684 4 6 1 0.482491 0.398924 
-2.31579 4 6 1 0.416348 0.402329 
-1.89474 4 6 1 0.350472 0.40572 
-1.47368 4 6 1 0.284863 0.409097 
-1.05263 4 6 1 0.219519 0.412461 
-0.631579 4 6 1 0.154437 0.415811 
-0.210526 4 6 1 0.0896171 0.419147 
0.210526 4 6 1 0.0250569 0.422471 
0.631579 4 6 1 -0.039245 0.425781 
1.05263 4 6 1 -0.10329 0.429077 
1.47368 4 6 1 -0.16708 0.432361 
1.89474 4 6 1 -0.230616 0.435632 
2.31579 4 6 1 -0.2939 0.438889 
2.73684 4 6 1 -0.356933 0.442134 
3.15789 4 6 1 -0.419717 0.445366 
3.57895 4 6 1 -0.482254 0.448585 
4 4 6 1 -0.544544 0.451791 
