-0.3907 -0.117041 -0.319845 0.451086 20 
-0.338477 -0.12266 -0.269189 0.457442 21 
-0.28393 -0.12853 -0.216412 0.464065 22 
-0.226901 -0.134667 -0.161378 0.470971 23 
-0.167216 -0.14109 -0.103938 0.478179 24 
-0.104684 -0.147819 -0.0439322 0.485709 25 
-0.0390976 -0.154877 0.0188164 0.493583 26 
0.0297728 -0.162288 0.0844999 0.501825 27 
0.10218 -0.170079 0.153329 0.510462 28 
0.178405 -0.178282 0.225535 0.519523 29 
0.258756 -0.186928 0.301374 0.52904 30 
0.343579 -0.196056 0.381125 0.539047 31 
0.433256 -0.205706 0.465101 0.549585 32 
0.528218 -0.215925 0.553645 0.560696 33 
0.628946 -0.226764 0.647142 0.572429 34 
0.735981 -0.238282 0.746018 0.584836 35 
0.849934 -0.250545 0.850751 0.597979 36 
0.971499 -0.263626 0.961878 0.611924 37 
1.10146 -0.277612 1.08 0.626747 38 
1.24073 -0.292599 1.20581 0.642533 39 
-13.5937 0.138993 -5.93165 5.31833 43 
-6.25314 -0.00335628 -3.77604 3.44872 44 
-3.97541 -0.0475261 -2.72165 2.53423 45 
-2.86581 -0.0690435 -2.09633 1.99187 46 
-2.20912 -0.0817779 -1.68244 1.63289 47 
-1.77506 -0.0901954 -1.38826 1.37774 48 
-1.46681 -0.0961729 -1.16841 1.18707 49 
-1.2366 -0.100637 -0.997891 1.03917 50 
-1.05812 -0.104098 -0.861764 0.921104 51 
-0.915704 -0.10686 -0.750581 0.824672 52 
-0.799418 -0.109115 -0.658061 0.744428 53 
-0.702676 -0.110991 -0.579868 0.676609 54 
-0.620933 -0.112576 -0.512914 0.618539 55 
-0.550952 -0.113933 -0.454939 0.568255 56 
-0.490364 -0.115108 -0.404249 0.52429 57 
-0.437398 -0.116135 -0.359552 0.485524 58 
-0.3907 -0.117041 -0.319845 0.451086 59 
150.901 -27.4249 9.15354 7.84535 69 
8.79265 -1.66171 4.91079 4.00027 70 
4.69395 -0.918644 3.42797 2.65642 71 
3.27466 -0.661337 2.67299 1.97221 72 
2.55464 -0.530801 2.21557 1.55766 73 
2.11924 -0.451866 1.90875 1.2796 74 
1.82755 -0.398985 1.68867 1.08014 75 
1.6185 -0.361086 1.52311 0.930094 76 
1.46133 -0.332592 1.39403 0.813114 77 
1.33886 -0.310388 1.29058 0.719358 78 
1.24073 -0.292599 1.20581 0.642533 79 
