-4 -4 2 1 2.67566 0.654978 
-4 -3.57895 2 1 2.21769 0.592667 
-4 -3.15789 2 1 1.85687 0.543572 
-4 -2.73684 2 1 1.56525 0.503893 
-4 -2.31579 2 1 1.32466 0.471158 
-4 -1.89474 2 1 1.12279 0.443691 
-4 -1.47368 2 1 0.950981 0.420314 
-4 -1.05263 2 1 0.802988 0.400178 
-4 -0.631579 2 1 0.674179 0.382652 
-4 -0.210526 2 1 0.561051 0.367259 
-4 0.210526 2 1 0.460905 0.353633 
-4 0.631579 2 1 0.371628 0.341486 
-4 1.05263 2 1 0.29154 0.330589 
-4 1.47368 2 1 0.219294 0.320759 
-4 1.89474 2 1 0.15379 0.311846 
-4 2.31579 2 1 0.0941275 0.303728 
-4 2.73684 2 1 0.0395581 0.296303 
-4 3.15789 2 1 -0.0105437 0.289486 
-4 3.57895 2 1 -0.0567049 0.283206 
-4 4 2 1 -0.0993728 0.2774 
4 2.31579 2 1 -40.8851 4.736 
4 2.73684 2 1 -12.8466 1.48287 
4 3.15789 2 1 -8.01938 0.922799 
4 3.57895 2 1 -6.01846 0.690645 
4 4 2 1 -4.92377 0.563634 
-4 -4 2 1 2.67566 0.654978 
-3.57895 -4 2 1 3.00959 0.735356 
-3.15789 -4 2 1 3.49489 0.852169 
-2.73684 -4 2 1 4.26467 1.03746 
-2.31579 -4 2 1 5.67275 1.37638 
-1.89474 -4 2 1 9.07533 2.19539 
-1.47368 -4 2 1 28.9969 6.99054 
-4 4 2 1 -0.0993728 0.2774 
-3.57895 4 2 1 -0.143744 0.280033 
-3.15789 4 2 1 -0.19238 0.282918 
-2.73684 4 2 1 -0.245926 0.286095 
-2.31579 4 2 1 -0.305164 0.28961 
-1.89474 4 2 1 -0.371054 0.293519 
-1.47368 4 2 1 -0.444783 0.297893 
-1.05263 4 2 1 -0.527837 0.302821 
-0.631579 4 2 1 -0.622107 0.308414 
-0.210526 4 2 1 -0.730027 0.314817 
0.210526 4 2 1 -0.854795 0.32222 
0.631579 4 2 1 -1.00069 0.330876 
1.05263 4 2 1 -1.17357 0.341133 
1.47368 4 2 1 -1.38169 0.353481 
1.89474 4 2 1 -1.63706 0.368632 
2.31579 4 2 1 -1.9578 0.387661 
2.73684 4 2 1 -2.37272 0.412279 
3.15789 4 2 1 -2.93043 0.445368 
3.57895 4 2 1 -3.71995 0.492211 
4 4 2 1 -4.92377 0.563634 
-4 -4 6 1 4.01825 4.05012 
-4 -3.57895 6 1 3.11935 3.37276 
-4 -3.15789 6 1 2.48531 2.89499 
-4 -2.73684 6 1 2.01409 2.53992 
-4 -2.31579 6 1 1.65013 2.26566 
-4 -1.89474 6 1 1.36053 2.04743 
-4 -1.47368 6 1 1.12462 1.86967 
-4 -1.05263 6 1 0.928743 1.72207 
-4 -0.631579 6 1 0.763498 1.59755 
-4 -0.210526 6 1 0.622223 1.4911 
-4 0.210526 6 1 0.500056 1.39904 
-4 0.631579 6 1 0.393364 1.31864 
-4 1.05263 6 1 0.299383 1.24783 
-4 1.47368 6 1 0.215969 1.18497 
-4 1.89474 6 1 0.141435 1.12881 
-4 2.31579 6 1 0.0744338 1.07832 
-4 2.73684 6 1 0.0138791 1.03269 
-4 3.15789 6 1 -0.041117 0.991247 
-4 3.57895 6 1 -0.0912864 0.953443 
-4 4 6 1 -0.137238 0.918817 
4 3.57895 6 1 -27.3512 21.7866 
4 4 6 1 -12.6093 9.58552 
-4 -4 6 1 4.01825 4.05012 
-3.57895 -4 6 1 5.02379 5.27284 
-3.15789 -4 6 1 6.97241 7.64234 
-2.73684 -4 6 1 12.3624 14.1965 
-2.31579 -4 6 1 99.1336 119.709 
-4 4 6 1 -0.137238 0.918817 
-3.57895 4 6 1 -0.188726 0.954596 
-3.15789 4 6 1 -0.245771 0.994236 
-2.73684 4 6 1 -0.309324 1.0384 
-2.31579 4 6 1 -0.380566 1.0879 
-1.89474 4 6 1 -0.46098 1.14378 
-1.47368 4 6 1 -0.552462 1.20735 
-1.05263 4 6 1 -0.657465 1.28032 
-0.631579 4 6 1 -0.779225 1.36493 
-0.210526 4 6 1 -0.922102 1.46421 
0.210526 4 6 1 -1.09211 1.58235 
0.631579 4 6 1 -1.29779 1.72528 
1.05263 4 6 1 -1.55168 1.9017 
1.47368 4 6 1 -1.87299 2.12498 
1.89474 4 6 1 -2.29268 2.41662 
2.31579 4 6 1 -2.8641 2.81369 
2.73684 4 6 1 -3.68769 3.38599 
3.15789 4 6 1 -4.97762 4.28236 
3.57895 4 6 1 -7.28644 5.88674 
4 4 6 1 -12.6093 9.58552 
