-4 -1.05263 2 1 21.3538 -6.68133 
-4 -0.631579 2 1 6.66079 -2.1856 
-4 -0.210526 2 1 3.9973 -1.37064 
-4 0.210526 2 1 2.88108 -1.0291 
-4 0.631579 2 1 2.26734 -0.841311 
-4 1.05263 2 1 1.87913 -0.722526 
-4 1.47368 2 1 1.61142 -0.640614 
-4 1.89474 2 1 1.41565 -0.580713 
-4 2.31579 2 1 1.26626 -0.535002 
-4 2.73684 2 1 1.14851 -0.498973 
-4 3.15789 2 1 1.05331 -0.469844 
-4 3.57895 2 1 0.974748 -0.445806 
-4 4 2 1 0.908814 -0.425632 
4 -2.31579 2 1 -22.9213 -4.99704 
4 -1.89474 2 1 -7.02499 -1.68887 
4 -1.47368 2 1 -4.0966 -1.07945 
4 -1.05263 2 1 -2.86503 -0.823145 
4 -0.631579 2 1 -2.18676 -0.681993 
4 -0.210526 2 1 -1.75733 -0.592623 
4 0.210526 2 1 -1.46102 -0.530958 
4 0.631579 2 1 -1.24424 -0.485844 
4 1.05263 2 1 -1.07876 -0.451406 
4 1.47368 2 1 -0.948294 -0.424255 
4 1.89474 2 1 -0.842794 -0.402299 
4 2.31579 2 1 -0.755719 -0.384178 
4 2.73684 2 1 -0.682631 -0.368968 
4 3.15789 2 1 -0.620409 -0.356019 
4 3.57895 2 1 -0.566799 -0.344862 
4 4 2 1 -0.520127 -0.335149 
-4 4 2 1 0.908814 -0.425632 
-3.57895 4 2 1 0.816595 -0.419793 
-3.15789 4 2 1 0.726664 -0.414098 
-2.73684 4 2 1 0.638938 -0.408543 
-2.31579 4 2 1 0.553337 -0.403123 
-1.89474 4 2 1 0.469785 -0.397832 
-1.47368 4 2 1 0.388208 -0.392667 
-1.05263 4 2 1 0.308538 -0.387622 
-0.631579 4 2 1 0.230708 -0.382694 
-0.210526 4 2 1 0.154656 -0.377878 
0.210526 4 2 1 0.0803213 -0.373171 
0.631579 4 2 1 0.00764625 -0.368569 
1.05263 4 2 1 -0.0634241 -0.364069 
1.47368 4 2 1 -0.132942 -0.359667 
1.89474 4 2 1 -0.200958 -0.35536 
2.31579 4 2 1 -0.267521 -0.351145 
2.73684 4 2 1 -0.332676 -0.347019 
3.15789 4 2 1 -0.396467 -0.34298 
3.57895 4 2 1 -0.458937 -0.339024 
4 4 2 1 -0.520127 -0.335149 
-4 -1.89474 6 1 36.1529 26.8355 
-4 -1.47368 6 1 7.63829 5.42468 
-4 -1.05263 6 1 4.33041 2.9409 
-4 -0.631579 6 1 3.05038 1.97976 
-4 -0.210526 6 1 2.37095 1.4696 
-4 0.210526 6 1 1.94974 1.15332 
-4 0.631579 6 1 1.66305 0.938054 
-4 1.05263 6 1 1.45531 0.782068 
-4 1.47368 6 1 1.29786 0.663841 
-4 1.89474 6 1 1.1744 0.571141 
-4 2.31579 6 1 1.075 0.496507 
-4 2.73684 6 1 0.99326 0.435127 
-4 3.15789 6 1 0.924847 0.383758 
-4 3.57895 6 1 0.866751 0.340136 
-4 4 6 1 0.816802 0.30263 
4 -3.15789 6 1 -38.0409 28.5509 
4 -2.73684 6 1 -7.99598 5.93914 
4 -2.31579 6 1 -4.40754 3.23848 
4 -1.89474 6 1 -3.01301 2.18896 
4 -1.47368 6 1 -2.27146 1.63087 
4 -1.05263 6 1 -1.81126 1.28453 
4 -0.631579 6 1 -1.49783 1.04864 
4 -0.210526 6 1 -1.27061 0.877639 
4 0.210526 6 1 -1.09833 0.747983 
4 0.631579 6 1 -0.963217 0.646296 
4 1.05263 6 1 -0.854412 0.564409 
4 1.47368 6 1 -0.764913 0.497053 
4 1.89474 6 1 -0.690001 0.440674 
4 2.31579 6 1 -0.626379 0.392792 
4 2.73684 6 1 -0.571672 0.35162 
4 3.15789 6 1 -0.524131 0.31584 
4 3.57895 6 1 -0.482433 0.284458 
4 4 6 1 -0.445563 0.25671 
-4 4 6 1 0.816802 0.30263 
-3.57895 4 6 1 0.737229 0.299736 
-3.15789 4 6 1 0.659384 0.296904 
-2.73684 4 6 1 0.583213 0.294133 
-2.31579 4 6 1 0.508661 0.291421 
-1.89474 4 6 1 0.435678 0.288766 
-1.47368 4 6 1 0.364214 0.286167 
-1.05263 4 6 1 0.294222 0.283621 
-0.631579 4 6 1 0.225658 0.281127 
-0.210526 4 6 1 0.158478 0.278683 
0.210526 4 6 1 0.0926414 0.276288 
0.631579 4 6 1 0.0281073 0.273941 
1.05263 4 6 1 -0.0351623 0.271639 
1.47368 4 6 1 -0.0972041 0.269382 
1.89474 4 6 1 -0.158054 0.267169 
2.31579 4 6 1 -0.217745 0.264997 
2.73684 4 6 1 -0.27631 0.262867 
3.15789 4 6 1 -0.333782 0.260776 
3.57895 4 6 1 -0.39019 0.258725 
4 4 6 1 -0.445563 0.25671 
