-4 3.15789 2 1 37.5255 5.09142 
-4 3.57895 2 1 14.6714 2.01664 
-4 4 2 1 9.54943 1.32753 
4 -4 2 1 -1.96311 0.0707135 
4 -3.57895 2 1 -1.68934 0.0842436 
4 -3.15789 2 1 -1.45603 0.0957744 
4 -2.73684 2 1 -1.25483 0.105718 
4 -2.31579 2 1 -1.07953 0.114382 
4 -1.89474 2 1 -0.92543 0.121998 
4 -1.47368 2 1 -0.78891 0.128745 
4 -1.05263 2 1 -0.667121 0.134765 
4 -0.631579 2 1 -0.557801 0.140167 
4 -0.210526 2 1 -0.459128 0.145044 
4 0.210526 2 1 -0.36962 0.149468 
4 0.631579 2 1 -0.288056 0.153499 
4 1.05263 2 1 -0.213423 0.157187 
4 1.47368 2 1 -0.144874 0.160575 
4 1.89474 2 1 -0.0816944 0.163698 
4 2.31579 2 1 -0.0232768 0.166585 
4 2.73684 2 1 0.0308976 0.169262 
4 3.15789 2 1 0.0812749 0.171752 
4 3.57895 2 1 0.128241 0.174073 
4 4 2 1 0.17213 0.176242 
1.05263 -4 2 1 -12.5632 0.0759153 
1.47368 -4 2 1 -6.1085 0.0727478 
1.89474 -4 2 1 -4.20084 0.0718116 
2.31579 -4 2 1 -3.28699 0.0713631 
2.73684 -4 2 1 -2.75083 0.0711 
3.15789 -4 2 1 -2.39832 0.070927 
3.57895 -4 2 1 -2.1489 0.0708046 
4 -4 2 1 -1.96311 0.0707135 
-4 4 2 1 9.54943 1.32753 
-3.57895 4 2 1 5.82762 0.870588 
-3.15789 4 2 1 4.08979 0.657228 
-2.73684 4 2 1 3.08339 0.533669 
-2.31579 4 2 1 2.42693 0.453072 
-1.89474 4 2 1 1.96492 0.39635 
-1.47368 4 2 1 1.62211 0.354262 
-1.05263 4 2 1 1.35764 0.321792 
-0.631579 4 2 1 1.14741 0.295981 
-0.210526 4 2 1 0.976288 0.274972 
0.210526 4 2 1 0.834287 0.257538 
0.631579 4 2 1 0.714557 0.242838 
1.05263 4 2 1 0.612241 0.230276 
1.47368 4 2 1 0.523796 0.219418 
1.89474 4 2 1 0.44658 0.209938 
2.31579 4 2 1 0.378584 0.20159 
2.73684 4 2 1 0.318248 0.194182 
3.15789 4 2 1 0.264347 0.187564 
3.57895 4 2 1 0.215905 0.181617 
4 4 2 1 0.17213 0.176242 
-4 4 6 1 48.7521 42.435 
4 -4 6 1 -2.54075 1.87233 
4 -3.57895 6 1 -2.15653 1.71593 
4 -3.15789 6 1 -1.83952 1.58688 
4 -2.73684 6 1 -1.57349 1.47858 
4 -2.31579 6 1 -1.34707 1.38641 
4 -1.89474 6 1 -1.15202 1.30701 
4 -1.47368 6 1 -0.98224 1.2379 
4 -1.05263 6 1 -0.833124 1.1772 
4 -0.631579 6 1 -0.701115 1.12346 
4 -0.210526 6 1 -0.583428 1.07555 
4 0.210526 6 1 -0.477852 1.03258 
4 0.631579 6 1 -0.382609 0.993805 
4 1.05263 6 1 -0.296253 0.958651 
4 1.47368 6 1 -0.217595 0.926631 
4 1.89474 6 1 -0.145651 0.897344 
4 2.31579 6 1 -0.0795948 0.870455 
4 2.73684 6 1 -0.0187332 0.845679 
4 3.15789 6 1 0.0375237 0.822778 
4 3.57895 6 1 0.0896794 0.801547 
4 4 6 1 0.138167 0.781809 
1.47368 -4 6 1 -29.4662 28.1274 
1.89474 -4 6 1 -9.08624 8.25484 
2.31579 -4 6 1 -5.60604 4.8613 
2.73684 -4 6 1 -4.16591 3.45702 
3.15789 -4 6 1 -3.37861 2.68933 
3.57895 -4 6 1 -2.88227 2.20535 
4 -4 6 1 -2.54075 1.87233 
-4 4 6 1 48.7521 42.435 
-3.57895 4 6 1 11.4255 10.453 
-3.15789 4 6 1 6.2127 5.98656 
-2.73684 4 6 1 4.13573 4.20698 
-2.31579 4 6 1 3.01929 3.2504 
-1.89474 4 6 1 2.32219 2.65312 
-1.47368 4 6 1 1.84554 2.24471 
-1.05263 4 6 1 1.49903 1.94782 
-0.631579 4 6 1 1.23578 1.72226 
-0.210526 4 6 1 1.02898 1.54508 
0.210526 4 6 1 0.86225 1.40221 
0.631579 4 6 1 0.724962 1.28458 
1.05263 4 6 1 0.609952 1.18604 
1.47368 4 6 1 0.512205 1.10229 
1.89474 4 6 1 0.428106 1.03023 
2.31579 4 6 1 0.354982 0.96758 
2.73684 4 6 1 0.290817 0.912603 
3.15789 4 6 1 0.23406 0.863972 
3.57895 4 6 1 0.183497 0.820648 
4 4 6 1 0.138167 0.781809 
