7.74815 -0.569482 12.9452 9.60619 3 
4.46725 -0.304437 6.13248 4.70974 4 
3.08541 -0.192806 3.94595 3.13825 5 
2.32388 -0.131287 2.86786 2.3634 6 
1.84154 -0.0923212 2.22578 1.90193 7 
1.50864 -0.0654283 1.79969 1.59569 8 
1.26505 -0.0457498 1.4963 1.37764 9 
1.07908 -0.030726 1.26928 1.21448 10 
0.932438 -0.0188801 1.09302 1.0878 11 
0.813852 -0.00930019 0.952209 0.986594 12 
0.71597 -0.00139286 0.837125 0.903881 13 
0.633805 0.00524475 0.741309 0.835017 14 
0.563853 0.0108958 0.660297 0.776792 15 
0.50358 0.0157649 0.590903 0.726918 16 
0.451106 0.0200039 0.530796 0.683718 17 
0.40501 0.0237278 0.478228 0.645936 18 
0.364196 0.0270249 0.431864 0.612614 19 
-6.35448 0.794157 -8.65666 11.2086 29 
-3.93603 0.509052 -4.46184 5.61805 30 
-2.8994 0.386845 -3.07258 3.76652 31 
-2.32346 0.318948 -2.37962 2.84299 32 
-1.95693 0.275739 -1.96438 2.28958 33 
-1.70317 0.245824 -1.68777 1.92094 34 
-1.51708 0.223886 -1.49031 1.65777 35 
-1.37478 0.20711 -1.34227 1.46047 36 
-1.26243 0.193865 -1.22716 1.30706 37 
-1.17148 0.183143 -1.1351 1.18437 38 
-1.09634 0.174286 -1.05979 1.084 39 
0.364196 0.0270249 0.431864 0.612614 60 
0.312624 0.0322247 0.379986 0.629008 61 
0.259131 0.0376182 0.326115 0.646032 62 
0.203607 0.0432165 0.270134 0.663723 63 
0.145936 0.0490313 0.211917 0.682121 64 
0.0859891 0.0550755 0.151326 0.701268 65 
0.0236296 0.061363 0.088215 0.721212 66 
-0.0412911 0.0679087 0.0224219 0.742004 67 
-0.108934 0.0747289 -0.0462277 0.763698 68 
-0.179475 0.0818412 -0.117924 0.786355 69 
-0.253103 0.0892649 -0.192874 0.81004 70 
-0.330025 0.0970207 -0.271305 0.834825 71 
-0.410469 0.105132 -0.353465 0.860789 72 
-0.494681 0.113622 -0.439626 0.888017 73 
-0.582933 0.12252 -0.530088 0.916604 74 
-0.675522 0.131856 -0.625181 0.946655 75 
-0.772776 0.141662 -0.72527 0.978285 76 
-0.875058 0.151974 -0.83076 1.01162 77 
-0.982766 0.162834 -0.9421 1.04681 78 
-1.09634 0.174286 -1.05979 1.084 79 
