-4 -4 2 1 -1.04112 0.116073 
-4 -3.57895 2 1 -1.11246 0.120307 
-4 -3.15789 2 1 -1.19824 0.125398 
-4 -2.73684 2 1 -1.30335 0.131636 
-4 -2.31579 2 1 -1.43514 0.139457 
-4 -1.89474 2 1 -1.60526 0.149553 
-4 -1.47368 2 1 -1.83326 0.163084 
-4 -1.05263 2 1 -2.15474 0.182162 
-4 -0.631579 2 1 -2.64203 0.211081 
-4 -0.210526 2 1 -3.46796 0.260096 
-4 0.210526 2 1 -5.17352 0.361314 
-4 0.631579 2 1 -10.7647 0.693126 
4 -4 2 1 0.393946 0.210017 
4 -3.57895 2 1 0.435774 0.218903 
4 -3.15789 2 1 0.483271 0.228992 
4 -2.73684 2 1 0.537673 0.240548 
4 -2.31579 2 1 0.600604 0.253917 
4 -1.89474 2 1 0.674242 0.269559 
4 -1.47368 2 1 0.761572 0.28811 
4 -1.05263 2 1 0.866804 0.310464 
4 -0.631579 2 1 0.996072 0.337924 
4 -0.210526 2 1 1.15867 0.372465 
4 0.210526 2 1 1.36941 0.41723 
4 0.631579 2 1 1.65336 0.477549 
4 1.05263 2 1 2.05672 0.563232 
4 1.47368 2 1 2.67484 0.694537 
4 1.89474 2 1 3.74149 0.92112 
4 2.31579 2 1 6.02284 1.40574 
4 2.73684 2 1 14.3376 3.172 
-4 -4 2 1 -1.04112 0.116073 
-3.57895 -4 2 1 -0.936823 0.122901 
-3.15789 -4 2 1 -0.836849 0.129445 
-2.73684 -4 2 1 -0.740934 0.135724 
-2.31579 -4 2 1 -0.648836 0.141753 
-1.89474 -4 2 1 -0.560331 0.147547 
-1.47368 -4 2 1 -0.475213 0.153119 
-1.05263 -4 2 1 -0.393291 0.158482 
-0.631579 -4 2 1 -0.314389 0.163647 
-0.210526 -4 2 1 -0.238342 0.168626 
0.210526 -4 2 1 -0.164999 0.173427 
0.631579 -4 2 1 -0.0942169 0.178061 
1.05263 -4 2 1 -0.025865 0.182535 
1.47368 -4 2 1 0.0401801 0.186859 
1.89474 -4 2 1 0.104033 0.191039 
2.31579 -4 2 1 0.165802 0.195082 
2.73684 -4 2 1 0.225586 0.198996 
3.15789 -4 2 1 0.28348 0.202786 
3.57895 -4 2 1 0.339573 0.206458 
4 -4 2 1 0.393946 0.210017 
-4 -4 6 1 -1.20703 1.01683 
-4 -3.57895 6 1 -1.30156 1.11186 
-4 -3.15789 6 1 -1.41719 1.22808 
-4 -2.73684 6 1 -1.56185 1.3735 
-4 -2.31579 6 1 -1.74806 1.56067 
-4 -1.89474 6 1 -1.99672 1.81062 
-4 -1.47368 6 1 -2.34557 2.16127 
-4 -1.05263 6 1 -2.87042 2.68885 
-4 -0.631579 6 1 -3.74945 3.57244 
-4 -0.210526 6 1 -5.52367 5.35586 
-4 0.210526 6 1 -10.9793 10.8398 
4 -4 6 1 0.361923 0.838822 
4 -3.57895 6 1 0.404169 0.890621 
4 -3.15789 6 1 0.452519 0.949903 
4 -2.73684 6 1 0.508398 1.01842 
4 -2.31579 6 1 0.573715 1.0985 
4 -1.89474 6 1 0.65108 1.19336 
4 -1.47368 6 1 0.744167 1.3075 
4 -1.05263 6 1 0.858309 1.44745 
4 -0.631579 6 1 1.00156 1.62309 
4 -0.210526 6 1 1.18668 1.85008 
4 0.210526 6 1 1.43518 2.15476 
4 0.631579 6 1 1.78632 2.5853 
4 1.05263 6 1 2.32023 3.23994 
4 1.47368 6 1 3.22985 4.35524 
4 1.89474 6 1 5.12699 6.68136 
4 2.31579 6 1 11.5292 14.5312 
-4 -4 6 1 -1.20703 1.01683 
-3.57895 -4 6 1 -1.09044 1.0036 
-3.15789 -4 6 1 -0.979066 0.990968 
-2.73684 -4 6 1 -0.872569 0.978885 
-2.31579 -4 6 1 -0.770631 0.967319 
-1.89474 -4 6 1 -0.672968 0.956238 
-1.47368 -4 6 1 -0.579316 0.945613 
-1.05263 -4 6 1 -0.489432 0.935415 
-0.631579 -4 6 1 -0.403093 0.925619 
-0.210526 -4 6 1 -0.320095 0.916202 
0.210526 -4 6 1 -0.240246 0.907143 
0.631579 -4 6 1 -0.163371 0.898421 
1.05263 -4 6 1 -0.0893067 0.890018 
1.47368 -4 6 1 -0.0179017 0.881916 
1.89474 -4 6 1 0.0509846 0.874101 
2.31579 -4 6 1 0.117483 0.866556 
2.73684 -4 6 1 0.181716 0.859268 
3.15789 -4 6 1 0.243797 0.852225 
3.57895 -4 6 1 0.303833 0.845413 
4 -4 6 1 0.361923 0.838822 
