-4 -4 2 1 -2.62211 0.0765063 
-4 -3.57895 2 1 -2.89609 0.123877 
-4 -3.15789 2 1 -3.27406 0.189226 
-4 -2.73684 2 1 -3.82907 0.285185 
-4 -2.31579 2 1 -4.72357 0.439839 
-4 -1.89474 2 1 -6.40623 0.730765 
-4 -1.47368 2 1 -10.7392 1.47992 
-4 -1.05263 2 1 -47.1945 7.78287 
4 -4 2 1 0.0144676 -0.0606809 
4 -3.57895 2 1 0.0537683 -0.0538445 
4 -3.15789 2 1 0.0965815 -0.0463971 
4 -2.73684 2 1 0.1434 -0.0382529 
4 -2.31579 2 1 0.194814 -0.0293094 
4 -1.89474 2 1 0.251534 -0.0194428 
4 -1.47368 2 1 0.314428 -0.00850248 
4 -1.05263 2 1 0.384559 0.00369703 
4 -0.631579 2 1 0.463255 0.0173863 
4 -0.210526 2 1 0.552187 0.0328561 
4 0.210526 2 1 0.653489 0.0504778 
4 0.631579 2 1 0.769937 0.0707341 
4 1.05263 2 1 0.905201 0.0942634 
4 1.47368 2 1 1.06424 0.121929 
4 1.89474 2 1 1.25394 0.154926 
4 2.31579 2 1 1.48409 0.194961 
4 2.73684 2 1 1.76918 0.244554 
4 3.15789 2 1 2.13157 0.307592 
4 3.57895 2 1 2.6076 0.390398 
4 4 2 1 3.26068 0.504003 
-4 -4 2 1 -2.62211 0.0765063 
-3.57895 -4 2 1 -2.20807 0.0549629 
-3.15789 -4 2 1 -1.87623 0.0376965 
-2.73684 -4 2 1 -1.60432 0.0235484 
-2.31579 -4 2 1 -1.37745 0.011744 
-1.89474 -4 2 1 -1.18529 0.00174532 
-1.47368 -4 2 1 -1.02044 -0.00683246 
-1.05263 -4 2 1 -0.877453 -0.0142721 
-0.631579 -4 2 1 -0.752262 -0.0207862 
-0.210526 -4 2 1 -0.641735 -0.0265371 
0.210526 -4 2 1 -0.543439 -0.0316517 
0.631579 -4 2 1 -0.45545 -0.03623 
1.05263 -4 2 1 -0.376227 -0.0403522 
1.47368 -4 2 1 -0.304523 -0.0440831 
1.89474 -4 2 1 -0.239315 -0.047476 
2.31579 -4 2 1 -0.17976 -0.0505748 
2.73684 -4 2 1 -0.125152 -0.0534162 
3.15789 -4 2 1 -0.0748998 -0.0560309 
3.57895 -4 2 1 -0.0285023 -0.0584451 
4 -4 2 1 0.0144676 -0.0606809 
1.89474 4 2 1 14.1934 3.70788 
2.31579 4 2 1 7.57219 1.76751 
2.73684 4 2 1 5.40636 1.1328 
3.15789 4 2 1 4.33102 0.817671 
3.57895 4 2 1 3.68822 0.629295 
4 4 2 1 3.26068 0.504003 
-4 -4 6 1 -2.07122 1.401 
-4 -3.57895 6 1 -2.20834 1.59154 
-4 -3.15789 6 1 -2.38198 1.83282 
-4 -2.73684 6 1 -2.60896 2.14821 
-4 -2.31579 6 1 -2.91833 2.57809 
-4 -1.89474 6 1 -3.36488 3.19859 
-4 -1.47368 6 1 -4.06587 4.17262 
-4 -1.05263 6 1 -5.32535 5.92271 
-4 -0.631579 6 1 -8.25277 9.99045 
-4 -0.210526 6 1 -22.6551 30.003 
4 -4 6 1 -0.0106307 0.424093 
4 -3.57895 6 1 0.0242532 0.449255 
4 -3.15789 6 1 0.061971 0.476461 
4 -2.73684 6 1 0.102883 0.50597 
4 -2.31579 6 1 0.147412 0.53809 
4 -1.89474 6 1 0.196062 0.57318 
4 -1.47368 6 1 0.24943 0.611675 
4 -1.05263 6 1 0.308239 0.654094 
4 -0.631579 6 1 0.373366 0.70107 
4 -0.210526 6 1 0.445886 0.753379 
4 0.210526 6 1 0.527134 0.811984 
4 0.631579 6 1 0.618786 0.878093 
4 1.05263 6 1 0.722978 0.953247 
4 1.47368 6 1 0.842473 1.03944 
4 1.89474 6 1 0.980908 1.13929 
4 2.31579 6 1 1.14317 1.25634 
4 2.73684 6 1 1.33601 1.39542 
4 3.15789 6 1 1.56894 1.56344 
4 3.57895 6 1 1.85592 1.77044 
4 4 6 1 2.21826 2.03179 
-4 -4 6 1 -2.07122 1.401 
-3.57895 -4 6 1 -1.79393 1.26954 
-3.15789 -4 6 1 -1.56079 1.15901 
-2.73684 -4 6 1 -1.36203 1.06478 
-2.31579 -4 6 1 -1.19056 0.98349 
-1.89474 -4 6 1 -1.04114 0.912647 
-1.47368 -4 6 1 -0.909752 0.850359 
-1.05263 -4 6 1 -0.79333 0.795165 
-0.631579 -4 6 1 -0.689453 0.745917 
-0.210526 -4 6 1 -0.596196 0.701705 
0.210526 -4 6 1 -0.512009 0.661793 
0.631579 -4 6 1 -0.435632 0.625582 
1.05263 -4 6 1 -0.366024 0.592582 
1.47368 -4 6 1 -0.302325 0.562383 
1.89474 -4 6 1 -0.243813 0.534643 
2.31579 -4 6 1 -0.189879 0.509073 
2.73684 -4 6 1 -0.140006 0.485428 
3.15789 -4 6 1 -0.0937514 0.4635 
3.57895 -4 6 1 -0.0507359 0.443106 
4 -4 6 1 -0.0106307 0.424093 
0.631579 4 6 1 21.0392 39.3956 
1.05263 4 6 1 7.41081 12.3402 
1.47368 4 6 1 4.86014 7.27651 
1.89474 4 6 1 3.78363 5.1394 
2.31579 4 6 1 3.1898 3.96052 
2.73684 4 6 1 2.81347 3.21343 
3.15789 4 6 1 2.55365 2.69762 
3.57895 4 6 1 2.36347 2.32008 
4 4 6 1 2.21826 2.03179 
