-1.39239 0.341634 -1.80362 1.81575 20 
-1.23153 0.338072 -1.57987 1.73448 21 
-1.08346 0.334793 -1.37827 1.66126 22 
-0.946714 0.331766 -1.19569 1.59495 23 
-0.820044 0.328961 -1.02956 1.53462 24 
-0.702376 0.326356 -0.877758 1.47949 25 
-0.592781 0.323929 -0.738499 1.42891 26 
-0.490457 0.321663 -0.610294 1.38235 27 
-0.394703 0.319543 -0.491875 1.33934 28 
-0.304906 0.317555 -0.382165 1.29949 29 
-0.220527 0.315687 -0.280236 1.26248 30 
-0.14109 0.313928 -0.185289 1.22799 31 
-0.0661737 0.312269 -0.0966298 1.19579 32 
0.00459786 0.310702 -0.0136545 1.16566 33 
0.0715591 0.309219 0.0641667 1.13739 34 
0.13501 0.307814 0.1373 1.11083 35 
0.195219 0.306481 0.206156 1.08582 36 
0.252428 0.305215 0.271099 1.06224 37 
0.306857 0.304009 0.332454 1.03996 38 
0.358703 0.302861 0.390511 1.01887 39 
-4.17314 0.784034 -24.4914 28.5316 52 
-3.08435 0.610814 -7.6203 8.66516 53 
-2.48527 0.515504 -4.65344 5.17154 54 
-2.10617 0.455192 -3.41817 3.71695 55 
-1.84468 0.413591 -2.74099 2.91954 56 
-1.65343 0.383163 -2.31338 2.41601 57 
-1.50746 0.35994 -2.01884 2.06918 58 
-1.39239 0.341634 -1.80362 1.81575 59 
5.6696 1.09255 67.6838 70.0459 64 
3.76684 0.809626 10.0059 10.882 65 
2.77002 0.661407 5.22487 5.97778 66 
2.15655 0.570187 3.45004 4.15722 67 
1.74094 0.50839 2.52425 3.20758 68 
1.44078 0.463758 1.95586 2.62455 69 
1.21381 0.43001 1.57139 2.23017 70 
1.03619 0.403598 1.294 1.94564 71 
0.893389 0.382365 1.08443 1.73067 72 
0.776088 0.364923 0.920512 1.56253 73 
0.678015 0.350341 0.788796 1.42742 74 
0.594802 0.337968 0.680641 1.31648 75 
0.523308 0.327337 0.590244 1.22375 76 
0.46122 0.318105 0.513564 1.14509 77 
0.406798 0.310013 0.447699 1.07753 78 
0.358703 0.302861 0.390511 1.01887 79 
