0.153972 -0.193122 0.160578 0.321221 0 
0.110642 -0.191411 0.121545 0.339093 1 
0.064166 -0.189576 0.0799528 0.358136 2 
0.0141872 -0.187603 0.0355423 0.37847 3 
-0.0397053 -0.185475 -0.0119835 0.40023 4 
-0.0979901 -0.183173 -0.0629641 0.423571 5 
-0.161227 -0.180676 -0.117791 0.448674 6 
-0.230075 -0.177957 -0.176915 0.475745 7 
-0.305315 -0.174986 -0.240864 0.505024 8 
-0.387882 -0.171726 -0.310252 0.536794 9 
-0.478899 -0.168132 -0.385805 0.571387 10 
-0.579736 -0.16415 -0.468382 0.609195 11 
-0.69207 -0.159715 -0.559011 0.65069 12 
-0.817988 -0.154742 -0.658929 0.696439 13 
-0.960111 -0.14913 -0.769642 0.747129 14 
-1.12178 -0.142746 -0.893 0.80361 15 
-1.30734 -0.135419 -1.0313 0.866931 16 
-1.52248 -0.126924 -1.18743 0.938416 17 
-1.77492 -0.116956 -1.36508 1.01975 18 
-2.07526 -0.105096 -1.56902 1.11313 19 
7.09726 -0.502764 3.88673 2.27089 20 
9.48631 -0.61195 4.35235 2.73964 21 
15.3161 -0.878391 5.03153 3.42337 22 
51.145 -2.51587 6.11489 4.51398 23 
0.153972 -0.193122 0.160578 0.321221 40 
0.197942 -0.195083 0.200642 0.342184 41 
0.24643 -0.197246 0.244413 0.365087 42 
0.300171 -0.199642 0.292429 0.390211 43 
0.360067 -0.202313 0.345338 0.417895 44 
0.42724 -0.205309 0.403931 0.448553 45 
0.503102 -0.208692 0.469174 0.482691 46 
0.589454 -0.212543 0.542267 0.520936 47 
0.688637 -0.216966 0.624718 0.564078 48 
0.803736 -0.222099 0.718447 0.613121 49 
0.938919 -0.228128 0.825939 0.669365 50 
1.09995 -0.235309 0.950464 0.734521 51 
1.29501 -0.244008 1.09642 0.810891 52 
1.53617 -0.254763 1.26986 0.901641 53 
1.84198 -0.2684 1.47935 1.01126 54 
2.24243 -0.286259 1.73744 1.1463 55 
2.78951 -0.310656 2.06325 1.31678 56 
3.5818 -0.345989 2.48748 1.53875 57 
4.83181 -0.401735 3.06265 1.8397 58 
7.09726 -0.502764 3.88673 2.27089 59 
-2.07526 -0.105096 -1.56902 1.11313 60 
-2.27495 -0.0979014 -1.66239 1.25673 61 
-2.54524 -0.0881629 -1.77966 1.43707 62 
-2.93159 -0.0742427 -1.93132 1.67032 63 
-3.52919 -0.052711 -2.13513 1.98376 64 
-4.57651 -0.0149762 -2.42356 2.42734 65 
-6.88739 0.0682852 -2.86312 3.10334 66 
-16.2254 0.404733 -3.61475 4.25926 67 
