-4 -4 2 1 -6.40239 -0.0331156 
-4 -3.57895 2 1 -8.27912 0.0239395 
-4 -3.15789 2 1 -12.3922 0.148981 
-4 -2.73684 2 1 -28.6304 0.642646 
4 -4 2 1 -0.144502 -0.187673 
4 -3.57895 2 1 -0.100938 -0.187734 
4 -3.15789 2 1 -0.0541779 -0.1878 
4 -2.73684 2 1 -0.00385662 -0.187872 
4 -2.31579 2 1 0.0504486 -0.187948 
4 -1.89474 2 1 0.10923 -0.188031 
4 -1.47368 2 1 0.173066 -0.188121 
4 -1.05263 2 1 0.242637 -0.18822 
4 -0.631579 2 1 0.318752 -0.188327 
4 -0.210526 2 1 0.40238 -0.188445 
4 0.210526 2 1 0.494691 -0.188576 
4 0.631579 2 1 0.597113 -0.188721 
4 1.05263 2 1 0.711401 -0.188882 
4 1.47368 2 1 0.839744 -0.189063 
4 1.89474 2 1 0.984907 -0.189268 
4 2.31579 2 1 1.15043 -0.189502 
4 2.73684 2 1 1.34091 -0.189771 
4 3.15789 2 1 1.56246 -0.190084 
4 3.57895 2 1 1.82335 -0.190453 
4 4 2 1 2.1351 -0.190893 
-4 -4 2 1 -6.40239 -0.0331156 
-3.57895 -4 2 1 -4.4844 -0.0804862 
-3.15789 -4 2 1 -3.37708 -0.107835 
-2.73684 -4 2 1 -2.65614 -0.125641 
-2.31579 -4 2 1 -2.14938 -0.138156 
-1.89474 -4 2 1 -1.77371 -0.147435 
-1.47368 -4 2 1 -1.48408 -0.154588 
-1.05263 -4 2 1 -1.25398 -0.160271 
-0.631579 -4 2 1 -1.06675 -0.164895 
-0.210526 -4 2 1 -0.911448 -0.168731 
0.210526 -4 2 1 -0.780539 -0.171964 
0.631579 -4 2 1 -0.668696 -0.174726 
1.05263 -4 2 1 -0.572038 -0.177114 
1.47368 -4 2 1 -0.487667 -0.179197 
1.89474 -4 2 1 -0.413382 -0.181032 
2.31579 -4 2 1 -0.347475 -0.18266 
2.73684 -4 2 1 -0.288605 -0.184114 
3.15789 -4 2 1 -0.235702 -0.18542 
3.57895 -4 2 1 -0.187903 -0.186601 
4 -4 2 1 -0.144502 -0.187673 
1.05263 4 2 1 17.685 0.0232492 
1.47368 4 2 1 7.24196 -0.120565 
1.89474 4 2 1 4.76721 -0.154646 
2.31579 4 2 1 3.65929 -0.169903 
2.73684 4 2 1 3.03087 -0.178557 
3.15789 4 2 1 2.62604 -0.184132 
3.57895 4 2 1 2.34349 -0.188023 
4 4 2 1 2.1351 -0.190893 
-4 -4 6 1 -3.39344 2.29564 
-4 -3.57895 6 1 -3.73617 2.71716 
-4 -3.15789 6 1 -4.21915 3.31116 
-4 -2.73684 6 1 -4.95062 4.21079 
-4 -2.31579 6 1 -6.18878 5.73358 
-4 -1.89474 6 1 -8.73904 8.87011 
-4 -1.47368 6 1 -17.0378 19.0766 
4 -4 6 1 -0.124705 0.321548 
4 -3.57895 6 1 -0.0849534 0.337673 
4 -3.15789 6 1 -0.0425929 0.354857 
4 -2.73684 6 1 0.00264235 0.373207 
4 -2.31579 6 1 0.0510553 0.392847 
4 -1.89474 6 1 0.102993 0.413916 
4 -1.47368 6 1 0.158855 0.436576 
4 -1.05263 6 1 0.219103 0.461017 
4 -0.631579 6 1 0.284275 0.487454 
4 -0.210526 6 1 0.355001 0.516145 
4 0.210526 6 1 0.432021 0.547389 
4 0.631579 6 1 0.516217 0.581544 
4 1.05263 6 1 0.608638 0.619035 
4 1.47368 6 1 0.710552 0.660378 
4 1.89474 6 1 0.823502 0.706197 
4 2.31579 6 1 0.949382 0.757261 
4 2.73684 6 1 1.09055 0.814526 
4 3.15789 6 1 1.24996 0.879194 
4 3.57895 6 1 1.43141 0.9528 
4 4 6 1 1.6398 1.03733 
-4 -4 6 1 -3.39344 2.29564 
-3.57895 -4 6 1 -2.71499 1.8859 
-3.15789 -4 6 1 -2.22725 1.59134 
-2.73684 -4 6 1 -1.85971 1.36938 
-2.31579 -4 6 1 -1.57283 1.19611 
-1.89474 -4 6 1 -1.34266 1.05711 
-1.47368 -4 6 1 -1.15391 0.943121 
-1.05263 -4 6 1 -0.996326 0.847948 
-0.631579 -4 6 1 -0.862769 0.767289 
-0.210526 -4 6 1 -0.748136 0.698058 
0.210526 -4 6 1 -0.648672 0.637988 
0.631579 -4 6 1 -0.561552 0.585374 
1.05263 -4 6 1 -0.484612 0.538907 
1.47368 -4 6 1 -0.416167 0.497571 
1.89474 -4 6 1 -0.354883 0.46056 
2.31579 -4 6 1 -0.299693 0.427229 
2.73684 -4 6 1 -0.249731 0.397055 
3.15789 -4 6 1 -0.204286 0.36961 
3.57895 -4 6 1 -0.162774 0.344539 
4 -4 6 1 -0.124705 0.321548 
-0.210526 4 6 1 2075.32 2925.03 
0.210526 4 6 1 9.56674 12.2147 
0.631579 4 6 1 5.17038 6.01564 
1.05263 4 6 1 3.70076 3.9434 
1.47368 4 6 1 2.96517 2.90619 
1.89474 4 6 1 2.52357 2.2835 
2.31579 4 6 1 2.22906 1.86823 
2.73684 4 6 1 2.01865 1.57154 
3.15789 4 6 1 1.86081 1.34898 
3.57895 4 6 1 1.73803 1.17585 
4 4 6 1 1.6398 1.03733 
