-9.97483 -0.532527 -4.19946 2.68229 0 
-15.6771 -0.783383 -4.76036 3.27369 1 
-44.8686 -2.06758 -5.61602 4.17589 2 
-0.182933 -0.239323 -0.152754 0.284647 20 
-0.138067 -0.242021 -0.111514 0.298215 21 
-0.090047 -0.244909 -0.0676768 0.312637 22 
-0.038527 -0.248008 -0.0209902 0.327996 23 
0.0168896 -0.251341 0.0288337 0.344388 24 
0.0766624 -0.254936 0.0821219 0.361919 25 
0.141326 -0.258825 0.139249 0.380714 26 
0.211506 -0.263046 0.200645 0.400912 27 
0.28794 -0.267643 0.266807 0.422679 28 
0.371504 -0.272669 0.338313 0.446204 29 
0.463242 -0.278186 0.415837 0.471709 30 
0.564417 -0.284271 0.500172 0.499454 31 
0.676564 -0.291016 0.592258 0.52975 32 
0.801569 -0.298535 0.693213 0.562963 33 
0.941779 -0.306968 0.804385 0.599538 34 
1.10015 -0.316493 0.927407 0.640011 35 
1.28045 -0.327336 1.06428 0.685041 36 
1.48757 -0.339794 1.21748 0.735444 37 
1.72798 -0.354253 1.39012 0.792241 38 
2.01041 -0.37124 1.58615 0.856733 39 
-9.97483 -0.532527 -4.19946 2.68229 40 
-6.00988 -0.413802 -3.2113 2.09681 41 
-4.19443 -0.359441 -2.55554 1.70828 42 
-3.1533 -0.328266 -2.08861 1.43162 43 
-2.47818 -0.30805 -1.73921 1.22461 44 
-2.00491 -0.293879 -1.46792 1.06387 45 
-1.65474 -0.283394 -1.25119 0.935461 46 
-1.38517 -0.275322 -1.07406 0.830513 47 
-1.17124 -0.268916 -0.926587 0.743136 48 
-0.997341 -0.263709 -0.801897 0.669259 49 
-0.853196 -0.259393 -0.695089 0.605976 50 
-0.731769 -0.255757 -0.602574 0.551162 51 
-0.628084 -0.252652 -0.521663 0.503223 52 
-0.538515 -0.24997 -0.450302 0.460942 53 
-0.460365 -0.24763 -0.386893 0.423373 54 
-0.39158 -0.24557 -0.330178 0.38977 55 
-0.330572 -0.243743 -0.279151 0.359536 56 
-0.276092 -0.242112 -0.232995 0.33219 57 
-0.227147 -0.240647 -0.191046 0.307335 58 
-0.182933 -0.239323 -0.152754 0.284647 59 
13.9317 -1.795 3.65984 3.32606 72 
6.47752 -0.904749 2.92289 2.44851 73 
4.39237 -0.655718 2.47878 1.91967 74 
3.41142 -0.538563 2.18189 1.56614 75 
2.8412 -0.470461 1.96943 1.31314 76 
2.46839 -0.425936 1.80986 1.12313 77 
2.20561 -0.394553 1.68563 0.975184 78 
2.01041 -0.37124 1.58615 0.856733 79 
