-4 -4 2 1 3.4434 0.89554 
-4 -3.57895 2 1 2.74389 0.782738 
-4 -3.15789 2 1 2.23381 0.700481 
-4 -2.73684 2 1 1.84537 0.637843 
-4 -2.31579 2 1 1.53971 0.588553 
-4 -1.89474 2 1 1.29291 0.548754 
-4 -1.47368 2 1 1.08947 0.515946 
-4 -1.05263 2 1 0.918871 0.488436 
-4 -0.631579 2 1 0.773765 0.465036 
-4 -0.210526 2 1 0.648832 0.44489 
-4 0.210526 2 1 0.54014 0.427362 
-4 0.631579 2 1 0.444714 0.411974 
-4 1.05263 2 1 0.360265 0.398356 
-4 1.47368 2 1 0.285003 0.386219 
-4 1.89474 2 1 0.217506 0.375334 
-4 2.31579 2 1 0.15663 0.365518 
-4 2.73684 2 1 0.101448 0.356619 
-4 3.15789 2 1 0.0511959 0.348516 
-4 3.57895 2 1 0.00524143 0.341105 
-4 4 2 1 -0.0369441 0.334302 
4 1.89474 2 1 -39.1443 8.04683 
4 2.31579 2 1 -11.6169 2.36265 
4 2.73684 2 1 -7.17489 1.44542 
4 3.15789 2 1 -5.35754 1.07016 
4 3.57895 2 1 -4.36912 0.866057 
4 4 2 1 -3.74781 0.737763 
-4 -4 2 1 3.4434 0.89554 
-3.57895 -4 2 1 3.99721 1.04959 
-3.15789 -4 2 1 4.87817 1.29464 
-2.73684 -4 2 1 6.49774 1.74515 
-2.31579 -4 2 1 10.4552 2.84598 
-1.89474 -4 2 1 34.9451 9.6582 
-4 4 2 1 -0.0369441 0.334302 
-3.57895 4 2 1 -0.0819163 0.339192 
-3.15789 4 2 1 -0.130907 0.344518 
-2.73684 4 2 1 -0.184479 0.350343 
-2.31579 4 2 1 -0.243307 0.356739 
-1.89474 4 2 1 -0.308205 0.363795 
-1.47368 4 2 1 -0.380163 0.371618 
-1.05263 4 2 1 -0.460399 0.380342 
-0.631579 4 2 1 -0.550429 0.39013 
-0.210526 4 2 1 -0.652164 0.401191 
0.210526 4 2 1 -0.768043 0.41379 
0.631579 4 2 1 -0.901238 0.428272 
1.05263 4 2 1 -1.05594 0.445092 
1.47368 4 2 1 -1.23782 0.464867 
1.89474 4 2 1 -1.45474 0.48845 
2.31579 4 2 1 -1.71788 0.51706 
2.73684 4 2 1 -2.04378 0.552494 
3.15789 4 2 1 -2.45795 0.597524 
3.57895 4 2 1 -3.00187 0.656661 
4 4 2 1 -3.74781 0.737763 
-4 -4 6 1 6.68407 6.68585 
-4 -3.57895 6 1 4.61794 4.94058 
-4 -3.15789 6 1 3.42536 3.93319 
-4 -2.73684 6 1 2.64901 3.2774 
-4 -2.31579 6 1 2.10335 2.81648 
-4 -1.89474 6 1 1.69887 2.47481 
-4 -1.47368 6 1 1.38704 2.21141 
-4 -1.05263 6 1 1.13931 2.00215 
-4 -0.631579 6 1 0.937755 1.83189 
-4 -0.210526 6 1 0.770563 1.69066 
-4 0.210526 6 1 0.629637 1.57162 
-4 0.631579 6 1 0.509239 1.46992 
-4 1.05263 6 1 0.405187 1.38203 
-4 1.47368 6 1 0.314365 1.30531 
-4 1.89474 6 1 0.2344 1.23776 
-4 2.31579 6 1 0.163455 1.17783 
-4 2.73684 6 1 0.100085 1.1243 
-4 3.15789 6 1 0.0431393 1.0762 
-4 3.57895 6 1 -0.00831275 1.03274 
-4 4 6 1 -0.0550293 0.993276 
4 3.15789 6 1 -25.2624 23.3778 
4 3.57895 6 1 -11.2475 9.96212 
4 4 6 1 -7.50179 6.37653 
-4 -4 6 1 6.68407 6.68585 
-3.57895 -4 6 1 9.96059 10.4227 
-3.15789 -4 6 1 22.2102 24.3934 
-4 4 6 1 -0.0550293 0.993276 
-3.57895 4 6 1 -0.106634 1.03058 
-3.15789 4 6 1 -0.163471 1.07167 
-2.73684 4 6 1 -0.226376 1.11714 
-2.31579 4 6 1 -0.296378 1.16775 
-1.89474 4 6 1 -0.374748 1.2244 
-1.47368 4 6 1 -0.463083 1.28826 
-1.05263 4 6 1 -0.563413 1.36079 
-0.631579 4 6 1 -0.678358 1.44388 
-0.210526 4 6 1 -0.811363 1.54003 
0.210526 4 6 1 -0.967046 1.65257 
0.631579 4 6 1 -1.15175 1.7861 
1.05263 4 6 1 -1.37442 1.94706 
1.47368 4 6 1 -1.64811 2.14491 
1.89474 4 6 1 -1.99262 2.39396 
2.31579 4 6 1 -2.43951 2.71702 
2.73684 4 6 1 -3.04241 3.15285 
3.15789 4 6 1 -3.90026 3.77299 
3.57895 4 6 1 -5.21817 4.72571 
4 4 6 1 -7.50179 6.37653 
