29.4422 2.91432 23.0335 20.9066 3 
7.77605 0.788177 7.67187 7.08824 4 
4.40721 0.457586 4.53802 4.26923 5 
3.03872 0.323294 3.18853 3.05532 6 
2.2968 0.250488 2.43714 2.37941 7 
1.83129 0.204806 1.95836 1.94874 8 
1.51198 0.173472 1.62661 1.65032 9 
1.27934 0.150642 1.38318 1.43134 10 
1.1023 0.133269 1.19695 1.26382 11 
0.963053 0.119605 1.04987 1.13151 12 
0.850669 0.108576 0.930768 1.02438 13 
0.758057 0.0994882 0.832359 0.935856 14 
0.68042 0.0918696 0.74968 0.861483 15 
0.614399 0.0853908 0.679238 0.798118 16 
0.557567 0.0798138 0.618504 0.743485 17 
0.508132 0.0749626 0.5656 0.695897 18 
0.464737 0.0707041 0.519104 0.654072 19 
-16.5292 5.6708 -11.6083 18.6307 27 
-5.90357 1.98366 -4.82262 7.55015 28 
-3.65589 1.20371 -3.09916 4.73585 29 
-2.67931 0.864836 -2.31213 3.45068 30 
-2.13327 0.675358 -1.86137 2.71462 31 
-1.78448 0.554327 -1.5693 2.2377 32 
-1.54241 0.470327 -1.36467 1.90355 33 
-1.36458 0.408619 -1.21332 1.6564 34 
-1.22841 0.361368 -1.09684 1.4662 35 
-1.1208 0.324027 -1.00443 1.31529 36 
-1.03362 0.293774 -0.929315 1.19264 37 
-0.961545 0.268765 -0.867064 1.09099 38 
-0.900972 0.247746 -0.814631 1.00537 39 
0.464737 0.0707041 0.519104 0.654072 60 
0.408997 0.0779299 0.46453 0.668446 61 
0.351849 0.0853382 0.408589 0.683181 62 
0.293239 0.092936 0.35123 0.698289 63 
0.233109 0.100731 0.292398 0.713785 64 
0.171401 0.10873 0.232036 0.729684 65 
0.108051 0.116943 0.170082 0.746002 66 
0.0429922 0.125376 0.106474 0.762756 67 
-0.0238448 0.134041 0.0411434 0.779963 68 
-0.0925341 0.142945 -0.0259796 0.797643 69 
-0.163154 0.1521 -0.0949702 0.815815 70 
-0.235787 0.161515 -0.165908 0.834499 71 
-0.31052 0.171203 -0.238875 0.853718 72 
-0.387445 0.181176 -0.313961 0.873495 73 
-0.466662 0.191445 -0.39126 0.893855 74 
-0.548273 0.202024 -0.47087 0.914824 75 
-0.632388 0.212928 -0.552897 0.936429 76 
-0.719126 0.224172 -0.637452 0.958701 77 
-0.80861 0.235773 -0.724655 0.981669 78 
-0.900972 0.247746 -0.814631 1.00537 79 
