-4 -4 2 1 -0.341264 0.158336 
-4 -3.57895 2 1 -0.381705 0.159647 
-4 -3.15789 2 1 -0.427361 0.161128 
-4 -2.73684 2 1 -0.47931 0.162813 
-4 -2.31579 2 1 -0.538949 0.164747 
-4 -1.89474 2 1 -0.608122 0.16699 
-4 -1.47368 2 1 -0.689315 0.169623 
-4 -1.05263 2 1 -0.785957 0.172757 
-4 -0.631579 2 1 -0.902924 0.17655 
-4 -0.210526 2 1 -1.04738 0.181235 
-4 0.210526 2 1 -1.2303 0.187167 
-4 0.631579 2 1 -1.46941 0.194921 
-4 1.05263 2 1 -1.79532 0.20549 
-4 1.47368 2 1 -2.26573 0.220746 
-4 1.89474 2 1 -3.00415 0.244692 
-4 2.31579 2 1 -4.33087 0.287717 
-4 2.73684 2 1 -7.41434 0.387713 
-4 3.15789 2 1 -22.5802 0.879538 
4 -4 2 1 1.13881 0.0547772 
4 -3.57895 2 1 1.21576 0.0470182 
4 -3.15789 2 1 1.30883 0.0376353 
4 -2.73684 2 1 1.42364 0.0260592 
4 -2.31579 2 1 1.56885 0.011419 
4 -1.89474 2 1 1.75835 -0.00768719 
4 -1.47368 2 1 2.01607 -0.0336709 
4 -1.05263 2 1 2.38692 -0.0710607 
4 -0.631579 2 1 2.96633 -0.129479 
4 -0.210526 2 1 3.99909 -0.233604 
4 0.210526 2 1 6.35917 -0.471554 
4 0.631579 2 1 17.2064 -1.5652 
-4 -4 2 1 -0.341264 0.158336 
-3.57895 -4 2 1 -0.288917 0.154673 
-3.15789 -4 2 1 -0.234627 0.150875 
-2.73684 -4 2 1 -0.178284 0.146932 
-2.31579 -4 2 1 -0.119768 0.142838 
-1.89474 -4 2 1 -0.0589522 0.138583 
-1.47368 -4 2 1 0.0043025 0.134157 
-1.05263 -4 2 1 0.0701455 0.12955 
-0.631579 -4 2 1 0.138739 0.124751 
-0.210526 -4 2 1 0.210259 0.119746 
0.210526 -4 2 1 0.284898 0.114524 
0.631579 -4 2 1 0.362862 0.109069 
1.05263 -4 2 1 0.444381 0.103365 
1.47368 -4 2 1 0.529702 0.0973955 
1.89474 -4 2 1 0.619098 0.0911405 
2.31579 -4 2 1 0.712869 0.0845796 
2.73684 -4 2 1 0.811342 0.0776895 
3.15789 -4 2 1 0.914881 0.070445 
3.57895 -4 2 1 1.02389 0.0628179 
4 -4 2 1 1.13881 0.0547772 
-4 -4 6 1 -0.335508 0.796851 
-4 -3.57895 6 1 -0.37979 0.841014 
-4 -3.15789 6 1 -0.430422 0.891509 
-4 -2.73684 6 1 -0.488874 0.949805 
-4 -2.31579 6 1 -0.557111 1.01786 
-4 -1.89474 6 1 -0.637812 1.09834 
-4 -1.47368 6 1 -0.734738 1.19501 
-4 -1.05263 6 1 -0.853327 1.31328 
-4 -0.631579 6 1 -1.00176 1.46131 
-4 -0.210526 6 1 -1.19291 1.65195 
-4 0.210526 6 1 -1.44833 1.90668 
-4 0.631579 6 1 -1.80699 2.26438 
-4 1.05263 6 1 -2.34732 2.80326 
-4 1.47368 6 1 -3.25418 3.70768 
-4 1.89474 6 1 -5.09194 5.5405 
-4 2.31579 6 1 -10.8053 11.2386 
4 -4 6 1 1.37932 1.05752 
4 -3.57895 6 1 1.49639 1.1599 
4 -3.15789 6 1 1.64274 1.2879 
4 -2.73684 6 1 1.83094 1.45249 
4 -2.31579 6 1 2.08193 1.67201 
4 -1.89474 6 1 2.43345 1.97944 
4 -1.47368 6 1 2.96098 2.44081 
4 -1.05263 6 1 3.84088 3.21036 
4 -0.631579 6 1 5.6033 4.75174 
4 -0.210526 6 1 10.9114 9.39416 
-4 -4 6 1 -0.335508 0.796851 
-3.57895 -4 6 1 -0.277816 0.80562 
-3.15789 -4 6 1 -0.217765 0.814749 
-2.73684 -4 6 1 -0.155205 0.824258 
-2.31579 -4 6 1 -0.089977 0.834173 
-1.89474 -4 6 1 -0.0219064 0.844521 
-1.47368 -4 6 1 0.049197 0.855329 
-1.05263 -4 6 1 0.12354 0.86663 
-0.631579 -4 6 1 0.20135 0.878457 
-0.210526 -4 6 1 0.282875 0.89085 
0.210526 -4 6 1 0.368387 0.903848 
0.631579 -4 6 1 0.458187 0.917498 
1.05263 -4 6 1 0.552604 0.931851 
1.47368 -4 6 1 0.652006 0.94696 
1.89474 -4 6 1 0.756796 0.962889 
2.31579 -4 6 1 0.867425 0.979706 
2.73684 -4 6 1 0.984396 0.997486 
3.15789 -4 6 1 1.10827 1.01632 
3.57895 -4 6 1 1.23967 1.03629 
4 -4 6 1 1.37932 1.05752 
