-0.914057 0.265677 -1.08655 1.15562 0 
-0.978482 0.277387 -1.17654 1.25625 1 
-1.05511 0.291316 -1.28612 1.37877 2 
-1.14779 0.30816 -1.42247 1.53123 3 
-1.26212 0.328942 -1.59675 1.7261 4 
-1.40673 0.355226 -1.82735 1.98395 5 
-1.59545 0.389529 -2.14684 2.34118 6 
-1.85213 0.436183 -2.61888 2.86899 7 
-2.2215 0.503321 -3.38698 3.72784 8 
-2.79868 0.60823 -4.85698 5.37152 9 
-3.82766 0.795259 -8.8003 9.78073 10 
-6.18009 1.22284 -54.5426 60.9274 11 
0.490631 0.329011 0.489877 1.03642 20 
0.535965 0.34265 0.539848 1.10507 21 
0.587984 0.3583 0.598012 1.18498 22 
0.648283 0.376442 0.666563 1.27916 23 
0.71901 0.39772 0.74856 1.39181 24 
0.803128 0.423028 0.848385 1.52895 25 
0.904835 0.453627 0.972564 1.69956 26 
1.03029 0.491372 1.13125 1.91756 27 
1.18892 0.539096 1.34113 2.20591 28 
1.39589 0.601361 1.63178 2.60521 29 
1.67724 0.686007 2.0609 3.19474 30 
2.08187 0.807743 2.75838 4.15297 31 
2.71355 0.997788 4.09053 5.98312 32 
3.83792 1.33606 7.6467 10.8687 33 
6.39982 2.10682 47.1307 65.1132 34 
-0.914057 0.265677 -1.08655 1.15562 40 
-0.823548 0.269758 -0.982733 1.14777 41 
-0.735265 0.273738 -0.881776 1.14014 42 
-0.64913 0.277622 -0.78356 1.13271 43 
-0.565062 0.281413 -0.687976 1.12548 44 
-0.48299 0.285113 -0.594919 1.11845 45 
-0.402844 0.288727 -0.504291 1.11159 46 
-0.324555 0.292257 -0.415997 1.10492 47 
-0.24806 0.295705 -0.329949 1.09841 48 
-0.173298 0.299076 -0.246061 1.09207 49 
-0.100212 0.302372 -0.164254 1.08588 50 
-0.0287447 0.305594 -0.0844508 1.07985 51 
0.0411565 0.308746 -0.00657896 1.07396 52 
0.109542 0.311829 0.0694309 1.06821 53 
0.176462 0.314846 0.143645 1.0626 54 
0.241962 0.317799 0.216125 1.05712 55 
0.306087 0.320691 0.286933 1.05177 56 
0.368879 0.323522 0.356125 1.04654 57 
0.430381 0.326295 0.423756 1.04142 58 
0.490631 0.329011 0.489877 1.03642 59 
