-4 -0.210526 2 1 16.2552 4.79121 
-4 0.210526 2 1 6.44819 1.71894 
-4 0.631579 2 1 4.16198 1.00273 
-4 1.05263 2 1 3.14308 0.683543 
-4 1.47368 2 1 2.56641 0.50289 
-4 1.89474 2 1 2.19541 0.386664 
-4 2.31579 2 1 1.93669 0.305616 
-4 2.73684 2 1 1.74599 0.245874 
-4 3.15789 2 1 1.59959 0.200012 
-4 3.57895 2 1 1.48367 0.163698 
-4 4 2 1 1.38961 0.134229 
4 -4 2 1 -24.9351 3.13252 
4 -3.57895 2 1 -8.51533 1.013 
4 -3.15789 2 1 -4.98296 0.557029 
4 -2.73684 2 1 -3.44167 0.358074 
4 -2.31579 2 1 -2.57814 0.246607 
4 -1.89474 2 1 -2.0259 0.175321 
4 -1.47368 2 1 -1.64232 0.125808 
4 -1.05263 2 1 -1.36038 0.0894144 
4 -0.631579 2 1 -1.1444 0.0615355 
4 -0.210526 2 1 -0.973668 0.0394962 
4 0.210526 2 1 -0.835304 0.0216357 
4 0.631579 2 1 -0.720903 0.00686845 
4 1.05263 2 1 -0.624735 -0.00554515 
4 1.47368 2 1 -0.542764 -0.0161262 
4 1.89474 2 1 -0.472062 -0.0252527 
4 2.31579 2 1 -0.410455 -0.0332052 
4 2.73684 2 1 -0.356293 -0.0401966 
4 3.15789 2 1 -0.308304 -0.0463911 
4 3.57895 2 1 -0.26549 -0.0519177 
4 4 2 1 -0.227056 -0.0568789 
3.57895 -4 2 1 -163.032 23.833 
4 -4 2 1 -24.9351 3.13252 
-4 4 2 1 1.38961 0.134229 
-3.57895 4 2 1 1.23947 0.116481 
-3.15789 4 2 1 1.10156 0.100179 
-2.73684 4 2 1 0.974456 0.0851539 
-2.31579 4 2 1 0.856927 0.0712605 
-1.89474 4 2 1 0.747931 0.0583759 
-1.47368 4 2 1 0.646571 0.0463941 
-1.05263 4 2 1 0.552074 0.0352234 
-0.631579 4 2 1 0.463764 0.0247841 
-0.210526 4 2 1 0.381053 0.0150067 
0.210526 4 2 1 0.303425 0.00583018 
0.631579 4 2 1 0.230425 -0.00279922 
1.05263 4 2 1 0.161652 -0.010929 
1.47368 4 2 1 0.0967489 -0.0186014 
1.89474 4 2 1 0.0353976 -0.0258538 
2.31579 4 2 1 -0.0226856 -0.0327199 
2.73684 4 2 1 -0.077755 -0.0392298 
3.15789 4 2 1 -0.130039 -0.0454104 
3.57895 4 2 1 -0.179744 -0.0512861 
4 4 2 1 -0.227056 -0.0568789 
-4 -1.05263 6 1 19.4699 31.8438 
-4 -0.631579 6 1 6.19528 9.47288 
-4 -0.210526 6 1 3.84581 5.51347 
-4 0.210526 6 1 2.86625 3.86268 
-4 0.631579 6 1 2.32892 2.95715 
-4 1.05263 6 1 1.9895 2.38515 
-4 1.47368 6 1 1.75565 1.99106 
-4 1.89474 6 1 1.58475 1.70304 
-4 2.31579 6 1 1.45439 1.48336 
-4 2.73684 6 1 1.35168 1.31027 
-4 3.15789 6 1 1.26866 1.17037 
-4 3.57895 6 1 1.20017 1.05495 
-4 4 6 1 1.1427 0.958101 
4 -4 6 1 -5.99332 5.14808 
4 -3.57895 6 1 -4.07091 3.57642 
4 -3.15789 6 1 -3.02826 2.72401 
4 -2.73684 6 1 -2.37391 2.18905 
4 -2.31579 6 1 -1.92499 1.82204 
4 -1.89474 6 1 -1.59789 1.55463 
4 -1.47368 6 1 -1.34895 1.35111 
4 -1.05263 6 1 -1.15315 1.19103 
4 -0.631579 6 1 -0.995103 1.06182 
4 -0.210526 6 1 -0.864858 0.955339 
4 0.210526 6 1 -0.755671 0.866074 
4 0.631579 6 1 -0.662816 0.790162 
4 1.05263 6 1 -0.582885 0.724814 
4 1.47368 6 1 -0.513354 0.66797 
4 1.89474 6 1 -0.452319 0.618071 
4 2.31579 6 1 -0.39831 0.573917 
4 2.73684 6 1 -0.350182 0.53457 
4 3.15789 6 1 -0.307023 0.499285 
4 3.57895 6 1 -0.268101 0.467465 
4 4 6 1 -0.232822 0.438623 
1.89474 -4 6 1 -519.354 729.787 
2.31579 -4 6 1 -20.8294 26.09 
2.73684 -4 6 1 -11.6592 13.1458 
3.15789 -4 6 1 -8.52702 8.72454 
3.57895 -4 6 1 -6.9464 6.4934 
4 -4 6 1 -5.99332 5.14808 
-4 4 6 1 1.1427 0.958101 
-3.57895 4 6 1 1.02278 0.91281 
-3.15789 4 6 1 0.911292 0.870707 
-2.73684 4 6 1 0.807386 0.831466 
-2.31579 4 6 1 0.710312 0.794805 
-1.89474 4 6 1 0.619418 0.760478 
-1.47368 4 6 1 0.534131 0.728269 
-1.05263 4 6 1 0.453949 0.697988 
-0.631579 4 6 1 0.378426 0.669466 
-0.210526 4 6 1 0.307169 0.642555 
0.210526 4 6 1 0.239824 0.617122 
0.631579 4 6 1 0.17608 0.593048 
1.05263 4 6 1 0.115653 0.570228 
1.47368 4 6 1 0.0582934 0.548565 
1.89474 4 6 1 0.00377172 0.527975 
2.31579 4 6 1 -0.0481171 0.508378 
2.73684 4 6 1 -0.0975593 0.489706 
3.15789 4 6 1 -0.144724 0.471894 
3.57895 4 6 1 -0.189765 0.454884 
4 4 6 1 -0.232822 0.438623 
