-1.1787 -0.158223 -1.31101 0.769334 0 
-1.25925 -0.173919 -1.40814 0.847984 1 
-1.35743 -0.19305 -1.52741 0.944571 2 
-1.47973 -0.216883 -1.67738 1.06602 3 
-1.6363 -0.247394 -1.87166 1.22334 4 
-1.84389 -0.287846 -2.13328 1.4352 5 
-2.13228 -0.344044 -2.50458 1.73588 6 
-2.56005 -0.427402 -3.07286 2.19607 7 
-3.26044 -0.563886 -4.05142 2.9885 8 
-4.61596 -0.828034 -6.13561 4.67627 9 
-8.35342 -1.55634 -13.6323 10.7471 10 
0.320811 0.0195928 0.271231 0.590578 20 
0.361032 0.0206934 0.309359 0.626078 21 
0.406289 0.0219316 0.352372 0.666126 22 
0.457588 0.0233353 0.401273 0.711656 23 
0.516226 0.0249397 0.457359 0.763877 24 
0.583901 0.0267914 0.522341 0.824379 25 
0.662876 0.0289523 0.598517 0.895304 26 
0.756237 0.0315068 0.689051 0.979597 27 
0.868311 0.0345733 0.798426 1.08143 28 
1.00535 0.0383229 0.933205 1.20692 29 
1.17674 0.0430125 1.1034 1.36539 30 
1.39725 0.049046 1.3251 1.5718 31 
1.69152 0.0570978 1.62581 1.85179 32 
2.10402 0.0683843 2.05698 2.25323 33 
2.72387 0.0853445 2.72699 2.87705 34 
3.75993 0.113693 3.9103 3.9788 35 
5.84327 0.170696 6.56309 6.44871 36 
12.1846 0.344205 17.9059 17.0096 37 
-1.1787 -0.158223 -1.31101 0.769334 40 
-1.0553 -0.143589 -1.17925 0.754448 41 
-0.939392 -0.129845 -1.05575 0.740495 42 
-0.830314 -0.11691 -0.939745 0.727389 43 
-0.72748 -0.104716 -0.830584 0.715057 44 
-0.630369 -0.0932001 -0.727677 0.703431 45 
-0.538516 -0.082308 -0.6305 0.692452 46 
-0.451505 -0.07199 -0.538588 0.682068 47 
-0.368964 -0.0622021 -0.451525 0.672232 48 
-0.290556 -0.0529043 -0.368936 0.662902 49 
-0.215978 -0.0440608 -0.290485 0.654039 50 
-0.144958 -0.035639 -0.215869 0.645609 51 
-0.0772449 -0.0276095 -0.144813 0.637581 52 
-0.0126145 -0.0199455 -0.0770685 0.629928 53 
0.0491394 -0.0126225 -0.0124094 0.622623 54 
0.108205 -0.00561844 0.0493706 0.615643 55 
0.164753 0.00108722 0.10846 0.608967 56 
0.218943 0.00751311 0.165029 0.602576 57 
0.270917 0.0136764 0.219238 0.596452 58 
0.320811 0.0195928 0.271231 0.590578 59 
