-4 1.05263 2 1 23.6308 -0.335555 
-4 1.47368 2 1 8.66542 -0.10466 
-4 1.89474 2 1 5.54985 -0.056591 
-4 2.31579 2 1 4.20156 -0.0357888 
-4 2.73684 2 1 3.44908 -0.0241792 
-4 3.15789 2 1 2.96896 -0.0167715 
-4 3.57895 2 1 2.63598 -0.0116341 
-4 4 2 1 2.39149 -0.00786192 
4 -4 2 1 -4.46009 -0.859504 
4 -3.57895 2 1 -3.3136 -0.668369 
4 -3.15789 2 1 -2.57771 -0.545685 
4 -2.73684 2 1 -2.06534 -0.460266 
4 -2.31579 2 1 -1.68808 -0.397372 
4 -1.89474 2 1 -1.39871 -0.349131 
4 -1.47368 2 1 -1.16973 -0.310956 
4 -1.05263 2 1 -0.984013 -0.279995 
4 -0.631579 2 1 -0.830359 -0.254379 
4 -0.210526 2 1 -0.701126 -0.232834 
4 0.210526 2 1 -0.590919 -0.214461 
4 0.631579 2 1 -0.495825 -0.198607 
4 1.05263 2 1 -0.412934 -0.184788 
4 1.47368 2 1 -0.34004 -0.172636 
4 1.89474 2 1 -0.275436 -0.161865 
4 2.31579 2 1 -0.217785 -0.152254 
4 2.73684 2 1 -0.166021 -0.143624 
4 3.15789 2 1 -0.119287 -0.135833 
4 3.57895 2 1 -0.0768831 -0.128764 
4 4 2 1 -0.0382343 -0.122321 
2.31579 -4 2 1 -29.0076 -6.06343 
2.73684 -4 2 1 -10.7797 -2.19922 
3.15789 -4 2 1 -7.00308 -1.3986 
3.57895 -4 2 1 -5.37064 -1.05253 
4 -4 2 1 -4.46009 -0.859504 
-4 4 2 1 2.39149 -0.00786192 
-3.57895 4 2 1 2.04429 -0.0242175 
-3.15789 4 2 1 1.7575 -0.0377275 
-2.73684 4 2 1 1.51661 -0.0490752 
-2.31579 4 2 1 1.31143 -0.0587411 
-1.89474 4 2 1 1.13455 -0.0670735 
-1.47368 4 2 1 0.980499 -0.0743304 
-1.05263 4 2 1 0.845127 -0.0807074 
-0.631579 4 2 1 0.725231 -0.0863554 
-0.210526 4 2 1 0.618299 -0.0913927 
0.210526 4 2 1 0.522338 -0.0959133 
0.631579 4 2 1 0.43574 -0.0999927 
1.05263 4 2 1 0.3572 -0.103693 
1.47368 4 2 1 0.285642 -0.107063 
1.89474 4 2 1 0.220175 -0.110147 
2.31579 4 2 1 0.160054 -0.11298 
2.73684 4 2 1 0.104649 -0.11559 
3.15789 4 2 1 0.0534261 -0.118003 
3.57895 4 2 1 0.00592905 -0.12024 
4 4 2 1 -0.0382343 -0.122321 
-4 0.631579 6 1 42.9339 48.6706 
-4 1.05263 6 1 9.05975 9.55838 
-4 1.47368 6 1 5.37707 5.30623 
-4 1.89474 6 1 3.96488 3.67567 
-4 2.31579 6 1 3.21819 2.81352 
-4 2.73684 6 1 2.75629 2.28019 
-4 3.15789 6 1 2.44233 1.91769 
-4 3.57895 6 1 2.21506 1.65527 
-4 4 6 1 2.04293 1.45652 
4 -4 6 1 -3.9844 2.08845 
4 -3.57895 6 1 -3.08289 1.69776 
4 -3.15789 6 1 -2.46745 1.43104 
4 -2.73684 6 1 -2.02056 1.23737 
4 -2.31579 6 1 -1.68133 1.09036 
4 -1.89474 6 1 -1.41502 0.974947 
4 -1.47368 6 1 -1.20042 0.881942 
4 -1.05263 6 1 -1.02378 0.805394 
4 -0.631579 6 1 -0.875868 0.741291 
4 -0.210526 6 1 -0.75019 0.686825 
4 0.210526 6 1 -0.642085 0.639975 
4 0.631579 6 1 -0.54811 0.599249 
4 1.05263 6 1 -0.465664 0.563519 
4 1.47368 6 1 -0.392747 0.531919 
4 1.89474 6 1 -0.327799 0.503772 
4 2.31579 6 1 -0.26958 0.478541 
4 2.73684 6 1 -0.217096 0.455796 
4 3.15789 6 1 -0.169539 0.435186 
4 3.57895 6 1 -0.126247 0.416424 
4 4 6 1 -0.0866713 0.399273 
1.89474 -4 6 1 -35.844 28.538 
2.31579 -4 6 1 -11.6328 8.43805 
2.73684 -4 6 1 -7.35884 4.88988 
3.15789 -4 6 1 -5.57792 3.41137 
3.57895 -4 6 1 -4.60126 2.60055 
4 -4 6 1 -3.9844 2.08845 
-4 4 6 1 2.04293 1.45652 
-3.57895 4 6 1 1.75389 1.31303 
-3.15789 4 6 1 1.51147 1.19268 
-2.73684 4 6 1 1.30523 1.09029 
-2.31579 4 6 1 1.12763 1.00212 
-1.89474 4 6 1 0.973088 0.925394 
-1.47368 4 6 1 0.837393 0.858028 
-1.05263 4 6 1 0.717294 0.798405 
-0.631579 4 6 1 0.610248 0.745261 
-0.210526 4 6 1 0.514237 0.697596 
0.210526 4 6 1 0.427637 0.654603 
0.631579 4 6 1 0.349131 0.615629 
1.05263 4 6 1 0.277633 0.580133 
1.47368 4 6 1 0.212246 0.547672 
1.89474 4 6 1 0.152218 0.517871 
2.31579 4 6 1 0.0969169 0.490416 
2.73684 4 6 1 0.0458047 0.465041 
3.15789 4 6 1 -0.00157705 0.441518 
3.57895 4 6 1 -0.0456222 0.419652 
4 4 6 1 -0.0866713 0.399273 
