-4 -1.05263 2 1 38.571 -11.5073 
-4 -0.631579 2 1 7.73593 -2.42518 
-4 -0.210526 2 1 4.36934 -1.43358 
-4 0.210526 2 1 3.07761 -1.05312 
-4 0.631579 2 1 2.39445 -0.851898 
-4 1.05263 2 1 1.97178 -0.727406 
-4 1.47368 2 1 1.68448 -0.642783 
-4 1.89474 2 1 1.47648 -0.581519 
-4 2.31579 2 1 1.31894 -0.535117 
-4 2.73684 2 1 1.19547 -0.498752 
-4 3.15789 2 1 1.09611 -0.469486 
-4 3.57895 2 1 1.01442 -0.445426 
-4 4 2 1 0.946078 -0.425295 
4 -2.31579 2 1 -15.7431 -3.4989 
4 -1.89474 2 1 -6.17122 -1.51488 
4 -1.47368 2 1 -3.78741 -1.02076 
4 -1.05263 2 1 -2.70507 -0.796417 
4 -0.631579 2 1 -2.08692 -0.66829 
4 -0.210526 2 1 -1.68708 -0.58541 
4 0.210526 2 1 -1.40724 -0.527408 
4 0.631579 2 1 -1.20045 -0.484543 
4 1.05263 2 1 -1.04139 -0.451573 
4 1.47368 2 1 -0.91525 -0.425428 
4 1.89474 2 1 -0.812771 -0.404186 
4 2.31579 2 1 -0.727865 -0.386587 
4 2.73684 2 1 -0.656368 -0.371767 
4 3.15789 2 1 -0.595337 -0.359117 
4 3.57895 2 1 -0.542631 -0.348192 
4 4 2 1 -0.496654 -0.338662 
-4 4 2 1 0.946078 -0.425295 
-3.57895 4 2 1 0.850355 -0.419547 
-3.15789 4 2 1 0.757364 -0.413963 
-2.73684 4 2 1 0.66699 -0.408536 
-2.31579 4 2 1 0.579125 -0.40326 
-1.89474 4 2 1 0.493664 -0.398129 
-1.47368 4 2 1 0.410511 -0.393135 
-1.05263 4 2 1 0.329574 -0.388275 
-0.631579 4 2 1 0.250765 -0.383543 
-0.210526 4 2 1 0.174001 -0.378933 
0.210526 4 2 1 0.0992035 -0.374442 
0.631579 4 2 1 0.0262982 -0.370064 
1.05263 4 2 1 -0.0447859 -0.365796 
1.47368 4 2 1 -0.114116 -0.361633 
1.89474 4 2 1 -0.181757 -0.357571 
2.31579 4 2 1 -0.247769 -0.353607 
2.73684 4 2 1 -0.312211 -0.349738 
3.15789 4 2 1 -0.375137 -0.345959 
3.57895 4 2 1 -0.436602 -0.342268 
4 4 2 1 -0.496654 -0.338662 
-4 -1.89474 6 1 82.0145 63.1673 
-4 -1.47368 6 1 8.57773 6.30534 
-4 -1.05263 6 1 4.60484 3.22915 
-4 -0.631579 6 1 3.18327 2.12843 
-4 -0.210526 6 1 2.45272 1.56277 
-4 0.210526 6 1 2.00786 1.21831 
-4 0.631579 6 1 1.70851 0.986523 
-4 1.05263 6 1 1.49331 0.819896 
-4 1.47368 6 1 1.33115 0.694339 
-4 1.89474 6 1 1.20458 0.596334 
-4 2.31579 6 1 1.10304 0.517708 
-4 2.73684 6 1 1.01976 0.45323 
-4 3.15789 6 1 0.950239 0.399397 
-4 3.57895 6 1 0.891317 0.353774 
-4 4 6 1 0.840744 0.314616 
4 -3.15789 6 1 -19.7456 14.507 
4 -2.73684 6 1 -6.74549 4.9112 
4 -2.31579 6 1 -4.01187 2.89341 
4 -1.89474 6 1 -2.82592 2.01802 
4 -1.47368 6 1 -2.16328 1.52891 
4 -1.05263 6 1 -1.74019 1.2166 
4 -0.631579 6 1 -1.44663 0.999915 
4 -0.210526 6 1 -1.23101 0.84076 
4 0.210526 6 1 -1.06593 0.718911 
4 0.631579 6 1 -0.93549 0.622627 
4 1.05263 6 1 -0.829817 0.544626 
4 1.47368 6 1 -0.74247 0.480152 
4 1.89474 6 1 -0.669063 0.425967 
4 2.31579 6 1 -0.606504 0.37979 
4 2.73684 6 1 -0.552555 0.339969 
4 3.15789 6 1 -0.505552 0.305274 
4 3.57895 6 1 -0.464236 0.274777 
4 4 6 1 -0.427632 0.247759 
-4 4 6 1 0.840744 0.314616 
-3.57895 4 6 1 0.758865 0.3103 
-3.15789 4 6 1 0.67902 0.306091 
-2.73684 4 6 1 0.601136 0.301986 
-2.31579 4 6 1 0.525141 0.29798 
-1.89474 4 6 1 0.450968 0.29407 
-1.47368 4 6 1 0.378551 0.290253 
-1.05263 4 6 1 0.307828 0.286525 
-0.631579 4 6 1 0.238742 0.282884 
-0.210526 4 6 1 0.171236 0.279325 
0.210526 4 6 1 0.105256 0.275848 
0.631579 4 6 1 0.0407507 0.272448 
1.05263 4 6 1 -0.022328 0.269123 
1.47368 4 6 1 -0.0840272 0.26587 
1.89474 4 6 1 -0.144392 0.262689 
2.31579 4 6 1 -0.203464 0.259575 
2.73684 4 6 1 -0.261286 0.256527 
3.15789 4 6 1 -0.317897 0.253543 
3.57895 4 6 1 -0.373333 0.250621 
4 4 6 1 -0.427632 0.247759 
