0.8106 0.0126506 0.683498 0.677034 0 
0.727228 0.00686662 0.609635 0.668467 1 
0.644805 0.00114849 0.536523 0.659986 2 
0.563314 -0.00450494 0.464152 0.651592 3 
0.482741 -0.0100948 0.392509 0.643282 4 
0.403069 -0.015622 0.321585 0.635055 5 
0.324284 -0.0210878 0.251368 0.626911 6 
0.24637 -0.0264931 0.181848 0.618847 7 
0.169314 -0.0318389 0.113015 0.610863 8 
0.0931008 -0.0371262 0.0448579 0.602958 9 
0.0177175 -0.0423559 -0.0226325 0.595129 10 
-0.0568498 -0.047529 -0.0894661 0.587377 11 
-0.130614 -0.0526465 -0.155653 0.5797 12 
-0.203588 -0.0577091 -0.221201 0.572097 13 
-0.275785 -0.0627178 -0.286121 0.564567 14 
-0.347217 -0.0676734 -0.350421 0.557109 15 
-0.417896 -0.0725768 -0.41411 0.549722 16 
-0.487834 -0.0774288 -0.477197 0.542404 17 
-0.557043 -0.0822301 -0.539691 0.535156 18 
-0.625533 -0.0869817 -0.601598 0.527975 19 
0.8106 0.0126506 0.683498 0.677034 40 
0.872407 0.0269368 0.728639 0.739701 41 
0.945706 0.0438793 0.781129 0.812573 42 
1.03403 0.0642948 0.842925 0.898364 43 
1.14253 0.0893731 0.916742 1.00084 44 
1.279 0.120918 1.00646 1.1254 45 
1.45587 0.1618 1.11785 1.28004 46 
1.69419 0.216885 1.25983 1.47715 47 
2.03272 0.295132 1.44702 1.73702 48 
2.55146 0.415036 1.70508 2.09528 49 
3.44657 0.621932 2.08368 2.62089 50 
5.36079 1.06438 2.693 3.46679 51 
12.3346 2.67632 3.83636 5.05409 52 
-0.625533 -0.0869817 -0.601598 0.527975 60 
-0.679479 -0.0817864 -0.648308 0.57453 61 
-0.742304 -0.0757361 -0.701847 0.627892 62 
-0.816397 -0.0686007 -0.763834 0.689674 63 
-0.905086 -0.0600596 -0.836437 0.762037 64 
-1.01316 -0.0496518 -0.92264 0.847955 65 
-1.14774 -0.0366906 -1.02666 0.951631 66 
-1.31997 -0.0201047 -1.15466 1.0792 67 
-1.54819 0.00187353 -1.316 1.24001 68 
-1.865 0.0323842 -1.52567 1.44899 69 
-2.33444 0.0775929 -1.8092 1.73159 70 
-3.10177 0.15149 -2.21399 2.13503 71 
-4.58235 0.294075 -2.83895 2.75792 72 
-8.63408 0.684273 -3.93083 3.84619 73 
-66.11 6.21943 -6.32493 6.23239 74 
