0.932597 0.163876 0.792989 0.895986 0 
0.835292 0.152788 0.705552 0.875734 1 
0.740858 0.142028 0.620489 0.856031 2 
0.649171 0.13158 0.537703 0.836855 3 
0.560113 0.121432 0.457104 0.818186 4 
0.473572 0.11157 0.378607 0.800004 5 
0.389443 0.101984 0.30213 0.78229 6 
0.307626 0.0926607 0.227597 0.765026 7 
0.228028 0.0835905 0.154934 0.748195 8 
0.150559 0.0747629 0.0840725 0.731782 9 
0.0751356 0.0661684 0.0149454 0.71577 10 
0.00167727 0.0577978 -0.05251 0.700145 11 
-0.0698917 0.0496425 -0.118353 0.684894 12 
-0.139643 0.0416942 -0.182642 0.670003 13 
-0.207646 0.0339453 -0.24543 0.655459 14 
-0.273964 0.0263883 -0.30677 0.641251 15 
-0.338661 0.0190162 -0.366711 0.627367 16 
-0.401793 0.0118222 -0.425301 0.613796 17 
-0.463419 0.00479998 -0.482584 0.600528 18 
-0.52359 -0.00205654 -0.538604 0.587552 19 
0.932597 0.163876 0.792989 0.895986 40 
1.0012 0.187798 0.843695 0.979285 41 
1.08375 0.216587 0.903706 1.07787 42 
1.185 0.251895 0.975841 1.19637 43 
1.31211 0.296221 1.06419 1.3415 44 
1.47643 0.353524 1.1749 1.52337 45 
1.69712 0.430483 1.31771 1.75797 46 
2.00916 0.539301 1.50893 2.0721 47 
2.48412 0.704928 1.7782 2.51445 48 
3.2946 0.987563 2.18559 3.18369 49 
4.99036 1.57891 2.87398 4.31454 50 
10.7672 3.59344 4.28717 6.63608 51 
-0.52359 -0.00205654 -0.538604 0.587552 60 
-0.573641 0.00448167 -0.586144 0.632126 61 
-0.631247 0.0120068 -0.640325 0.682926 62 
-0.698259 0.0207607 -0.702642 0.741355 63 
-0.777185 0.0310708 -0.775078 0.809271 64 
-0.871512 0.0433928 -0.860313 0.889188 65 
-0.986235 0.0583792 -0.962071 0.984597 66 
-1.12877 0.0769989 -1.08567 1.10048 67 
-1.31063 0.100756 -1.23899 1.24424 68 
-1.5507 0.132115 -1.43421 1.42728 69 
-1.88222 0.175422 -1.69123 1.66826 70 
-2.36978 0.239113 -2.04491 1.99988 71 
-3.15743 0.342005 -2.56242 2.48509 72 
-4.64542 0.536381 -3.39189 3.2628 73 
-8.51535 1.04191 -4.93707 4.71157 74 
-43.4214 5.60172 -8.82726 8.35904 75 
