4 -4 2 1 -0.61918 0.237438 
4 -3.57895 2 1 -0.549776 0.231477 
4 -3.15789 2 1 -0.479624 0.225451 
4 -2.73684 2 1 -0.408713 0.219361 
4 -2.31579 2 1 -0.337031 0.213204 
4 -1.89474 2 1 -0.264564 0.206979 
4 -1.47368 2 1 -0.1913 0.200687 
4 -1.05263 2 1 -0.117225 0.194324 
4 -0.631579 2 1 -0.0423262 0.187891 
4 -0.210526 2 1 0.0334106 0.181386 
4 0.210526 2 1 0.109999 0.174807 
4 0.631579 2 1 0.187455 0.168154 
4 1.05263 2 1 0.265791 0.161426 
4 1.47368 2 1 0.345024 0.154621 
4 1.89474 2 1 0.425169 0.147737 
4 2.31579 2 1 0.506242 0.140773 
4 2.73684 2 1 0.588258 0.133729 
4 3.15789 2 1 0.671236 0.126602 
4 3.57895 2 1 0.75519 0.119391 
4 4 2 1 0.84014 0.112094 
-1.47368 -4 2 1 -12.1413 3.16431 
-1.05263 -4 2 1 -5.30786 1.42846 
-0.631579 -4 2 1 -3.37576 0.937669 
-0.210526 -4 2 1 -2.46367 0.705979 
0.210526 -4 2 1 -1.93254 0.571061 
0.631579 -4 2 1 -1.58493 0.482759 
1.05263 -4 2 1 -1.33973 0.420473 
1.47368 -4 2 1 -1.15749 0.374181 
1.89474 -4 2 1 -1.01673 0.338425 
2.31579 -4 2 1 -0.904729 0.309974 
2.73684 -4 2 1 -0.813491 0.286797 
3.15789 -4 2 1 -0.737732 0.267553 
3.57895 -4 2 1 -0.673821 0.251318 
4 -4 2 1 -0.61918 0.237438 
-1.05263 4 2 1 24.0499 1.70379 
-0.631579 4 2 1 6.84498 0.523899 
-0.210526 4 2 1 4.01808 0.330034 
0.210526 4 2 1 2.85739 0.250435 
0.631579 4 2 1 2.2251 0.207073 
1.05263 4 2 1 1.82728 0.179791 
1.47368 4 2 1 1.55391 0.161044 
1.89474 4 2 1 1.3545 0.147368 
2.31579 4 2 1 1.2026 0.136951 
2.73684 4 2 1 1.08304 0.128752 
3.15789 4 2 1 0.986495 0.122131 
3.57895 4 2 1 0.906894 0.116672 
4 4 2 1 0.84014 0.112094 
4 -4 6 1 -0.581154 0.970228 
4 -3.57895 6 1 -0.50814 0.968091 
4 -3.15789 6 1 -0.434302 0.965929 
4 -2.73684 6 1 -0.359625 0.963743 
4 -2.31579 6 1 -0.284095 0.961531 
4 -1.89474 6 1 -0.207697 0.959295 
4 -1.47368 6 1 -0.130416 0.957032 
4 -1.05263 6 1 -0.0522369 0.954743 
4 -0.631579 6 1 0.0268563 0.952428 
4 -0.210526 6 1 0.10688 0.950085 
4 0.210526 6 1 0.18785 0.947714 
4 0.631579 6 1 0.269783 0.945315 
4 1.05263 6 1 0.352697 0.942888 
4 1.47368 6 1 0.43661 0.940431 
4 1.89474 6 1 0.52154 0.937945 
4 2.31579 6 1 0.607505 0.935428 
4 2.73684 6 1 0.694525 0.93288 
4 3.15789 6 1 0.782618 0.930301 
4 3.57895 6 1 0.871805 0.92769 
4 4 6 1 0.962107 0.925046 
-1.47368 -4 6 1 -58.353 80.5617 
-1.05263 -4 6 1 -7.48375 10.4798 
-0.631579 -4 6 1 -3.96376 5.63039 
-0.210526 -4 6 1 -2.67962 3.86125 
0.210526 -4 6 1 -2.01454 2.94498 
0.631579 -4 6 1 -1.60781 2.38464 
1.05263 -4 6 1 -1.33338 2.00656 
1.47368 -4 6 1 -1.13572 1.73425 
1.89474 -4 6 1 -0.986581 1.52878 
2.31579 -4 6 1 -0.870043 1.36823 
2.73684 -4 6 1 -0.776472 1.23932 
3.15789 -4 6 1 -0.699686 1.13353 
3.57895 -4 6 1 -0.635541 1.04516 
4 -4 6 1 -0.581154 0.970228 
-0.631579 4 6 1 13.8454 13.5542 
-0.210526 4 6 1 5.99498 5.85863 
0.210526 4 6 1 3.84667 3.7527 
0.631579 4 6 1 2.84305 2.76889 
1.05263 4 6 1 2.2617 2.199 
1.47368 4 6 1 1.88243 1.82722 
1.89474 4 6 1 1.61549 1.56554 
2.31579 4 6 1 1.41739 1.37135 
2.73684 4 6 1 1.26456 1.22154 
3.15789 4 6 1 1.14307 1.10244 
3.57895 4 6 1 1.04417 1.0055 
4 4 6 1 0.962107 0.925046 
