-4 -3.57895 2 1 39.4561 -7.83311 
-4 -3.15789 2 1 9.10503 -1.77077 
-4 -2.73684 2 1 5.00494 -0.951816 
-4 -2.31579 2 1 3.38047 -0.627343 
-4 -1.89474 2 1 2.5094 -0.453355 
-4 -1.47368 2 1 1.96627 -0.34487 
-4 -1.05263 2 1 1.59523 -0.270757 
-4 -0.631579 2 1 1.32566 -0.216914 
-4 -0.210526 2 1 1.12096 -0.176027 
-4 0.210526 2 1 0.960221 -0.14392 
-4 0.631579 2 1 0.830655 -0.118041 
-4 1.05263 2 1 0.723996 -0.0967368 
-4 1.47368 2 1 0.634663 -0.0788933 
-4 1.89474 2 1 0.55875 -0.0637305 
-4 2.31579 2 1 0.493446 -0.0506866 
-4 2.73684 2 1 0.436671 -0.0393464 
-4 3.15789 2 1 0.386857 -0.0293965 
-4 3.57895 2 1 0.342798 -0.0205961 
-4 4 2 1 0.303551 -0.0127569 
4 -0.631579 2 1 -511.768 -28.61 
4 -0.210526 2 1 -9.56336 -0.393245 
4 0.210526 2 1 -5.01127 -0.137482 
4 0.631579 2 1 -3.47552 -0.0511946 
4 1.05263 2 1 -2.70414 -0.00785439 
4 1.47368 2 1 -2.24019 0.0182129 
4 1.89474 2 1 -1.93042 0.0356176 
4 2.31579 2 1 -1.70893 0.0480624 
4 2.73684 2 1 -1.54268 0.0574032 
4 3.15789 2 1 -1.4133 0.0646724 
4 3.57895 2 1 -1.30975 0.0704904 
4 4 2 1 -1.225 0.0752524 
-4 4 2 1 0.303551 -0.0127569 
-3.57895 4 2 1 0.254109 -0.00991017 
-3.15789 4 2 1 0.202503 -0.00693886 
-2.73684 4 2 1 0.148588 -0.00383461 
-2.31579 4 2 1 0.0922061 -0.000588295 
-1.89474 4 2 1 0.033183 0.00281007 
-1.47368 4 2 1 -0.0286708 0.00637142 
-1.05263 4 2 1 -0.0935641 0.0101078 
-0.631579 4 2 1 -0.161726 0.0140324 
-0.210526 4 2 1 -0.233411 0.0181597 
0.210526 4 2 1 -0.308899 0.0225061 
0.631579 4 2 1 -0.3885 0.0270893 
1.05263 4 2 1 -0.472561 0.0319292 
1.47368 4 2 1 -0.561466 0.0370481 
1.89474 4 2 1 -0.655648 0.0424708 
2.31579 4 2 1 -0.75559 0.0482252 
2.73684 4 2 1 -0.861837 0.0543425 
3.15789 4 2 1 -0.975005 0.0608584 
3.57895 4 2 1 -1.09579 0.0678131 
4 4 2 1 -1.225 0.0752524 
-4 -3.15789 6 1 31.4682 19.1134 
-4 -2.73684 6 1 8.86253 5.63235 
-4 -2.31579 6 1 5.02705 3.34504 
-4 -1.89474 6 1 3.44199 2.39978 
-4 -1.47368 6 1 2.57599 1.88334 
-4 -1.05263 6 1 2.03022 1.55787 
-4 -0.631579 6 1 1.65477 1.33397 
-4 -0.210526 6 1 1.38068 1.17051 
-4 0.210526 6 1 1.17178 1.04593 
-4 0.631579 6 1 1.00728 0.947832 
-4 1.05263 6 1 0.874391 0.868583 
-4 1.47368 6 1 0.764799 0.803227 
-4 1.89474 6 1 0.672871 0.748405 
-4 2.31579 6 1 0.594654 0.70176 
-4 2.73684 6 1 0.527295 0.66159 
-4 3.15789 6 1 0.468678 0.626634 
-4 3.57895 6 1 0.417206 0.595938 
-4 4 6 1 0.371647 0.568769 
4 -0.210526 6 1 -77.0288 84.948 
4 0.210526 6 1 -8.25688 8.84414 
4 0.631579 6 1 -4.52994 4.71986 
4 1.05263 6 1 -3.19621 3.24394 
4 1.47368 6 1 -2.51077 2.48543 
4 1.89474 6 1 -2.09337 2.02352 
4 2.31579 6 1 -1.81249 1.7127 
4 2.73684 6 1 -1.61057 1.48925 
4 3.15789 6 1 -1.45842 1.32087 
4 3.57895 6 1 -1.33965 1.18945 
4 4 6 1 -1.24437 1.08401 
-4 4 6 1 0.371647 0.568769 
-3.57895 4 6 1 0.321116 0.58488 
-3.15789 4 6 1 0.268254 0.601734 
-2.73684 4 6 1 0.212894 0.619384 
-2.31579 4 6 1 0.154857 0.637888 
-1.89474 4 6 1 0.0939435 0.65731 
-1.47368 4 6 1 0.0299334 0.677718 
-1.05263 4 6 1 -0.0374152 0.699191 
-0.631579 4 6 1 -0.10837 0.721814 
-0.210526 4 6 1 -0.18323 0.745681 
0.210526 4 6 1 -0.262325 0.770899 
0.631579 4 6 1 -0.346026 0.797586 
1.05263 4 6 1 -0.434747 0.825873 
1.47368 4 6 1 -0.528953 0.855909 
1.89474 4 6 1 -0.62917 0.887861 
2.31579 4 6 1 -0.735992 0.921919 
2.73684 4 6 1 -0.850094 0.958299 
3.15789 4 6 1 -0.972246 0.997244 
3.57895 4 6 1 -1.10333 1.03904 
4 4 6 1 -1.24437 1.08401 
