-4 1.89474 2 1 18.7628 -2.35415 
-4 2.31579 2 1 9.04049 -0.991971 
-4 2.73684 2 1 6.20519 -0.594721 
-4 3.15789 2 1 4.85303 -0.405271 
-4 3.57895 2 1 4.06154 -0.294376 
-4 4 2 1 3.54188 -0.221567 
4 -4 2 1 -2.71437 -0.770201 
4 -3.57895 2 1 -2.22329 -0.652358 
4 -3.15789 2 1 -1.84595 -0.561807 
4 -2.73684 2 1 -1.54692 -0.490051 
4 -2.31579 2 1 -1.30413 -0.431788 
4 -1.89474 2 1 -1.10306 -0.38354 
4 -1.47368 2 1 -0.933826 -0.342928 
4 -1.05263 2 1 -0.789411 -0.308273 
4 -0.631579 2 1 -0.664731 -0.278354 
4 -0.210526 2 1 -0.555999 -0.252262 
4 0.210526 2 1 -0.460339 -0.229307 
4 0.631579 2 1 -0.375527 -0.208955 
4 1.05263 2 1 -0.299817 -0.190787 
4 1.47368 2 1 -0.231819 -0.174469 
4 1.89474 2 1 -0.170411 -0.159733 
4 2.31579 2 1 -0.11468 -0.14636 
4 2.73684 2 1 -0.0638726 -0.134168 
4 3.15789 2 1 -0.0173646 -0.123007 
4 3.57895 2 1 0.0253678 -0.112753 
4 4 2 1 0.0647663 -0.103299 
1.47368 -4 2 1 -31.7055 -12.3471 
1.89474 -4 2 1 -9.15706 -3.34294 
2.31579 -4 2 1 -5.68794 -1.95763 
2.73684 -4 2 1 -4.28152 -1.39601 
3.15789 -4 2 1 -3.51971 -1.0918 
3.57895 -4 2 1 -3.04197 -0.901019 
4 -4 2 1 -2.71437 -0.770201 
-4 4 2 1 3.54188 -0.221567 
-3.57895 4 2 1 2.8586 -0.198327 
-3.15789 4 2 1 2.3555 -0.181214 
-2.73684 4 2 1 1.9696 -0.168089 
-2.31579 4 2 1 1.66423 -0.157702 
-1.89474 4 2 1 1.41656 -0.149278 
-1.47368 4 2 1 1.21165 -0.142308 
-1.05263 4 2 1 1.03931 -0.136446 
-0.631579 4 2 1 0.892335 -0.131447 
-0.210526 4 2 1 0.765517 -0.127133 
0.210526 4 2 1 0.654974 -0.123374 
0.631579 4 2 1 0.557762 -0.120067 
1.05263 4 2 1 0.471606 -0.117137 
1.47368 4 2 1 0.394722 -0.114521 
1.89474 4 2 1 0.32569 -0.112173 
2.31579 4 2 1 0.263365 -0.110054 
2.73684 4 2 1 0.206814 -0.10813 
3.15789 4 2 1 0.155272 -0.106377 
3.57895 4 2 1 0.1081 -0.104772 
4 4 2 1 0.0647663 -0.103299 
-4 1.89474 6 1 30.6774 25.5151 
-4 2.31579 6 1 10.3651 8.11965 
-4 2.73684 6 1 6.5715 4.87077 
-4 3.15789 6 1 4.97115 3.50022 
-4 3.57895 6 1 4.08856 2.74436 
-4 4 6 1 3.5293 2.26541 
4 -4 6 1 -3.08849 1.3628 
4 -3.57895 6 1 -2.52138 1.19321 
4 -3.15789 6 1 -2.09139 1.06463 
4 -2.73684 6 1 -1.75415 0.963783 
4 -2.31579 6 1 -1.48257 0.882572 
4 -1.89474 6 1 -1.25919 0.815772 
4 -1.47368 6 1 -1.07221 0.759858 
4 -1.05263 6 1 -0.913403 0.71237 
4 -0.631579 6 1 -0.776854 0.671537 
4 -0.210526 6 1 -0.658188 0.636052 
4 0.210526 6 1 -0.554107 0.604928 
4 0.631579 6 1 -0.462079 0.577409 
4 1.05263 6 1 -0.380124 0.552901 
4 1.47368 6 1 -0.306674 0.530937 
4 1.89474 6 1 -0.24047 0.51114 
4 2.31579 6 1 -0.180492 0.493204 
4 2.73684 6 1 -0.125899 0.476879 
4 3.15789 6 1 -0.0759981 0.461957 
4 3.57895 6 1 -0.0302091 0.448265 
4 4 6 1 0.0119562 0.435656 
1.47368 -4 6 1 -883.719 592.791 
1.89474 -4 6 1 -13.5922 8.41704 
2.31579 -4 6 1 -7.32025 4.20483 
2.73684 -4 6 1 -5.20947 2.78724 
3.15789 -4 6 1 -4.15026 2.07588 
3.57895 -4 6 1 -3.51351 1.64824 
4 -4 6 1 -3.08849 1.3628 
-4 4 6 1 3.5293 2.26541 
-3.57895 4 6 1 2.80978 1.89111 
-3.15789 4 6 1 2.28914 1.62027 
-2.73684 4 6 1 1.89495 1.41521 
-2.31579 4 6 1 1.58612 1.25455 
-1.89474 4 6 1 1.33763 1.12529 
-1.47368 4 6 1 1.13338 1.01903 
-1.05263 4 6 1 0.962511 0.930144 
-0.631579 4 6 1 0.817464 0.854689 
-0.210526 4 6 1 0.692796 0.789836 
0.210526 4 6 1 0.584493 0.733495 
0.631579 4 6 1 0.489531 0.684095 
1.05263 4 6 1 0.405589 0.640428 
1.47368 4 6 1 0.330853 0.601549 
1.89474 4 6 1 0.263888 0.566713 
2.31579 4 6 1 0.203542 0.535321 
2.73684 4 6 1 0.148879 0.506884 
3.15789 4 6 1 0.0991328 0.481006 
3.57895 4 6 1 0.0536685 0.457355 
4 4 6 1 0.0119562 0.435656 
