29.4838 -3.85313 22.5608 19.836 13 
10.1139 -1.17982 8.7128 7.18979 14 
6.4036 -0.667744 5.67657 4.41705 15 
4.8294 -0.450483 4.3453 3.20131 16 
3.95893 -0.330346 3.59771 2.51859 17 
3.40651 -0.254104 3.11895 2.08138 18 
3.02475 -0.201416 2.78612 1.77744 19 
-3.21281 -0.935425 -3.40126 1.47961 20 
-2.55603 -0.773533 -2.72406 1.26212 21 
-2.07881 -0.655902 -2.2298 1.10339 22 
-1.71637 -0.566562 -1.85318 0.982439 23 
-1.43174 -0.496404 -1.55666 0.887211 24 
-1.2023 -0.439848 -1.31715 0.810291 25 
-1.01342 -0.393289 -1.11964 0.746862 26 
-0.855205 -0.35429 -0.953987 0.69366 27 
-0.720756 -0.32115 -0.813049 0.648398 28 
-0.605091 -0.292639 -0.691681 0.60942 29 
-0.504531 -0.267851 -0.586072 0.575503 30 
-0.416297 -0.246102 -0.49334 0.545722 31 
-0.338255 -0.226865 -0.411264 0.519363 32 
-0.268735 -0.209729 -0.338109 0.495869 33 
-0.206413 -0.194367 -0.272493 0.474796 34 
-0.150227 -0.180518 -0.21331 0.455789 35 
-0.0993126 -0.167967 -0.159657 0.438559 36 
-0.0529613 -0.156542 -0.110794 0.422866 37 
-0.010586 -0.146097 -0.0661063 0.408514 38 
0.0283038 -0.136511 -0.0250813 0.395339 39 
-19.5157 -7.16085 -18.9328 12.0398 54 
-8.401 -2.91659 -8.74273 5.11138 55 
-5.64143 -1.86282 -5.95274 3.21441 56 
-4.38958 -1.38479 -4.64914 2.32807 57 
-3.67495 -1.1119 -3.89396 1.8146 58 
-3.21281 -0.935425 -3.40126 1.47961 59 
3.02475 -0.201416 2.78612 1.77744 60 
2.50744 -0.19021 2.30474 1.54077 61 
2.10646 -0.181525 1.93049 1.35677 62 
1.78654 -0.174595 1.63117 1.20962 63 
1.52534 -0.168938 1.38634 1.08925 64 
1.30807 -0.164231 1.18236 0.988963 65 
1.12449 -0.160255 1.00978 0.90412 66 
0.967345 -0.156851 0.861886 0.831407 67 
0.831298 -0.153904 0.733724 0.768398 68 
0.712371 -0.151328 0.621594 0.71327 69 
0.607522 -0.149057 0.522666 0.664633 70 
0.514392 -0.14704 0.434738 0.621404 71 
0.43112 -0.145236 0.356071 0.582728 72 
0.356219 -0.143614 0.285275 0.547923 73 
0.288488 -0.142147 0.221226 0.516434 74 
0.226944 -0.140813 0.163003 0.487809 75 
0.170777 -0.139597 0.109846 0.461674 76 
0.119311 -0.138482 0.06112 0.437719 77 
0.0719794 -0.137457 0.0162945 0.415681 78 
0.0283038 -0.136511 -0.0250813 0.395339 79 
