22.75 -2.75176 63.3246 53.2401 14 
9.86601 -1.03554 12.4546 9.85786 15 
6.58362 -0.598309 7.32993 5.48747 16 
5.08333 -0.398463 5.38427 3.82819 17 
4.22369 -0.283954 4.35983 2.95454 18 
3.66654 -0.209739 3.7276 2.41537 19 
-2.63556 -0.725336 -3.03483 1.36203 20 
-2.16909 -0.616291 -2.48606 1.19785 21 
-1.80726 -0.531706 -2.06708 1.0725 22 
-1.51841 -0.464182 -1.73671 0.973664 23 
-1.28248 -0.409029 -1.46953 0.893732 24 
-1.08615 -0.363133 -1.24899 0.827754 25 
-0.920215 -0.324344 -1.06387 0.772369 26 
-0.778133 -0.29113 -0.906256 0.725217 27 
-0.655102 -0.262369 -0.77045 0.684587 28 
-0.54753 -0.237222 -0.652217 0.649215 29 
-0.452677 -0.215049 -0.548353 0.618142 30 
-0.368413 -0.195351 -0.456389 0.590629 31 
-0.293058 -0.177735 -0.37439 0.566097 32 
-0.22527 -0.161888 -0.300821 0.544087 33 
-0.163964 -0.147557 -0.234444 0.524229 34 
-0.108253 -0.134534 -0.174255 0.506222 35 
-0.0574041 -0.122647 -0.119426 0.489819 36 
-0.0108074 -0.111754 -0.0692716 0.474815 37 
0.032049 -0.101735 -0.0232192 0.461037 38 
0.071598 -0.0924902 0.0192151 0.448342 39 
-23.2181 -8.79928 -202.39 136.537 53 
-8.31289 -2.95239 -12.8953 8.04804 54 
-5.35687 -1.79282 -7.09965 4.11823 55 
-4.09253 -1.29686 -5.08818 2.75432 56 
-3.39077 -1.02158 -4.06682 2.06178 57 
-2.94445 -0.846503 -3.44891 1.6428 58 
-2.63556 -0.725336 -3.03483 1.36203 59 
3.66654 -0.209739 3.7276 2.41537 60 
2.93994 -0.186041 2.93755 1.99631 61 
2.41139 -0.168802 2.37631 1.69861 62 
2.00963 -0.155699 1.95705 1.47622 63 
1.69392 -0.145402 1.63195 1.30378 64 
1.4393 -0.137097 1.37248 1.16615 65 
1.22959 -0.130258 1.1606 1.05376 66 
1.05387 -0.124527 0.984304 0.960251 67 
0.904505 -0.119655 0.835333 0.881233 68 
0.775974 -0.115463 0.707787 0.813579 69 
0.664204 -0.111818 0.597355 0.755003 70 
0.566117 -0.108619 0.500808 0.703792 71 
0.479344 -0.105789 0.415683 0.658639 72 
0.402036 -0.103267 0.340066 0.61853 73 
0.332723 -0.101007 0.272448 0.582664 74 
0.270226 -0.0989684 0.211625 0.550401 75 
0.213588 -0.0971212 0.156619 0.521225 76 
0.16202 -0.0954393 0.106636 0.494712 77 
0.114872 -0.0939016 0.0610175 0.470515 78 
0.071598 -0.0924902 0.0192151 0.448342 79 
