-4 -1.47368 2 1 22.4692 -5.50143 
-4 -1.05263 2 1 6.68997 -1.74458 
-4 -0.631579 2 1 3.9521 -1.09273 
-4 -0.210526 2 1 2.81538 -0.822086 
-4 0.210526 2 1 2.19302 -0.673911 
-4 0.631579 2 1 1.80033 -0.580415 
-4 1.05263 2 1 1.52997 -0.516046 
-4 1.47368 2 1 1.33248 -0.469027 
-4 1.89474 2 1 1.18191 -0.433177 
-4 2.31579 2 1 1.0633 -0.404938 
-4 2.73684 2 1 0.96746 -0.382119 
-4 3.15789 2 1 0.888404 -0.363297 
-4 3.57895 2 1 0.822079 -0.347506 
-4 4 2 1 0.765638 -0.334068 
4 -1.89474 2 1 -12.1051 -1.51839 
4 -1.47368 2 1 -5.39871 -0.773771 
4 -1.05263 2 1 -3.45766 -0.558256 
4 -0.631579 2 1 -2.53429 -0.455734 
4 -0.210526 2 1 -1.99449 -0.3958 
4 0.210526 2 1 -1.64036 -0.356481 
4 0.631579 2 1 -1.39016 -0.328701 
4 1.05263 2 1 -1.204 -0.308031 
4 1.47368 2 1 -1.06007 -0.292051 
4 1.89474 2 1 -0.945476 -0.279327 
4 2.31579 2 1 -0.852072 -0.268956 
4 2.73684 2 1 -0.774479 -0.260341 
4 3.15789 2 1 -0.708997 -0.253071 
4 3.57895 2 1 -0.652995 -0.246853 
4 4 2 1 -0.604553 -0.241474 
-4 4 2 1 0.765638 -0.334068 
-3.57895 4 2 1 0.686461 -0.328717 
-3.15789 4 2 1 0.60814 -0.323425 
-2.73684 4 2 1 0.530663 -0.318189 
-2.31579 4 2 1 0.454015 -0.313009 
-1.89474 4 2 1 0.378183 -0.307885 
-1.47368 4 2 1 0.303154 -0.302815 
-1.05263 4 2 1 0.228916 -0.297798 
-0.631579 4 2 1 0.155457 -0.292834 
-0.210526 4 2 1 0.0827627 -0.287921 
0.210526 4 2 1 0.0108228 -0.28306 
0.631579 4 2 1 -0.0603746 -0.278248 
1.05263 4 2 1 -0.130841 -0.273486 
1.47368 4 2 1 -0.200588 -0.268773 
1.89474 4 2 1 -0.269626 -0.264108 
2.31579 4 2 1 -0.337966 -0.259489 
2.73684 4 2 1 -0.405618 -0.254918 
3.15789 4 2 1 -0.472594 -0.250392 
3.57895 4 2 1 -0.538902 -0.245911 
4 4 2 1 -0.604553 -0.241474 
-4 -1.89474 6 1 10.2028 7.56853 
-4 -1.47368 6 1 5.06508 3.64831 
-4 -1.05263 6 1 3.38329 2.36505 
-4 -0.631579 6 1 2.54805 1.72774 
-4 -0.210526 6 1 2.04871 1.34672 
-4 0.210526 6 1 1.71655 1.09328 
-4 0.631579 6 1 1.47966 0.912523 
-4 1.05263 6 1 1.30219 0.777109 
-4 1.47368 6 1 1.16428 0.671876 
-4 1.89474 6 1 1.05402 0.587747 
-4 2.31579 6 1 0.96386 0.518951 
-4 2.73684 6 1 0.888759 0.461646 
-4 3.15789 6 1 0.825236 0.413176 
-4 3.57895 6 1 0.770804 0.371643 
-4 4 6 1 0.723644 0.335658 
4 -2.73684 6 1 -25.6219 23.3839 
4 -2.31579 6 1 -6.84587 6.16884 
4 -1.89474 6 1 -3.92763 3.49321 
4 -1.47368 6 1 -2.74229 2.40642 
4 -1.05263 6 1 -2.09968 1.81723 
4 -0.631579 6 1 -1.6965 1.44756 
4 -0.210526 6 1 -1.41994 1.19399 
4 0.210526 6 1 -1.21845 1.00926 
4 0.631579 6 1 -1.06511 0.86867 
4 1.05263 6 1 -0.944515 0.758098 
4 1.47368 6 1 -0.847181 0.668856 
4 1.89474 6 1 -0.76697 0.595314 
4 2.31579 6 1 -0.699731 0.533664 
4 2.73684 6 1 -0.642551 0.481238 
4 3.15789 6 1 -0.59333 0.43611 
4 3.57895 6 1 -0.550515 0.396854 
4 4 6 1 -0.512932 0.362395 
-4 4 6 1 0.723644 0.335658 
-3.57895 4 6 1 0.652845 0.337189 
-3.15789 4 6 1 0.582734 0.338705 
-2.73684 4 6 1 0.513301 0.340206 
-2.31579 4 6 1 0.444535 0.341693 
-1.89474 4 6 1 0.376428 0.343166 
-1.47368 4 6 1 0.308969 0.344624 
-1.05263 4 6 1 0.24215 0.346069 
-0.631579 4 6 1 0.175961 0.3475 
-0.210526 4 6 1 0.110394 0.348918 
0.210526 4 6 1 0.0454395 0.350322 
0.631579 4 6 1 -0.0189106 0.351713 
1.05263 4 6 1 -0.0826647 0.353092 
1.47368 4 6 1 -0.145831 0.354458 
1.89474 4 6 1 -0.208418 0.355811 
2.31579 4 6 1 -0.270433 0.357152 
2.73684 4 6 1 -0.331885 0.358481 
3.15789 4 6 1 -0.39278 0.359797 
3.57895 4 6 1 -0.453126 0.361102 
4 4 6 1 -0.512932 0.362395 
