-4 -0.631579 2 1 12.3718 -2.55874 
-4 -0.210526 2 1 5.57219 -1.23811 
-4 0.210526 2 1 3.65924 -0.86657 
-4 0.631579 2 1 2.75765 -0.691461 
-4 1.05263 2 1 2.23307 -0.589575 
-4 1.47368 2 1 1.88991 -0.522925 
-4 1.89474 2 1 1.64793 -0.475928 
-4 2.31579 2 1 1.46814 -0.441007 
-4 2.73684 2 1 1.32928 -0.414039 
-4 3.15789 2 1 1.21882 -0.392584 
-4 3.57895 2 1 1.12884 -0.375108 
-4 4 2 1 1.05413 -0.360599 
4 -2.73684 2 1 -24.3666 -3.86768 
4 -2.31579 2 1 -7.38231 -1.33987 
4 -1.89474 2 1 -4.26675 -0.876173 
4 -1.47368 2 1 -2.95769 -0.681342 
4 -1.05263 2 1 -2.23706 -0.57409 
4 -0.631579 2 1 -1.78092 -0.506201 
4 -0.210526 2 1 -1.46623 -0.459366 
4 0.210526 2 1 -1.23603 -0.425105 
4 0.631579 2 1 -1.06032 -0.398953 
4 1.05263 2 1 -0.921799 -0.378337 
4 1.47368 2 1 -0.809792 -0.361667 
4 1.89474 2 1 -0.717351 -0.347909 
4 2.31579 2 1 -0.63976 -0.336361 
4 2.73684 2 1 -0.573708 -0.32653 
4 3.15789 2 1 -0.516798 -0.31806 
4 3.57895 2 1 -0.467256 -0.310687 
4 4 2 1 -0.423737 -0.30421 
-4 4 2 1 1.05413 -0.360599 
-3.57895 4 2 1 0.947764 -0.35654 
-3.15789 4 2 1 0.845651 -0.352644 
-2.73684 4 2 1 0.747545 -0.348901 
-2.31579 4 2 1 0.653213 -0.345301 
-1.89474 4 2 1 0.562443 -0.341838 
-1.47368 4 2 1 0.475036 -0.338503 
-1.05263 4 2 1 0.390809 -0.335289 
-0.631579 4 2 1 0.309591 -0.33219 
-0.210526 4 2 1 0.231224 -0.3292 
0.210526 4 2 1 0.155561 -0.326313 
0.631579 4 2 1 0.0824631 -0.323524 
1.05263 4 2 1 0.0118031 -0.320828 
1.47368 4 2 1 -0.0565393 -0.31822 
1.89474 4 2 1 -0.122676 -0.315697 
2.31579 4 2 1 -0.186713 -0.313253 
2.73684 4 2 1 -0.248748 -0.310886 
3.15789 4 2 1 -0.308873 -0.308592 
3.57895 4 2 1 -0.367176 -0.306368 
4 4 2 1 -0.423737 -0.30421 
-4 -1.47368 6 1 12.2714 10.8223 
-4 -1.05263 6 1 5.42655 4.54471 
-4 -0.631579 6 1 3.54809 2.82191 
-4 -0.210526 6 1 2.66974 2.01636 
-4 0.210526 6 1 2.16072 1.54952 
-4 0.631579 6 1 1.82855 1.24488 
-4 1.05263 6 1 1.59471 1.03041 
-4 1.47368 6 1 1.42116 0.871249 
-4 1.89474 6 1 1.28725 0.748438 
-4 2.31579 6 1 1.18079 0.650802 
-4 2.73684 6 1 1.09413 0.57132 
-4 3.15789 6 1 1.02221 0.505359 
-4 3.57895 6 1 0.961565 0.44974 
-4 4 6 1 0.909737 0.402207 
4 -3.57895 6 1 -26.8444 19.9896 
4 -3.15789 6 1 -7.80292 5.79706 
4 -2.73684 6 1 -4.47975 3.32013 
4 -2.31579 6 1 -3.09834 2.2905 
4 -1.89474 6 1 -2.3416 1.72646 
4 -1.47368 6 1 -1.86395 1.37045 
4 -1.05263 6 1 -1.53504 1.12529 
4 -0.631579 6 1 -1.29475 0.946191 
4 -0.210526 6 1 -1.11152 0.809618 
4 0.210526 6 1 -0.967175 0.702032 
4 0.631579 6 1 -0.85053 0.615091 
4 1.05263 6 1 -0.754309 0.543372 
4 1.47368 6 1 -0.673578 0.483199 
4 1.89474 6 1 -0.604876 0.431992 
4 2.31579 6 1 -0.545701 0.387886 
4 2.73684 6 1 -0.4942 0.349499 
4 3.15789 6 1 -0.44897 0.315787 
4 3.57895 6 1 -0.408933 0.285945 
4 4 6 1 -0.373242 0.259343 
-4 4 6 1 0.909737 0.402207 
-3.57895 4 6 1 0.820893 0.392314 
-3.15789 4 6 1 0.735112 0.382762 
-2.73684 4 6 1 0.652237 0.373534 
-2.31579 4 6 1 0.572125 0.364613 
-1.89474 4 6 1 0.494639 0.355985 
-1.47368 4 6 1 0.419652 0.347634 
-1.05263 4 6 1 0.347045 0.339549 
-0.631579 4 6 1 0.276706 0.331717 
-0.210526 4 6 1 0.208531 0.324125 
0.210526 4 6 1 0.142422 0.316764 
0.631579 4 6 1 0.0782862 0.309622 
1.05263 4 6 1 0.0160362 0.30269 
1.47368 4 6 1 -0.0444099 0.29596 
1.89474 4 6 1 -0.103129 0.289421 
2.31579 4 6 1 -0.160195 0.283066 
2.73684 4 6 1 -0.215675 0.276889 
3.15789 4 6 1 -0.269636 0.27088 
3.57895 4 6 1 -0.322139 0.265033 
4 4 6 1 -0.373242 0.259343 
