1.54637 -0.0853332 1.57596 1.1813 0 
1.35968 -0.0862941 1.37069 1.10581 1 
1.19209 -0.0871567 1.18821 1.03871 2 
1.0408 -0.0879354 1.02492 0.978664 3 
0.90356 -0.0886418 0.87795 0.924617 4 
0.778489 -0.0892855 0.744964 0.875714 5 
0.664039 -0.0898746 0.624058 0.831253 6 
0.558912 -0.0904157 0.513658 0.790655 7 
0.462014 -0.0909144 0.412452 0.753438 8 
0.372415 -0.0913756 0.319337 0.719197 9 
0.28932 -0.0918033 0.23338 0.687588 10 
0.212046 -0.092201 0.153786 0.658319 11 
0.140002 -0.0925718 0.0798746 0.631139 12 
0.0726741 -0.0929184 0.0110575 0.605833 13 
0.00961397 -0.0932429 -0.0531744 0.582212 14 
-0.0495716 -0.0935476 -0.113264 0.560115 15 
-0.105229 -0.093834 -0.169601 0.539399 16 
-0.157665 -0.0941039 -0.222524 0.519937 17 
-0.207151 -0.0943586 -0.272336 0.501619 18 
-0.253929 -0.0945994 -0.319303 0.484348 19 
1.54637 -0.0853332 1.57596 1.1813 40 
1.67252 -0.110827 1.71986 1.32483 41 
1.83384 -0.143428 1.90891 1.5134 42 
2.04741 -0.186587 2.16835 1.77217 43 
2.34351 -0.246425 2.54644 2.1493 44 
2.78145 -0.334927 3.14873 2.75006 45 
3.49525 -0.479177 4.2587 3.85719 46 
4.86538 -0.756062 6.98577 6.5773 47 
8.56738 -1.50419 24.344 23.8912 48 
-0.253929 -0.0945994 -0.319303 0.484348 60 
-0.296396 -0.106621 -0.367517 0.505224 61 
-0.343827 -0.120048 -0.421644 0.528661 62 
-0.397147 -0.135142 -0.482844 0.55516 63 
-0.457526 -0.152235 -0.5526 0.585364 64 
-0.526465 -0.171751 -0.632842 0.620108 65 
-0.605923 -0.194244 -0.726125 0.660499 66 
-0.698506 -0.220453 -0.835912 0.708035 67 
-0.807759 -0.251381 -0.967005 0.764798 68 
-0.938631 -0.288429 -1.12627 0.83376 69 
-1.09824 -0.333612 -1.3239 0.919329 70 
-1.29722 -0.389942 -1.57562 1.02833 71 
-1.5522 -0.462121 -1.9072 1.17189 72 
-1.89067 -0.557937 -2.36377 1.36959 73 
-2.36167 -0.691271 -3.03244 1.65912 74 
-3.062 -0.889526 -4.10573 2.12384 75 
-4.21306 -1.21537 -6.11017 2.99175 76 
-6.45639 -1.85043 -11.1859 5.18951 77 
-12.7505 -3.63219 -49.5166 21.7864 78 
