-2.55969 0.04151 -2.04591 1.3577 0 
-2.82291 0.0823656 -2.18193 1.54227 1 
-3.18424 0.138451 -2.35402 1.77578 2 
-3.71113 0.220232 -2.57875 2.08071 3 
-4.55115 0.350618 -2.88459 2.49571 4 
-6.10147 0.591253 -3.32516 3.09351 5 
-9.9229 1.1844 -4.0146 4.02902 6 
-34.6694 5.02547 -5.24684 5.70105 7 
0.0228072 -0.0644152 -0.00441014 0.421961 20 
0.0620468 -0.0577474 0.0303786 0.447287 21 
0.104835 -0.0504767 0.0680317 0.474697 22 
0.151676 -0.0425174 0.108918 0.504462 23 
0.203174 -0.0337667 0.153473 0.536897 24 
0.26006 -0.0241004 0.202213 0.572378 25 
0.323226 -0.013367 0.255757 0.611357 26 
0.393773 -0.00137941 0.314852 0.654377 27 
0.473075 0.0120959 0.380409 0.702101 28 
0.56287 0.027354 0.453549 0.755345 29 
0.665387 0.0447741 0.535668 0.815126 30 
0.783536 0.0648504 0.628527 0.882726 31 
0.921189 0.0882408 0.734382 0.959786 32 
1.08361 0.11584 0.856166 1.04844 33 
1.27814 0.148895 0.997767 1.15152 34 
1.51535 0.189202 1.16445 1.27286 35 
1.81101 0.239443 1.36352 1.41779 36 
2.18978 0.303804 1.60545 1.59391 37 
2.6924 0.389212 1.90574 1.81251 38 
3.39152 0.508008 2.2884 2.09108 39 
-2.55969 0.04151 -2.04591 1.3577 40 
-2.16222 0.0252072 -1.77486 1.23346 41 
-1.84153 0.0120535 -1.54608 1.1286 42 
-1.57732 0.00121668 -1.35042 1.03892 43 
-1.35589 -0.00786577 -1.18115 0.961333 44 
-1.16762 -0.015588 -1.03329 0.893556 45 
-1.00558 -0.0222342 -0.902999 0.833838 46 
-0.864649 -0.0280148 -0.787334 0.780822 47 
-0.740952 -0.0330884 -0.683959 0.733439 48 
-0.63151 -0.0375773 -0.591015 0.690837 49 
-0.533994 -0.0415771 -0.506999 0.652328 50 
-0.446555 -0.0451636 -0.430683 0.617348 51 
-0.367708 -0.0483976 -0.361055 0.585433 52 
-0.296245 -0.0513288 -0.297273 0.556198 53 
-0.231176 -0.0539977 -0.23863 0.529318 54 
-0.171679 -0.056438 -0.18453 0.504521 55 
-0.117068 -0.058678 -0.134463 0.481572 56 
-0.0667651 -0.0607412 -0.0879958 0.460274 57 
-0.0202796 -0.0626479 -0.0447529 0.440453 58 
0.0228072 -0.0644152 -0.00441014 0.421961 59 
17.2982 4.36267 4.01628 5.45802 74 
8.34614 1.88133 3.34699 4.15384 75 
5.78174 1.17053 2.93169 3.3446 76 
4.56599 0.833547 2.64886 2.79348 77 
3.85649 0.636888 2.44384 2.39397 78 
3.39152 0.508008 2.2884 2.09108 79 
