5.90181 -0.283788 34.107 22.7463 0 
4.1068 -0.148378 10.5073 7.46953 1 
3.07918 -0.0708576 5.97867 4.53802 2 
2.4135 -0.0206412 4.05651 3.29375 3 
1.94718 0.0145364 2.99343 2.60559 4 
1.60233 0.0405511 2.31869 2.16882 5 
1.33695 0.0605704 1.85237 1.86695 6 
1.12641 0.0764527 1.51082 1.64586 7 
0.955304 0.0893604 1.24987 1.47694 8 
0.813501 0.100057 1.044 1.34368 9 
0.694068 0.109067 0.877443 1.23586 10 
0.592099 0.116759 0.739913 1.14683 11 
0.504023 0.123403 0.624433 1.07208 12 
0.427183 0.1292 0.526092 1.00842 13 
0.359557 0.134302 0.441339 0.953557 14 
0.299582 0.138826 0.36754 0.905784 15 
0.246028 0.142866 0.3027 0.863811 16 
0.197918 0.146495 0.24528 0.826642 17 
0.154461 0.149773 0.194077 0.793497 18 
0.115013 0.152749 0.148132 0.763755 19 
-5.14452 0.0674099 -45.8539 43.6328 33 
-3.86467 0.10971 -10.2672 9.41321 34 
-3.15719 0.133094 -6.05067 5.35871 35 
-2.70828 0.147931 -4.414 3.78492 36 
-2.3981 0.158183 -3.54414 2.94848 37 
-2.17093 0.165691 -3.00446 2.42954 38 
-1.9974 0.171426 -2.63697 2.07616 39 
5.90181 -0.283788 34.107 22.7463 40 
0.115013 0.152749 0.148132 0.763755 60 
0.0701235 0.153146 0.0992011 0.786813 61 
0.022158 0.15357 0.0465094 0.811642 62 
-0.0292106 0.154024 -0.0103945 0.838457 63 
-0.0843578 0.154512 -0.0720365 0.867504 64 
-0.143716 0.155037 -0.139034 0.899075 65 
-0.207788 0.155603 -0.212117 0.933514 66 
-0.277157 0.156217 -0.292155 0.971229 67 
-0.35251 0.156883 -0.380188 1.01271 68 
-0.434654 0.157609 -0.477478 1.05856 69 
-0.524551 0.158404 -0.585568 1.10949 70 
-0.623354 0.159277 -0.706359 1.16641 71 
-0.732455 0.160242 -0.842231 1.23044 72 
-0.853552 0.161313 -0.996196 1.30299 73 
-0.988738 0.162508 -1.17213 1.38589 74 
-1.14063 0.163851 -1.37508 1.48153 75 
-1.31251 0.165371 -1.61181 1.59308 76 
-1.50863 0.167105 -1.89151 1.72488 77 
-1.73448 0.169102 -2.22704 1.88299 78 
-1.9974 0.171426 -2.63697 2.07616 79 
