-0.00474034 -0.237233 0.0394827 0.287269 0 
-0.0454276 -0.239551 0.00286204 0.306606 1 
-0.0898109 -0.242079 -0.0368932 0.327598 2 
-0.138418 -0.244848 -0.0802035 0.350468 3 
-0.191881 -0.247894 -0.127568 0.375478 4 
-0.250967 -0.25126 -0.179584 0.402944 5 
-0.316612 -0.254999 -0.236972 0.433247 6 
-0.389973 -0.259178 -0.30061 0.46685 7 
-0.472493 -0.263879 -0.371577 0.504324 8 
-0.566004 -0.269206 -0.451217 0.546377 9 
-0.672858 -0.275293 -0.541223 0.593903 10 
-0.796129 -0.282315 -0.64376 0.648046 11 
-0.939916 -0.290506 -0.76164 0.710292 12 
-1.10981 -0.300183 -0.898587 0.782605 13 
-1.31362 -0.311793 -1.05963 0.867643 14 
-1.56263 -0.325979 -1.25175 0.969089 15 
-1.87377 -0.343703 -1.4849 1.0922 16 
-2.27359 -0.366479 -1.77379 1.24474 17 
-2.80631 -0.396825 -2.14112 1.43871 18 
-3.5514 -0.439269 -2.62387 1.69362 19 
3.08927 -0.889603 2.68382 0.995753 20 
3.5062 -1.02598 2.95241 1.17659 21 
4.12286 -1.22769 3.31827 1.42291 22 
5.12801 -1.55647 3.84589 1.77815 23 
7.05753 -2.18761 4.67302 2.33505 24 
12.272 -3.89326 6.15579 3.33337 25 
77.161 -25.1183 9.58552 5.64256 26 
-0.00474034 -0.237233 0.0394827 0.287269 40 
0.0388301 -0.24642 0.082348 0.298754 41 
0.0860968 -0.256386 0.128641 0.311157 42 
0.137551 -0.267235 0.17879 0.324593 43 
0.193775 -0.27909 0.233298 0.339197 44 
0.255464 -0.292097 0.292758 0.355128 45 
0.323455 -0.306433 0.357878 0.372575 46 
0.398768 -0.322313 0.429506 0.391766 47 
0.48265 -0.339999 0.50867 0.412976 48 
0.576654 -0.35982 0.596624 0.436541 49 
0.682728 -0.382185 0.694919 0.462877 50 
0.803358 -0.40762 0.805492 0.492502 51 
0.941759 -0.436802 0.930797 0.526074 52 
1.10217 -0.470625 1.07399 0.564439 53 
1.2903 -0.510292 1.23919 0.6087 54 
1.51401 -0.55746 1.4319 0.660332 55 
1.78444 -0.614481 1.65961 0.721341 56 
2.11794 -0.6848 1.93281 0.794538 57 
2.5395 -0.773684 2.26665 0.883981 58 
3.08927 -0.889603 2.68382 0.995753 59 
-3.5514 -0.439269 -2.62387 1.69362 60 
-4.12155 -0.537784 -2.89183 1.9887 61 
-5.03285 -0.695247 -3.27194 2.40728 62 
-6.72221 -0.987148 -3.85325 3.04743 63 
-10.9283 -1.7139 -4.85301 4.14838 64 
-39.6939 -6.68426 -6.9771 6.48745 65 
