0.264105 -0.0654352 0.237422 0.435734 0 
0.218031 -0.0615981 0.19541 0.451818 1 
0.16929 -0.057539 0.151224 0.468735 2 
0.117646 -0.0532381 0.10469 0.48655 3 
0.0628305 -0.0486731 0.0556168 0.505337 4 
0.00454242 -0.0438189 0.00379019 0.525178 5 
-0.057559 -0.0386471 -0.0510283 0.546165 6 
-0.123861 -0.0331256 -0.109105 0.568399 7 
-0.194804 -0.0272175 -0.17074 0.591996 8 
-0.270893 -0.0208808 -0.236271 0.617084 9 
-0.352709 -0.0140671 -0.306078 0.643809 10 
-0.440925 -0.00672052 -0.380594 0.672337 11 
-0.536322 0.00122408 -0.460314 0.702857 12 
-0.639813 0.00984279 -0.5458 0.735585 13 
-0.752475 0.0192252 -0.637703 0.770769 14 
-0.875583 0.0294776 -0.736773 0.808697 15 
-1.01066 0.0407268 -0.843883 0.849703 16 
-1.15954 0.0531256 -0.960052 0.894178 17 
-1.32446 0.0668597 -1.08648 0.94258 18 
-1.50814 0.0821571 -1.22459 0.995455 19 
25.5754 4.22526 5.5719 4.77892 20 
200.23 36.889 6.44322 5.96182 21 
0.264105 -0.0654352 0.237422 0.435734 40 
0.307693 -0.0580463 0.275146 0.466448 41 
0.356232 -0.0498182 0.316682 0.500266 42 
0.410616 -0.0405993 0.362638 0.537682 43 
0.471967 -0.0301991 0.41376 0.579304 44 
0.541718 -0.0183751 0.470969 0.625883 45 
0.62172 -0.00481347 0.535424 0.678359 46 
0.714412 0.0108993 0.608591 0.73793 47 
0.823073 0.0293192 0.692368 0.806139 48 
0.952218 0.0512115 0.78924 0.88501 49 
1.10824 0.0776606 0.90254 0.977256 50 
1.30052 0.110254 1.03683 1.08659 51 
1.54333 0.151415 1.19855 1.21826 52 
1.85963 0.205033 1.39705 1.37987 53 
2.2887 0.277769 1.64648 1.58295 54 
2.90398 0.382068 1.96934 1.84581 55 
3.86023 0.544169 2.40365 2.19941 56 
5.54957 0.83054 3.01914 2.70053 57 
9.33892 1.4729 3.9591 3.46582 58 
25.5754 4.22526 5.5719 4.77892 59 
-1.50814 0.0821571 -1.22459 0.995455 60 
-1.62228 0.116011 -1.28848 1.10844 61 
-1.76717 0.158989 -1.36566 1.24496 62 
-1.95719 0.215353 -1.46078 1.41319 63 
-2.21731 0.292512 -1.58092 1.62567 64 
-2.59511 0.404574 -1.73742 1.90247 65 
-3.19376 0.582148 -1.94976 2.27801 66 
-4.28693 0.906406 -2.25429 2.81662 67 
-6.91853 1.68699 -2.7277 3.65393 68 
-22.047 6.17442 -3.56442 5.13377 69 
