-4 -4 2 1 1.4504 -0.0852224 
-4 -3.57895 2 1 1.28109 -0.0886083 
-4 -3.15789 2 1 1.12711 -0.0916878 
-4 -2.73684 2 1 0.98645 -0.0945008 
-4 -2.31579 2 1 0.857465 -0.0970803 
-4 -1.89474 2 1 0.738755 -0.0994544 
-4 -1.47368 2 1 0.629141 -0.101647 
-4 -1.05263 2 1 0.527615 -0.103677 
-4 -0.631579 2 1 0.433314 -0.105563 
-4 -0.210526 2 1 0.345494 -0.107319 
-4 0.210526 2 1 0.263508 -0.108959 
-4 0.631579 2 1 0.186793 -0.110493 
-4 1.05263 2 1 0.114858 -0.111932 
-4 1.47368 2 1 0.0472689 -0.113283 
-4 1.89474 2 1 -0.0163565 -0.114556 
-4 2.31579 2 1 -0.0763569 -0.115756 
-4 2.73684 2 1 -0.133034 -0.116889 
-4 3.15789 2 1 -0.186655 -0.117962 
-4 3.57895 2 1 -0.237462 -0.118978 
-4 4 2 1 -0.285671 -0.119942 
-4 -4 2 1 1.4504 -0.0852224 
-3.57895 -4 2 1 1.56698 -0.106499 
-3.15789 -4 2 1 1.71483 -0.13348 
-2.73684 -4 2 1 1.90844 -0.168815 
-2.31579 -4 2 1 2.17298 -0.217094 
-1.89474 -4 2 1 2.55616 -0.287024 
-1.47368 -4 2 1 3.16085 -0.397379 
-1.05263 -4 2 1 4.2572 -0.597464 
-0.631579 -4 2 1 6.85572 -1.07169 
-0.210526 -4 2 1 20.7592 -3.60909 
-4 4 2 1 -0.285671 -0.119942 
-3.57895 4 2 1 -0.328763 -0.132282 
-3.15789 4 2 1 -0.377109 -0.146126 
-2.73684 4 2 1 -0.431735 -0.161769 
-2.31579 4 2 1 -0.493947 -0.179585 
-1.89474 4 2 1 -0.565445 -0.200059 
-1.47368 4 2 1 -0.648475 -0.223836 
-1.05263 4 2 1 -0.746071 -0.251784 
-0.631579 4 2 1 -0.862436 -0.285107 
-0.210526 4 2 1 -1.00356 -0.32552 
0.210526 4 2 1 -1.17828 -0.375555 
0.631579 4 2 1 -1.40023 -0.439112 
1.05263 4 2 1 -1.69154 -0.522532 
1.47368 4 2 1 -2.09073 -0.636848 
1.89474 4 2 1 -2.67138 -0.803126 
2.31579 4 2 1 -3.59359 -1.06721 
2.73684 4 2 1 -5.28431 -1.55138 
3.15789 4 2 1 -9.39036 -2.7272 
3.57895 4 2 1 -34.0269 -9.78224 
-4 -4 6 1 1.42096 1.07862 
-4 -3.57895 6 1 1.24379 1.01686 
-4 -3.15789 6 1 1.0835 0.960977 
-4 -2.73684 6 1 0.937772 0.910177 
-4 -2.31579 6 1 0.804718 0.863794 
-4 -1.89474 6 1 0.682752 0.821277 
-4 -1.47368 6 1 0.570543 0.78216 
-4 -1.05263 6 1 0.466965 0.746052 
-4 -0.631579 6 1 0.371058 0.712619 
-4 -0.210526 6 1 0.282003 0.681574 
-4 0.210526 6 1 0.199088 0.65267 
-4 0.631579 6 1 0.121701 0.625693 
-4 1.05263 6 1 0.0493069 0.600456 
-4 1.47368 6 1 -0.018563 0.576796 
-4 1.89474 6 1 -0.0823197 0.554571 
-4 2.31579 6 1 -0.142326 0.533652 
-4 2.73684 6 1 -0.198904 0.513929 
-4 3.15789 6 1 -0.252338 0.495302 
-4 3.57895 6 1 -0.302884 0.477681 
-4 4 6 1 -0.35077 0.460988 
-4 -4 6 1 1.42096 1.07862 
-3.57895 -4 6 1 1.54146 1.20252 
-3.15789 -4 6 1 1.69667 1.36211 
-2.73684 -4 6 1 1.90415 1.57544 
-2.31579 -4 6 1 2.1956 1.87512 
-1.89474 -4 6 1 2.63497 2.3269 
-1.47368 -4 6 1 3.37315 3.08591 
-1.05263 -4 6 1 4.87203 4.6271 
-0.631579 -4 6 1 9.55727 9.44458 
-4 4 6 1 -0.35077 0.460988 
-3.57895 4 6 1 -0.399043 0.482682 
-3.15789 4 6 1 -0.453395 0.507108 
-2.73684 4 6 1 -0.515052 0.534816 
-2.31579 4 6 1 -0.585592 0.566517 
-1.89474 4 6 1 -0.667085 0.60314 
-1.47368 4 6 1 -0.762295 0.645928 
-1.05263 4 6 1 -0.875006 0.696581 
-0.631579 4 6 1 -1.01053 0.757486 
-0.210526 4 6 1 -1.17658 0.832106 
0.210526 4 6 1 -1.38476 0.925664 
0.631579 4 6 1 -1.65345 1.04641 
1.05263 4 6 1 -2.01351 1.20823 
1.47368 4 6 1 -2.52111 1.43634 
1.89474 4 6 1 -3.29028 1.78201 
2.31579 4 6 1 -4.5934 2.36764 
2.73684 4 6 1 -7.28202 3.5759 
3.15789 4 6 1 -16.0736 7.52684 
