5.49928 -1.22594 19.0929 10.2747 1 
3.77612 -0.821804 7.92092 4.54485 2 
2.81603 -0.596631 4.84713 2.96838 3 
2.20402 -0.453096 3.40872 2.23065 4 
1.77985 -0.353614 2.57479 1.80295 5 
1.46855 -0.280602 2.03046 1.52378 6 
1.23035 -0.224737 1.6472 1.32722 7 
1.04221 -0.180612 1.36273 1.18132 8 
0.889849 -0.144879 1.14321 1.06873 9 
0.76395 -0.115352 0.968677 0.979221 10 
0.658168 -0.0905424 0.82659 0.906348 11 
0.568039 -0.0694041 0.708669 0.845869 12 
0.490327 -0.0511782 0.609232 0.794871 13 
0.422632 -0.0353015 0.524249 0.751285 14 
0.363134 -0.0213473 0.450782 0.713606 15 
0.310429 -0.00898639 0.386638 0.680709 16 
0.263418 0.00203939 0.33015 0.651737 17 
0.221224 0.0119353 0.280023 0.626028 18 
0.183143 0.0208665 0.235241 0.60306 19 
-6.12021 -0.938643 -198.601 175.071 31 
-4.14134 -0.535117 -10.4333 8.91353 32 
-3.20132 -0.343428 -5.62288 4.66579 33 
-2.65217 -0.231448 -3.96428 3.2012 34 
-2.29207 -0.158016 -3.12424 2.45942 35 
-2.03773 -0.106151 -2.61673 2.01128 36 
-1.84852 -0.0675686 -2.27693 1.71122 37 
-1.70227 -0.0377449 -2.03348 1.49625 38 
-1.58583 -0.0140015 -1.85051 1.33467 39 
0.183143 0.0208665 0.235241 0.60306 60 
0.137369 0.0199642 0.186659 0.620101 61 
0.0889338 0.0190095 0.134972 0.638231 62 
0.0375995 0.0179977 0.079873 0.657558 63 
-0.0169027 0.0169234 0.0210111 0.678205 64 
-0.0748755 0.0157807 -0.042012 0.700312 65 
-0.136661 0.0145629 -0.109654 0.724039 66 
-0.202649 0.0132622 -0.182442 0.74957 67 
-0.273282 0.0118699 -0.260986 0.777121 68 
-0.34907 0.0103761 -0.345997 0.80694 69 
-0.430597 0.00876912 -0.438309 0.83932 70 
-0.518541 0.00703566 -0.538903 0.874606 71 
-0.613692 0.00516015 -0.648947 0.913206 72 
-0.716972 0.00312441 -0.769839 0.955611 73 
-0.82947 0.000906973 -0.903265 1.00241 74 
-0.952478 -0.00151762 -1.05128 1.05433 75 
-1.08754 -0.00417982 -1.21642 1.11226 76 
-1.23652 -0.00711636 -1.40183 1.17729 77 
-1.40169 -0.0103719 -1.6115 1.25084 78 
-1.58583 -0.0140015 -1.85051 1.33467 79 
