-1.51768 0.396969 -1.99846 1.99863 20 
-1.33659 0.390762 -1.74009 1.89255 21 
-1.17226 0.385129 -1.51158 1.79874 22 
-1.02247 0.379994 -1.30804 1.71517 23 
-0.885369 0.375294 -1.12559 1.64026 24 
-0.759409 0.370976 -0.961102 1.57273 25 
-0.643287 0.366995 -0.812059 1.51154 26 
-0.535893 0.363314 -0.676379 1.45584 27 
-0.436279 0.359899 -0.552343 1.40491 28 
-0.343629 0.356723 -0.438513 1.35818 29 
-0.257237 0.353762 -0.33368 1.31514 30 
-0.17649 0.350994 -0.236818 1.27537 31 
-0.100852 0.348401 -0.14705 1.23851 32 
-0.0298535 0.345967 -0.0636252 1.20426 33 
0.0369201 0.343678 0.0141061 1.17235 34 
0.099835 0.341521 0.0867076 1.14254 35 
0.159216 0.339486 0.154671 1.11464 36 
0.215353 0.337562 0.218426 1.08847 37 
0.268505 0.33574 0.278354 1.06386 38 
0.318903 0.334012 0.334787 1.04069 39 
-5.21704 1.19478 -1421.39 1701.42 52 
-3.62372 0.85116 -11.0861 12.8792 53 
-2.83151 0.68031 -5.79919 6.54919 54 
-2.35759 0.578105 -4.02805 4.42863 55 
-2.04224 0.510095 -3.14082 3.36636 56 
-1.81727 0.461578 -2.60795 2.72836 57 
-1.6487 0.425225 -2.25248 2.30276 58 
-1.51768 0.396969 -1.99846 1.99863 59 
4.75315 1.24432 17.4691 19.4889 64 
3.33198 0.952568 6.95659 8.17027 65 
2.51854 0.785576 4.21189 5.2151 66 
1.99167 0.677416 2.94813 3.85444 67 
1.62262 0.601653 2.22138 3.07196 68 
1.34972 0.545629 1.74933 2.56371 69 
1.13972 0.502518 1.41806 2.20703 70 
0.97312 0.468316 1.17275 1.94291 71 
0.837729 0.440522 0.98379 1.73946 72 
0.725527 0.417488 0.833765 1.57793 73 
0.631026 0.398088 0.711765 1.44658 74 
0.550345 0.381525 0.610608 1.33766 75 
0.480658 0.367219 0.525373 1.24589 76 
0.419861 0.354738 0.452574 1.16751 77 
0.366355 0.343753 0.389676 1.09979 78 
0.318903 0.334012 0.334787 1.04069 79 
