-4 -4 2 1 -1.16102 -0.125489 
-4 -3.57895 2 1 -1.24017 -0.138611 
-4 -3.15789 2 1 -1.33645 -0.154576 
-4 -2.73684 2 1 -1.45612 -0.174417 
-4 -2.31579 2 1 -1.60888 -0.199745 
-4 -1.89474 2 1 -1.81065 -0.233199 
-4 -1.47368 2 1 -2.08952 -0.279436 
-4 -1.05263 2 1 -2.50011 -0.347515 
-4 -0.631579 2 1 -3.16465 -0.457697 
-4 -0.210526 2 1 -4.42415 -0.666526 
-4 0.210526 2 1 -7.72516 -1.21384 
-4 0.631579 2 1 -39.2545 -6.44151 
4 -4 2 1 0.328082 0.0407711 
4 -3.57895 2 1 0.368388 0.0426684 
4 -3.15789 2 1 0.41378 0.0448051 
4 -2.73684 2 1 0.465285 0.0472296 
4 -2.31579 2 1 0.524228 0.0500041 
4 -1.89474 2 1 0.592344 0.0532105 
4 -1.47368 2 1 0.671956 0.056958 
4 -1.05263 2 1 0.766243 0.0613964 
4 -0.631579 2 1 0.879673 0.0667358 
4 -0.210526 2 1 1.01874 0.0732819 
4 0.210526 2 1 1.19323 0.0814956 
4 0.631579 2 1 1.41867 0.0921075 
4 1.05263 2 1 1.72117 0.106347 
4 1.47368 2 1 2.14841 0.126458 
4 1.89474 2 1 2.79757 0.157016 
4 2.31579 2 1 3.90222 0.209015 
4 2.73684 2 1 6.20087 0.317218 
4 3.15789 2 1 13.9059 0.679911 
-4 -4 2 1 -1.16102 -0.125489 
-3.57895 -4 2 1 -1.04023 -0.112003 
-3.15789 -4 2 1 -0.926495 -0.0993038 
-2.73684 -4 2 1 -0.819208 -0.0873251 
-2.31579 -4 2 1 -0.717839 -0.0760071 
-1.89474 -4 2 1 -0.621911 -0.0652967 
-1.47368 -4 2 1 -0.530998 -0.0551461 
-1.05263 -4 2 1 -0.444716 -0.0455126 
-0.631579 -4 2 1 -0.36272 -0.0363577 
-0.210526 -4 2 1 -0.284699 -0.0276466 
0.210526 -4 2 1 -0.210371 -0.0193477 
0.631579 -4 2 1 -0.139478 -0.0114326 
1.05263 -4 2 1 -0.0717898 -0.00387505 
1.47368 -4 2 1 -0.00709229 0.0033485 
1.89474 -4 2 1 0.0548081 0.0102597 
2.31579 -4 2 1 0.114089 0.0168785 
2.73684 -4 2 1 0.170913 0.023223 
3.15789 -4 2 1 0.22543 0.0293098 
3.57895 -4 2 1 0.277777 0.0351545 
4 -4 2 1 0.328082 0.0407711 
-4 -4 6 1 -1.29833 0.796368 
-4 -3.57895 6 1 -1.39497 0.87672 
-4 -3.15789 6 1 -1.51357 0.975332 
-4 -2.73684 6 1 -1.66258 1.09922 
-4 -2.31579 6 1 -1.85541 1.25955 
-4 -1.89474 6 1 -2.11471 1.47514 
-4 -1.47368 6 1 -2.48203 1.78054 
-4 -1.05263 6 1 -3.0426 2.24662 
-4 -0.631579 6 1 -4.00338 3.04545 
-4 -0.210526 6 1 -6.03087 4.73118 
-4 0.210526 6 1 -13.1183 10.6239 
4 -4 6 1 0.279913 0.616573 
4 -3.57895 6 1 0.318346 0.653592 
4 -3.15789 6 1 0.361766 0.695413 
4 -2.73684 6 1 0.411208 0.743036 
4 -2.31579 6 1 0.46802 0.797756 
4 -1.89474 6 1 0.533983 0.86129 
4 -1.47368 6 1 0.611499 0.935953 
4 -1.05263 6 1 0.703897 1.02495 
4 -0.631579 6 1 0.815917 1.13285 
4 -0.210526 6 1 0.954551 1.26638 
4 0.210526 6 1 1.13056 1.43591 
4 0.631579 6 1 1.36143 1.65828 
4 1.05263 6 1 1.67752 1.96273 
4 1.47368 6 1 2.1367 2.40501 
4 1.89474 6 1 2.86458 3.10609 
4 2.31579 6 1 4.19454 4.3871 
4 2.73684 6 1 7.40053 7.47506 
4 3.15789 6 1 25.9514 25.3431 
-4 -4 6 1 -1.29833 0.796368 
-3.57895 -4 6 1 -1.16856 0.781585 
-3.15789 -4 6 1 -1.04666 0.767698 
-2.73684 -4 6 1 -0.931921 0.754627 
-2.31579 -4 6 1 -0.823738 0.742302 
-1.89474 -4 6 1 -0.721562 0.730662 
-1.47368 -4 6 1 -0.624907 0.719651 
-1.05263 -4 6 1 -0.533336 0.709219 
-0.631579 -4 6 1 -0.446459 0.699322 
-0.210526 -4 6 1 -0.363924 0.68992 
0.210526 -4 6 1 -0.285413 0.680976 
0.631579 -4 6 1 -0.21064 0.672457 
1.05263 -4 6 1 -0.139342 0.664335 
1.47368 -4 6 1 -0.0712848 0.656582 
1.89474 -4 6 1 -0.00625079 0.649173 
2.31579 -4 6 1 0.0559568 0.642087 
2.73684 -4 6 1 0.115518 0.635301 
3.15789 -4 6 1 0.172599 0.628799 
3.57895 -4 6 1 0.22735 0.622561 
4 -4 6 1 0.279913 0.616573 
