-4 1.89474 2 1 22.75 -2.75176 
-4 2.31579 2 1 9.86601 -1.03554 
-4 2.73684 2 1 6.58362 -0.598309 
-4 3.15789 2 1 5.08333 -0.398463 
-4 3.57895 2 1 4.22369 -0.283954 
-4 4 2 1 3.66654 -0.209739 
4 -4 2 1 -2.63556 -0.725336 
4 -3.57895 2 1 -2.16909 -0.616291 
4 -3.15789 2 1 -1.80726 -0.531706 
4 -2.73684 2 1 -1.51841 -0.464182 
4 -2.31579 2 1 -1.28248 -0.409029 
4 -1.89474 2 1 -1.08615 -0.363133 
4 -1.47368 2 1 -0.920215 -0.324344 
4 -1.05263 2 1 -0.778133 -0.29113 
4 -0.631579 2 1 -0.655102 -0.262369 
4 -0.210526 2 1 -0.54753 -0.237222 
4 0.210526 2 1 -0.452677 -0.215049 
4 0.631579 2 1 -0.368413 -0.195351 
4 1.05263 2 1 -0.293058 -0.177735 
4 1.47368 2 1 -0.22527 -0.161888 
4 1.89474 2 1 -0.163964 -0.147557 
4 2.31579 2 1 -0.108253 -0.134534 
4 2.73684 2 1 -0.0574041 -0.122647 
4 3.15789 2 1 -0.0108074 -0.111754 
4 3.57895 2 1 0.032049 -0.101735 
4 4 2 1 0.071598 -0.0924902 
1.47368 -4 2 1 -23.2181 -8.79928 
1.89474 -4 2 1 -8.31289 -2.95239 
2.31579 -4 2 1 -5.35687 -1.79282 
2.73684 -4 2 1 -4.09253 -1.29686 
3.15789 -4 2 1 -3.39077 -1.02158 
3.57895 -4 2 1 -2.94445 -0.846503 
4 -4 2 1 -2.63556 -0.725336 
-4 4 2 1 3.66654 -0.209739 
-3.57895 4 2 1 2.93994 -0.186041 
-3.15789 4 2 1 2.41139 -0.168802 
-2.73684 4 2 1 2.00963 -0.155699 
-2.31579 4 2 1 1.69392 -0.145402 
-1.89474 4 2 1 1.4393 -0.137097 
-1.47368 4 2 1 1.22959 -0.130258 
-1.05263 4 2 1 1.05387 -0.124527 
-0.631579 4 2 1 0.904505 -0.119655 
-0.210526 4 2 1 0.775974 -0.115463 
0.210526 4 2 1 0.664204 -0.111818 
0.631579 4 2 1 0.566117 -0.108619 
1.05263 4 2 1 0.479344 -0.105789 
1.47368 4 2 1 0.402036 -0.103267 
1.89474 4 2 1 0.332723 -0.101007 
2.31579 4 2 1 0.270226 -0.0989684 
2.73684 4 2 1 0.213588 -0.0971212 
3.15789 4 2 1 0.16202 -0.0954393 
3.57895 4 2 1 0.114872 -0.0939016 
4 4 2 1 0.071598 -0.0924902 
-4 1.89474 6 1 63.3246 53.2401 
-4 2.31579 6 1 12.4546 9.85786 
-4 2.73684 6 1 7.32993 5.48747 
-4 3.15789 6 1 5.38427 3.82819 
-4 3.57895 6 1 4.35983 2.95454 
-4 4 6 1 3.7276 2.41537 
4 -4 6 1 -3.03483 1.36203 
4 -3.57895 6 1 -2.48606 1.19785 
4 -3.15789 6 1 -2.06708 1.0725 
4 -2.73684 6 1 -1.73671 0.973664 
4 -2.31579 6 1 -1.46953 0.893732 
4 -1.89474 6 1 -1.24899 0.827754 
4 -1.47368 6 1 -1.06387 0.772369 
4 -1.05263 6 1 -0.906256 0.725217 
4 -0.631579 6 1 -0.77045 0.684587 
4 -0.210526 6 1 -0.652217 0.649215 
4 0.210526 6 1 -0.548353 0.618142 
4 0.631579 6 1 -0.456389 0.590629 
4 1.05263 6 1 -0.37439 0.566097 
4 1.47368 6 1 -0.300821 0.544087 
4 1.89474 6 1 -0.234444 0.524229 
4 2.31579 6 1 -0.174255 0.506222 
4 2.73684 6 1 -0.119426 0.489819 
4 3.15789 6 1 -0.0692716 0.474815 
4 3.57895 6 1 -0.0232192 0.461037 
4 4 6 1 0.0192151 0.448342 
1.47368 -4 6 1 -202.39 136.537 
1.89474 -4 6 1 -12.8953 8.04804 
2.31579 -4 6 1 -7.09965 4.11823 
2.73684 -4 6 1 -5.08818 2.75432 
3.15789 -4 6 1 -4.06682 2.06178 
3.57895 -4 6 1 -3.44891 1.6428 
4 -4 6 1 -3.03483 1.36203 
-4 4 6 1 3.7276 2.41537 
-3.57895 4 6 1 2.93755 1.99631 
-3.15789 4 6 1 2.37631 1.69861 
-2.73684 4 6 1 1.95705 1.47622 
-2.31579 4 6 1 1.63195 1.30378 
-1.89474 4 6 1 1.37248 1.16615 
-1.47368 4 6 1 1.1606 1.05376 
-1.05263 4 6 1 0.984304 0.960251 
-0.631579 4 6 1 0.835333 0.881233 
-0.210526 4 6 1 0.707787 0.813579 
0.210526 4 6 1 0.597355 0.755003 
0.631579 4 6 1 0.500808 0.703792 
1.05263 4 6 1 0.415683 0.658639 
1.47368 4 6 1 0.340066 0.61853 
1.89474 4 6 1 0.272448 0.582664 
2.31579 4 6 1 0.211625 0.550401 
2.73684 4 6 1 0.156619 0.521225 
3.15789 4 6 1 0.106636 0.494712 
3.57895 4 6 1 0.0610175 0.470515 
4 4 6 1 0.0192151 0.448342 
