-4 -4 2 1 -0.0717027 -0.0657948 
-4 -3.57895 2 1 -0.110461 -0.0634614 
-4 -3.15789 2 1 -0.153046 -0.0608976 
-4 -2.73684 2 1 -0.200055 -0.0580674 
-4 -2.31579 2 1 -0.252216 -0.0549271 
-4 -1.89474 2 1 -0.310422 -0.0514228 
-4 -1.47368 2 1 -0.375792 -0.0474873 
-4 -1.05263 2 1 -0.449732 -0.0430357 
-4 -0.631579 2 1 -0.534049 -0.0379595 
-4 -0.210526 2 1 -0.631089 -0.0321172 
-4 0.210526 2 1 -0.743969 -0.0253213 
-4 0.631579 2 1 -0.876912 -0.0173175 
-4 1.05263 2 1 -1.03579 -0.00775251 
-4 1.47368 2 1 -1.229 0.00387999 
-4 1.89474 2 1 -1.46904 0.0183315 
-4 2.31579 2 1 -1.77528 0.0367681 
-4 2.73684 2 1 -2.17946 0.0611017 
-4 3.15789 2 1 -2.73753 0.0947001 
-4 3.57895 2 1 -3.55805 0.144099 
-4 4 2 1 -4.88305 0.22387 
4 -4 2 1 2.22039 -0.348336 
4 -3.57895 2 1 2.43534 -0.382437 
4 -3.15789 2 1 2.72402 -0.428235 
4 -2.73684 2 1 3.13222 -0.492992 
4 -2.31579 2 1 3.75351 -0.591556 
4 -1.89474 2 1 4.8137 -0.759751 
4 -1.47368 2 1 7.03191 -1.11166 
4 -1.05263 2 1 14.5883 -2.31044 
-4 -4 2 1 -0.0717027 -0.0657948 
-3.57895 -4 2 1 -0.02775 -0.0712128 
-3.15789 -4 2 1 0.0194206 -0.0770274 
-2.73684 -4 2 1 0.0701761 -0.0832839 
-2.31579 -4 2 1 0.124941 -0.0900347 
-1.89474 -4 2 1 0.18421 -0.0973406 
-1.47368 -4 2 1 0.248564 -0.105273 
-1.05263 -4 2 1 0.318684 -0.113917 
-0.631579 -4 2 1 0.395383 -0.123371 
-0.210526 -4 2 1 0.479632 -0.133757 
0.210526 -4 2 1 0.572604 -0.145217 
0.631579 -4 2 1 0.675728 -0.157929 
1.05263 -4 2 1 0.790761 -0.172109 
1.47368 -4 2 1 0.919895 -0.188027 
1.89474 -4 2 1 1.06589 -0.206023 
2.31579 -4 2 1 1.23228 -0.226534 
2.73684 -4 2 1 1.42366 -0.250124 
3.15789 -4 2 1 1.64611 -0.277546 
3.57895 -4 2 1 1.90788 -0.309813 
4 -4 2 1 2.22039 -0.348336 
-4 4 2 1 -4.88305 0.22387 
-3.57895 4 2 1 -5.96865 0.265339 
-3.15789 4 2 1 -8.00425 0.343096 
-2.73684 4 2 1 -13.2069 0.541831 
-2.31579 4 2 1 -54.8569 2.13281 
-4 -4 6 1 -0.0189283 0.457462 
-4 -3.57895 6 1 -0.05438 0.483804 
-4 -3.15789 6 1 -0.0932494 0.512686 
-4 -2.73684 6 1 -0.136056 0.544493 
-4 -2.31579 6 1 -0.183429 0.579693 
-4 -1.89474 6 1 -0.236141 0.618861 
-4 -1.47368 6 1 -0.295148 0.662706 
-4 -1.05263 6 1 -0.36165 0.71212 
-4 -0.631579 6 1 -0.437172 0.768236 
-4 -0.210526 6 1 -0.523681 0.832517 
-4 0.210526 6 1 -0.623765 0.906883 
-4 0.631579 6 1 -0.740889 0.993912 
-4 1.05263 6 1 -0.879811 1.09714 
-4 1.47368 6 1 -1.04724 1.22155 
-4 1.89474 6 1 -1.25296 1.3744 
-4 2.31579 6 1 -1.51179 1.56672 
-4 2.73684 6 1 -1.84735 1.81606 
-4 3.15789 6 1 -2.2997 2.15218 
-4 3.57895 6 1 -2.94266 2.62993 
-4 4 6 1 -3.92887 3.36273 
4 -4 6 1 2.22872 1.09818 
4 -3.57895 6 1 2.43033 1.26387 
4 -3.15789 6 1 2.69569 1.48195 
4 -2.73684 6 1 3.06073 1.78194 
4 -2.31579 6 1 3.5946 2.22068 
4 -1.89474 6 1 4.44963 2.92335 
4 -1.47368 6 1 6.04031 4.23059 
4 -1.05263 6 1 10.0329 7.51171 
4 -0.631579 6 1 38.6297 31.0129 
-4 -4 6 1 -0.0189283 0.457462 
-3.57895 -4 6 1 0.0258598 0.470229 
-3.15789 -4 6 1 0.0738508 0.483909 
-2.73684 -4 6 1 0.125401 0.498604 
-2.31579 -4 6 1 0.180922 0.514431 
-1.89474 -4 6 1 0.24089 0.531526 
-1.47368 -4 6 1 0.305862 0.550047 
-1.05263 -4 6 1 0.376492 0.570181 
-0.631579 -4 6 1 0.453553 0.592148 
-0.210526 -4 6 1 0.537964 0.616211 
0.210526 -4 6 1 0.630831 0.642684 
0.631579 -4 6 1 0.733489 0.671948 
1.05263 -4 6 1 0.847575 0.70447 
1.47368 -4 6 1 0.975109 0.740825 
1.89474 -4 6 1 1.11862 0.781734 
2.31579 -4 6 1 1.2813 0.828109 
2.73684 -4 6 1 1.46728 0.881125 
3.15789 -4 6 1 1.68195 0.942318 
3.57895 -4 6 1 1.93249 1.01374 
4 -4 6 1 2.22872 1.09818 
-4 4 6 1 -3.92887 3.36273 
-3.57895 4 6 1 -4.59269 4.1949 
-3.15789 4 6 1 -5.70877 5.59402 
-2.73684 4 6 1 -7.97806 8.4388 
-2.31579 4 6 1 -15.0982 17.3647 
