1.13848 0.109775 1.00661 1.00082 0 
1.01573 0.0965994 0.892011 0.964402 1 
0.899595 0.0841335 0.783357 0.929878 2 
0.789553 0.0723217 0.680199 0.897099 3 
0.685136 0.0611137 0.58213 0.865938 4 
0.585924 0.0504645 0.488783 0.836277 5 
0.491537 0.0403331 0.399825 0.80801 6 
0.401632 0.0306828 0.314953 0.781042 7 
0.315897 0.0214801 0.233892 0.755285 8 
0.234048 0.0126946 0.156391 0.73066 9 
0.155827 0.00429842 0.0822206 0.707092 10 
0.0809976 -0.00373364 0.0111707 0.684516 11 
0.00934437 -0.0114248 -0.0569517 0.66287 12 
-0.0593308 -0.0187963 -0.122324 0.642098 13 
-0.12521 -0.0258677 -0.185109 0.622148 14 
-0.18846 -0.0326569 -0.245458 0.602973 15 
-0.249236 -0.0391805 -0.303509 0.584527 16 
-0.30768 -0.0454537 -0.359392 0.56677 17 
-0.363923 -0.0514908 -0.413226 0.549664 18 
-0.418088 -0.0573048 -0.465121 0.533175 19 
1.13848 0.109775 1.00661 1.00082 40 
1.22528 0.122607 1.07656 1.10193 41 
1.33225 0.138421 1.162 1.22543 42 
1.46736 0.158396 1.26872 1.37969 43 
1.6434 0.184421 1.40579 1.57783 44 
1.88227 0.219734 1.58831 1.84167 45 
2.22492 0.270391 1.8434 2.2104 46 
2.75776 0.349164 2.22503 2.76206 47 
3.69996 0.488455 2.85848 3.67771 48 
5.81748 0.801503 4.11565 5.49496 49 
14.9549 2.15235 7.81112 10.8368 50 
-0.418088 -0.0573048 -0.465121 0.533175 60 
-0.465224 -0.0601637 -0.51396 0.567843 61 
-0.518934 -0.0634213 -0.569414 0.607207 62 
-0.580697 -0.0671673 -0.632924 0.652289 63 
-0.65247 -0.0715204 -0.706383 0.704434 64 
-0.736903 -0.0766414 -0.792327 0.76544 65 
-0.837668 -0.0827529 -0.894235 0.837779 66 
-0.960011 -0.0901732 -1.01701 0.924931 67 
-1.1117 -0.0993731 -1.16779 1.03196 68 
-1.30471 -0.11108 -1.3574 1.16656 69 
-1.55863 -0.12648 -1.60305 1.34092 70 
-1.90765 -0.147649 -1.93388 1.57576 71 
-2.41754 -0.178574 -2.4035 1.90912 72 
-3.2328 -0.228021 -3.12244 2.41946 73 
-4.74506 -0.319741 -4.36098 3.29863 74 
-8.51544 -0.54842 -7.00116 5.17275 75 
-34.5046 -2.1247 -16.5233 11.932 76 
