23.2452 -0.0101074 3.9368 4.12334 8 
7.06431 -0.141542 2.88376 2.86078 9 
4.27855 -0.16417 2.30708 2.16935 10 
3.12383 -0.173549 1.94314 1.733 11 
2.49208 -0.178681 1.69256 1.43256 12 
2.09363 -0.181917 1.50951 1.21309 13 
1.81939 -0.184145 1.36993 1.04574 14 
1.6191 -0.185772 1.25998 0.913913 15 
1.46641 -0.187012 1.17114 0.807388 16 
1.34616 -0.187989 1.09785 0.719517 17 
1.24899 -0.188778 1.03636 0.645794 18 
1.16885 -0.189429 0.984036 0.583058 19 
-19.8606 -0.561934 -4.56119 3.72244 22 
-7.15093 -0.331763 -3.19922 2.63219 23 
-4.25976 -0.279404 -2.43015 2.01655 24 
-2.97975 -0.256223 -1.93602 1.62101 25 
-2.25761 -0.243145 -1.59177 1.34543 26 
-1.79389 -0.234747 -1.33817 1.14243 27 
-1.47093 -0.228899 -1.14359 0.98667 28 
-1.23308 -0.224591 -0.989577 0.86338 29 
-1.05061 -0.221287 -0.864635 0.763364 30 
-0.906208 -0.218672 -0.761245 0.680601 31 
-0.789077 -0.21655 -0.674274 0.610981 32 
-0.69216 -0.214795 -0.600099 0.551604 33 
-0.61064 -0.213319 -0.536088 0.500363 34 
-0.541118 -0.21206 -0.480287 0.455695 35 
-0.481126 -0.210973 -0.431211 0.41641 36 
-0.428832 -0.210026 -0.387714 0.381591 37 
-0.382842 -0.209193 -0.348895 0.350516 38 
-0.342082 -0.208455 -0.314039 0.322614 39 
1.16885 -0.189429 0.984036 0.583058 60 
1.04972 -0.190929 0.88665 0.563519 61 
0.936999 -0.192349 0.793762 0.544882 62 
0.830193 -0.193694 0.705067 0.527086 63 
0.728845 -0.19497 0.620286 0.510076 64 
0.632548 -0.196182 0.539167 0.4938 65 
0.540931 -0.197336 0.461478 0.478213 66 
0.453664 -0.198435 0.387005 0.46327 67 
0.370442 -0.199483 0.315552 0.448934 68 
0.290991 -0.200483 0.24694 0.435168 69 
0.215061 -0.20144 0.181002 0.421938 70 
0.142422 -0.202354 0.117585 0.409214 71 
0.0728657 -0.20323 0.0565478 0.396968 72 
0.0061989 -0.20407 -0.00224197 0.385173 73 
-0.0577544 -0.204875 -0.0589059 0.373804 74 
-0.119157 -0.205648 -0.113557 0.362838 75 
-0.178157 -0.206391 -0.166301 0.352256 76 
-0.234895 -0.207105 -0.217236 0.342036 77 
-0.289497 -0.207793 -0.266454 0.332162 78 
-0.342082 -0.208455 -0.314039 0.322614 79 
