5.84724 -1.48297 14.8605 8.1571 2 
3.82668 -0.956808 6.75364 3.91573 3 
2.78928 -0.686667 4.26285 2.6126 4 
2.15789 -0.522251 3.05365 1.97997 5 
1.73316 -0.41165 2.33931 1.60624 6 
1.4279 -0.332159 1.86765 1.35948 7 
1.19791 -0.272271 1.53297 1.18438 8 
1.01842 -0.22553 1.28315 1.05368 9 
0.874433 -0.188035 1.08956 0.952393 10 
0.756365 -0.15729 0.935123 0.871596 11 
0.657796 -0.131623 0.809059 0.805642 12 
0.574264 -0.109871 0.704205 0.750785 13 
0.502572 -0.0912018 0.615625 0.704441 14 
0.440368 -0.0750039 0.539801 0.664772 15 
0.385888 -0.0608169 0.474164 0.630432 16 
0.337775 -0.0482882 0.416791 0.600415 17 
0.294975 -0.0371431 0.366212 0.573953 18 
0.256655 -0.0271644 0.321288 0.55045 19 
-6.24619 -0.814264 -22.1683 21.1271 30 
-4.0544 -0.44909 -6.93987 6.42945 31 
-3.0635 -0.283995 -4.26062 3.84358 32 
-2.49877 -0.189904 -3.14498 2.76683 33 
-2.13393 -0.129119 -2.53336 2.17652 34 
-1.87882 -0.0866134 -2.14714 1.80376 35 
-1.69039 -0.0552203 -1.88111 1.547 36 
-1.54554 -0.0310855 -1.68671 1.35938 37 
-1.4307 -0.0119525 -1.53845 1.21629 38 
-1.33743 0.00358745 -1.42165 1.10356 39 
0.256655 -0.0271644 0.321288 0.55045 60 
0.208782 -0.0262409 0.271708 0.566184 61 
0.158569 -0.0252722 0.219529 0.582742 62 
0.105841 -0.024255 0.164544 0.600192 63 
0.0504026 -0.0231856 0.106518 0.618606 64 
-0.00795962 -0.0220597 0.0451921 0.638067 65 
-0.0694835 -0.0208728 -0.0197227 0.658667 66 
-0.134433 -0.0196199 -0.0885514 0.680509 67 
-0.203103 -0.0182951 -0.161659 0.703709 68 
-0.275821 -0.0168923 -0.239457 0.728398 69 
-0.352958 -0.0154042 -0.322412 0.754723 70 
-0.434928 -0.0138229 -0.411055 0.782853 71 
-0.5222 -0.0121393 -0.50599 0.81298 72 
-0.615306 -0.0103432 -0.607914 0.845325 73 
-0.714851 -0.00842286 -0.717626 0.880141 74 
-0.821527 -0.00636495 -0.836055 0.917724 75 
-0.936129 -0.00415414 -0.964284 0.958416 76 
-1.05957 -0.00177273 -1.10358 1.00262 77 
-1.19293 0.000799808 -1.25544 1.05081 78 
-1.33743 0.00358745 -1.42165 1.10356 79 
