-4 -4 2 1 -1.05487 0.0897041 
-4 -3.57895 2 1 -1.12698 0.0922081 
-4 -3.15789 2 1 -1.21379 0.0952228 
-4 -2.73684 2 1 -1.32032 0.0989223 
-4 -2.31579 2 1 -1.45414 0.10357 
-4 -1.89474 2 1 -1.62729 0.109582 
-4 -1.47368 2 1 -1.86008 0.117667 
-4 -1.05263 2 1 -2.18975 0.129115 
-4 -0.631579 2 1 -2.69265 0.14658 
-4 -0.210526 2 1 -3.55403 0.176493 
-4 0.210526 2 1 -5.36934 0.239534 
-4 0.631579 2 1 -11.6896 0.45902 
4 -4 2 1 0.384753 0.190345 
4 -3.57895 2 1 0.4263 0.198378 
4 -3.15789 2 1 0.473424 0.20749 
4 -2.73684 2 1 0.527331 0.217912 
4 -2.31579 2 1 0.589598 0.229951 
4 -1.89474 2 1 0.662332 0.244014 
4 -1.47368 2 1 0.748415 0.260658 
4 -1.05263 2 1 0.851895 0.280666 
4 -0.631579 2 1 0.978637 0.305171 
4 -0.210526 2 1 1.13748 0.335882 
4 0.210526 2 1 1.34238 0.375499 
4 0.631579 2 1 1.61677 0.428553 
4 1.05263 2 1 2.00324 0.503274 
4 1.47368 2 1 2.58805 0.616345 
4 1.89474 2 1 3.5766 0.807478 
4 2.31579 2 1 5.60742 1.20013 
4 2.73684 2 1 12.1666 2.46833 
-4 -4 2 1 -1.05487 0.0897041 
-3.57895 -4 2 1 -0.948836 0.0971169 
-3.15789 -4 2 1 -0.847403 0.104208 
-2.73684 -4 2 1 -0.750281 0.110997 
-2.31579 -4 2 1 -0.657201 0.117505 
-1.89474 -4 2 1 -0.567915 0.123746 
-1.47368 -4 2 1 -0.482196 0.129739 
-1.05263 -4 2 1 -0.399835 0.135496 
-0.631579 -4 2 1 -0.320638 0.141033 
-0.210526 -4 2 1 -0.244426 0.146361 
0.210526 -4 2 1 -0.171034 0.151491 
0.631579 -4 2 1 -0.100307 0.156436 
1.05263 -4 2 1 -0.0321038 0.161204 
1.47368 -4 2 1 0.033709 0.165805 
1.89474 -4 2 1 0.0972547 0.170247 
2.31579 -4 2 1 0.158649 0.174539 
2.73684 -4 2 1 0.217998 0.178688 
3.15789 -4 2 1 0.275404 0.182701 
3.57895 -4 2 1 0.330959 0.186585 
4 -4 2 1 0.384753 0.190345 
-4 -4 6 1 -1.21828 0.991404 
-4 -3.57895 6 1 -1.31302 1.08476 
-4 -3.15789 6 1 -1.42894 1.19898 
-4 -2.73684 6 1 -1.57403 1.34195 
-4 -2.31579 6 1 -1.76088 1.52606 
-4 -1.89474 6 1 -2.01056 1.77208 
-4 -1.47368 6 1 -2.36114 2.11753 
-4 -1.05263 6 1 -2.88931 2.63796 
-4 -0.631579 6 1 -3.77574 3.51142 
-4 -0.210526 6 1 -5.57208 5.28145 
-4 0.210526 6 1 -11.1565 10.7841 
4 -4 6 1 0.350179 0.811221 
4 -3.57895 6 1 0.391796 0.860995 
4 -3.15789 6 1 0.439341 0.91786 
4 -2.73684 6 1 0.494179 0.983446 
4 -2.31579 6 1 0.558127 1.05993 
4 -1.89474 6 1 0.63366 1.15027 
4 -1.47368 6 1 0.724241 1.2586 
4 -1.05263 6 1 0.834862 1.39091 
4 -0.631579 6 1 0.973003 1.55612 
4 -0.210526 6 1 1.15039 1.76828 
4 0.210526 6 1 1.38653 2.0507 
4 0.631579 6 1 1.71637 2.4452 
4 1.05263 6 1 2.20953 3.03502 
4 1.47368 6 1 3.0272 4.01296 
4 1.89474 6 1 4.64673 5.94993 
4 2.31579 6 1 9.38243 11.6139 
4 2.73684 6 1 254.311 304.551 
-4 -4 6 1 -1.21828 0.991404 
-3.57895 -4 6 1 -1.10023 0.977843 
-3.15789 -4 6 1 -0.987691 0.964914 
-2.73684 -4 6 1 -0.880284 0.952576 
-2.31579 -4 6 1 -0.777666 0.940787 
-1.89474 -4 6 1 -0.679523 0.929512 
-1.47368 -4 6 1 -0.585568 0.918719 
-1.05263 -4 6 1 -0.49554 0.908376 
-0.631579 -4 6 1 -0.409197 0.898457 
-0.210526 -4 6 1 -0.326317 0.888936 
0.210526 -4 6 1 -0.246697 0.879789 
0.631579 -4 6 1 -0.170147 0.870995 
1.05263 -4 6 1 -0.0964929 0.862534 
1.47368 -4 6 1 -0.0255742 0.854387 
1.89474 -4 6 1 0.042759 0.846537 
2.31579 -4 6 1 0.108646 0.838968 
2.73684 -4 6 1 0.172215 0.831665 
3.15789 -4 6 1 0.233587 0.824615 
3.57895 -4 6 1 0.292873 0.817804 
4 -4 6 1 0.350179 0.811221 
