-4 -4 2 1 -0.0335558 -0.181062 
-4 -3.57895 2 1 -0.0734409 -0.18207 
-4 -3.15789 2 1 -0.117075 -0.183173 
-4 -2.73684 2 1 -0.165013 -0.184385 
-4 -2.31579 2 1 -0.217925 -0.185723 
-4 -1.89474 2 1 -0.276627 -0.187207 
-4 -1.47368 2 1 -0.342123 -0.188863 
-4 -1.05263 2 1 -0.415668 -0.190722 
-4 -0.631579 2 1 -0.498841 -0.192825 
-4 -0.210526 2 1 -0.593665 -0.195223 
-4 0.210526 2 1 -0.702773 -0.197981 
-4 0.631579 2 1 -0.829655 -0.201189 
-4 1.05263 2 1 -0.97904 -0.204966 
-4 1.47368 2 1 -1.1575 -0.209478 
-4 1.89474 2 1 -1.37443 -0.214962 
-4 2.31579 2 1 -1.64377 -0.221772 
-4 2.73684 2 1 -1.98714 -0.230453 
-4 3.15789 2 1 -2.43992 -0.241901 
-4 3.57895 2 1 -3.0643 -0.257687 
-4 4 2 1 -3.98064 -0.280854 
4 -4 2 1 2.66383 -0.677942 
4 -3.57895 2 1 2.97163 -0.766315 
4 -3.15789 2 1 3.40567 -0.890932 
4 -2.73684 2 1 4.06362 -1.07984 
4 -2.31579 2 1 5.17902 -1.40008 
4 -1.89474 2 1 7.48309 -2.06161 
4 -1.47368 2 1 15.0434 -4.23226 
-4 -4 2 1 -0.0335558 -0.181062 
-3.57895 -4 2 1 0.0100006 -0.189085 
-3.15789 -4 2 1 0.0570462 -0.197751 
-2.73684 -4 2 1 0.108018 -0.207141 
-2.31579 -4 2 1 0.163428 -0.217348 
-1.89474 -4 2 1 0.223883 -0.228484 
-1.47368 -4 2 1 0.290105 -0.240683 
-1.05263 -4 2 1 0.36296 -0.254103 
-0.631579 -4 2 1 0.443498 -0.268939 
-0.210526 -4 2 1 0.533 -0.285426 
0.210526 -4 2 1 0.633053 -0.303856 
0.631579 -4 2 1 0.745639 -0.324596 
1.05263 -4 2 1 0.87327 -0.348106 
1.47368 -4 2 1 1.01918 -0.374983 
1.89474 -4 2 1 1.18759 -0.406006 
2.31579 -4 2 1 1.38415 -0.442214 
2.73684 -4 2 1 1.61655 -0.485025 
3.15789 -4 2 1 1.89559 -0.536426 
3.57895 -4 2 1 2.23687 -0.599293 
4 -4 2 1 2.66383 -0.677942 
-4 4 2 1 -3.98064 -0.280854 
-3.57895 4 2 1 -4.69266 -0.358764 
-3.15789 4 2 1 -5.88659 -0.489404 
-2.73684 4 2 1 -8.3019 -0.753689 
-2.31579 4 2 1 -15.7753 -1.57143 
-4 -4 6 1 0.0152055 0.341174 
-4 -3.57895 6 1 -0.0208735 0.362646 
-4 -3.15789 6 1 -0.0601919 0.386046 
-4 -2.73684 6 1 -0.103206 0.411645 
-4 -2.31579 6 1 -0.150464 0.439769 
-4 -1.89474 6 1 -0.202625 0.470812 
-4 -1.47368 6 1 -0.260494 0.505252 
-4 -1.05263 6 1 -0.325062 0.543679 
-4 -0.631579 6 1 -0.397565 0.586828 
-4 -0.210526 6 1 -0.47956 0.635626 
-4 0.210526 6 1 -0.573043 0.691261 
-4 0.631579 6 1 -0.680609 0.755277 
-4 1.05263 6 1 -0.805701 0.829723 
-4 1.47368 6 1 -0.95298 0.917374 
-4 1.89474 6 1 -1.12893 1.02209 
-4 2.31579 6 1 -1.34281 1.14937 
-4 2.73684 6 1 -1.60838 1.30742 
-4 3.15789 6 1 -1.94695 1.50892 
-4 3.57895 6 1 -2.39343 1.77463 
-4 4 6 1 -3.00916 2.14108 
4 -4 6 1 2.47211 0.994861 
4 -3.57895 6 1 2.70732 1.16263 
4 -3.15789 6 1 3.0226 1.38751 
4 -2.73684 6 1 3.46722 1.70464 
4 -2.31579 6 1 4.14131 2.18544 
4 -1.89474 6 1 5.28427 3.00069 
4 -1.47368 6 1 7.64622 4.68539 
4 -1.05263 6 1 15.4052 10.2197 
-4 -4 6 1 0.0152055 0.341174 
-3.57895 -4 6 1 0.0587019 0.352747 
-3.15789 -4 6 1 0.105528 0.365205 
-2.73684 -4 6 1 0.156083 0.378656 
-2.31579 -4 6 1 0.210828 0.393221 
-1.89474 -4 6 1 0.270308 0.409047 
-1.47368 -4 6 1 0.335166 0.426303 
-1.05263 -4 6 1 0.406164 0.445193 
-0.631579 -4 6 1 0.484219 0.46596 
-0.210526 -4 6 1 0.570437 0.488899 
0.210526 -4 6 1 0.666169 0.51437 
0.631579 -4 6 1 0.773082 0.542815 
1.05263 -4 6 1 0.893258 0.574789 
1.47368 -4 6 1 1.02933 0.610992 
1.89474 -4 6 1 1.18466 0.65232 
2.31579 -4 6 1 1.36367 0.699948 
2.73684 -4 6 1 1.57221 0.755432 
3.15789 -4 6 1 1.81824 0.820892 
3.57895 -4 6 1 2.11288 0.899284 
4 -4 6 1 2.47211 0.994861 
-4 4 6 1 -3.00916 2.14108 
-3.57895 4 6 1 -3.37001 2.55459 
-3.15789 4 6 1 -3.90636 3.16922 
-2.73684 4 6 1 -4.78743 4.17888 
-2.31579 4 6 1 -6.50289 6.1447 
-1.89474 4 6 1 -11.304 11.6465 
-1.47368 4 6 1 -101.926 115.494 
