-4 -4 2 1 5.90181 -0.283788 
-4 -3.57895 2 1 4.1068 -0.148378 
-4 -3.15789 2 1 3.07918 -0.0708576 
-4 -2.73684 2 1 2.4135 -0.0206412 
-4 -2.31579 2 1 1.94718 0.0145364 
-4 -1.89474 2 1 1.60233 0.0405511 
-4 -1.47368 2 1 1.33695 0.0605704 
-4 -1.05263 2 1 1.12641 0.0764527 
-4 -0.631579 2 1 0.955304 0.0893604 
-4 -0.210526 2 1 0.813501 0.100057 
-4 0.210526 2 1 0.694068 0.109067 
-4 0.631579 2 1 0.592099 0.116759 
-4 1.05263 2 1 0.504023 0.123403 
-4 1.47368 2 1 0.427183 0.1292 
-4 1.89474 2 1 0.359557 0.134302 
-4 2.31579 2 1 0.299582 0.138826 
-4 2.73684 2 1 0.246028 0.142866 
-4 3.15789 2 1 0.197918 0.146495 
-4 3.57895 2 1 0.154461 0.149773 
-4 4 2 1 0.115013 0.152749 
4 0.631579 2 1 -23.968 -0.554732 
4 1.05263 2 1 -8.1631 -0.032358 
4 1.47368 2 1 -5.14452 0.0674099 
4 1.89474 2 1 -3.86467 0.10971 
4 2.31579 2 1 -3.15719 0.133094 
4 2.73684 2 1 -2.70828 0.147931 
4 3.15789 2 1 -2.3981 0.158183 
4 3.57895 2 1 -2.17093 0.165691 
4 4 2 1 -1.9974 0.171426 
-4 -4 2 1 5.90181 -0.283788 
-3.57895 -4 2 1 7.45498 -0.432583 
-3.15789 -4 2 1 10.6843 -0.741953 
-2.73684 -4 2 1 21.4826 -1.77645 
-4 4 2 1 0.115013 0.152749 
-3.57895 4 2 1 0.0701235 0.153146 
-3.15789 4 2 1 0.022158 0.15357 
-2.73684 4 2 1 -0.0292106 0.154024 
-2.31579 4 2 1 -0.0843578 0.154512 
-1.89474 4 2 1 -0.143716 0.155037 
-1.47368 4 2 1 -0.207788 0.155603 
-1.05263 4 2 1 -0.277157 0.156217 
-0.631579 4 2 1 -0.35251 0.156883 
-0.210526 4 2 1 -0.434654 0.157609 
0.210526 4 2 1 -0.524551 0.158404 
0.631579 4 2 1 -0.623354 0.159277 
1.05263 4 2 1 -0.732455 0.160242 
1.47368 4 2 1 -0.853552 0.161313 
1.89474 4 2 1 -0.988738 0.162508 
2.31579 4 2 1 -1.14063 0.163851 
2.73684 4 2 1 -1.31251 0.165371 
3.15789 4 2 1 -1.50863 0.167105 
3.57895 4 2 1 -1.73448 0.169102 
4 4 2 1 -1.9974 0.171426 
-4 -4 6 1 34.107 22.7463 
-4 -3.57895 6 1 10.5073 7.46953 
-4 -3.15789 6 1 5.97867 4.53802 
-4 -2.73684 6 1 4.05651 3.29375 
-4 -2.31579 6 1 2.99343 2.60559 
-4 -1.89474 6 1 2.31869 2.16882 
-4 -1.47368 6 1 1.85237 1.86695 
-4 -1.05263 6 1 1.51082 1.64586 
-4 -0.631579 6 1 1.24987 1.47694 
-4 -0.210526 6 1 1.044 1.34368 
-4 0.210526 6 1 0.877443 1.23586 
-4 0.631579 6 1 0.739913 1.14683 
-4 1.05263 6 1 0.624433 1.07208 
-4 1.47368 6 1 0.526092 1.00842 
-4 1.89474 6 1 0.441339 0.953557 
-4 2.31579 6 1 0.36754 0.905784 
-4 2.73684 6 1 0.3027 0.863811 
-4 3.15789 6 1 0.24528 0.826642 
-4 3.57895 6 1 0.194077 0.793497 
-4 4 6 1 0.148132 0.763755 
4 1.47368 6 1 -45.8539 43.6328 
4 1.89474 6 1 -10.2672 9.41321 
4 2.31579 6 1 -6.05067 5.35871 
4 2.73684 6 1 -4.414 3.78492 
4 3.15789 6 1 -3.54414 2.94848 
4 3.57895 6 1 -3.00446 2.42954 
4 4 6 1 -2.63697 2.07616 
-4 -4 6 1 34.107 22.7463 
-4 4 6 1 0.148132 0.763755 
-3.57895 4 6 1 0.0992011 0.786813 
-3.15789 4 6 1 0.0465094 0.811642 
-2.73684 4 6 1 -0.0103945 0.838457 
-2.31579 4 6 1 -0.0720365 0.867504 
-1.89474 4 6 1 -0.139034 0.899075 
-1.47368 4 6 1 -0.212117 0.933514 
-1.05263 4 6 1 -0.292155 0.971229 
-0.631579 4 6 1 -0.380188 1.01271 
-0.210526 4 6 1 -0.477478 1.05856 
0.210526 4 6 1 -0.585568 1.10949 
0.631579 4 6 1 -0.706359 1.16641 
1.05263 4 6 1 -0.842231 1.23044 
1.47368 4 6 1 -0.996196 1.30299 
1.89474 4 6 1 -1.17213 1.38589 
2.31579 4 6 1 -1.37508 1.48153 
2.73684 4 6 1 -1.61181 1.59308 
3.15789 4 6 1 -1.89151 1.72488 
3.57895 4 6 1 -2.22704 1.88299 
4 4 6 1 -2.63697 2.07616 
