-1.60996 0.408386 -2.13514 2.08797 20 
-1.41276 0.401054 -1.85025 1.96401 21 
-1.2358 0.394475 -1.60179 1.8559 22 
-1.0761 0.388537 -1.38318 1.76078 23 
-0.931273 0.383152 -1.18935 1.67644 24 
-0.79932 0.378247 -1.01632 1.60115 25 
-0.6786 0.373758 -0.860899 1.53353 26 
-0.567739 0.369636 -0.72054 1.47246 27 
-0.465576 0.365838 -0.593151 1.41703 28 
-0.371126 0.362326 -0.477014 1.3665 29 
-0.283547 0.35907 -0.370702 1.32024 30 
-0.202115 0.356043 -0.273017 1.27774 31 
-0.126206 0.35322 -0.182951 1.23855 32 
-0.0552764 0.350583 -0.0996461 1.2023 33 
0.0111489 0.348114 -0.0223683 1.16868 34 
0.0734854 0.345796 0.0495136 1.1374 35 
0.132099 0.343617 0.116546 1.10823 36 
0.187315 0.341564 0.179203 1.08097 37 
0.239418 0.339627 0.2379 1.05543 38 
0.288667 0.337796 0.293 1.03145 39 
-4.06505 0.970417 -14.7374 17.0804 53 
-3.10039 0.749583 -6.71298 7.53406 54 
-2.54771 0.623059 -4.47661 4.87353 55 
-2.18952 0.54106 -3.42577 3.62339 56 
-1.93852 0.483601 -2.81529 2.89711 57 
-1.75286 0.441099 -2.4163 2.42246 58 
-1.60996 0.408386 -2.13514 2.08797 59 
6.34579 1.70505 63.2082 69.3658 63 
4.14433 1.20812 10.3167 11.9186 64 
3.0128 0.952708 5.40512 6.5839 65 
2.3237 0.797158 3.55873 4.57848 66 
1.85997 0.692482 2.59059 3.52694 67 
1.52659 0.617229 1.99447 2.87947 68 
1.27538 0.560523 1.5905 2.44071 69 
1.07928 0.516259 1.29867 2.12374 70 
0.921958 0.480747 1.07797 1.88404 71 
0.792943 0.451624 0.905232 1.69642 72 
0.685226 0.42731 0.766346 1.54557 73 
0.593935 0.406703 0.652251 1.42165 74 
0.51558 0.389016 0.556853 1.31803 75 
0.447592 0.373669 0.475903 1.23011 76 
0.388043 0.360227 0.406351 1.15457 77 
0.335451 0.348356 0.345948 1.08896 78 
0.288667 0.337796 0.293 1.03145 79 
