7.43714 -1.66458 21.8776 12.6665 2 
4.45293 -0.979058 7.89589 4.80199 3 
3.11464 -0.671633 4.69698 3.00266 4 
2.35493 -0.497114 3.27854 2.20481 5 
1.86527 -0.384633 2.4777 1.75436 6 
1.52341 -0.306102 1.96322 1.46497 7 
1.27121 -0.248167 1.6048 1.26337 8 
1.07747 -0.203664 1.34079 1.11486 9 
0.923994 -0.168407 1.13822 1.00092 10 
0.799401 -0.139786 0.97788 0.910734 11 
0.696241 -0.116088 0.847813 0.837574 12 
0.609421 -0.0961445 0.740185 0.777035 13 
0.535345 -0.079128 0.649649 0.726111 14 
0.471398 -0.0644384 0.572434 0.682679 15 
0.415635 -0.0516289 0.505802 0.645199 16 
0.36658 -0.0403602 0.447715 0.612527 17 
0.323092 -0.0303702 0.39663 0.583792 18 
0.284273 -0.0214529 0.351352 0.558324 19 
-5.44806 -0.400075 -11.0989 11.2927 30 
-3.69022 -0.2135 -5.28081 5.22551 31 
-2.84041 -0.123302 -3.56154 3.43265 32 
-2.33948 -0.0701329 -2.73798 2.57383 33 
-2.00916 -0.0350738 -2.25481 2.06998 34 
-1.77499 -0.0102186 -1.93714 1.73871 35 
-1.60031 0.00832161 -1.71237 1.50432 36 
-1.46501 0.0226822 -1.54494 1.32973 37 
-1.35712 0.0341334 -1.4154 1.19464 38 
-1.26908 0.043478 -1.3122 1.08702 39 
0.284273 -0.0214529 0.351352 0.558324 60 
0.235484 -0.0194135 0.301225 0.574255 61 
0.18446 -0.0172807 0.248659 0.590961 62 
0.131043 -0.0150478 0.193471 0.6085 63 
0.0750594 -0.0127077 0.135461 0.626936 64 
0.0163209 -0.0102524 0.0744071 0.64634 65 
-0.0453813 -0.0076732 0.0100621 0.666789 66 
-0.110277 -0.00496051 -0.0578469 0.688371 67 
-0.178622 -0.00210367 -0.129625 0.711183 68 
-0.250697 0.000909112 -0.205611 0.735332 69 
-0.326817 0.00409097 -0.286188 0.76094 70 
-0.407333 0.00745655 -0.371784 0.788144 71 
-0.492635 0.0110222 -0.462884 0.817096 72 
-0.583165 0.0148064 -0.560035 0.847971 73 
-0.679417 0.0188298 -0.663861 0.880968 74 
-0.781953 0.0231159 -0.775075 0.916313 75 
-0.891408 0.0276911 -0.894495 0.954266 76 
-1.00851 0.0325859 -1.02306 0.995126 77 
-1.13408 0.0378349 -1.16187 1.03924 78 
-1.26908 0.043478 -1.3122 1.08702 79 
