-4 -4 2 1 -2.28786 -0.150525 
-4 -3.57895 2 1 -2.50858 -0.142653 
-4 -3.15789 2 1 -2.80559 -0.132061 
-4 -2.73684 2 1 -3.22669 -0.117044 
-4 -2.31579 2 1 -3.8702 -0.0940949 
-4 -1.89474 2 1 -4.97555 -0.0546755 
-4 -1.47368 2 1 -7.31821 0.0288688 
-4 -1.05263 2 1 -15.6164 0.3248 
4 -4 2 1 0.0661029 -0.0954308 
4 -3.57895 2 1 0.105286 -0.0904635 
4 -3.15789 2 1 0.148229 -0.0850196 
4 -2.73684 2 1 0.195499 -0.0790271 
4 -2.31579 2 1 0.247786 -0.0723987 
4 -1.89474 2 1 0.305933 -0.0650274 
4 -1.47368 2 1 0.370983 -0.056781 
4 -1.05263 2 1 0.444243 -0.0474938 
4 -0.631579 2 1 0.527373 -0.0369554 
4 -0.210526 2 1 0.622511 -0.0248947 
4 0.210526 2 1 0.732461 -0.0109563 
4 0.631579 2 1 0.860974 0.00533533 
4 1.05263 2 1 1.01319 0.0246312 
4 1.47368 2 1 1.19632 0.0478467 
4 1.89474 2 1 1.42085 0.076311 
4 2.31579 2 1 1.70262 0.112031 
4 2.73684 2 1 2.06671 0.158187 
4 3.15789 2 1 2.55536 0.220134 
4 3.57895 2 1 3.24569 0.307647 
4 4 2 1 4.29502 0.44067 
-4 -4 2 1 -2.28786 -0.150525 
-3.57895 -4 2 1 -1.95795 -0.142803 
-3.15789 -4 2 1 -1.68383 -0.136388 
-2.73684 -4 2 1 -1.45247 -0.130973 
-2.31579 -4 2 1 -1.25458 -0.126341 
-1.89474 -4 2 1 -1.08338 -0.122334 
-1.47368 -4 2 1 -0.933825 -0.118834 
-1.05263 -4 2 1 -0.802046 -0.11575 
-0.631579 -4 2 1 -0.685054 -0.113011 
-0.210526 -4 2 1 -0.580491 -0.110564 
0.210526 -4 2 1 -0.486477 -0.108364 
0.631579 -4 2 1 -0.401493 -0.106375 
1.05263 -4 2 1 -0.324296 -0.104568 
1.47368 -4 2 1 -0.253864 -0.10292 
1.89474 -4 2 1 -0.189344 -0.101409 
2.31579 -4 2 1 -0.130023 -0.100021 
2.73684 -4 2 1 -0.0752953 -0.0987402 
3.15789 -4 2 1 -0.0246484 -0.0975548 
3.57895 -4 2 1 0.0223581 -0.0964546 
4 -4 2 1 0.0661029 -0.0954308 
2.31579 4 2 1 18.4295 2.82296 
2.73684 4 2 1 9.17284 1.2628 
3.15789 4 2 1 6.40681 0.796602 
3.57895 4 2 1 5.07682 0.572439 
4 4 2 1 4.29502 0.44067 
-4 -4 6 1 -1.93451 1.13525 
-4 -3.57895 6 1 -2.06726 1.29057 
-4 -3.15789 6 1 -2.23485 1.48664 
-4 -2.73684 6 1 -2.45305 1.74193 
-4 -2.31579 6 1 -2.74887 2.08804 
-4 -1.89474 6 1 -3.17269 2.58391 
-4 -1.47368 6 1 -3.83052 3.35356 
-4 -1.05263 6 1 -4.99009 4.71025 
-4 -0.631579 6 1 -7.57929 7.7396 
-4 -0.210526 6 1 -18.4912 20.5065 
4 -4 6 1 0.0288012 0.40174 
4 -3.57895 6 1 0.0633725 0.427316 
4 -3.15789 6 1 0.100992 0.455148 
4 -2.73684 6 1 0.142082 0.485547 
4 -2.31579 6 1 0.187146 0.518886 
4 -1.89474 6 1 0.236788 0.555613 
4 -1.47368 6 1 0.291746 0.596271 
4 -1.05263 6 1 0.35292 0.641529 
4 -0.631579 6 1 0.421428 0.692213 
4 -0.210526 6 1 0.498674 0.749361 
4 0.210526 6 1 0.586443 0.814294 
4 0.631579 6 1 0.687042 0.888719 
4 1.05263 6 1 0.803507 0.974882 
4 1.47368 6 1 0.939913 1.0758 
4 1.89474 6 1 1.10186 1.19561 
4 2.31579 6 1 1.29726 1.34017 
4 2.73684 6 1 1.53768 1.51804 
4 3.15789 6 1 1.84069 1.74221 
4 3.57895 6 1 2.23441 2.03349 
4 4 6 1 2.76673 2.42731 
-4 -4 6 1 -1.93451 1.13525 
-3.57895 -4 6 1 -1.68963 1.04376 
-3.15789 -4 6 1 -1.47939 0.965211 
-2.73684 -4 6 1 -1.29691 0.897038 
-2.31579 -4 6 1 -1.13705 0.837313 
-1.89474 -4 6 1 -0.995846 0.784556 
-1.47368 -4 6 1 -0.870206 0.737617 
-1.05263 -4 6 1 -0.757695 0.695582 
-0.631579 -4 6 1 -0.656357 0.657721 
-0.210526 -4 6 1 -0.564606 0.623442 
0.210526 -4 6 1 -0.481144 0.592259 
0.631579 -4 6 1 -0.404894 0.563772 
1.05263 -4 6 1 -0.334963 0.537645 
1.47368 -4 6 1 -0.270594 0.513596 
1.89474 -4 6 1 -0.21115 0.491388 
2.31579 -4 6 1 -0.156087 0.470816 
2.73684 -4 6 1 -0.104937 0.451706 
3.15789 -4 6 1 -0.0572981 0.433907 
3.57895 -4 6 1 -0.0128201 0.41729 
4 -4 6 1 0.0288012 0.40174 
1.05263 4 6 1 64.5337 106.281 
1.47368 4 6 1 10.3864 15.239 
1.89474 4 6 1 6.1878 8.17944 
2.31579 4 6 1 4.63971 5.57651 
2.73684 4 6 1 3.83445 4.22256 
3.15789 4 6 1 3.34081 3.39256 
3.57895 4 6 1 3.00724 2.83169 
4 4 6 1 2.76673 2.42731 
