-4 -4 2 1 0.932597 0.163876 
-4 -3.57895 2 1 0.835292 0.152788 
-4 -3.15789 2 1 0.740858 0.142028 
-4 -2.73684 2 1 0.649171 0.13158 
-4 -2.31579 2 1 0.560113 0.121432 
-4 -1.89474 2 1 0.473572 0.11157 
-4 -1.47368 2 1 0.389443 0.101984 
-4 -1.05263 2 1 0.307626 0.0926607 
-4 -0.631579 2 1 0.228028 0.0835905 
-4 -0.210526 2 1 0.150559 0.0747629 
-4 0.210526 2 1 0.0751356 0.0661684 
-4 0.631579 2 1 0.00167727 0.0577978 
-4 1.05263 2 1 -0.0698917 0.0496425 
-4 1.47368 2 1 -0.139643 0.0416942 
-4 1.89474 2 1 -0.207646 0.0339453 
-4 2.31579 2 1 -0.273964 0.0263883 
-4 2.73684 2 1 -0.338661 0.0190162 
-4 3.15789 2 1 -0.401793 0.0118222 
-4 3.57895 2 1 -0.463419 0.00479998 
-4 4 2 1 -0.52359 -0.00205654 
-4 -4 2 1 0.932597 0.163876 
-3.57895 -4 2 1 1.0012 0.187798 
-3.15789 -4 2 1 1.08375 0.216587 
-2.73684 -4 2 1 1.185 0.251895 
-2.31579 -4 2 1 1.31211 0.296221 
-1.89474 -4 2 1 1.47643 0.353524 
-1.47368 -4 2 1 1.69712 0.430483 
-1.05263 -4 2 1 2.00916 0.539301 
-0.631579 -4 2 1 2.48412 0.704928 
-0.210526 -4 2 1 3.2946 0.987563 
0.210526 -4 2 1 4.99036 1.57891 
0.631579 -4 2 1 10.7672 3.59344 
-4 4 2 1 -0.52359 -0.00205654 
-3.57895 4 2 1 -0.573641 0.00448167 
-3.15789 4 2 1 -0.631247 0.0120068 
-2.73684 4 2 1 -0.698259 0.0207607 
-2.31579 4 2 1 -0.777185 0.0310708 
-1.89474 4 2 1 -0.871512 0.0433928 
-1.47368 4 2 1 -0.986235 0.0583792 
-1.05263 4 2 1 -1.12877 0.0769989 
-0.631579 4 2 1 -1.31063 0.100756 
-0.210526 4 2 1 -1.5507 0.132115 
0.210526 4 2 1 -1.88222 0.175422 
0.631579 4 2 1 -2.36978 0.239113 
1.05263 4 2 1 -3.15743 0.342005 
1.47368 4 2 1 -4.64542 0.536381 
1.89474 4 2 1 -8.51535 1.04191 
2.31579 4 2 1 -43.4214 5.60172 
-4 -4 6 1 0.792989 0.895986 
-4 -3.57895 6 1 0.705552 0.875734 
-4 -3.15789 6 1 0.620489 0.856031 
-4 -2.73684 6 1 0.537703 0.836855 
-4 -2.31579 6 1 0.457104 0.818186 
-4 -1.89474 6 1 0.378607 0.800004 
-4 -1.47368 6 1 0.30213 0.78229 
-4 -1.05263 6 1 0.227597 0.765026 
-4 -0.631579 6 1 0.154934 0.748195 
-4 -0.210526 6 1 0.0840725 0.731782 
-4 0.210526 6 1 0.0149454 0.71577 
-4 0.631579 6 1 -0.05251 0.700145 
-4 1.05263 6 1 -0.118353 0.684894 
-4 1.47368 6 1 -0.182642 0.670003 
-4 1.89474 6 1 -0.24543 0.655459 
-4 2.31579 6 1 -0.30677 0.641251 
-4 2.73684 6 1 -0.366711 0.627367 
-4 3.15789 6 1 -0.425301 0.613796 
-4 3.57895 6 1 -0.482584 0.600528 
-4 4 6 1 -0.538604 0.587552 
-4 -4 6 1 0.792989 0.895986 
-3.57895 -4 6 1 0.843695 0.979285 
-3.15789 -4 6 1 0.903706 1.07787 
-2.73684 -4 6 1 0.975841 1.19637 
-2.31579 -4 6 1 1.06419 1.3415 
-1.89474 -4 6 1 1.1749 1.52337 
-1.47368 -4 6 1 1.31771 1.75797 
-1.05263 -4 6 1 1.50893 2.0721 
-0.631579 -4 6 1 1.7782 2.51445 
-0.210526 -4 6 1 2.18559 3.18369 
0.210526 -4 6 1 2.87398 4.31454 
0.631579 -4 6 1 4.28717 6.63608 
1.05263 -4 6 1 8.84257 14.1195 
-4 4 6 1 -0.538604 0.587552 
-3.57895 4 6 1 -0.586144 0.632126 
-3.15789 4 6 1 -0.640325 0.682926 
-2.73684 4 6 1 -0.702642 0.741355 
-2.31579 4 6 1 -0.775078 0.809271 
-1.89474 4 6 1 -0.860313 0.889188 
-1.47368 4 6 1 -0.962071 0.984597 
-1.05263 4 6 1 -1.08567 1.10048 
-0.631579 4 6 1 -1.23899 1.24424 
-0.210526 4 6 1 -1.43421 1.42728 
0.210526 4 6 1 -1.69123 1.66826 
0.631579 4 6 1 -2.04491 1.99988 
1.05263 4 6 1 -2.56242 2.48509 
1.47368 4 6 1 -3.39189 3.2628 
1.89474 4 6 1 -4.93707 4.71157 
2.31579 4 6 1 -8.82726 8.35904 
2.73684 4 6 1 -37.196 34.9577 
