-4 -4 2 1 0.0109302 -0.256538 
-4 -3.57895 2 1 -0.0301381 -0.259157 
-4 -3.15789 2 1 -0.074869 -0.262009 
-4 -2.73684 2 1 -0.123775 -0.265127 
-4 -2.31579 2 1 -0.177471 -0.26855 
-4 -1.89474 2 1 -0.236694 -0.272326 
-4 -1.47368 2 1 -0.302346 -0.276511 
-4 -1.05263 2 1 -0.375533 -0.281178 
-4 -0.631579 2 1 -0.457631 -0.286412 
-4 -0.210526 2 1 -0.550374 -0.292325 
-4 0.210526 2 1 -0.655975 -0.299057 
-4 0.631579 2 1 -0.777307 -0.306793 
-4 1.05263 2 1 -0.918169 -0.315774 
-4 1.47368 2 1 -1.08369 -0.326327 
-4 1.89474 2 1 -1.28096 -0.338904 
-4 2.31579 2 1 -1.52009 -0.35415 
-4 2.73684 2 1 -1.81598 -0.373015 
-4 3.15789 2 1 -2.19157 -0.396961 
-4 3.57895 2 1 -2.68407 -0.42836 
-4 4 2 1 -3.35811 -0.471334 
4 -4 2 1 3.35131 -0.980384 
4 -3.57895 2 1 3.8448 -1.14331 
4 -3.15789 2 1 4.59672 -1.39154 
4 -2.73684 2 1 5.88202 -1.81587 
4 -2.31579 2 1 8.58026 -2.70667 
4 -1.89474 2 1 17.8647 -5.77184 
-4 -4 2 1 0.0109302 -0.256538 
-3.57895 -4 2 1 0.054566 -0.265994 
-3.15789 -4 2 1 0.102006 -0.276274 
-2.73684 -4 2 1 0.153769 -0.287491 
-2.31579 -4 2 1 0.210477 -0.299779 
-1.89474 -4 2 1 0.272871 -0.3133 
-1.47368 -4 2 1 0.341853 -0.328248 
-1.05263 -4 2 1 0.418524 -0.344862 
-0.631579 -4 2 1 0.504246 -0.363438 
-0.210526 -4 2 1 0.600722 -0.384344 
0.210526 -4 2 1 0.71011 -0.408048 
0.631579 -4 2 1 0.83519 -0.435152 
1.05263 -4 2 1 0.979599 -0.466445 
1.47368 -4 2 1 1.14819 -0.502978 
1.89474 -4 2 1 1.3476 -0.546189 
2.31579 -4 2 1 1.58712 -0.598091 
2.73684 -4 2 1 1.8802 -0.661602 
3.15789 -4 2 1 2.24709 -0.741105 
3.57895 -4 2 1 2.71967 -0.843512 
4 -4 2 1 3.35131 -0.980384 
-4 4 2 1 -3.35811 -0.471334 
-3.57895 4 2 1 -3.87003 -0.568504 
-3.15789 4 2 1 -4.67113 -0.720567 
-2.73684 4 2 1 -6.10293 -0.992346 
-2.31579 4 2 1 -9.39375 -1.617 
-1.89474 4 2 1 -24.8643 -4.55356 
-4 -4 6 1 0.0522862 0.269179 
-4 -3.57895 6 1 0.0153874 0.28779 
-4 -3.15789 6 1 -0.0245924 0.307955 
-4 -2.73684 6 1 -0.068056 0.329878 
-4 -2.31579 6 1 -0.115479 0.353797 
-4 -1.89474 6 1 -0.16743 0.38 
-4 -1.47368 6 1 -0.224588 0.40883 
-4 -1.05263 6 1 -0.287778 0.440702 
-4 -0.631579 6 1 -0.358008 0.476125 
-4 -0.210526 6 1 -0.436523 0.515727 
-4 0.210526 6 1 -0.524883 0.560294 
-4 0.631579 6 1 -0.625062 0.610823 
-4 1.05263 6 1 -0.739602 0.668595 
-4 1.47368 6 1 -0.871829 0.735288 
-4 1.89474 6 1 -1.02618 0.813141 
-4 2.31579 6 1 -1.20872 0.905212 
-4 2.73684 6 1 -1.42795 1.01579 
-4 3.15789 6 1 -1.69615 1.15106 
-4 3.57895 6 1 -2.03182 1.32037 
-4 4 6 1 -2.46405 1.53838 
4 -4 6 1 2.80335 1.02735 
4 -3.57895 6 1 3.09179 1.22001 
4 -3.15789 6 1 3.48816 1.48476 
4 -2.73684 6 1 4.06694 1.87134 
4 -2.31579 6 1 4.99171 2.48902 
4 -1.89474 6 1 6.70499 3.63337 
4 -1.47368 6 1 10.9647 6.47853 
4 -1.05263 6 1 39.8723 25.7867 
-4 -4 6 1 0.0522862 0.269179 
-3.57895 -4 6 1 0.0948768 0.280917 
-3.15789 -4 6 1 0.140944 0.293613 
-2.73684 -4 6 1 0.190932 0.307389 
-2.31579 -4 6 1 0.245362 0.32239 
-1.89474 -4 6 1 0.304856 0.338786 
-1.47368 -4 6 1 0.370154 0.356781 
-1.05263 -4 6 1 0.442149 0.376623 
-0.631579 -4 6 1 0.521926 0.398609 
-0.210526 -4 6 1 0.61082 0.423107 
0.210526 -4 6 1 0.710489 0.450575 
0.631579 -4 6 1 0.823017 0.481587 
1.05263 -4 6 1 0.951065 0.516876 
1.47368 -4 6 1 1.09808 0.557393 
1.89474 -4 6 1 1.26862 0.604392 
2.31579 -4 6 1 1.46881 0.659564 
2.73684 -4 6 1 1.70713 0.725243 
3.15789 -4 6 1 1.99562 0.804749 
3.57895 -4 6 1 2.35198 0.902958 
4 -4 6 1 2.80335 1.02735 
-4 4 6 1 -2.46405 1.53838 
-3.57895 4 6 1 -2.69855 1.79556 
-3.15789 4 6 1 -3.02503 2.15361 
-2.73684 4 6 1 -3.51082 2.68637 
-2.31579 4 6 1 -4.31012 3.56295 
-1.89474 4 6 1 -5.87102 5.27479 
-1.47368 4 6 1 -10.2726 10.102 
-1.05263 4 6 1 -103.623 112.479 
