-4 -0.210526 2 1 268.015 89.154 
-4 0.210526 2 1 10.0055 3.03729 
-4 0.631579 2 1 5.36343 1.4879 
-4 1.05263 2 1 3.77873 0.958966 
-4 1.47368 2 1 2.97919 0.6921 
-4 1.89474 2 1 2.49714 0.531204 
-4 2.31579 2 1 2.17479 0.423615 
-4 2.73684 2 1 1.94407 0.346605 
-4 3.15789 2 1 1.77076 0.28876 
-4 3.57895 2 1 1.63581 0.243717 
-4 4 2 1 1.52775 0.20765 
4 -4 2 1 -11.6208 1.24693 
4 -3.57895 2 1 -6.14739 0.633038 
4 -3.15789 2 1 -4.06954 0.39999 
4 -2.73684 2 1 -2.97556 0.27729 
4 -2.31579 2 1 -2.30042 0.201567 
4 -1.89474 2 1 -1.84223 0.150177 
4 -1.47368 2 1 -1.5109 0.113015 
4 -1.05263 2 1 -1.26015 0.0848907 
4 -0.631579 2 1 -1.06376 0.0628646 
4 -0.210526 2 1 -0.905796 0.0451472 
4 0.210526 2 1 -0.775978 0.0305869 
4 0.631579 2 1 -0.6674 0.0184089 
4 1.05263 2 1 -0.575243 0.00807272 
4 1.47368 2 1 -0.496045 -0.0008101 
4 1.89474 2 1 -0.427251 -0.00852596 
4 2.31579 2 1 -0.366937 -0.0152906 
4 2.73684 2 1 -0.313627 -0.0212698 
4 3.15789 2 1 -0.266168 -0.0265928 
4 3.57895 2 1 -0.223646 -0.031362 
4 4 2 1 -0.18533 -0.0356596 
3.15789 -4 2 1 -80.6133 12.0215 
3.57895 -4 2 1 -19.221 2.43385 
4 -4 2 1 -11.6208 1.24693 
-4 4 2 1 1.52775 0.20765 
-3.57895 4 2 1 1.35529 0.183155 
-3.15789 4 2 1 1.19947 0.161024 
-2.73684 4 2 1 1.058 0.140932 
-2.31579 4 2 1 0.92899 0.122608 
-1.89474 4 2 1 0.810855 0.105829 
-1.47368 4 2 1 0.702277 0.0904076 
-1.05263 4 2 1 0.602143 0.0761855 
-0.631579 4 2 1 0.509504 0.063028 
-0.210526 4 2 1 0.423549 0.0508198 
0.210526 4 2 1 0.343581 0.0394618 
0.631579 4 2 1 0.268993 0.0288681 
1.05263 4 2 1 0.199262 0.0189642 
1.47368 4 2 1 0.133928 0.00968468 
1.89474 4 2 1 0.0725869 0.000972417 
2.31579 4 2 1 0.0148845 -0.00722309 
2.73684 4 2 1 -0.039494 -0.0149465 
3.15789 4 2 1 -0.0908278 -0.0222374 
3.57895 4 2 1 -0.139365 -0.0291313 
4 4 2 1 -0.18533 -0.0356596 
-4 -0.631579 6 1 12.3674 20.4021 
-4 -0.210526 6 1 5.38863 8.28254 
-4 0.210526 6 1 3.59246 5.16323 
-4 0.631579 6 1 2.769 3.73315 
-4 1.05263 6 1 2.29645 2.9125 
-4 1.47368 6 1 1.98991 2.38015 
-4 1.89474 6 1 1.77497 2.00687 
-4 2.31579 6 1 1.6159 1.73063 
-4 2.73684 6 1 1.49343 1.51795 
-4 3.15789 6 1 1.39624 1.34914 
-4 3.57895 6 1 1.31722 1.21191 
-4 4 6 1 1.25171 1.09816 
4 -4 6 1 -5.17961 4.26435 
4 -3.57895 6 1 -3.70272 3.13491 
4 -3.15789 6 1 -2.83106 2.46832 
4 -2.73684 6 1 -2.25587 2.02845 
4 -2.31579 6 1 -1.84788 1.71644 
4 -1.89474 6 1 -1.54343 1.48362 
4 -1.47368 6 1 -1.30755 1.30324 
4 -1.05263 6 1 -1.11942 1.15936 
4 -0.631579 6 1 -0.965871 1.04194 
4 -0.210526 6 1 -0.83817 0.94428 
4 0.210526 6 1 -0.730298 0.861786 
4 0.631579 6 1 -0.637968 0.791178 
4 1.05263 6 1 -0.558049 0.73006 
4 1.47368 6 1 -0.488194 0.67664 
4 1.89474 6 1 -0.426616 0.629549 
4 2.31579 6 1 -0.371926 0.587725 
4 2.73684 6 1 -0.323029 0.550332 
4 3.15789 6 1 -0.279052 0.5167 
4 3.57895 6 1 -0.239286 0.48629 
4 4 6 1 -0.203156 0.458659 
1.89474 -4 6 1 -49.6077 65.2625 
2.31579 -4 6 1 -14.8188 17.4985 
2.73684 -4 6 1 -9.36133 10.0057 
3.15789 -4 6 1 -7.1407 6.95685 
3.57895 -4 6 1 -5.93588 5.30268 
4 -4 6 1 -5.17961 4.26435 
-4 4 6 1 1.25171 1.09816 
-3.57895 4 6 1 1.11471 1.03794 
-3.15789 4 6 1 0.989219 0.982776 
-2.73684 4 6 1 0.873844 0.932062 
-2.31579 4 6 1 0.76741 0.885278 
-1.89474 4 6 1 0.668916 0.841984 
-1.47368 4 6 1 0.577505 0.801804 
-1.05263 4 6 1 0.492441 0.764414 
-0.631579 4 6 1 0.413084 0.729532 
-0.210526 4 6 1 0.338878 0.696914 
0.210526 4 6 1 0.269338 0.666347 
0.631579 4 6 1 0.204038 0.637644 
1.05263 4 6 1 0.1426 0.610639 
1.47368 4 6 1 0.0846925 0.585185 
1.89474 4 6 1 0.0300191 0.561153 
2.31579 4 6 1 -0.0216837 0.538427 
2.73684 4 6 1 -0.0706514 0.516903 
3.15789 4 6 1 -0.117096 0.496488 
3.57895 4 6 1 -0.161206 0.477098 
4 4 6 1 -0.203156 0.458659 
