0.57349 -0.226915 0.484101 0.397796 0 
0.511606 -0.234216 0.425314 0.39819 1 
0.448172 -0.2417 0.365154 0.398593 2 
0.38313 -0.249374 0.303573 0.399006 3 
0.316418 -0.257245 0.24052 0.399428 4 
0.24797 -0.26532 0.175942 0.39986 5 
0.177719 -0.273609 0.109782 0.400304 6 
0.105591 -0.282119 0.0419818 0.400758 7 
0.031511 -0.290859 -0.0275203 0.401223 8 
-0.0446018 -0.299839 -0.0987894 0.401701 9 
-0.122832 -0.309068 -0.171894 0.40219 10 
-0.20327 -0.318559 -0.246905 0.402693 11 
-0.286009 -0.328321 -0.323899 0.403209 12 
-0.371151 -0.338366 -0.402955 0.403738 13 
-0.458801 -0.348707 -0.484157 0.404282 14 
-0.549072 -0.359357 -0.567595 0.404841 15 
-0.642083 -0.370331 -0.65336 0.405416 16 
-0.73796 -0.381643 -0.741553 0.406006 17 
-0.83684 -0.393309 -0.832278 0.406614 18 
-0.938864 -0.405346 -0.925645 0.40724 19 
0.57349 -0.226915 0.484101 0.397796 40 
0.627717 -0.234507 0.528459 0.433023 41 
0.69046 -0.243291 0.579257 0.473364 42 
0.763898 -0.253573 0.638008 0.520022 43 
0.851019 -0.265771 0.70674 0.574604 44 
0.956041 -0.280474 0.788229 0.63932 45 
1.08511 -0.298545 0.886394 0.717277 46 
1.24756 -0.32129 1.00693 0.813004 47 
1.45826 -0.350789 1.15848 0.933357 48 
1.74245 -0.390578 1.35478 1.08924 49 
2.14671 -0.447178 1.61906 1.29913 50 
2.76751 -0.534095 1.99406 1.59693 51 
3.84248 -0.684598 2.56778 2.05255 52 
6.15744 -1.00871 3.55512 2.83664 53 
14.7818 -2.21618 5.65547 4.50464 54 
-0.938864 -0.405346 -0.925645 0.40724 60 
-1.01328 -0.432752 -0.99208 0.453903 61 
-1.10367 -0.466043 -1.07135 0.509578 62 
-1.21581 -0.50734 -1.16756 0.577156 63 
-1.3586 -0.559929 -1.2868 0.660909 64 
-1.54662 -0.629172 -1.43846 0.767435 65 
-1.80539 -0.72447 -1.63785 0.907484 66 
-2.18408 -0.863937 -1.91169 1.09983 67 
-2.79124 -1.08754 -2.31129 1.38051 68 
-3.9229 -1.50431 -2.94906 1.82847 69 
-6.77548 -2.55487 -4.12834 2.65679 70 
-27.7295 -10.2718 -7.04758 4.70724 71 
