11.6934 -1.86272 53.7156 34.4292 2 
5.70218 -0.881765 10.0186 6.69264 3 
3.69105 -0.55248 5.38316 3.75028 4 
2.68283 -0.387403 3.61144 2.62569 5 
2.07705 -0.288217 2.67596 2.03189 6 
1.67284 -0.222034 2.09772 1.66485 7 
1.38394 -0.174733 1.70489 1.4155 8 
1.16717 -0.139241 1.42061 1.23506 9 
0.998516 -0.111627 1.20536 1.09843 10 
0.863557 -0.08953 1.03671 0.991379 11 
0.753112 -0.0714467 0.901009 0.905243 12 
0.661059 -0.0563747 0.78946 0.834438 13 
0.583156 -0.0436195 0.696142 0.775204 14 
0.516373 -0.0326851 0.616924 0.72492 15 
0.458489 -0.0232077 0.548833 0.6817 16 
0.407836 -0.0149141 0.48968 0.644152 17 
0.363138 -0.0075956 0.437813 0.61123 18 
0.323403 -0.00108982 0.391964 0.582127 19 
-8.27098 0.103762 -22.0593 25.6784 29 
-4.62108 0.106442 -6.51292 7.36602 30 
-3.27432 0.107431 -3.94207 4.33778 31 
-2.57356 0.107946 -2.88515 3.09282 32 
-2.14391 0.108262 -2.30906 2.41424 33 
-1.85355 0.108475 -1.94649 1.98715 34 
-1.64418 0.108629 -1.69728 1.69361 35 
-1.48607 0.108745 -1.51546 1.47944 36 
-1.36245 0.108836 -1.37695 1.31629 37 
-1.26314 0.108909 -1.26793 1.18787 38 
-1.18161 0.108968 -1.17987 1.08415 39 
0.323403 -0.00108982 0.391964 0.582127 60 
0.273277 0.00257578 0.341004 0.598403 61 
0.221064 0.00639405 0.287822 0.615388 62 
0.166629 0.0103747 0.232271 0.633131 63 
0.109829 0.0145284 0.174186 0.651682 64 
0.0505057 0.0188666 0.113393 0.671098 65 
-0.0115128 0.0234018 0.0496952 0.691442 66 
-0.0764144 0.028148 -0.0171189 0.712782 67 
-0.144405 0.03312 -0.0872844 0.735192 68 
-0.21571 0.0383344 -0.16106 0.758754 69 
-0.290579 0.0438094 -0.238731 0.783561 70 
-0.369285 0.049565 -0.320615 0.809714 71 
-0.452132 0.0556234 -0.407064 0.837324 72 
-0.539454 0.062009 -0.498471 0.866518 73 
-0.631624 0.0687492 -0.595274 0.897436 74 
-0.729057 0.0758743 -0.697968 0.930234 75 
-0.832219 0.0834183 -0.807104 0.965091 76 
-0.941629 0.0914192 -0.923311 1.00221 77 
-1.05787 0.0999198 -1.0473 1.04181 78 
-1.18161 0.108968 -1.17987 1.08415 79 
