385.388 83.3231 4.67469 6.28284 8 
9.71581 1.84234 3.23797 4.10175 9 
5.12559 0.846747 2.52684 3.02218 10 
3.57049 0.509456 2.10245 2.37792 11 
2.78816 0.339773 1.82047 1.94984 12 
2.31722 0.23763 1.61952 1.64477 13 
2.00262 0.169394 1.46906 1.41635 14 
1.77759 0.120586 1.35218 1.23892 15 
1.60864 0.0839422 1.25877 1.09712 16 
1.47713 0.0554191 1.18241 0.981187 17 
1.37186 0.0325866 1.11881 0.884645 18 
1.28569 0.0138961 1.06503 0.803001 19 
-16.3082 1.43235 -4.81286 4.18965 21 
-6.89875 0.529192 -3.40319 3.01468 22 
-4.26356 0.276254 -2.59167 2.33828 23 
-3.02339 0.157216 -2.06423 1.89865 24 
-2.30233 0.0880058 -1.69391 1.59 25 
-1.83086 0.0427519 -1.41962 1.36137 26 
-1.49851 0.0108512 -1.20829 1.18523 27 
-1.25162 -0.0128467 -1.04047 1.04535 28 
-1.06098 -0.0311453 -0.903975 0.931582 29 
-0.909333 -0.045701 -0.790789 0.837241 30 
-0.785827 -0.0575558 -0.695409 0.757741 31 
-0.683293 -0.0673975 -0.613939 0.689836 32 
-0.596807 -0.0756987 -0.543544 0.631161 33 
-0.522876 -0.082795 -0.482108 0.579954 34 
-0.458951 -0.0889309 -0.428024 0.534875 35 
-0.403128 -0.094289 -0.380047 0.494886 36 
-0.35396 -0.0990085 -0.337197 0.45917 37 
-0.310323 -0.103197 -0.298695 0.427078 38 
-0.271334 -0.106939 -0.26391 0.398085 39 
1.28569 0.0138961 1.06503 0.803001 60 
1.15109 0.00345036 0.956658 0.76998 61 
1.02577 -0.00627535 0.854703 0.738915 62 
0.908797 -0.0153531 0.758614 0.709638 63 
0.799369 -0.0238454 0.667899 0.681998 64 
0.696777 -0.0318073 0.58212 0.655862 65 
0.600399 -0.0392869 0.500884 0.63111 66 
0.509687 -0.0463267 0.42384 0.607636 67 
0.424157 -0.0529645 0.350672 0.585342 68 
0.343376 -0.0592336 0.281093 0.564142 69 
0.266959 -0.0651641 0.214847 0.543958 70 
0.194563 -0.0707825 0.151699 0.524717 71 
0.125878 -0.076113 0.0914379 0.506356 72 
0.0606252 -0.081177 0.0338691 0.488815 73 
-0.00144561 -0.0859942 -0.0211836 0.472041 74 
-0.0605619 -0.090582 -0.0738816 0.455985 75 
-0.11693 -0.0949565 -0.124373 0.440601 76 
-0.170736 -0.0991323 -0.172793 0.425847 77 
-0.222152 -0.103123 -0.219267 0.411687 78 
-0.271334 -0.106939 -0.26391 0.398085 79 
