-4 -4 2 1 -102.261 -11.6761 
4 -4 2 1 -0.252486 -0.298788 
4 -3.57895 2 1 -0.205446 -0.305027 
4 -3.15789 2 1 -0.155388 -0.311667 
4 -2.73684 2 1 -0.102013 -0.318746 
4 -2.31579 2 1 -0.0449788 -0.326311 
4 -1.89474 2 1 0.0161036 -0.334413 
4 -1.47368 2 1 0.0816812 -0.343111 
4 -1.05263 2 1 0.152269 -0.352474 
4 -0.631579 2 1 0.228464 -0.362581 
4 -0.210526 2 1 0.310963 -0.373523 
4 0.210526 2 1 0.400581 -0.38541 
4 0.631579 2 1 0.49828 -0.398369 
4 1.05263 2 1 0.605207 -0.412551 
4 1.47368 2 1 0.722733 -0.42814 
4 1.89474 2 1 0.852516 -0.445354 
4 2.31579 2 1 0.996579 -0.464462 
4 2.73684 2 1 1.15742 -0.485795 
4 3.15789 2 1 1.33814 -0.509766 
4 3.57895 2 1 1.54268 -0.536896 
4 4 2 1 1.77607 -0.567853 
-4 -4 2 1 -102.261 -11.6761 
-3.57895 -4 2 1 -13.1942 -1.74222 
-3.15789 -4 2 1 -6.80243 -1.02933 
-2.73684 -4 2 1 -4.46297 -0.768398 
-2.31579 -4 2 1 -3.24971 -0.633079 
-1.89474 -4 2 1 -2.5072 -0.550264 
-1.47368 -4 2 1 -2.00597 -0.49436 
-1.05263 -4 2 1 -1.64485 -0.454084 
-0.631579 -4 2 1 -1.37231 -0.423685 
-0.210526 -4 2 1 -1.1593 -0.399928 
0.210526 -4 2 1 -0.98825 -0.38085 
0.631579 -4 2 1 -0.847867 -0.365193 
1.05263 -4 2 1 -0.730583 -0.352112 
1.47368 -4 2 1 -0.631131 -0.34102 
1.89474 -4 2 1 -0.545732 -0.331495 
2.31579 -4 2 1 -0.471602 -0.323227 
2.73684 -4 2 1 -0.40665 -0.315982 
3.15789 -4 2 1 -0.349271 -0.309583 
3.57895 -4 2 1 -0.298213 -0.303888 
4 -4 2 1 -0.252486 -0.298788 
0.631579 4 2 1 53.6118 -16.2109 
1.05263 4 2 1 8.8555 -2.7043 
1.47368 4 2 1 5.06694 -1.56098 
1.89474 4 2 1 3.65742 -1.13561 
2.31579 4 2 1 2.92151 -0.913525 
2.73684 4 2 1 2.46946 -0.777106 
3.15789 4 2 1 2.16359 -0.6848 
3.57895 4 2 1 1.94286 -0.618188 
4 4 2 1 1.77607 -0.567853 
-4 -4 6 1 -7.21319 4.31322 
-4 -3.57895 6 1 -9.2492 5.96205 
-4 -3.15789 6 1 -13.7157 9.57918 
-4 -2.73684 6 1 -31.4089 23.9077 
4 -4 6 1 -0.205025 0.247838 
4 -3.57895 6 1 -0.161155 0.257557 
4 -3.15789 6 1 -0.114749 0.267839 
4 -2.73684 6 1 -0.0655795 0.278733 
4 -2.31579 6 1 -0.0133918 0.290296 
4 -1.89474 6 1 0.0421006 0.30259 
4 -1.47368 6 1 0.101222 0.315689 
4 -1.05263 6 1 0.16434 0.329673 
4 -0.631579 6 1 0.231874 0.344636 
4 -0.210526 6 1 0.304305 0.360684 
4 0.210526 6 1 0.382185 0.377939 
4 0.631579 6 1 0.466153 0.396543 
4 1.05263 6 1 0.556952 0.41666 
4 1.47368 6 1 0.655452 0.438483 
4 1.89474 6 1 0.762674 0.462239 
4 2.31579 6 1 0.879831 0.488196 
4 2.73684 6 1 1.00837 0.516675 
4 3.15789 6 1 1.15004 0.548063 
4 3.57895 6 1 1.30695 0.582828 
4 4 6 1 1.48171 0.621547 
-4 -4 6 1 -7.21319 4.31322 
-3.57895 -4 6 1 -4.7177 2.86561 
-3.15789 -4 6 1 -3.43304 2.12038 
-2.73684 -4 6 1 -2.65 1.66615 
-2.31579 -4 6 1 -2.12277 1.36031 
-1.89474 -4 6 1 -1.7436 1.14036 
-1.47368 -4 6 1 -1.4578 0.974564 
-1.05263 -4 6 1 -1.23466 0.845123 
-0.631579 -4 6 1 -1.05561 0.741258 
-0.210526 -4 6 1 -0.908762 0.65607 
0.210526 -4 6 1 -0.786139 0.584938 
0.631579 -4 6 1 -0.682206 0.524647 
1.05263 -4 6 1 -0.592992 0.472894 
1.47368 -4 6 1 -0.515577 0.427987 
1.89474 -4 6 1 -0.447766 0.38865 
2.31579 -4 6 1 -0.387876 0.353908 
2.73684 -4 6 1 -0.334596 0.323001 
3.15789 -4 6 1 -0.286888 0.295326 
3.57895 -4 6 1 -0.243922 0.270402 
4 -4 6 1 -0.205025 0.247838 
-0.210526 4 6 1 60.8356 54.9663 
0.210526 4 6 1 8.54261 7.08655 
0.631579 4 6 1 4.84197 3.69822 
1.05263 4 6 1 3.48922 2.45963 
1.47368 4 6 1 2.78803 1.81762 
1.89474 4 6 1 2.35903 1.42482 
2.31579 4 6 1 2.06948 1.15972 
2.73684 4 6 1 1.86091 0.968741 
3.15789 4 6 1 1.7035 0.824618 
3.57895 4 6 1 1.58049 0.711989 
4 4 6 1 1.48171 0.621547 
