2.07541 0.273228 2.57081 2.34837 0 
1.77432 0.254675 2.13426 2.09664 1 
1.52125 0.239081 1.78421 1.89478 2 
1.30557 0.225791 1.49727 1.72932 3 
1.11955 0.214329 1.25778 1.59121 4 
0.957476 0.204342 1.05487 1.47421 5 
0.814999 0.195563 0.88076 1.3738 6 
0.688767 0.187784 0.729716 1.2867 7 
0.576153 0.180845 0.597443 1.21043 8 
0.475066 0.174616 0.480646 1.14308 9 
0.383822 0.168994 0.376759 1.08317 10 
0.301049 0.163894 0.283754 1.02954 11 
0.225622 0.159246 0.200006 0.981244 12 
0.156603 0.154993 0.124198 0.93753 13 
0.0932089 0.151087 0.0552532 0.897772 14 
0.0347793 0.147486 -0.00772121 0.861458 15 
-0.0192471 0.144157 -0.0654682 0.828158 16 
-0.06935 0.14107 -0.118613 0.797512 17 
-0.115942 0.138199 -0.167684 0.769215 18 
-0.159379 0.135522 -0.213133 0.743007 19 
-6.97352 -0.358322 -26.2248 15.8423 39 
2.07541 0.273228 2.57081 2.34837 40 
2.27853 0.284305 2.94939 2.7887 41 
2.55346 0.299298 3.52312 3.45597 42 
2.94646 0.32073 4.49523 4.5866 43 
3.55437 0.353882 6.50136 6.91985 44 
4.61983 0.411987 13.0656 14.5544 45 
-0.159379 0.135522 -0.213133 0.743007 60 
-0.202514 0.132396 -0.263247 0.772097 61 
-0.250081 0.128949 -0.319028 0.804478 62 
-0.302802 0.125128 -0.381497 0.840739 63 
-0.361562 0.120869 -0.451931 0.881626 64 
-0.427461 0.116094 -0.531959 0.92808 65 
-0.501884 0.1107 -0.623684 0.981325 66 
-0.586601 0.10456 -0.729872 1.04297 67 
-0.683904 0.0975082 -0.854236 1.11516 68 
-0.796825 0.0893244 -1.00188 1.20086 69 
-0.929452 0.0797125 -1.18002 1.30427 70 
-1.08744 0.0682629 -1.39918 1.43149 71 
-1.27882 0.054393 -1.67539 1.59182 72 
-1.51543 0.0372444 -2.03425 1.80014 73 
-1.81548 0.0154988 -2.51938 2.08175 74 
-2.20841 -0.0129781 -3.21166 2.4836 75 
-2.74525 -0.0518845 -4.27977 3.10362 76 
-3.52277 -0.108234 -6.14381 4.18567 77 
-4.74961 -0.197147 -10.2218 6.55285 78 
-6.97352 -0.358322 -26.2248 15.8423 79 
