-0.450766 0.086956 -0.380177 0.68285 20 
-0.394336 0.0828786 -0.324156 0.68841 21 
-0.33602 0.0786649 -0.266314 0.69415 22 
-0.275723 0.0743081 -0.206562 0.70008 23 
-0.213341 0.0698006 -0.144804 0.706209 24 
-0.148764 0.0651345 -0.0809359 0.712548 25 
-0.0818746 0.0603014 -0.0148484 0.719107 26 
-0.0125463 0.055292 0.0535762 0.725898 27 
0.0593569 0.0500965 0.124464 0.732933 28 
0.133981 0.0447044 0.197951 0.740226 29 
0.211484 0.0391044 0.274182 0.747792 30 
0.292035 0.0332841 0.353315 0.755645 31 
0.375818 0.0272303 0.435517 0.763803 32 
0.463031 0.0209286 0.520971 0.772284 33 
0.553889 0.0143635 0.609875 0.781107 34 
0.648627 0.00751816 0.70244 0.790294 35 
0.747496 0.000374222 0.798899 0.799867 36 
0.850775 -0.00708829 0.899501 0.809851 37 
0.958764 -0.0148912 1.00452 0.820274 38 
1.07179 -0.0230583 1.11425 0.831165 39 
-12.4197 2.75213 -7.57111 9.24719 44 
-5.67989 1.25135 -4.19574 5.22716 45 
-3.62043 0.792758 -2.85523 3.63062 46 
-2.62253 0.570553 -2.13569 2.77365 47 
-2.03361 0.439414 -1.68677 2.23899 48 
-1.645 0.35288 -1.37997 1.8736 49 
-1.36935 0.291501 -1.15702 1.60807 50 
-1.16367 0.245701 -0.987687 1.40639 51 
-1.00431 0.210216 -0.854698 1.248 52 
-0.877209 0.181914 -0.747488 1.12031 53 
-0.773473 0.158814 -0.659223 1.01519 54 
-0.6872 0.139604 -0.585291 0.927138 55 
-0.614324 0.123376 -0.522461 0.852309 56 
-0.551949 0.109487 -0.468408 0.787932 57 
-0.497957 0.0974644 -0.421412 0.731961 58 
-0.450766 0.086956 -0.380177 0.68285 59 
5206.96 294.114 22.7222 23.3849 68 
9.26107 0.439643 7.10917 7.08848 69 
4.76016 0.185338 4.29775 4.154 70 
3.25812 0.100471 3.12123 2.92599 71 
2.50678 0.0580197 2.47477 2.25123 72 
2.05587 0.0325429 2.06602 1.82458 73 
1.75522 0.0155559 1.78422 1.53045 74 
1.54045 0.0034211 1.57818 1.31539 75 
1.37936 -0.00568065 1.42097 1.1513 76 
1.25406 -0.0127602 1.29707 1.02198 77 
1.15381 -0.018424 1.19691 0.917433 78 
1.07179 -0.0230583 1.11425 0.831165 79 
