-0.281298 -0.302381 -0.227402 0.250885 20 
-0.233389 -0.309411 -0.182424 0.259396 21 
-0.182554 -0.31687 -0.134956 0.268378 22 
-0.128515 -0.324798 -0.0847857 0.277871 23 
-0.0709611 -0.333243 -0.0316767 0.28792 24 
-0.00953675 -0.342256 0.0246377 0.298576 25 
0.0561619 -0.351896 0.0844566 0.309894 26 
0.126597 -0.36223 0.148118 0.32194 27 
0.2023 -0.373338 0.216003 0.334785 28 
0.283884 -0.385309 0.288548 0.348512 29 
0.372064 -0.398247 0.36625 0.363215 30 
0.467671 -0.412276 0.449678 0.379001 31 
0.571687 -0.427538 0.53949 0.395995 32 
0.685271 -0.444203 0.636447 0.414341 33 
0.809808 -0.462476 0.741437 0.434207 34 
0.946961 -0.482601 0.855503 0.455791 35 
1.09875 -0.504872 0.979873 0.479324 36 
1.26765 -0.529654 1.11601 0.505084 37 
1.45673 -0.557397 1.26567 0.533402 38 
1.66983 -0.588665 1.43097 0.564679 39 
-23.6282 -3.27959 -5.82056 3.55277 41 
-8.79012 -1.38743 -3.97847 2.46531 42 
-5.24274 -0.935066 -2.96438 1.86664 43 
-3.65071 -0.73205 -2.32246 1.48769 44 
-2.74662 -0.616761 -1.87961 1.22626 45 
-2.1638 -0.542438 -1.55565 1.03501 46 
-1.75683 -0.490542 -1.30837 0.889028 47 
-1.45656 -0.452251 -1.11343 0.773945 48 
-1.22589 -0.422836 -0.955797 0.680889 49 
-1.04314 -0.399531 -0.825702 0.604087 50 
-0.894775 -0.380612 -0.716506 0.539624 51 
-0.771928 -0.364946 -0.623548 0.484747 52 
-0.668537 -0.351762 -0.543456 0.437465 53 
-0.580319 -0.340512 -0.473733 0.396305 54 
-0.504162 -0.330801 -0.412487 0.360148 55 
-0.437751 -0.322332 -0.35826 0.328136 56 
-0.379327 -0.314882 -0.309913 0.299594 57 
-0.327532 -0.308277 -0.266536 0.273987 58 
-0.281298 -0.302381 -0.227402 0.250885 59 
22.2951 -7.67292 4.6045 3.26388 71 
7.18997 -2.48469 3.35649 2.2024 72 
4.46274 -1.54796 2.69415 1.63905 73 
3.3208 -1.15573 2.28356 1.28984 74 
2.69318 -0.94016 2.00412 1.05216 75 
2.29627 -0.803832 1.80163 0.879943 76 
2.02261 -0.709838 1.64817 0.749416 77 
1.82251 -0.641109 1.52784 0.647074 78 
1.66983 -0.588665 1.43097 0.564679 79 
