0.197526 -0.132601 0.191273 0.373078 0 
0.153415 -0.129254 0.151357 0.390803 1 
0.10636 -0.125684 0.10905 0.40959 2 
0.056055 -0.121867 0.064129 0.429537 3 
0.00215275 -0.117778 0.0163448 0.450756 4 
-0.0557474 -0.113385 -0.0345855 0.473371 5 
-0.118107 -0.108653 -0.0889833 0.497527 6 
-0.185463 -0.103543 -0.147215 0.523385 7 
-0.25844 -0.098006 -0.209701 0.551132 8 
-0.337773 -0.0919868 -0.276925 0.580983 9 
-0.424328 -0.0854196 -0.349446 0.613186 10 
-0.519141 -0.0782259 -0.427918 0.648032 11 
-0.623452 -0.0703116 -0.513104 0.685859 12 
-0.738763 -0.0615627 -0.605903 0.727067 13 
-0.866912 -0.0518398 -0.707385 0.77213 14 
-1.01017 -0.0409706 -0.818827 0.821617 15 
-1.17137 -0.0287398 -0.941773 0.876211 16 
-1.35411 -0.0148745 -1.0781 0.936747 17 
-1.56303 0.00097653 -1.23011 1.00425 18 
-1.80418 0.0192728 -1.4007 1.08 19 
9.53434 0.361706 4.2928 3.00958 20 
14.202 0.711856 4.82596 3.64362 21 
32.0613 2.05158 5.61798 4.58551 22 
0.197526 -0.132601 0.191273 0.373078 40 
0.241259 -0.130286 0.230312 0.398173 41 
0.289655 -0.127724 0.273073 0.42566 42 
0.343501 -0.124873 0.320117 0.4559 43 
0.403773 -0.121682 0.372119 0.489328 44 
0.471695 -0.118086 0.429907 0.526475 45 
0.548821 -0.114003 0.494505 0.567999 46 
0.637159 -0.109326 0.567191 0.614722 47 
0.739345 -0.103916 0.649585 0.667685 48 
0.858911 -0.0975864 0.743771 0.728229 49 
1.00071 -0.0900795 0.852477 0.798106 50 
1.17156 -0.0810342 0.97934 0.879655 51 
1.38143 -0.0699233 1.12932 0.976066 52 
1.6454 -0.0559481 1.30938 1.09181 53 
1.98749 -0.0378373 1.52957 1.23335 54 
2.44839 -0.0134363 1.80499 1.41039 55 
3.10302 0.0212207 2.15939 1.6382 56 
4.106 0.0743202 2.63244 1.94229 57 
5.8362 0.16592 3.29571 2.36864 58 
9.53434 0.361706 4.2928 3.00958 59 
-1.80418 0.0192728 -1.4007 1.08 60 
-1.9575 0.0459075 -1.47689 1.2106 61 
-2.15859 0.0808402 -1.57073 1.37145 62 
-2.43389 0.128664 -1.68915 1.57443 63 
-2.83377 0.198129 -1.84327 1.83859 64 
-3.46752 0.308222 -2.05208 2.19652 65 
-4.62512 0.509313 -2.351 2.70888 66 
-7.41353 0.993702 -2.81438 3.50314 67 
-23.4913 3.78666 -3.62945 4.90022 68 
