-4 1.47368 2 1 64.3878 -9.17192 
-4 1.89474 2 1 12.4006 -1.56725 
-4 2.31579 2 1 7.25291 -0.814247 
-4 2.73684 2 1 5.30273 -0.528975 
-4 3.15789 2 1 4.27685 -0.378909 
-4 3.57895 2 1 3.64404 -0.286342 
-4 4 2 1 3.21472 -0.223541 
4 -4 2 1 -2.99099 -0.883262 
4 -3.57895 2 1 -2.41011 -0.738575 
4 -3.15789 2 1 -1.97769 -0.630868 
4 -2.73684 2 1 -1.64327 -0.547569 
4 -2.31579 2 1 -1.37692 -0.481226 
4 -1.89474 2 1 -1.15977 -0.42714 
4 -1.47368 2 1 -0.979357 -0.382202 
4 -1.05263 2 1 -0.827075 -0.344271 
4 -0.631579 2 1 -0.696822 -0.311827 
4 -0.210526 2 1 -0.584141 -0.283761 
4 0.210526 2 1 -0.4857 -0.259241 
4 0.631579 2 1 -0.398961 -0.237636 
4 1.05263 2 1 -0.321954 -0.218455 
4 1.47368 2 1 -0.253128 -0.201312 
4 1.89474 2 1 -0.191246 -0.185898 
4 2.31579 2 1 -0.135306 -0.171964 
4 2.73684 2 1 -0.0844928 -0.159308 
4 3.15789 2 1 -0.0381317 -0.14776 
4 3.57895 2 1 0.00433763 -0.137182 
4 4 2 1 0.0433855 -0.127455 
1.89474 -4 2 1 -13.3941 -5.03528 
2.31579 -4 2 1 -7.04303 -2.50048 
2.73684 -4 2 1 -4.99944 -1.68486 
3.15789 -4 2 1 -3.99088 -1.28233 
3.57895 -4 2 1 -3.38991 -1.04248 
4 -4 2 1 -2.99099 -0.883262 
-4 4 2 1 3.21472 -0.223541 
-3.57895 4 2 1 2.63913 -0.206101 
-3.15789 4 2 1 2.20139 -0.192839 
-2.73684 4 2 1 1.85726 -0.182412 
-2.31579 4 2 1 1.57962 -0.174 
-1.89474 4 2 1 1.35089 -0.16707 
-1.47368 4 2 1 1.1592 -0.161263 
-1.05263 4 2 1 0.996229 -0.156325 
-0.631579 4 2 1 0.855965 -0.152075 
-0.210526 4 2 1 0.733975 -0.148379 
0.210526 4 2 1 0.626906 -0.145135 
0.631579 4 2 1 0.532178 -0.142265 
1.05263 4 2 1 0.447774 -0.139708 
1.47368 4 2 1 0.372092 -0.137415 
1.89474 4 2 1 0.303848 -0.135347 
2.31579 4 2 1 0.241997 -0.133473 
2.73684 4 2 1 0.18568 -0.131767 
3.15789 4 2 1 0.134186 -0.130206 
3.57895 4 2 1 0.0869214 -0.128774 
4 4 2 1 0.0433855 -0.127455 
-4 1.47368 6 1 97.0881 84.8859 
-4 1.89474 6 1 12.1893 9.99748 
-4 2.31579 6 1 6.92899 5.35737 
-4 2.73684 6 1 5.02763 3.68019 
-4 3.15789 6 1 4.04655 2.81479 
-4 3.57895 6 1 3.4478 2.28664 
-4 4 6 1 3.04434 1.93075 
4 -4 6 1 -3.26793 1.40905 
4 -3.57895 6 1 -2.63839 1.2154 
4 -3.15789 6 1 -2.17156 1.0718 
4 -2.73684 6 1 -1.8116 0.961066 
4 -2.31579 6 1 -1.52556 0.873079 
4 -1.89474 6 1 -1.2928 0.80148 
4 -1.47368 6 1 -1.0997 0.74208 
4 -1.05263 6 1 -0.936925 0.692008 
4 -0.631579 6 1 -0.797844 0.649225 
4 -0.210526 6 1 -0.677638 0.612248 
4 0.210526 6 1 -0.572708 0.57997 
4 0.631579 6 1 -0.480316 0.551549 
4 1.05263 6 1 -0.398342 0.526333 
4 1.47368 6 1 -0.325117 0.503808 
4 1.89474 6 1 -0.259312 0.483566 
4 2.31579 6 1 -0.199854 0.465276 
4 2.73684 6 1 -0.145866 0.448669 
4 3.15789 6 1 -0.0966268 0.433522 
4 3.57895 6 1 -0.0515363 0.419652 
4 4 6 1 -0.0100913 0.406903 
1.89474 -4 6 1 -16.3668 10.1627 
2.31579 -4 6 1 -8.11094 4.64552 
2.73684 -4 6 1 -5.62985 2.98747 
3.15789 -4 6 1 -4.43454 2.18867 
3.57895 -4 6 1 -3.7312 1.71864 
4 -4 6 1 -3.26793 1.40905 
-4 4 6 1 3.04434 1.93075 
-3.57895 4 6 1 2.48512 1.65176 
-3.15789 4 6 1 2.06127 1.4403 
-2.73684 4 6 1 1.72894 1.2745 
-2.31579 4 6 1 1.46138 1.14102 
-1.89474 4 6 1 1.24134 1.03124 
-1.47368 4 6 1 1.05718 0.939363 
-1.05263 4 6 1 0.900799 0.861344 
-0.631579 4 6 1 0.766346 0.794265 
-0.210526 4 6 1 0.649512 0.735977 
0.210526 4 6 1 0.547047 0.684858 
0.631579 4 6 1 0.456454 0.639661 
1.05263 4 6 1 0.375782 0.599414 
1.47368 4 6 1 0.303486 0.563346 
1.89474 4 6 1 0.238327 0.530838 
2.31579 4 6 1 0.179296 0.501388 
2.73684 4 6 1 0.125569 0.474583 
3.15789 4 6 1 0.076461 0.450084 
3.57895 4 6 1 0.0314012 0.427603 
4 4 6 1 -0.0100913 0.406903 
