-4 -4 2 1 0.264105 -0.0654352 
-4 -3.57895 2 1 0.218031 -0.0615981 
-4 -3.15789 2 1 0.16929 -0.057539 
-4 -2.73684 2 1 0.117646 -0.0532381 
-4 -2.31579 2 1 0.0628305 -0.0486731 
-4 -1.89474 2 1 0.00454242 -0.0438189 
-4 -1.47368 2 1 -0.057559 -0.0386471 
-4 -1.05263 2 1 -0.123861 -0.0331256 
-4 -0.631579 2 1 -0.194804 -0.0272175 
-4 -0.210526 2 1 -0.270893 -0.0208808 
-4 0.210526 2 1 -0.352709 -0.0140671 
-4 0.631579 2 1 -0.440925 -0.00672052 
-4 1.05263 2 1 -0.536322 0.00122408 
-4 1.47368 2 1 -0.639813 0.00984279 
-4 1.89474 2 1 -0.752475 0.0192252 
-4 2.31579 2 1 -0.875583 0.0294776 
-4 2.73684 2 1 -1.01066 0.0407268 
-4 3.15789 2 1 -1.15954 0.0531256 
-4 3.57895 2 1 -1.32446 0.0668597 
-4 4 2 1 -1.50814 0.0821571 
4 -4 2 1 25.5754 4.22526 
4 -3.57895 2 1 200.23 36.889 
-4 -4 2 1 0.264105 -0.0654352 
-3.57895 -4 2 1 0.307693 -0.0580463 
-3.15789 -4 2 1 0.356232 -0.0498182 
-2.73684 -4 2 1 0.410616 -0.0405993 
-2.31579 -4 2 1 0.471967 -0.0301991 
-1.89474 -4 2 1 0.541718 -0.0183751 
-1.47368 -4 2 1 0.62172 -0.00481347 
-1.05263 -4 2 1 0.714412 0.0108993 
-0.631579 -4 2 1 0.823073 0.0293192 
-0.210526 -4 2 1 0.952218 0.0512115 
0.210526 -4 2 1 1.10824 0.0776606 
0.631579 -4 2 1 1.30052 0.110254 
1.05263 -4 2 1 1.54333 0.151415 
1.47368 -4 2 1 1.85963 0.205033 
1.89474 -4 2 1 2.2887 0.277769 
2.31579 -4 2 1 2.90398 0.382068 
2.73684 -4 2 1 3.86023 0.544169 
3.15789 -4 2 1 5.54957 0.83054 
3.57895 -4 2 1 9.33892 1.4729 
4 -4 2 1 25.5754 4.22526 
-4 4 2 1 -1.50814 0.0821571 
-3.57895 4 2 1 -1.62228 0.116011 
-3.15789 4 2 1 -1.76717 0.158989 
-2.73684 4 2 1 -1.95719 0.215353 
-2.31579 4 2 1 -2.21731 0.292512 
-1.89474 4 2 1 -2.59511 0.404574 
-1.47368 4 2 1 -3.19376 0.582148 
-1.05263 4 2 1 -4.28693 0.906406 
-0.631579 4 2 1 -6.91853 1.68699 
-0.210526 4 2 1 -22.047 6.17442 
-4 -4 6 1 0.237422 0.435734 
-4 -3.57895 6 1 0.19541 0.451818 
-4 -3.15789 6 1 0.151224 0.468735 
-4 -2.73684 6 1 0.10469 0.48655 
-4 -2.31579 6 1 0.0556168 0.505337 
-4 -1.89474 6 1 0.00379019 0.525178 
-4 -1.47368 6 1 -0.0510283 0.546165 
-4 -1.05263 6 1 -0.109105 0.568399 
-4 -0.631579 6 1 -0.17074 0.591996 
-4 -0.210526 6 1 -0.236271 0.617084 
-4 0.210526 6 1 -0.306078 0.643809 
-4 0.631579 6 1 -0.380594 0.672337 
-4 1.05263 6 1 -0.460314 0.702857 
-4 1.47368 6 1 -0.5458 0.735585 
-4 1.89474 6 1 -0.637703 0.770769 
-4 2.31579 6 1 -0.736773 0.808697 
-4 2.73684 6 1 -0.843883 0.849703 
-4 3.15789 6 1 -0.960052 0.894178 
-4 3.57895 6 1 -1.08648 0.94258 
-4 4 6 1 -1.22459 0.995455 
4 -4 6 1 5.5719 4.77892 
4 -3.57895 6 1 6.44322 5.96182 
4 -3.15789 6 1 7.85731 7.88156 
4 -2.73684 6 1 10.5507 11.5381 
4 -2.31579 6 1 17.6933 21.2348 
4 -1.89474 6 1 92.6294 122.967 
-4 -4 6 1 0.237422 0.435734 
-3.57895 -4 6 1 0.275146 0.466448 
-3.15789 -4 6 1 0.316682 0.500266 
-2.73684 -4 6 1 0.362638 0.537682 
-2.31579 -4 6 1 0.41376 0.579304 
-1.89474 -4 6 1 0.470969 0.625883 
-1.47368 -4 6 1 0.535424 0.678359 
-1.05263 -4 6 1 0.608591 0.73793 
-0.631579 -4 6 1 0.692368 0.806139 
-0.210526 -4 6 1 0.78924 0.88501 
0.210526 -4 6 1 0.90254 0.977256 
0.631579 -4 6 1 1.03683 1.08659 
1.05263 -4 6 1 1.19855 1.21826 
1.47368 -4 6 1 1.39705 1.37987 
1.89474 -4 6 1 1.64648 1.58295 
2.31579 -4 6 1 1.96934 1.84581 
2.73684 -4 6 1 2.40365 2.19941 
3.15789 -4 6 1 3.01914 2.70053 
3.57895 -4 6 1 3.9591 3.46582 
4 -4 6 1 5.5719 4.77892 
-4 4 6 1 -1.22459 0.995455 
-3.57895 4 6 1 -1.28848 1.10844 
-3.15789 4 6 1 -1.36566 1.24496 
-2.73684 4 6 1 -1.46078 1.41319 
-2.31579 4 6 1 -1.58092 1.62567 
-1.89474 4 6 1 -1.73742 1.90247 
-1.47368 4 6 1 -1.94976 2.27801 
-1.05263 4 6 1 -2.25429 2.81662 
-0.631579 4 6 1 -2.7277 3.65393 
-0.210526 4 6 1 -3.56442 5.13377 
0.210526 4 6 1 -5.44295 8.45623 
0.631579 4 6 1 -13.5187 22.7394 
