0.800998 -0.0102302 0.67557 0.65126 0 
0.718649 -0.0155476 0.602672 0.643638 1 
0.6371 -0.0208135 0.530405 0.636083 2 
0.556338 -0.0260284 0.458763 0.628593 3 
0.476354 -0.0311932 0.387735 0.621167 4 
0.397135 -0.0363085 0.317316 0.613805 5 
0.318672 -0.0413751 0.247496 0.606505 6 
0.240952 -0.0463936 0.178269 0.599268 7 
0.163965 -0.0513648 0.109627 0.592091 8 
0.0877021 -0.0562893 0.0415614 0.584975 9 
0.0121518 -0.0611677 -0.0259335 0.577919 10 
-0.0626953 -0.0660008 -0.0928655 0.570921 11 
-0.136849 -0.070789 -0.159241 0.563981 12 
-0.210319 -0.0755332 -0.225068 0.557099 13 
-0.283115 -0.0802338 -0.290353 0.550274 14 
-0.355246 -0.0848914 -0.355102 0.543504 15 
-0.426721 -0.0895067 -0.419322 0.53679 16 
-0.497549 -0.0940802 -0.483019 0.530131 17 
-0.567738 -0.0986125 -0.5462 0.523525 18 
-0.637298 -0.103104 -0.608871 0.516973 19 
0.800998 -0.0102302 0.67557 0.65126 40 
0.862538 0.0024512 0.720559 0.711864 41 
0.935446 0.0174751 0.77281 0.78225 42 
1.02319 0.0355568 0.834237 0.864997 43 
1.13082 0.0577355 0.907488 0.963671 44 
1.26595 0.0855814 0.996342 1.08336 45 
1.44067 0.121585 1.10638 1.23159 46 
1.67536 0.169947 1.24619 1.41993 47 
2.00729 0.238347 1.42977 1.66722 48 
2.51269 0.342494 1.68147 2.00628 49 
3.37566 0.520325 2.04784 2.49981 50 
5.1834 0.892841 2.63038 3.28453 51 
11.3636 2.16639 3.70044 4.72599 52 
-0.637298 -0.103104 -0.608871 0.516973 60 
-0.691858 -0.0987187 -0.655635 0.563404 61 
-0.755494 -0.0936037 -0.709284 0.61667 62 
-0.830677 -0.0875606 -0.771458 0.678401 63 
-0.920864 -0.0803115 -0.844366 0.750789 64 
-1.03104 -0.0714554 -0.93105 0.836855 65 
-1.16869 -0.0603914 -1.03582 0.94088 66 
-1.34555 -0.0461761 -1.165 1.06914 67 
-1.58114 -0.0272397 -1.32824 1.23122 68 
-1.91055 -0.000761927 -1.54107 1.44252 69 
-2.40377 0.0388824 -1.8301 1.7295 70 
-3.22341 0.104764 -2.24522 2.14166 71 
-4.85377 0.23581 -2.89194 2.78376 72 
-9.67469 0.623309 -4.03903 3.92268 73 
-452.892 36.2485 -6.63365 6.4988 74 
