-1.16102 -0.125489 -1.29833 0.796368 0 
-1.24017 -0.138611 -1.39497 0.87672 1 
-1.33645 -0.154576 -1.51357 0.975332 2 
-1.45612 -0.174417 -1.66258 1.09922 3 
-1.60888 -0.199745 -1.85541 1.25955 4 
-1.81065 -0.233199 -2.11471 1.47514 5 
-2.08952 -0.279436 -2.48203 1.78054 6 
-2.50011 -0.347515 -3.0426 2.24662 7 
-3.16465 -0.457697 -4.00338 3.04545 8 
-4.42415 -0.666526 -6.03087 4.73118 9 
-7.72516 -1.21384 -13.1183 10.6239 10 
0.328082 0.0407711 0.279913 0.616573 20 
0.368388 0.0426684 0.318346 0.653592 21 
0.41378 0.0448051 0.361766 0.695413 22 
0.465285 0.0472296 0.411208 0.743036 23 
0.524228 0.0500041 0.46802 0.797756 24 
0.592344 0.0532105 0.533983 0.86129 25 
0.671956 0.056958 0.611499 0.935953 26 
0.766243 0.0613964 0.703897 1.02495 27 
0.879673 0.0667358 0.815917 1.13285 28 
1.01874 0.0732819 0.954551 1.26638 29 
1.19323 0.0814956 1.13056 1.43591 30 
1.41867 0.0921075 1.36143 1.65828 31 
1.72117 0.106347 1.67752 1.96273 32 
2.14841 0.126458 2.1367 2.40501 33 
2.79757 0.157016 2.86458 3.10609 34 
3.90222 0.209015 4.19454 4.3871 35 
6.20087 0.317218 7.40053 7.47506 36 
13.9059 0.679911 25.9514 25.3431 37 
-1.16102 -0.125489 -1.29833 0.796368 40 
-1.04023 -0.112003 -1.16856 0.781585 41 
-0.926495 -0.0993038 -1.04666 0.767698 42 
-0.819208 -0.0873251 -0.931921 0.754627 43 
-0.717839 -0.0760071 -0.823738 0.742302 44 
-0.621911 -0.0652967 -0.721562 0.730662 45 
-0.530998 -0.0551461 -0.624907 0.719651 46 
-0.444716 -0.0455126 -0.533336 0.709219 47 
-0.36272 -0.0363577 -0.446459 0.699322 48 
-0.284699 -0.0276466 -0.363924 0.68992 49 
-0.210371 -0.0193477 -0.285413 0.680976 50 
-0.139478 -0.0114326 -0.21064 0.672457 51 
-0.0717898 -0.00387505 -0.139342 0.664335 52 
-0.00709229 0.0033485 -0.0712848 0.656582 53 
0.0548081 0.0102597 -0.00625079 0.649173 54 
0.114089 0.0168785 0.0559568 0.642087 55 
0.170913 0.023223 0.115518 0.635301 56 
0.22543 0.0293098 0.172599 0.628799 57 
0.277777 0.0351545 0.22735 0.622561 58 
0.328082 0.0407711 0.279913 0.616573 59 
