3.69552 0.909104 7.8574 7.69823 0 
2.90649 0.786955 5.17214 5.41562 1 
2.34527 0.700075 3.73832 4.19681 2 
1.92565 0.635114 2.84644 3.43867 3 
1.60005 0.584708 2.23808 2.92153 4 
1.34004 0.544457 1.79659 2.54624 5 
1.12763 0.511573 1.4616 2.26148 6 
0.950829 0.484203 1.19871 2.03801 7 
0.801386 0.461068 0.986909 1.85797 8 
0.673404 0.441256 0.812625 1.70982 9 
0.562569 0.424098 0.666699 1.58578 10 
0.465653 0.409094 0.542731 1.4804 11 
0.380187 0.395863 0.436112 1.38977 12 
0.304257 0.384109 0.343437 1.31099 13 
0.23635 0.373596 0.26214 1.24188 14 
0.175258 0.364139 0.190246 1.18077 15 
0.120006 0.355585 0.126212 1.12634 16 
0.0697924 0.347812 0.0688176 1.07755 17 
0.0239595 0.340716 0.0170799 1.03357 18 
-0.0180423 0.334214 -0.0297978 0.99372 19 
-6.21179 1.29168 -242.259 237.216 36 
-4.80024 0.993074 -16.8107 15.7362 37 
-3.98863 0.821381 -9.16429 8.22436 38 
-3.4615 0.709871 -6.49892 5.60591 39 
3.69552 0.909104 7.8574 7.69823 40 
4.33244 1.07648 12.7496 13.0831 41 
5.37537 1.35055 42.7697 46.1262 42 
-0.0180423 0.334214 -0.0297978 0.99372 60 
-0.0630647 0.339126 -0.0812106 1.03037 61 
-0.112011 0.344465 -0.137713 1.07066 62 
-0.165417 0.350291 -0.200101 1.11514 63 
-0.223921 0.356674 -0.269345 1.16451 64 
-0.288291 0.363696 -0.346639 1.21961 65 
-0.359454 0.37146 -0.433475 1.28152 66 
-0.438547 0.380088 -0.531735 1.35158 67 
-0.526972 0.389735 -0.643834 1.4315 68 
-0.626486 0.400591 -0.772915 1.52353 69 
-0.739313 0.4129 -0.923155 1.63064 70 
-0.868316 0.426973 -1.10022 1.75688 71 
-1.01724 0.44322 -1.312 1.90787 72 
-1.1911 0.462186 -1.56981 2.09168 73 
-1.3967 0.484616 -1.89049 2.32031 74 
-1.64364 0.511556 -2.30023 2.61243 75 
-1.94577 0.544515 -2.84211 2.99877 76 
-2.3239 0.585767 -3.59235 3.53366 77 
-2.81085 0.63889 -4.69973 4.32317 78 
-3.4615 0.709871 -6.49892 5.60591 79 
