2.87312 0.74427 4.59868 4.67198 0 
2.35745 0.667117 3.47772 3.78701 1 
1.95931 0.60755 2.72332 3.19143 2 
1.64263 0.560169 2.18095 2.76324 3 
1.38473 0.521584 1.77223 2.44057 4 
1.17063 0.489552 1.45318 2.18869 5 
0.990058 0.462535 1.19721 1.9866 6 
0.835698 0.43944 0.987289 1.82088 7 
0.702234 0.419472 0.812023 1.68251 8 
0.58569 0.402035 0.663482 1.56524 9 
0.483041 0.386677 0.535987 1.46459 10 
0.391942 0.373047 0.42536 1.37725 11 
0.310547 0.360869 0.328463 1.30076 12 
0.237384 0.349923 0.242888 1.2332 13 
0.171265 0.340031 0.16676 1.1731 14 
0.111219 0.331047 0.0985968 1.11928 15 
0.0564451 0.322852 0.0372107 1.07082 16 
0.00627932 0.315346 -0.0183612 1.02695 17 
-0.0398368 0.308447 -0.0689076 0.987043 18 
-0.0823745 0.302082 -0.115081 0.950591 19 
-7.11629 1.05409 -1454.39 1264.73 37 
-5.48793 0.806386 -20.4165 16.9216 38 
-4.55657 0.664708 -10.8407 8.58902 39 
2.87312 0.74427 4.59868 4.67198 40 
3.25838 0.846717 5.96249 6.31657 41 
3.83158 0.999137 8.92519 9.88921 42 
4.77459 1.24989 20.2813 23.5833 43 
-0.0823745 0.302082 -0.115081 0.950591 60 
-0.126985 0.305698 -0.166732 0.987375 61 
-0.175802 0.309654 -0.223874 1.02807 62 
-0.229451 0.314003 -0.287432 1.07333 63 
-0.288686 0.318804 -0.358551 1.12398 64 
-0.354429 0.324132 -0.438665 1.18104 65 
-0.427812 0.330079 -0.529596 1.24579 66 
-0.510252 0.336761 -0.633693 1.31993 67 
-0.603534 0.344321 -0.754038 1.40563 68 
-0.709948 0.352946 -0.89476 1.50585 69 
-0.832477 0.362877 -1.06151 1.6246 70 
-0.975082 0.374435 -1.26224 1.76756 71 
-1.14314 0.388055 -1.50854 1.94296 72 
-1.34412 0.404344 -1.81787 2.16326 73 
-1.58876 0.424172 -2.21802 2.44823 74 
-1.89302 0.448832 -2.75585 2.83126 75 
-2.28172 0.480335 -3.51718 3.37344 76 
-2.79567 0.52199 -4.67785 4.20004 77 
-3.50703 0.579644 -6.6638 5.61436 78 
-4.55657 0.664708 -10.8407 8.58902 79 
