-1.82822 -0.46146 -1.71965 0.736554 0 
-1.98486 -0.501524 -1.84404 0.837931 1 
-2.18846 -0.553601 -2.00039 0.965348 2 
-2.46388 -0.624046 -2.20282 1.13032 3 
-2.85723 -0.724656 -2.47522 1.35231 4 
-3.46492 -0.880087 -2.86145 1.66707 5 
-4.52771 -1.15192 -3.4517 2.1481 6 
-6.86293 -1.74921 -4.46568 2.97446 7 
-16.1636 -4.12809 -6.61511 4.72615 8 
0.157913 -0.1705 0.105123 0.351353 20 
0.197685 -0.171329 0.140233 0.375605 21 
0.241703 -0.172247 0.178882 0.402301 22 
0.290688 -0.173268 0.221634 0.43183 23 
0.34553 -0.174411 0.269177 0.464669 24 
0.407345 -0.1757 0.322365 0.501408 25 
0.477554 -0.177163 0.382267 0.542784 26 
0.557991 -0.17884 0.45024 0.589735 27 
0.651068 -0.18078 0.528033 0.643469 28 
0.760017 -0.183051 0.61794 0.70557 29 
0.889276 -0.185746 0.723029 0.778158 30 
1.04511 -0.188994 0.847501 0.864134 31 
1.23665 -0.192987 0.997262 0.967577 32 
1.47776 -0.198013 1.18089 1.09442 33 
1.79054 -0.204533 1.41134 1.25359 34 
2.21253 -0.213329 1.70914 1.45929 35 
2.81302 -0.225847 2.10885 1.73538 36 
3.73564 -0.245079 2.67361 2.12548 37 
5.3346 -0.27841 3.53223 2.71855 38 
8.78395 -0.350312 4.9947 3.72872 39 
-1.82822 -0.46146 -1.71965 0.736554 40 
-1.59536 -0.427347 -1.51833 0.694056 41 
-1.39223 -0.39759 -1.34012 0.656438 42 
-1.21349 -0.371405 -1.18126 0.622903 43 
-1.05498 -0.348185 -1.03877 0.592823 44 
-0.913467 -0.327453 -0.910224 0.565688 45 
-0.786343 -0.30883 -0.793684 0.541087 46 
-0.671525 -0.292009 -0.68754 0.518681 47 
-0.567307 -0.276742 -0.59046 0.498187 48 
-0.472286 -0.262822 -0.501331 0.479373 49 
-0.385297 -0.250078 -0.419214 0.462038 50 
-0.305362 -0.238368 -0.343314 0.446016 51 
-0.231656 -0.227571 -0.272949 0.431162 52 
-0.16348 -0.217583 -0.207537 0.417354 53 
-0.100233 -0.208317 -0.146571 0.404484 54 
-0.0413983 -0.199699 -0.0896129 0.392461 55 
0.0134689 -0.191661 -0.0362806 0.381203 56 
0.0647574 -0.184147 0.0137616 0.370639 57 
0.112806 -0.177108 0.0608091 0.360707 58 
0.157913 -0.1705 0.105123 0.351353 59 
28.6874 -1.42607 7.74238 6.70323 77 
12.9608 -0.576066 5.97388 4.78874 78 
8.78395 -0.350312 4.9947 3.72872 79 
