-4 -0.631579 2 1 13.4085 -2.43114 
-4 -0.210526 2 1 5.77645 -1.1383 
-4 0.210526 2 1 3.7506 -0.795126 
-4 0.631579 2 1 2.81313 -0.636321 
-4 1.05263 2 1 2.27266 -0.544767 
-4 1.47368 2 1 1.92108 -0.485211 
-4 1.89474 2 1 1.67409 -0.443372 
-4 2.31579 2 1 1.49107 -0.412368 
-4 2.73684 2 1 1.35001 -0.388474 
-4 3.15789 2 1 1.23797 -0.369494 
-4 3.57895 2 1 1.14682 -0.354055 
-4 4 2 1 1.07123 -0.341249 
4 -2.73684 2 1 -18.3209 -2.66771 
4 -2.31579 2 1 -6.71177 -1.12843 
4 -1.89474 2 1 -4.03068 -0.772936 
4 -1.47368 2 1 -2.83884 -0.614908 
4 -1.05263 2 1 -2.16512 -0.525579 
4 -0.631579 2 1 -1.732 -0.468149 
4 -0.210526 2 1 -1.43011 -0.428121 
4 0.210526 2 1 -1.20765 -0.398626 
4 0.631579 2 1 -1.03693 -0.37599 
4 1.05263 2 1 -0.901776 -0.358069 
4 1.47368 2 1 -0.792119 -0.34353 
4 1.89474 2 1 -0.701367 -0.331497 
4 2.31579 2 1 -0.62502 -0.321374 
4 2.73684 2 1 -0.5599 -0.312739 
4 3.15789 2 1 -0.5037 -0.305288 
4 3.57895 2 1 -0.454704 -0.298791 
4 4 2 1 -0.411612 -0.293078 
-4 4 2 1 1.07123 -0.341249 
-3.57895 4 2 1 0.963078 -0.337736 
-3.15789 4 2 1 0.859466 -0.33437 
-2.73684 4 2 1 0.760112 -0.331142 
-2.31579 4 2 1 0.66476 -0.328045 
-1.89474 4 2 1 0.573172 -0.325069 
-1.47368 4 2 1 0.48513 -0.322209 
-1.05263 4 2 1 0.400431 -0.319458 
-0.631579 4 2 1 0.318889 -0.316809 
-0.210526 4 2 1 0.240331 -0.314257 
0.210526 4 2 1 0.164595 -0.311796 
0.631579 4 2 1 0.0915326 -0.309423 
1.05263 4 2 1 0.0210044 -0.307132 
1.47368 4 2 1 -0.0471192 -0.304919 
1.89474 4 2 1 -0.112959 -0.30278 
2.31579 4 2 1 -0.176628 -0.300711 
2.73684 4 2 1 -0.238232 -0.29871 
3.15789 4 2 1 -0.29787 -0.296773 
3.57895 4 2 1 -0.355634 -0.294896 
4 4 2 1 -0.411612 -0.293078 
-4 -1.47368 6 1 13.0588 11.9665 
-4 -1.05263 6 1 5.56077 4.83623 
-4 -0.631579 6 1 3.60275 2.97424 
-4 -0.210526 6 1 2.70115 2.11686 
-4 0.210526 6 1 2.18266 1.6238 
-4 0.631579 6 1 1.84587 1.30353 
-4 1.05263 6 1 1.60951 1.07876 
-4 1.47368 6 1 1.43449 0.912325 
-4 1.89474 6 1 1.29967 0.78412 
-4 2.31579 6 1 1.19263 0.68233 
-4 2.73684 6 1 1.10559 0.599554 
-4 3.15789 6 1 1.03341 0.530919 
-4 3.57895 6 1 0.972601 0.473088 
-4 4 6 1 0.92066 0.423694 
4 -3.57895 6 1 -19.6034 14.7303 
4 -3.15789 6 1 -7.06891 5.30658 
4 -2.73684 6 1 -4.23322 3.17465 
4 -2.31579 6 1 -2.97961 2.23216 
4 -1.89474 6 1 -2.27286 1.70081 
4 -1.47368 6 1 -1.81921 1.35975 
4 -1.05263 6 1 -1.50335 1.12228 
4 -0.631579 6 1 -1.27078 0.947423 
4 -0.210526 6 1 -1.09239 0.813306 
4 0.210526 6 1 -0.951223 0.707174 
4 0.631579 6 1 -0.83673 0.621096 
4 1.05263 6 1 -0.742003 0.549879 
4 1.47368 6 1 -0.662331 0.489979 
4 1.89474 6 1 -0.594388 0.438898 
4 2.31579 6 1 -0.535762 0.394822 
4 2.73684 6 1 -0.48466 0.356402 
4 3.15789 6 1 -0.43972 0.322616 
4 3.57895 6 1 -0.399892 0.292672 
4 4 6 1 -0.364349 0.26595 
-4 4 6 1 0.92066 0.423694 
-3.57895 4 6 1 0.830645 0.412644 
-3.15789 4 6 1 0.743881 0.401993 
-2.73684 4 6 1 0.660194 0.39172 
-2.31579 4 6 1 0.579424 0.381805 
-1.89474 4 6 1 0.50142 0.37223 
-1.47368 4 6 1 0.426043 0.362977 
-1.05263 4 6 1 0.353162 0.35403 
-0.631579 4 6 1 0.282656 0.345375 
-0.210526 4 6 1 0.214409 0.336997 
0.210526 4 6 1 0.148316 0.328884 
0.631579 4 6 1 0.0842763 0.321022 
1.05263 4 6 1 0.0221949 0.313401 
1.47368 4 6 1 -0.0380163 0.30601 
1.89474 4 6 1 -0.0964405 0.298838 
2.31579 4 6 1 -0.153156 0.291876 
2.73684 4 6 1 -0.208237 0.285114 
3.15789 4 6 1 -0.261753 0.278545 
3.57895 4 6 1 -0.31377 0.272159 
4 4 6 1 -0.364349 0.26595 
