19.1731 1.95231 9.00873 8.55513 4 
6.59523 0.637773 4.92508 4.69633 5 
3.94763 0.361068 3.36733 3.22435 6 
2.79871 0.240993 2.54551 2.44779 7 
2.15668 0.173893 2.03776 1.96799 8 
1.74671 0.131047 1.69292 1.64214 9 
1.46224 0.101317 1.44343 1.40638 10 
1.2533 0.0794802 1.25454 1.22789 11 
1.09333 0.0627613 1.10656 1.08807 12 
0.966919 0.04955 0.98751 0.975567 13 
0.864511 0.0388471 0.889652 0.883097 14 
0.779862 0.0300003 0.807792 0.805745 15 
0.70872 0.0225652 0.738304 0.740083 16 
0.648092 0.0162288 0.67858 0.683648 17 
0.595808 0.0107645 0.626698 0.634622 18 
0.550255 0.00600374 0.581207 0.591636 19 
-16.7157 5.28451 -6.52724 9.98632 26 
-5.90376 1.80226 -3.65792 5.49168 27 
-3.61959 1.06659 -2.56204 3.77503 28 
-2.62747 0.747057 -1.98358 2.86891 29 
-2.07283 0.56842 -1.62609 2.30891 30 
-1.71857 0.454323 -1.38325 1.92852 31 
-1.47272 0.375141 -1.20753 1.65326 32 
-1.29212 0.316975 -1.07448 1.44485 33 
-1.15384 0.272437 -0.970247 1.28157 34 
-1.04456 0.237241 -0.886378 1.1502 35 
-0.956022 0.208726 -0.817437 1.0422 36 
-0.882836 0.185154 -0.759765 0.951864 37 
-0.821327 0.165344 -0.710808 0.875175 38 
-0.768906 0.14846 -0.668729 0.80926 39 
0.550255 0.00600374 0.581207 0.591636 60 
0.489342 0.0125818 0.52314 0.601746 61 
0.427593 0.0192501 0.464311 0.611989 62 
0.36499 0.0260105 0.404704 0.622367 63 
0.301517 0.032865 0.344306 0.632882 64 
0.237154 0.0398156 0.283098 0.643539 65 
0.171883 0.0468642 0.221066 0.654339 66 
0.105685 0.054013 0.158192 0.665286 67 
0.0385392 0.0612641 0.0944597 0.676383 68 
-0.0295744 0.0686197 0.0298504 0.687632 69 
-0.098677 0.0760821 -0.0356537 0.699036 70 
-0.16879 0.0836536 -0.102071 0.7106 71 
-0.239936 0.0913367 -0.169422 0.722327 72 
-0.312139 0.0991338 -0.237725 0.734219 73 
-0.38542 0.107048 -0.307001 0.74628 74 
-0.459806 0.115081 -0.377271 0.758515 75 
-0.535322 0.123235 -0.448556 0.770926 76 
-0.611992 0.131515 -0.520878 0.783518 77 
-0.689844 0.139922 -0.594262 0.796295 78 
-0.768906 0.14846 -0.668729 0.80926 79 
