4 -4 2 1 -1.36149 0.32272 
4 -3.57895 2 1 -1.20537 0.319857 
4 -3.15789 2 1 -1.06118 0.317213 
4 -2.73684 2 1 -0.927591 0.314763 
4 -2.31579 2 1 -0.803484 0.312487 
4 -1.89474 2 1 -0.687882 0.310366 
4 -1.47368 2 1 -0.579939 0.308387 
4 -1.05263 2 1 -0.478919 0.306534 
4 -0.631579 2 1 -0.384177 0.304796 
4 -0.210526 2 1 -0.295145 0.303164 
4 0.210526 2 1 -0.211322 0.301626 
4 0.631579 2 1 -0.132264 0.300176 
4 1.05263 2 1 -0.0575751 0.298807 
4 1.47368 2 1 0.0130962 0.297511 
4 1.89474 2 1 0.0800659 0.296282 
4 2.31579 2 1 0.143617 0.295117 
4 2.73684 2 1 0.204006 0.294009 
4 3.15789 2 1 0.261462 0.292955 
4 3.57895 2 1 0.316194 0.291952 
4 4 2 1 0.368391 0.290994 
0.210526 -4 2 1 -16.2779 2.39592 
0.631579 -4 2 1 -6.20499 0.99591 
1.05263 -4 2 1 -3.95406 0.683056 
1.47368 -4 2 1 -2.96219 0.545199 
1.89474 -4 2 1 -2.40388 0.467599 
2.31579 -4 2 1 -2.04584 0.417836 
2.73684 -4 2 1 -1.7967 0.383208 
3.15789 -4 2 1 -1.61333 0.357723 
3.57895 -4 2 1 -1.47273 0.338181 
4 -4 2 1 -1.36149 0.32272 
-3.15789 4 2 1 134.395 17.7101 
-2.73684 4 2 1 11.6717 1.76006 
-2.31579 4 2 1 5.91535 1.01192 
-1.89474 4 2 1 3.87465 0.746695 
-1.47368 4 2 1 2.8298 0.610898 
-1.05263 4 2 1 2.19482 0.528371 
-0.631579 4 2 1 1.76808 0.472909 
-0.210526 4 2 1 1.46158 0.433074 
0.210526 4 2 1 1.23077 0.403076 
0.631579 4 2 1 1.0507 0.379673 
1.05263 4 2 1 0.906291 0.360904 
1.47368 4 2 1 0.787905 0.345518 
1.89474 4 2 1 0.68909 0.332675 
2.31579 4 2 1 0.605363 0.321793 
2.73684 4 2 1 0.533514 0.312455 
3.15789 4 2 1 0.471182 0.304354 
3.57895 4 2 1 0.416594 0.297259 
4 4 2 1 0.368391 0.290994 
4 -4 6 1 -1.75456 1.76266 
4 -3.57895 6 1 -1.53902 1.68731 
4 -3.15789 6 1 -1.34394 1.6191 
4 -2.73684 6 1 -1.16654 1.55708 
4 -2.31579 6 1 -1.00453 1.50044 
4 -1.89474 6 1 -0.855983 1.4485 
4 -1.47368 6 1 -0.719288 1.40071 
4 -1.05263 6 1 -0.593081 1.35659 
4 -0.631579 6 1 -0.476201 1.31572 
4 -0.210526 6 1 -0.36765 1.27777 
4 0.210526 6 1 -0.266568 1.24243 
4 0.631579 6 1 -0.172211 1.20944 
4 1.05263 6 1 -0.0839284 1.17858 
4 1.47368 6 1 -0.00115238 1.14964 
4 1.89474 6 1 0.0766168 1.12245 
4 2.31579 6 1 0.14982 1.09685 
4 2.73684 6 1 0.218848 1.07272 
4 3.15789 6 1 0.284048 1.04993 
4 3.57895 6 1 0.34573 1.02836 
4 4 6 1 0.404171 1.00793 
1.05263 -4 6 1 -18.9408 21.8269 
1.47368 -4 6 1 -6.97323 7.85527 
1.89474 -4 6 1 -4.39708 4.84771 
2.31579 -4 6 1 -3.27285 3.53521 
2.73684 -4 6 1 -2.64293 2.79981 
3.15789 -4 6 1 -2.24007 2.32948 
3.57895 -4 6 1 -1.96024 2.00279 
4 -4 6 1 -1.75456 1.76266 
-2.31579 4 6 1 170.697 172.563 
-1.89474 4 6 1 11.0106 11.6929 
-1.47368 4 6 1 5.49855 6.14007 
-1.05263 4 6 1 3.57567 4.20293 
-0.631579 4 6 1 2.59734 3.21735 
-0.210526 4 6 1 2.00482 2.62044 
0.210526 4 6 1 1.60749 2.22016 
0.631579 4 6 1 1.32253 1.93309 
1.05263 4 6 1 1.10818 1.71715 
1.47368 4 6 1 0.941086 1.54882 
1.89474 4 6 1 0.807175 1.41392 
2.31579 4 6 1 0.697454 1.30339 
2.73684 4 6 1 0.605912 1.21116 
3.15789 4 6 1 0.528376 1.13305 
3.57895 4 6 1 0.46186 1.06604 
4 4 6 1 0.404171 1.00793 
