-1.0904 0.110775 -1.31698 1.23347 20 
-0.972524 0.111849 -1.16704 1.20092 21 
-0.860367 0.112871 -1.02588 1.17028 22 
-0.753517 0.113844 -0.892751 1.14138 23 
-0.651607 0.114773 -0.766983 1.11407 24 
-0.554301 0.11566 -0.647983 1.08824 25 
-0.461295 0.116507 -0.535219 1.06376 26 
-0.37231 0.117318 -0.428215 1.04053 27 
-0.287091 0.118095 -0.326538 1.01846 28 
-0.205403 0.118839 -0.229802 0.997455 29 
-0.127032 0.119553 -0.137655 0.97745 30 
-0.0517787 0.120239 -0.0497777 0.958373 31 
0.0205383 0.120898 0.03412 0.940159 32 
0.0900878 0.121532 0.114302 0.922752 33 
0.157026 0.122141 0.191011 0.9061 34 
0.221496 0.122729 0.264466 0.890153 35 
0.283634 0.123295 0.334872 0.874869 36 
0.343563 0.123841 0.402413 0.860206 37 
0.401398 0.124368 0.467261 0.846128 38 
0.457248 0.124877 0.529574 0.832601 39 
-3.27276 -0.142653 -9.76172 9.6297 51 
-2.51807 -0.0550149 -4.97479 4.87026 52 
-2.06753 -0.00269583 -3.40025 3.30477 53 
-1.76811 0.0320744 -2.61687 2.5259 54 
-1.5547 0.056857 -2.14809 2.0598 55 
-1.39489 0.0754149 -1.83608 1.74959 56 
-1.27074 0.0898316 -1.61347 1.52826 57 
-1.17152 0.101354 -1.44665 1.3624 58 
-1.0904 0.110775 -1.31698 1.23347 59 
5.02216 -0.367458 40.351 31.638 65 
3.39893 -0.192389 8.73949 7.1837 66 
2.53639 -0.0993621 4.79195 4.12992 67 
2.00133 -0.0416547 3.24749 2.93515 68 
1.637 -0.00236128 2.42384 2.29798 69 
1.37293 0.0261191 1.91186 1.90192 70 
1.17274 0.0477099 1.56278 1.63188 71 
1.01575 0.0646415 1.30954 1.43597 72 
0.889343 0.078275 1.11743 1.28736 73 
0.78537 0.0894886 0.966694 1.17075 74 
0.698349 0.0988741 0.845271 1.07682 75 
0.624445 0.106845 0.745366 0.999535 76 
0.5609 0.113698 0.661725 0.934832 77 
0.50568 0.119654 0.590676 0.879869 78 
0.457248 0.124877 0.529574 0.832601 79 
