-2.83612 0.168245 -2.15826 1.52753 0 
-3.15059 0.234278 -2.30053 1.73672 1 
-3.59226 0.327022 -2.48139 2.00264 2 
-4.25788 0.466792 -2.719 2.352 3 
-5.37565 0.701504 -3.04502 2.83137 4 
-7.64318 1.17765 -3.52011 3.5299 5 
-14.7132 2.66223 -4.27679 4.64247 6 
-0.0100388 -0.0557888 -0.0286274 0.425712 20 
0.0295555 -0.0488163 0.00665007 0.450153 21 
0.0725682 -0.0412418 0.0446842 0.476503 22 
0.119462 -0.0329838 0.0858111 0.504996 23 
0.170788 -0.0239455 0.130424 0.535905 24 
0.227204 -0.0140107 0.178986 0.569549 25 
0.289507 -0.00303912 0.232046 0.60631 26 
0.35867 0.00914049 0.290259 0.64664 27 
0.435893 0.0227392 0.354413 0.691087 28 
0.522669 0.0380205 0.425467 0.740314 29 
0.62089 0.0553172 0.504598 0.795137 30 
0.73298 0.0750561 0.593267 0.856567 31 
0.862099 0.0977938 0.693307 0.925876 32 
1.01245 0.12427 0.807056 1.00468 33 
1.18973 0.155489 0.937539 1.09508 34 
1.40189 0.19285 1.08874 1.19984 35 
1.66035 0.238365 1.26603 1.32266 36 
1.98213 0.29503 1.47678 1.46868 37 
2.39373 0.367512 1.73147 1.64512 38 
2.93886 0.46351 2.04542 1.86263 39 
-2.83612 0.168245 -2.15826 1.52753 40 
-2.36252 0.130701 -1.85894 1.37267 41 
-1.99141 0.101282 -1.61046 1.24411 42 
-1.69277 0.0776079 -1.40087 1.13568 43 
-1.44727 0.0581458 -1.22172 1.04299 44 
-1.24187 0.0418634 -1.06682 0.962846 45 
-1.0675 0.0280403 -0.93155 0.892863 46 
-0.917619 0.0161585 -0.812411 0.831223 47 
-0.787403 0.00583573 -0.706677 0.776519 48 
-0.673221 -0.00321584 -0.612205 0.727641 49 
-0.572285 -0.0112174 -0.527288 0.683707 50 
-0.482416 -0.0183417 -0.450546 0.644003 51 
-0.401888 -0.0247255 -0.380852 0.607945 52 
-0.329316 -0.0304785 -0.317279 0.575053 53 
-0.263577 -0.0356899 -0.259053 0.544929 54 
-0.20375 -0.0404326 -0.205527 0.517236 55 
-0.149071 -0.0447672 -0.156155 0.491692 56 
-0.0989036 -0.0487442 -0.110471 0.468056 57 
-0.0527109 -0.0524061 -0.0680757 0.446122 58 
-0.0100388 -0.0557888 -0.0286274 0.425712 59 
29.1534 8.93215 4.02693 5.92108 73 
9.49084 2.58014 3.27995 4.39115 74 
6.02201 1.45952 2.83402 3.47782 75 
4.57675 0.992633 2.53767 2.87085 76 
3.78421 0.736603 2.32645 2.43824 77 
3.28367 0.574902 2.16829 2.11429 78 
2.93886 0.46351 2.04542 1.86263 79 
