-4 -4 2 1 1.9679 0.189848 
-4 -3.57895 2 1 1.69198 0.177681 
-4 -3.15789 2 1 1.45718 0.167327 
-4 -2.73684 2 1 1.25493 0.158408 
-4 -2.31579 2 1 1.07891 0.150647 
-4 -1.89474 2 1 0.924331 0.14383 
-4 -1.47368 2 1 0.787494 0.137796 
-4 -1.05263 2 1 0.665512 0.132417 
-4 -0.631579 2 1 0.556092 0.127592 
-4 -0.210526 2 1 0.457387 0.123239 
-4 0.210526 2 1 0.367897 0.119293 
-4 0.631579 2 1 0.286389 0.115698 
-4 1.05263 2 1 0.211841 0.112411 
-4 1.47368 2 1 0.143397 0.109393 
-4 1.89474 2 1 0.0803386 0.106612 
-4 2.31579 2 1 0.0220529 0.104042 
-4 2.73684 2 1 -0.0319819 0.101659 
-4 3.15789 2 1 -0.0822144 0.0994441 
-4 3.57895 2 1 -0.129032 0.0973796 
-4 4 2 1 -0.172773 0.0954508 
4 2.73684 2 1 -235.331 -29.1285 
4 3.15789 2 1 -19.5628 -2.21902 
4 3.57895 2 1 -10.8757 -1.13561 
4 4 2 1 -7.82243 -0.754824 
-4 -4 2 1 1.9679 0.189848 
-3.57895 -4 2 1 2.15206 0.18963 
-3.15789 -4 2 1 2.39823 0.189338 
-2.73684 -4 2 1 2.7441 0.188927 
-2.31579 -4 2 1 3.26561 0.188308 
-1.89474 -4 2 1 4.14206 0.187268 
-1.47368 -4 2 1 5.92275 0.185155 
-1.05263 -4 2 1 11.4981 0.178538 
-4 4 2 1 -0.172773 0.0954508 
-3.57895 4 2 1 -0.215611 0.0906892 
-3.15789 4 2 1 -0.262925 0.0854301 
-2.73684 4 2 1 -0.315455 0.0795913 
-2.31579 4 2 1 -0.374113 0.0730714 
-1.89474 4 2 1 -0.440038 0.0657436 
-1.47368 4 2 1 -0.514671 0.0574481 
-1.05263 4 2 1 -0.599857 0.0479795 
-0.631579 4 2 1 -0.698005 0.0370701 
-0.210526 4 2 1 -0.812319 0.0243639 
0.210526 4 2 1 -0.94715 0.00937723 
0.631579 4 2 1 -1.10857 -0.00856448 
1.05263 4 2 1 -1.30529 -0.0304308 
1.47368 4 2 1 -1.55033 -0.0576675 
1.89474 4 2 1 -1.86398 -0.09253 
2.31579 4 2 1 -2.27974 -0.138742 
2.73684 4 2 1 -2.85716 -0.202925 
3.15789 4 2 1 -3.71332 -0.298089 
3.57895 4 2 1 -5.11424 -0.453803 
4 4 2 1 -7.82243 -0.754824 
-4 -4 6 1 2.35124 2.07236 
-4 -3.57895 6 1 1.97237 1.87018 
-4 -3.15789 6 1 1.66202 1.70457 
-4 -2.73684 6 1 1.40314 1.56642 
-4 -2.31579 6 1 1.18391 1.44944 
-4 -1.89474 6 1 0.995873 1.34909 
-4 -1.47368 6 1 0.832806 1.26207 
-4 -1.05263 6 1 0.690048 1.18589 
-4 -0.631579 6 1 0.564027 1.11864 
-4 -0.210526 6 1 0.451962 1.05884 
-4 0.210526 6 1 0.351658 1.00531 
-4 0.631579 6 1 0.261355 0.957126 
-4 1.05263 6 1 0.179627 0.913513 
-4 1.47368 6 1 0.10531 0.873855 
-4 1.89474 6 1 0.037439 0.837636 
-4 2.31579 6 1 -0.0247901 0.804429 
-4 2.73684 6 1 -0.0820526 0.773871 
-4 3.15789 6 1 -0.13492 0.745659 
-4 3.57895 6 1 -0.18388 0.719533 
-4 4 6 1 -0.22935 0.695268 
4 4 6 1 -35.1364 19.8253 
-4 -4 6 1 2.35124 2.07236 
-3.57895 -4 6 1 2.6649 2.42755 
-3.15789 -4 6 1 3.12461 2.94811 
-2.73684 -4 6 1 3.86328 3.78457 
-2.31579 -4 6 1 5.24547 5.34973 
-1.89474 -4 6 1 8.7611 9.33075 
-1.47368 -4 6 1 36.052 40.2344 
-4 4 6 1 -0.22935 0.695268 
-3.57895 4 6 1 -0.279051 0.722505 
-3.15789 4 6 1 -0.334432 0.752856 
-2.73684 4 6 1 -0.396525 0.786884 
-2.31579 4 6 1 -0.46663 0.825304 
-1.89474 4 6 1 -0.546405 0.869022 
-1.47368 4 6 1 -0.637997 0.919217 
-1.05263 4 6 1 -0.744244 0.977443 
-0.631579 4 6 1 -0.868967 1.04579 
-0.210526 4 6 1 -1.01745 1.12717 
0.210526 4 6 1 -1.19718 1.22567 
0.631579 4 6 1 -1.41921 1.34734 
1.05263 4 6 1 -1.70044 1.50146 
1.47368 4 6 1 -2.06819 1.703 
1.89474 4 6 1 -2.56966 1.97782 
2.31579 4 6 1 -3.29398 2.37477 
2.73684 4 6 1 -4.43215 2.99851 
3.15789 4 6 1 -6.48067 4.12115 
3.57895 4 6 1 -11.2597 6.74018 
4 4 6 1 -35.1364 19.8253 
