-4 -4 2 1 2.26638 0.411809 
-4 -3.57895 2 1 1.91839 0.380315 
-4 -3.15789 2 1 1.63206 0.354401 
-4 -2.73684 2 1 1.39233 0.332704 
-4 -2.31579 2 1 1.18868 0.314273 
-4 -1.89474 2 1 1.01354 0.298422 
-4 -1.47368 2 1 0.861307 0.284644 
-4 -1.05263 2 1 0.727768 0.272559 
-4 -0.631579 2 1 0.609677 0.261871 
-4 -0.210526 2 1 0.504501 0.252352 
-4 0.210526 2 1 0.41023 0.24382 
-4 0.631579 2 1 0.325253 0.236129 
-4 1.05263 2 1 0.248259 0.229161 
-4 1.47368 2 1 0.178174 0.222818 
-4 1.89474 2 1 0.114108 0.21702 
-4 2.31579 2 1 0.0553168 0.211699 
-4 2.73684 2 1 0.00117568 0.206799 
-4 3.15789 2 1 -0.0488464 0.202272 
-4 3.57895 2 1 -0.0952023 0.198076 
-4 4 2 1 -0.138281 0.194178 
4 2.73684 2 1 -23.9199 0.122623 
4 3.15789 2 1 -11.3088 0.103189 
4 3.57895 2 1 -7.72966 0.0976734 
4 4 2 1 -6.03797 0.0950664 
-4 -4 2 1 2.26638 0.411809 
-3.57895 -4 2 1 2.50673 0.444413 
-3.15789 -4 2 1 2.83944 0.489545 
-2.73684 -4 2 1 3.33043 0.556147 
-2.31579 -4 2 1 4.12785 0.664317 
-1.89474 -4 2 1 5.64874 0.870626 
-1.47368 -4 2 1 9.6951 1.41952 
-1.05263 -4 2 1 53.3266 7.33812 
-4 4 2 1 -0.138281 0.194178 
-3.57895 4 2 1 -0.181898 0.193445 
-3.15789 4 2 1 -0.22989 0.192639 
-2.73684 4 2 1 -0.282949 0.191747 
-2.31579 4 2 1 -0.341923 0.190757 
-1.89474 4 2 1 -0.407858 0.189649 
-1.47368 4 2 1 -0.482066 0.188402 
-1.05263 4 2 1 -0.566207 0.186989 
-0.631579 4 2 1 -0.662418 0.185372 
-0.210526 4 2 1 -0.773498 0.183506 
0.210526 4 2 1 -0.903181 0.181328 
0.631579 4 2 1 -1.05657 0.178751 
1.05263 4 2 1 -1.24081 0.175656 
1.47368 4 2 1 -1.46627 0.171868 
1.89474 4 2 1 -1.7485 0.167127 
2.31579 4 2 1 -2.11205 0.161019 
2.73684 4 2 1 -2.59798 0.152856 
3.15789 4 2 1 -3.28056 0.141389 
3.57895 4 2 1 -4.30949 0.124104 
4 4 2 1 -6.03797 0.0950664 
-4 -4 6 1 2.9872 2.86118 
-4 -3.57895 6 1 2.43188 2.5031 
-4 -3.15789 6 1 2.00356 2.22691 
-4 -2.73684 6 1 1.66315 2.0074 
-4 -2.31579 6 1 1.3861 1.82875 
-4 -1.89474 6 1 1.15622 1.68053 
-4 -1.47368 6 1 0.962419 1.55556 
-4 -1.05263 6 1 0.796816 1.44877 
-4 -0.631579 6 1 0.653675 1.35647 
-4 -0.210526 6 1 0.528716 1.2759 
-4 0.210526 6 1 0.418682 1.20494 
-4 0.631579 6 1 0.321049 1.14199 
-4 1.05263 6 1 0.233834 1.08575 
-4 1.47368 6 1 0.155452 1.03521 
-4 1.89474 6 1 0.0846273 0.989538 
-4 2.31579 6 1 0.0203165 0.948069 
-4 2.73684 6 1 -0.0383395 0.910246 
-4 3.15789 6 1 -0.0920549 0.875609 
-4 3.57895 6 1 -0.141429 0.843772 
-4 4 6 1 -0.186967 0.814408 
4 3.57895 6 1 -90.1724 63.1438 
4 4 6 1 -19.0503 12.674 
-4 -4 6 1 2.9872 2.86118 
-3.57895 -4 6 1 3.50991 3.48778 
-3.15789 -4 6 1 4.35611 4.50214 
-2.73684 -4 6 1 5.96061 6.42549 
-2.31579 -4 6 1 10.1701 11.4716 
-1.89474 -4 6 1 50.6938 60.0485 
-4 4 6 1 -0.186967 0.814408 
-3.57895 4 6 1 -0.237687 0.846296 
-3.15789 4 6 1 -0.294052 0.881733 
-2.73684 4 6 1 -0.35706 0.921347 
-2.31579 4 6 1 -0.427959 0.965922 
-1.89474 4 6 1 -0.508332 1.01645 
-1.47368 4 6 1 -0.600211 1.07422 
-1.05263 4 6 1 -0.706259 1.14089 
-0.631579 4 6 1 -0.830028 1.21871 
-0.210526 4 6 1 -0.976364 1.31071 
0.210526 4 6 1 -1.15206 1.42117 
0.631579 4 6 1 -1.36693 1.55626 
1.05263 4 6 1 -1.63573 1.72526 
1.47368 4 6 1 -1.98166 1.94275 
1.89474 4 6 1 -2.44351 2.23312 
2.31579 4 6 1 -3.09125 2.64036 
2.73684 4 6 1 -4.06537 3.2528 
3.15789 4 6 1 -5.69568 4.27779 
3.57895 4 6 1 -8.98191 6.34387 
4 4 6 1 -19.0503 12.674 
