-4 -4 2 1 -0.558882 0.0765161 
-4 -3.57895 2 1 -0.603194 0.0678259 
-4 -3.15789 2 1 -0.654052 0.0578517 
-4 -2.73684 2 1 -0.713023 0.0462863 
-4 -2.31579 2 1 -0.782218 0.0327159 
-4 -1.89474 2 1 -0.864547 0.0165697 
-4 -1.47368 2 1 -0.964142 -0.00296269 
-4 -1.05263 2 1 -1.08707 -0.0270712 
-4 -0.631579 2 1 -1.24262 -0.0575773 
-4 -0.210526 2 1 -1.44576 -0.0974172 
-4 0.210526 2 1 -1.72229 -0.151649 
-4 0.631579 2 1 -2.12072 -0.229788 
-4 1.05263 2 1 -2.74446 -0.352115 
-4 1.47368 2 1 -3.85998 -0.57089 
-4 1.89474 2 1 -6.42738 -1.0744 
-4 2.31579 2 1 -18.5627 -3.45436 
4 -4 2 1 0.767778 0.064991 
4 -3.57895 2 1 0.820519 0.0543388 
4 -3.15789 2 1 0.882092 0.0419025 
4 -2.73684 2 1 0.954921 0.0271928 
4 -2.31579 2 1 1.0424 0.00952383 
4 -1.89474 2 1 1.14945 -0.0120974 
4 -1.47368 2 1 1.28346 -0.039164 
4 -1.05263 2 1 1.45608 -0.0740295 
4 -0.631579 2 1 1.68682 -0.120632 
4 -0.210526 2 1 2.01094 -0.186097 
4 0.210526 2 1 2.49955 -0.284784 
4 0.631579 2 1 3.32041 -0.450577 
4 1.05263 2 1 4.98701 -0.787187 
4 1.47368 2 1 10.1951 -1.83909 
-4 -4 2 1 -0.558882 0.0765161 
-3.57895 -4 2 1 -0.495888 0.0759689 
-3.15789 -4 2 1 -0.432205 0.0754157 
-2.73684 -4 2 1 -0.367823 0.0748563 
-2.31579 -4 2 1 -0.302729 0.0742909 
-1.89474 -4 2 1 -0.236912 0.0737191 
-1.47368 -4 2 1 -0.17036 0.0731409 
-1.05263 -4 2 1 -0.10306 0.0725563 
-0.631579 -4 2 1 -0.0349995 0.071965 
-0.210526 -4 2 1 0.0338342 0.071367 
0.210526 -4 2 1 0.103454 0.0707622 
0.631579 -4 2 1 0.173875 0.0701505 
1.05263 -4 2 1 0.245109 0.0695316 
1.47368 -4 2 1 0.317172 0.0689056 
1.89474 -4 2 1 0.390077 0.0682722 
2.31579 -4 2 1 0.46384 0.0676314 
2.73684 -4 2 1 0.538476 0.0669831 
3.15789 -4 2 1 0.614 0.066327 
3.57895 -4 2 1 0.690429 0.065663 
4 -4 2 1 0.767778 0.064991 
-4 -4 6 1 -0.639721 0.788133 
-4 -3.57895 6 1 -0.697238 0.834568 
-4 -3.15789 6 1 -0.764667 0.889005 
-4 -2.73684 6 1 -0.844814 0.95371 
-4 -2.31579 6 1 -0.94165 1.03189 
-4 -1.89474 6 1 -1.06099 1.12824 
-4 -1.47368 6 1 -1.21173 1.24993 
-4 -1.05263 6 1 -1.4081 1.40846 
-4 -0.631579 6 1 -1.67455 1.62358 
-4 -0.210526 6 1 -2.05674 1.93213 
-4 0.210526 6 1 -2.65099 2.41187 
-4 0.631579 6 1 -3.70153 3.26 
-4 1.05263 6 1 -6.06152 5.16527 
-4 1.47368 6 1 -16.2285 13.3733 
4 -4 6 1 0.88964 0.869297 
4 -3.57895 6 1 0.962706 0.929834 
4 -3.15789 6 1 1.05037 1.00247 
4 -2.73684 6 1 1.1575 1.09122 
4 -2.31579 6 1 1.29138 1.20215 
4 -1.89474 6 1 1.46346 1.34472 
4 -1.47368 6 1 1.69281 1.53474 
4 -1.05263 6 1 2.01374 1.80064 
4 -0.631579 6 1 2.49476 2.19918 
4 -0.210526 6 1 3.2955 2.86262 
4 0.210526 6 1 4.89337 4.18649 
4 0.631579 6 1 9.65818 8.13426 
4 1.05263 6 1 1062.96 880.826 
-4 -4 6 1 -0.639721 0.788133 
-3.57895 -4 6 1 -0.568227 0.791927 
-3.15789 -4 6 1 -0.495839 0.795769 
-2.73684 -4 6 1 -0.422541 0.799659 
-2.31579 -4 6 1 -0.348315 0.803598 
-1.89474 -4 6 1 -0.273143 0.807588 
-1.47368 -4 6 1 -0.197008 0.811628 
-1.05263 -4 6 1 -0.119891 0.815721 
-0.631579 -4 6 1 -0.0417718 0.819867 
-0.210526 -4 6 1 0.0373682 0.824067 
0.210526 -4 6 1 0.117549 0.828322 
0.631579 -4 6 1 0.198793 0.832633 
1.05263 -4 6 1 0.281119 0.837003 
1.47368 -4 6 1 0.36455 0.84143 
1.89474 -4 6 1 0.449109 0.845918 
2.31579 -4 6 1 0.534818 0.850467 
2.73684 -4 6 1 0.621701 0.855077 
3.15789 -4 6 1 0.709782 0.859752 
3.57895 -4 6 1 0.799087 0.864491 
4 -4 6 1 0.88964 0.869297 
