4 -4 2 1 -0.706104 0.163178 
4 -3.57895 2 1 -0.63006 0.156782 
4 -3.15789 2 1 -0.554015 0.150387 
4 -2.73684 2 1 -0.477971 0.143991 
4 -2.31579 2 1 -0.401926 0.137595 
4 -1.89474 2 1 -0.325882 0.1312 
4 -1.47368 2 1 -0.249838 0.124804 
4 -1.05263 2 1 -0.173793 0.118409 
4 -0.631579 2 1 -0.0977493 0.112013 
4 -0.210526 2 1 -0.0217052 0.105618 
4 0.210526 2 1 0.0543388 0.099222 
4 0.631579 2 1 0.130383 0.0928264 
4 1.05263 2 1 0.206427 0.0864309 
4 1.47368 2 1 0.28247 0.0800353 
4 1.89474 2 1 0.358514 0.0736398 
4 2.31579 2 1 0.434558 0.0672442 
4 2.73684 2 1 0.510601 0.0608487 
4 3.15789 2 1 0.586645 0.0544532 
4 3.57895 2 1 0.662688 0.0480577 
4 4 2 1 0.738731 0.0416622 
-1.47368 -4 2 1 -51.8202 4.04524 
-1.05263 -4 2 1 -7.9681 0.714718 
-0.631579 -4 2 1 -4.31202 0.437043 
-0.210526 -4 2 1 -2.95398 0.333901 
0.210526 -4 2 1 -2.24542 0.280087 
0.631579 -4 2 1 -1.81033 0.247043 
1.05263 -4 2 1 -1.51601 0.224689 
1.47368 -4 2 1 -1.30365 0.208561 
1.89474 -4 2 1 -1.1432 0.196375 
2.31579 -4 2 1 -1.0177 0.186843 
2.73684 -4 2 1 -0.916847 0.179184 
3.15789 -4 2 1 -0.834035 0.172894 
3.57895 -4 2 1 -0.764819 0.167637 
4 -4 2 1 -0.706104 0.163178 
-1.47368 4 2 1 52.8422 -4.75696 
-1.05263 4 2 1 8.14545 -0.640482 
-0.631579 4 2 1 4.41668 -0.29707 
-0.210526 4 2 1 3.03155 -0.169502 
0.210526 4 2 1 2.30884 -0.102942 
0.631579 4 2 1 1.86506 -0.0620702 
1.05263 4 2 1 1.56485 -0.0344215 
1.47368 4 2 1 1.34824 -0.0144722 
1.89474 4 2 1 1.18458 0.000600792 
2.31579 4 2 1 1.05656 0.0123906 
2.73684 4 2 1 0.953693 0.0218646 
3.15789 4 2 1 0.869223 0.0296441 
3.57895 4 2 1 0.798621 0.0361464 
4 4 2 1 0.738731 0.0416622 
4 -4 6 1 -0.700884 0.95664 
4 -3.57895 6 1 -0.618341 0.949698 
4 -3.15789 6 1 -0.535798 0.942755 
4 -2.73684 6 1 -0.453255 0.935813 
4 -2.31579 6 1 -0.370713 0.92887 
4 -1.89474 6 1 -0.28817 0.921928 
4 -1.47368 6 1 -0.205627 0.914985 
4 -1.05263 6 1 -0.123085 0.908042 
4 -0.631579 6 1 -0.0405424 0.9011 
4 -0.210526 6 1 0.0419999 0.894157 
4 0.210526 6 1 0.124542 0.887215 
4 0.631579 6 1 0.207084 0.880272 
4 1.05263 6 1 0.289626 0.87333 
4 1.47368 6 1 0.372168 0.866387 
4 1.89474 6 1 0.45471 0.859445 
4 2.31579 6 1 0.537252 0.852502 
4 2.73684 6 1 0.619794 0.84556 
4 3.15789 6 1 0.702335 0.838618 
4 3.57895 6 1 0.784877 0.831675 
4 4 6 1 0.867418 0.824733 
-1.05263 -4 6 1 -59.8121 71.5359 
-0.631579 -4 6 1 -7.52728 9.10741 
-0.210526 -4 6 1 -4.01238 4.9106 
0.210526 -4 6 1 -2.73333 3.3834 
0.631579 -4 6 1 -2.07156 2.59323 
1.05263 -4 6 1 -1.66708 2.11028 
1.47368 -4 6 1 -1.39426 1.78454 
1.89474 -4 6 1 -1.19782 1.54998 
2.31579 -4 6 1 -1.04962 1.37303 
2.73684 -4 6 1 -0.933831 1.23478 
3.15789 -4 6 1 -0.840873 1.12379 
3.57895 -4 6 1 -0.764598 1.03271 
4 -4 6 1 -0.700884 0.95664 
-1.05263 4 6 1 72.2595 60.3725 
-0.631579 4 6 1 9.11811 7.70659 
-0.210526 4 6 1 4.87005 4.1633 
0.210526 4 6 1 3.32409 2.87383 
0.631579 4 6 1 2.5242 2.20665 
1.05263 4 6 1 2.0353 1.79886 
1.47368 4 6 1 1.70554 1.5238 
1.89474 4 6 1 1.46809 1.32575 
2.31579 4 6 1 1.28895 1.17633 
2.73684 4 6 1 1.14899 1.05959 
3.15789 4 6 1 1.03663 0.965872 
3.57895 4 6 1 0.944433 0.88897 
4 4 6 1 0.867418 0.824733 
