-4 1.47368 2 1 13.8115 -1.15199 
-4 1.89474 2 1 7.28661 -0.545337 
-4 2.31579 2 1 5.13419 -0.345217 
-4 2.73684 2 1 4.06217 -0.245546 
-4 3.15789 2 1 3.42029 -0.185867 
-4 3.57895 2 1 2.99292 -0.146133 
-4 4 2 1 2.68793 -0.117777 
4 -4 2 1 -3.75932 -0.963336 
4 -3.57895 2 1 -2.90089 -0.774776 
4 -3.15789 2 1 -2.31138 -0.645286 
4 -2.73684 2 1 -1.88154 -0.550868 
4 -2.31579 2 1 -1.55423 -0.478973 
4 -1.89474 2 1 -1.29668 -0.4224 
4 -1.47368 2 1 -1.08873 -0.376723 
4 -1.05263 2 1 -0.917316 -0.33907 
4 -0.631579 2 1 -0.773584 -0.307499 
4 -0.210526 2 1 -0.65133 -0.280645 
4 0.210526 2 1 -0.546074 -0.257524 
4 0.631579 2 1 -0.454502 -0.23741 
4 1.05263 2 1 -0.374107 -0.219751 
4 1.47368 2 1 -0.302962 -0.204123 
4 1.89474 2 1 -0.239557 -0.190196 
4 2.31579 2 1 -0.182693 -0.177705 
4 2.73684 2 1 -0.131409 -0.16644 
4 3.15789 2 1 -0.0849207 -0.156229 
4 3.57895 2 1 -0.0425864 -0.14693 
4 4 2 1 -0.00387287 -0.138426 
1.89474 -4 2 1 -168.006 -52.3405 
2.31579 -4 2 1 -13.4275 -3.9876 
2.73684 -4 2 1 -7.52338 -2.14075 
3.15789 -4 2 1 -5.45381 -1.49338 
3.57895 -4 2 1 -4.39887 -1.16339 
4 -4 2 1 -3.75932 -0.963336 
-4 4 2 1 2.68793 -0.117777 
-3.57895 4 2 1 2.26577 -0.121015 
-3.15789 4 2 1 1.92728 -0.123612 
-2.73684 4 2 1 1.64982 -0.12574 
-2.31579 4 2 1 1.41825 -0.127517 
-1.89474 4 2 1 1.22206 -0.129022 
-1.47368 4 2 1 1.05371 -0.130313 
-1.05263 4 2 1 0.907673 -0.131433 
-0.631579 4 2 1 0.779785 -0.132415 
-0.210526 4 2 1 0.666862 -0.133281 
0.210526 4 2 1 0.566422 -0.134051 
0.631579 4 2 1 0.476504 -0.134741 
1.05263 4 2 1 0.395536 -0.135362 
1.47368 4 2 1 0.322247 -0.135924 
1.89474 4 2 1 0.255592 -0.136436 
2.31579 4 2 1 0.19471 -0.136903 
2.73684 4 2 1 0.138882 -0.137331 
3.15789 4 2 1 0.0875043 -0.137725 
3.57895 4 2 1 0.0400647 -0.138089 
4 4 2 1 -0.00387287 -0.138426 
-4 1.05263 6 1 28.6113 28.1209 
-4 1.47368 6 1 8.81804 8.0991 
-4 1.89474 6 1 5.50597 4.74879 
-4 2.31579 6 1 4.14107 3.36814 
-4 2.73684 6 1 3.39631 2.61479 
-4 3.15789 6 1 2.92729 2.14035 
-4 3.57895 6 1 2.6048 1.81413 
-4 4 6 1 2.36944 1.57606 
4 -4 6 1 -3.68982 1.72125 
4 -3.57895 6 1 -2.90513 1.43352 
4 -3.15789 6 1 -2.35118 1.2304 
4 -2.73684 6 1 -1.93923 1.07934 
4 -2.31579 6 1 -1.62089 0.962613 
4 -1.89474 6 1 -1.36751 0.869701 
4 -1.47368 6 1 -1.16104 0.793993 
4 -1.05263 6 1 -0.989559 0.731115 
4 -0.631579 6 1 -0.84487 0.67806 
4 -0.210526 6 1 -0.721148 0.632693 
4 0.210526 6 1 -0.614143 0.593456 
4 0.631579 6 1 -0.520682 0.559186 
4 1.05263 6 1 -0.438346 0.528995 
4 1.47368 6 1 -0.36526 0.502195 
4 1.89474 6 1 -0.299949 0.478247 
4 2.31579 6 1 -0.241234 0.456717 
4 2.73684 6 1 -0.188165 0.437258 
4 3.15789 6 1 -0.139964 0.419583 
4 3.57895 6 1 -0.0959903 0.403459 
4 4 6 1 -0.055712 0.388689 
1.89474 -4 6 1 -26.2429 18.3148 
2.31579 -4 6 1 -10.1889 6.50298 
2.73684 -4 6 1 -6.66234 3.9083 
3.15789 -4 6 1 -5.11532 2.77007 
3.57895 -4 6 1 -4.24637 2.13074 
4 -4 6 1 -3.68982 1.72125 
-4 4 6 1 2.36944 1.57606 
-3.57895 4 6 1 2.00187 1.39609 
-3.15789 4 6 1 1.7038 1.25016 
-2.73684 4 6 1 1.45724 1.12944 
-2.31579 4 6 1 1.24989 1.02792 
-1.89474 4 6 1 1.07309 0.941356 
-1.47368 4 6 1 0.920547 0.866671 
-1.05263 4 6 1 0.787593 0.801576 
-0.631579 4 6 1 0.670681 0.744335 
-0.210526 4 6 1 0.567072 0.693608 
0.210526 4 6 1 0.47462 0.648343 
0.631579 4 6 1 0.391612 0.607702 
1.05263 4 6 1 0.316674 0.571012 
1.47368 4 6 1 0.248682 0.537722 
1.89474 4 6 1 0.186713 0.507382 
2.31579 4 6 1 0.130002 0.479616 
2.73684 4 6 1 0.0779059 0.454109 
3.15789 4 6 1 0.0298836 0.430598 
3.57895 4 6 1 -0.0145246 0.408855 
4 4 6 1 -0.055712 0.388689 
