-0.52273 0.0573753 -0.589504 0.748569 0 
-0.565759 0.0477463 -0.64407 0.790693 1 
-0.614968 0.0367346 -0.707734 0.839841 2 
-0.671789 0.0240194 -0.782976 0.897927 3 
-0.738137 0.00917234 -0.873274 0.967636 4 
-0.816627 -0.00839191 -0.983646 1.05284 5 
-0.910929 -0.0294944 -1.12162 1.15936 6 
-1.02635 -0.0553238 -1.29905 1.29633 7 
-1.1709 -0.087669 -1.53565 1.47899 8 
-1.35716 -0.129351 -1.86698 1.73476 9 
-1.60627 -0.185095 -2.36413 2.11856 10 
-1.95647 -0.263461 -3.19315 2.75855 11 
-2.48496 -0.381724 -4.85285 4.03983 12 
-3.37439 -0.580758 -9.84528 7.89392 13 
0.805073 0.0230603 0.94334 0.837432 20 
0.858917 0.00907275 1.01963 0.896363 21 
0.921942 -0.00729968 1.11148 0.967323 22 
0.996714 -0.0267238 1.22422 1.05441 23 
1.08686 -0.0501406 1.36588 1.16384 24 
1.19765 -0.0789221 1.54922 1.30547 25 
1.33711 -0.11515 1.7958 1.49596 26 
1.51801 -0.162145 2.14517 1.76585 27 
1.76205 -0.225542 2.67855 2.17787 28 
2.10929 -0.315746 3.59322 2.88446 29 
2.64271 -0.454316 5.52555 4.37718 30 
3.56692 -0.694404 12.3031 9.61286 31 
-0.52273 0.0573753 -0.589504 0.748569 40 
-0.46205 0.0558071 -0.520934 0.752544 41 
-0.400475 0.0542158 -0.45121 0.756586 42 
-0.337986 0.0526009 -0.380304 0.760697 43 
-0.274562 0.0509618 -0.308186 0.764878 44 
-0.210182 0.049298 -0.234824 0.769131 45 
-0.144824 0.0476089 -0.160185 0.773458 46 
-0.0784659 0.045894 -0.084237 0.777861 47 
-0.0110839 0.0441526 -0.00694409 0.782341 48 
0.0573455 0.0423841 0.0717295 0.786902 49 
0.126847 0.040588 0.151821 0.791546 50 
0.197446 0.0387635 0.233369 0.796273 51 
0.269168 0.0369099 0.316415 0.801087 52 
0.342041 0.0350266 0.400998 0.805991 53 
0.416093 0.0331129 0.487163 0.810986 54 
0.491352 0.0311679 0.574954 0.816076 55 
0.567848 0.029191 0.664419 0.821262 56 
0.645612 0.0271813 0.755604 0.826548 57 
0.724676 0.025138 0.84856 0.831937 58 
0.805073 0.0230603 0.94334 0.837432 59 
