0.764685 -0.108229 0.646729 0.546797 0 
0.685985 -0.11197 0.577226 0.542559 1 
0.607537 -0.1157 0.50792 0.538332 2 
0.529338 -0.119417 0.438809 0.534117 3 
0.451389 -0.123122 0.369893 0.529914 4 
0.373687 -0.126816 0.301171 0.525722 5 
0.296231 -0.130498 0.232642 0.521543 6 
0.219021 -0.134168 0.164305 0.517375 7 
0.142055 -0.137827 0.0961603 0.513219 8 
0.0653318 -0.141474 0.0282061 0.509074 9 
-0.0111494 -0.14511 -0.0395583 0.504942 10 
-0.0873899 -0.148734 -0.107133 0.50082 11 
-0.163391 -0.152347 -0.17452 0.49671 12 
-0.239153 -0.155948 -0.24172 0.492612 13 
-0.314679 -0.159538 -0.308732 0.488525 14 
-0.389968 -0.163117 -0.375559 0.484449 15 
-0.465022 -0.166685 -0.4422 0.480385 16 
-0.539842 -0.170242 -0.508657 0.476332 17 
-0.614429 -0.173787 -0.57493 0.47229 18 
-0.688784 -0.177322 -0.64102 0.468259 19 
0.764685 -0.108229 0.646729 0.546797 40 
0.825568 -0.102498 0.691543 0.599388 41 
0.897447 -0.0957324 0.743375 0.660214 42 
0.983597 -0.087623 0.804014 0.731376 43 
1.08873 -0.0777263 0.875912 0.815751 44 
1.21992 -0.065378 0.962528 0.917397 45 
1.38819 -0.0495383 1.06889 1.04222 46 
1.61187 -0.0284829 1.20263 1.19917 47 
1.92373 0.000872316 1.37588 1.40248 48 
2.38869 0.0446394 1.60917 1.67625 49 
3.15619 0.116885 1.94025 2.06478 50 
4.66389 0.258806 2.44692 2.65938 51 
8.97991 0.665075 3.31931 3.68314 52 
130.35 12.0897 5.1769 5.86309 53 
-0.688784 -0.177322 -0.64102 0.468259 60 
-0.746386 -0.177314 -0.688351 0.51383 61 
-0.81403 -0.177304 -0.742871 0.566322 62 
-0.894594 -0.177293 -0.806351 0.627442 63 
-0.992171 -0.177279 -0.881198 0.699506 64 
-1.11278 -0.177262 -0.970767 0.785745 65 
-1.26568 -0.17724 -1.07987 0.890794 66 
-1.46583 -0.177212 -1.21569 1.02156 67 
-1.73915 -0.177173 -1.3894 1.18882 68 
-2.1347 -0.177118 -1.61944 1.4103 69 
-2.75815 -0.177029 -1.93848 1.71748 70 
-3.88611 -0.17687 -2.41059 2.17203 71 
-6.54715 -0.176494 -3.18068 2.91348 72 
-20.4957 -0.174521 -4.66095 4.33872 73 
