-4 -4 2 1 -0.656463 0.155003 
-4 -3.57895 2 1 -0.705445 0.151953 
-4 -3.15789 2 1 -0.762252 0.148417 
-4 -2.73684 2 1 -0.828922 0.144266 
-4 -2.31579 2 1 -0.908268 0.139326 
-4 -1.89474 2 1 -1.00428 0.133348 
-4 -1.47368 2 1 -1.12284 0.125967 
-4 -1.05263 2 1 -1.27293 0.116623 
-4 -0.631579 2 1 -1.46907 0.104412 
-4 -0.210526 2 1 -1.73628 0.0877759 
-4 0.210526 2 1 -2.12174 0.0637779 
-4 0.631579 2 1 -2.72625 0.0261422 
-4 1.05263 2 1 -3.81067 -0.0413714 
-4 1.47368 2 1 -6.32259 -0.197759 
-4 1.89474 2 1 -18.5085 -0.956429 
4 -4 2 1 0.686092 0.18844 
4 -3.57895 2 1 0.737168 0.187855 
4 -3.15789 2 1 0.796536 0.187175 
4 -2.73684 2 1 0.866392 0.186375 
4 -2.31579 2 1 0.949786 0.18542 
4 -1.89474 2 1 1.05108 0.18426 
4 -1.47368 2 1 1.17671 0.182822 
4 -1.05263 2 1 1.33667 0.18099 
4 -0.631579 2 1 1.54725 0.178579 
4 -0.210526 2 1 1.837 0.175261 
4 0.210526 2 1 2.26087 0.170407 
4 0.631579 2 1 2.94005 0.16263 
4 1.05263 2 1 4.20467 0.148149 
4 1.47368 2 1 7.38491 0.111733 
4 1.89474 2 1 30.4217 -0.152054 
-4 -4 2 1 -0.656463 0.155003 
-3.57895 -4 2 1 -0.586721 0.15674 
-3.15789 -4 2 1 -0.516877 0.158479 
-2.73684 -4 2 1 -0.446933 0.160221 
-2.31579 -4 2 1 -0.376887 0.161966 
-1.89474 -4 2 1 -0.30674 0.163713 
-1.47368 -4 2 1 -0.236492 0.165462 
-1.05263 -4 2 1 -0.166141 0.167214 
-0.631579 -4 2 1 -0.0956884 0.168969 
-0.210526 -4 2 1 -0.0251335 0.170726 
0.210526 -4 2 1 0.0455239 0.172486 
0.631579 -4 2 1 0.116284 0.174248 
1.05263 -4 2 1 0.187147 0.176013 
1.47368 -4 2 1 0.258114 0.177781 
1.89474 -4 2 1 0.329183 0.179551 
2.31579 -4 2 1 0.400357 0.181323 
2.73684 -4 2 1 0.471634 0.183098 
3.15789 -4 2 1 0.543016 0.184876 
3.57895 -4 2 1 0.614502 0.186657 
4 -4 2 1 0.686092 0.18844 
-4 -4 6 1 -0.771934 0.928187 
-4 -3.57895 6 1 -0.838646 0.990978 
-4 -3.15789 6 1 -0.91788 1.06555 
-4 -2.73684 6 1 -1.01352 1.15557 
-4 -2.31579 6 1 -1.13126 1.26639 
-4 -1.89474 6 1 -1.27975 1.40615 
-4 -1.47368 6 1 -1.47286 1.58791 
-4 -1.05263 6 1 -1.73423 1.83392 
-4 -0.631579 6 1 -2.10786 2.18558 
-4 -0.210526 6 1 -2.68582 2.72956 
-4 0.210526 6 1 -3.69883 3.68302 
-4 0.631579 6 1 -5.93455 5.78732 
-4 1.05263 6 1 -14.9762 14.2975 
4 -4 6 1 0.769474 0.978972 
4 -3.57895 6 1 0.836129 1.04729 
4 -3.15789 6 1 0.915532 1.12866 
4 -2.73684 6 1 1.01172 1.22725 
4 -2.31579 6 1 1.13066 1.34915 
4 -1.89474 6 1 1.2815 1.50374 
4 -1.47368 6 1 1.47905 1.7062 
4 -1.05263 6 1 1.74898 1.98286 
4 -0.631579 6 1 2.14002 2.38363 
4 -0.210526 6 1 2.75722 3.01619 
4 0.210526 6 1 3.87662 4.16345 
4 0.631579 6 1 6.53156 6.88446 
4 1.05263 6 1 20.7802 21.4877 
-4 -4 6 1 -0.771934 0.928187 
-3.57895 -4 6 1 -0.692016 0.93082 
-3.15789 -4 6 1 -0.611966 0.933457 
-2.73684 -4 6 1 -0.531784 0.936099 
-2.31579 -4 6 1 -0.451468 0.938745 
-1.89474 -4 6 1 -0.371019 0.941396 
-1.47368 -4 6 1 -0.290436 0.944051 
-1.05263 -4 6 1 -0.209718 0.94671 
-0.631579 -4 6 1 -0.128867 0.949374 
-0.210526 -4 6 1 -0.0478802 0.952042 
0.210526 -4 6 1 0.0332414 0.954715 
0.631579 -4 6 1 0.114499 0.957392 
1.05263 -4 6 1 0.195891 0.960074 
1.47368 -4 6 1 0.277421 0.96276 
1.89474 -4 6 1 0.359086 0.965451 
2.31579 -4 6 1 0.440889 0.968146 
2.73684 -4 6 1 0.522828 0.970846 
3.15789 -4 6 1 0.604905 0.97355 
3.57895 -4 6 1 0.687121 0.976259 
4 -4 6 1 0.769474 0.978972 
