9.87425 -1.65624 4.33909 3.35423 6 
4.86306 -0.888838 3.05022 2.30891 7 
3.23082 -0.638878 2.35396 1.74421 8 
2.42166 -0.514965 1.91799 1.39062 9 
1.93838 -0.440955 1.61934 1.1484 10 
1.6171 -0.391756 1.40195 0.972096 11 
1.38806 -0.356681 1.23664 0.838019 12 
1.21653 -0.330413 1.10669 0.732622 13 
1.08326 -0.310004 1.00185 0.647592 14 
0.976732 -0.293691 0.915479 0.577545 15 
0.889634 -0.280353 0.843099 0.518843 16 
0.817093 -0.269244 0.781563 0.468934 17 
0.755742 -0.259849 0.728604 0.425982 18 
0.703176 -0.251799 0.682544 0.388626 19 
-17.1351 -0.379622 -4.61668 4.76178 25 
-6.15635 -0.231036 -3.04247 3.09562 26 
-3.74565 -0.198409 -2.26605 2.27385 27 
-2.68824 -0.184098 -1.80356 1.78435 28 
-2.09433 -0.17606 -1.49662 1.45948 29 
-1.71395 -0.170912 -1.27806 1.22815 30 
-1.44949 -0.167333 -1.11451 1.05505 31 
-1.25497 -0.164701 -0.987518 0.920639 32 
-1.10589 -0.162683 -0.886062 0.813257 33 
-0.987984 -0.161087 -0.803143 0.725495 34 
-0.892404 -0.159794 -0.734106 0.652426 35 
-0.813356 -0.158724 -0.675734 0.590644 36 
-0.746893 -0.157824 -0.625733 0.537722 37 
-0.690231 -0.157057 -0.582422 0.491882 38 
-0.64135 -0.156396 -0.544544 0.451791 39 
0.703176 -0.251799 0.682544 0.388626 60 
0.629554 -0.246575 0.615588 0.392073 61 
0.556262 -0.241374 0.548904 0.395505 62 
0.483297 -0.236197 0.482491 0.398924 63 
0.410657 -0.231043 0.416348 0.402329 64 
0.338341 -0.225911 0.350472 0.40572 65 
0.266345 -0.220803 0.284863 0.409097 66 
0.194667 -0.215717 0.219519 0.412461 67 
0.123307 -0.210653 0.154437 0.415811 68 
0.0522607 -0.205612 0.0896171 0.419147 69 
-0.018473 -0.200593 0.0250569 0.422471 70 
-0.0888963 -0.195596 -0.039245 0.425781 71 
-0.159011 -0.190621 -0.10329 0.429077 72 
-0.22882 -0.185668 -0.16708 0.432361 73 
-0.298324 -0.180736 -0.230616 0.435632 74 
-0.367526 -0.175825 -0.2939 0.438889 75 
-0.436428 -0.170936 -0.356933 0.442134 76 
-0.505031 -0.166069 -0.419717 0.445366 77 
-0.573338 -0.161222 -0.482254 0.448585 78 
-0.64135 -0.156396 -0.544544 0.451791 79 
