34.7323 11.3465 4.57554 6.88657 9 
8.07754 2.40295 3.23085 4.5569 10 
4.76983 1.29312 2.55644 3.38849 11 
3.47696 0.859321 2.15113 2.68628 12 
2.78776 0.628074 1.88065 2.21767 13 
2.35946 0.484365 1.68731 1.88271 14 
2.06748 0.386399 1.54223 1.63136 15 
1.85569 0.315334 1.42934 1.43579 16 
1.69503 0.261427 1.33901 1.27928 17 
1.56898 0.219135 1.26508 1.1512 18 
1.46745 0.185067 1.20346 1.04445 19 
-14.5289 1.74757 -5.43564 4.5779 20 
-6.86335 0.790887 -3.82156 3.3027 21 
-4.37055 0.479776 -2.89537 2.57097 22 
-3.13553 0.325641 -2.29457 2.09631 23 
-2.39811 0.233609 -1.8733 1.76349 24 
-1.90799 0.17244 -1.56156 1.5172 25 
-1.55863 0.128839 -1.32154 1.32757 26 
-1.29701 0.0961873 -1.13105 1.17707 27 
-1.09376 0.0708211 -0.976183 1.05472 28 
-0.931308 0.0505465 -0.847808 0.9533 29 
-0.79849 0.0339704 -0.739661 0.867858 30 
-0.687876 0.0201653 -0.64731 0.794897 31 
-0.594326 0.00849 -0.56753 0.731867 32 
-0.514176 -0.00151307 -0.497918 0.67687 33 
-0.444738 -0.0101792 -0.436646 0.628462 34 
-0.383999 -0.0177596 -0.3823 0.585526 35 
-0.330422 -0.0244462 -0.333769 0.547185 36 
-0.282809 -0.0303885 -0.290167 0.512737 37 
-0.240218 -0.035704 -0.250779 0.481618 38 
-0.201894 -0.040487 -0.215022 0.453369 39 
-28.6069 4.02144 -6.24317 5.71156 58 
-14.5289 1.74757 -5.43564 4.5779 59 
1.46745 0.185067 1.20346 1.04445 60 
1.30493 0.163109 1.07413 0.990552 61 
1.15706 0.14313 0.954903 0.940872 62 
1.02196 0.124875 0.844653 0.894931 63 
0.89802 0.108129 0.742398 0.852322 64 
0.783928 0.0927132 0.6473 0.812695 65 
0.678551 0.0784751 0.558633 0.775748 66 
0.580927 0.0652845 0.475765 0.741217 67 
0.49023 0.05303 0.398146 0.708874 68 
0.405749 0.0416153 0.325293 0.678516 69 
0.326867 0.0309569 0.256778 0.649966 70 
0.253043 0.0209822 0.192227 0.623068 71 
0.183807 0.0116273 0.131305 0.597682 72 
0.118744 0.00283626 0.0737136 0.573684 73 
0.0574878 -0.00544044 0.0191877 0.550963 74 
-0.000286288 -0.0132466 -0.0325113 0.529421 75 
-0.054867 -0.0206214 -0.0815977 0.508966 76 
-0.106512 -0.0275994 -0.128265 0.48952 77 
-0.155452 -0.034212 -0.172687 0.47101 78 
-0.201894 -0.040487 -0.215022 0.453369 79 
