-4 -4 2 1 -3.62309 0.265944 
-4 -3.57895 2 1 -4.1363 0.365942 
-4 -3.15789 2 1 -4.91538 0.517743 
-4 -2.73684 2 1 -6.23912 0.775671 
-4 -2.31579 2 1 -8.98566 1.31083 
-4 -1.89474 2 1 -18.114 3.08947 
4 -4 2 1 -0.0662527 -0.0845841 
4 -3.57895 2 1 -0.0253378 -0.0793635 
4 -3.15789 2 1 0.0188552 -0.0737246 
4 -2.73684 2 1 0.0667367 -0.0676151 
4 -2.31579 2 1 0.118789 -0.0609734 
4 -1.89474 2 1 0.175581 -0.0537269 
4 -1.47368 2 1 0.237792 -0.0457891 
4 -1.05263 2 1 0.306235 -0.0370559 
4 -0.631579 2 1 0.381897 -0.0274017 
4 -0.210526 2 1 0.465984 -0.0166725 
4 0.210526 2 1 0.559986 -0.0046782 
4 0.631579 2 1 0.665765 0.00881888 
4 1.05263 2 1 0.785684 0.0241201 
4 1.47368 2 1 0.92278 0.0416131 
4 1.89474 2 1 1.08103 0.0618052 
4 2.31579 2 1 1.26574 0.0853733 
4 2.73684 2 1 1.48414 0.113241 
4 3.15789 2 1 1.7464 0.146704 
4 3.57895 2 1 2.06717 0.187634 
4 4 2 1 2.46852 0.238844 
-4 -4 2 1 -3.62309 0.265944 
-3.57895 -4 2 1 -2.89907 0.194591 
-3.15789 -4 2 1 -2.37404 0.142849 
-2.73684 -4 2 1 -1.97587 0.103609 
-2.31579 -4 2 1 -1.66354 0.0728293 
-1.89474 -4 2 1 -1.41199 0.0480392 
-1.47368 -4 2 1 -1.20506 0.0276457 
-1.05263 -4 2 1 -1.03183 0.0105744 
-0.631579 -4 2 1 -0.884705 -0.00392532 
-0.210526 -4 2 1 -0.758185 -0.0163939 
0.210526 -4 2 1 -0.648229 -0.0272301 
0.631579 -4 2 1 -0.551783 -0.0367349 
1.05263 -4 2 1 -0.466502 -0.0451393 
1.47368 -4 2 1 -0.390553 -0.0526242 
1.89474 -4 2 1 -0.322484 -0.0593324 
2.31579 -4 2 1 -0.261128 -0.065379 
2.73684 -4 2 1 -0.20554 -0.0708572 
3.15789 -4 2 1 -0.154943 -0.0758436 
3.57895 -4 2 1 -0.108693 -0.0804016 
4 -4 2 1 -0.0662527 -0.0845841 
1.05263 4 2 1 66.4207 17.635 
1.47368 4 2 1 10.406 2.39797 
1.89474 4 2 1 6.03392 1.2087 
2.31579 4 2 1 4.42086 0.769916 
2.73684 4 2 1 3.58158 0.541616 
3.15789 4 2 1 3.06701 0.401645 
3.57895 4 2 1 2.71926 0.30705 
4 4 2 1 2.46852 0.238844 
-4 -4 6 1 -2.47476 1.81347 
-4 -3.57895 6 1 -2.6499 2.07801 
-4 -3.15789 6 1 -2.87741 2.42168 
-4 -2.73684 6 1 -3.18494 2.88622 
-4 -2.31579 6 1 -3.62369 3.54897 
-4 -1.89474 6 1 -4.30044 4.57122 
-4 -1.47368 6 1 -5.4809 6.35435 
-4 -1.05263 6 1 -8.0608 10.2514 
-4 -0.631579 6 1 -18.1508 25.4928 
4 -4 6 1 -0.068842 0.399967 
4 -3.57895 6 1 -0.0320338 0.421506 
4 -3.15789 6 1 0.00742347 0.444596 
4 -2.73684 6 1 0.0498266 0.469409 
4 -2.31579 6 1 0.0955183 0.496147 
4 -1.89474 6 1 0.144896 0.525042 
4 -1.47368 6 1 0.198426 0.556367 
4 -1.05263 6 1 0.256654 0.590441 
4 -0.631579 6 1 0.320226 0.627642 
4 -0.210526 6 1 0.389914 0.668422 
4 0.210526 6 1 0.466646 0.713324 
4 0.631579 6 1 0.551545 0.763005 
4 1.05263 6 1 0.64599 0.818273 
4 1.47368 6 1 0.751686 0.880124 
4 1.89474 6 1 0.870771 0.94981 
4 2.31579 6 1 1.00596 1.02892 
4 2.73684 6 1 1.16076 1.11951 
4 3.15789 6 1 1.33977 1.22426 
4 3.57895 6 1 1.54914 1.34678 
4 4 6 1 1.79734 1.49202 
-4 -4 6 1 -2.47476 1.81347 
-3.57895 -4 6 1 -2.08977 1.58728 
-3.15789 -4 6 1 -1.78317 1.40715 
-2.73684 -4 6 1 -1.53323 1.26031 
-2.31579 -4 6 1 -1.32558 1.13831 
-1.89474 -4 6 1 -1.15031 1.03534 
-1.47368 -4 6 1 -1.00041 0.947272 
-1.05263 -4 6 1 -0.870736 0.871087 
-0.631579 -4 6 1 -0.757453 0.804532 
-0.210526 -4 6 1 -0.657638 0.745889 
0.210526 -4 6 1 -0.569024 0.693828 
0.631579 -4 6 1 -0.489827 0.647299 
1.05263 -4 6 1 -0.41862 0.605464 
1.47368 -4 6 1 -0.354253 0.567648 
1.89474 -4 6 1 -0.295785 0.533298 
2.31579 -4 6 1 -0.242441 0.501958 
2.73684 -4 6 1 -0.193576 0.473249 
3.15789 -4 6 1 -0.148648 0.446853 
3.57895 -4 6 1 -0.1072 0.422502 
4 -4 6 1 -0.068842 0.399967 
0.210526 4 6 1 12.8336 22.5882 
0.631579 4 6 1 5.88435 9.30449 
1.05263 4 6 1 4.05588 5.8093 
1.47368 4 6 1 3.212 4.19621 
1.89474 4 6 1 2.72615 3.26748 
2.31579 4 6 1 2.41035 2.66382 
2.73684 4 6 1 2.18862 2.23997 
3.15789 4 6 1 2.02438 1.92601 
3.57895 4 6 1 1.89783 1.68411 
4 4 6 1 1.79734 1.49202 
