-4 -4 2 1 1.20392 0.0629759 
-4 -3.57895 2 1 1.07243 0.0509326 
-4 -3.15789 2 1 0.948999 0.0396275 
-4 -2.73684 2 1 0.832909 0.0289946 
-4 -2.31579 2 1 0.723523 0.0189758 
-4 -1.89474 2 1 0.620276 0.00951928 
-4 -1.47368 2 1 0.522667 0.000579065 
-4 -1.05263 2 1 0.430245 -0.00788603 
-4 -0.631579 2 1 0.342607 -0.0159129 
-4 -0.210526 2 1 0.259392 -0.0235347 
-4 0.210526 2 1 0.180273 -0.0307813 
-4 0.631579 2 1 0.104954 -0.0376799 
-4 1.05263 2 1 0.0331694 -0.0442548 
-4 1.47368 2 1 -0.0353252 -0.0505283 
-4 1.89474 2 1 -0.100751 -0.0565207 
-4 2.31579 2 1 -0.163308 -0.0622505 
-4 2.73684 2 1 -0.223183 -0.0677345 
-4 3.15789 2 1 -0.280544 -0.0729883 
-4 3.57895 2 1 -0.335546 -0.078026 
-4 4 2 1 -0.388332 -0.0828607 
-4 -4 2 1 1.20392 0.0629759 
-3.57895 -4 2 1 1.29702 0.0686555 
-3.15789 -4 2 1 1.41253 0.0757022 
-2.73684 -4 2 1 1.55966 0.0846774 
-2.31579 -4 2 1 1.75342 0.0964979 
-1.89474 -4 2 1 2.02019 0.112772 
-1.47368 -4 2 1 2.41079 0.1366 
-1.05263 -4 2 1 3.03751 0.174832 
-0.631579 -4 2 1 4.20717 0.246186 
-0.210526 -4 2 1 7.16457 0.426599 
0.210526 -4 2 1 29.2914 1.77642 
-4 4 2 1 -0.388332 -0.0828607 
-3.57895 4 2 1 -0.434542 -0.0887813 
-3.15789 4 2 1 -0.487037 -0.0955073 
-2.73684 4 2 1 -0.547195 -0.103215 
-2.31579 4 2 1 -0.616825 -0.112136 
-1.89474 4 2 1 -0.698355 -0.122582 
-1.47368 4 2 1 -0.79512 -0.13498 
-1.05263 4 2 1 -0.911833 -0.149934 
-0.631579 4 2 1 -1.05537 -0.168325 
-0.210526 4 2 1 -1.23617 -0.19149 
0.210526 4 2 1 -1.47093 -0.221569 
0.631579 4 2 1 -1.78803 -0.262197 
1.05263 4 2 1 -2.23999 -0.320104 
1.47368 4 2 1 -2.93609 -0.409292 
1.89474 4 2 1 -4.14737 -0.564487 
2.31579 4 2 1 -6.78168 -0.902008 
2.73684 4 2 1 -16.9169 -2.20058 
-4 -4 6 1 1.08289 1.00762 
-4 -3.57895 6 1 0.957974 0.966618 
-4 -3.15789 6 1 0.840558 0.928075 
-4 -2.73684 6 1 0.729982 0.891778 
-4 -2.31579 6 1 0.625666 0.857536 
-4 -1.89474 6 1 0.527092 0.825178 
-4 -1.47368 6 1 0.4338 0.794555 
-4 -1.05263 6 1 0.345376 0.765529 
-4 -0.631579 6 1 0.261448 0.737979 
-4 -0.210526 6 1 0.181683 0.711796 
-4 0.210526 6 1 0.105777 0.686879 
-4 0.631579 6 1 0.033458 0.66314 
-4 1.05263 6 1 -0.035523 0.640497 
-4 1.47368 6 1 -0.101392 0.618875 
-4 1.89474 6 1 -0.164355 0.598207 
-4 2.31579 6 1 -0.224599 0.578431 
-4 2.73684 6 1 -0.282298 0.559491 
-4 3.15789 6 1 -0.337609 0.541335 
-4 3.57895 6 1 -0.390678 0.523915 
-4 4 6 1 -0.441637 0.507187 
-4 -4 6 1 1.08289 1.00762 
-3.57895 -4 6 1 1.16102 1.11215 
-3.15789 -4 6 1 1.25744 1.24115 
-2.73684 -4 6 1 1.37943 1.40436 
-2.31579 -4 6 1 1.53872 1.61745 
-1.89474 -4 6 1 1.75547 1.90743 
-1.47368 -4 6 1 2.06764 2.32507 
-1.05263 -4 6 1 2.55605 2.97847 
-0.631579 -4 6 1 3.42857 4.14577 
-0.210526 -4 6 1 5.43209 6.82615 
0.210526 -4 6 1 14.8159 19.3801 
-4 4 6 1 -0.441637 0.507187 
-3.57895 4 6 1 -0.490512 0.538378 
-3.15789 4 6 1 -0.545931 0.573745 
-2.73684 4 6 1 -0.609303 0.614188 
-2.31579 4 6 1 -0.682472 0.660883 
-1.89474 4 6 1 -0.767901 0.715401 
-1.47368 4 6 1 -0.868952 0.779889 
-1.05263 4 6 1 -0.990341 0.857357 
-0.631579 4 6 1 -1.1389 0.952162 
-0.210526 4 6 1 -1.32489 1.07086 
0.210526 4 6 1 -1.5645 1.22377 
0.631579 4 6 1 -1.88484 1.42821 
1.05263 4 6 1 -2.33495 1.71546 
1.47368 4 6 1 -3.01374 2.14864 
1.89474 4 6 1 -4.15478 2.87683 
2.31579 4 6 1 -6.47412 4.35698 
2.73684 4 6 1 -13.7452 8.99719 
