-2.00482 -0.3654 -1.80858 0.877709 0 
-2.18559 -0.391275 -1.93749 0.99906 1 
-2.42389 -0.425386 -2.09992 1.15197 2 
-2.75239 -0.47241 -2.31091 1.35059 3 
-3.23428 -0.541389 -2.59604 1.619 4 
-4.00971 -0.652386 -3.00275 2.00186 5 
-5.46431 -0.860603 -3.62984 2.59219 6 
-9.18569 -1.39329 -4.72302 3.62128 7 
-39.1683 -5.6851 -7.10925 5.86761 8 
0.121015 -0.144552 0.0733974 0.368022 20 
0.160513 -0.142971 0.108182 0.39291 21 
0.204064 -0.141228 0.146296 0.420181 22 
0.252327 -0.139296 0.188241 0.450193 23 
0.306109 -0.137143 0.234625 0.483381 24 
0.366414 -0.13473 0.286194 0.520279 25 
0.434506 -0.132004 0.343866 0.561544 26 
0.511998 -0.128903 0.408795 0.608001 27 
0.60098 -0.125341 0.482441 0.660695 28 
0.704211 -0.121209 0.566687 0.720973 29 
0.825414 -0.116358 0.663998 0.7906 30 
0.969727 -0.110582 0.777668 0.871932 31 
1.14446 -0.103589 0.912204 0.968193 32 
1.36036 -0.0949476 1.07393 1.08391 33 
1.63392 -0.0839986 1.27201 1.22564 34 
1.9918 -0.0696748 1.52027 1.40327 35 
2.48008 -0.0501316 1.84052 1.63241 36 
3.18592 -0.0218806 2.2694 1.93928 37 
4.29641 0.0225659 2.87348 2.3715 38 
6.29932 0.102731 3.78765 3.02559 39 
-2.00482 -0.3654 -1.80858 0.877709 40 
-1.73704 -0.337581 -1.59022 0.81857 41 
-1.50773 -0.313759 -1.39925 0.76685 42 
-1.30917 -0.29313 -1.23082 0.721235 43 
-1.13555 -0.275094 -1.08116 0.680705 44 
-0.982459 -0.259189 -0.947306 0.644454 45 
-0.846455 -0.24506 -0.826874 0.611838 46 
-0.724829 -0.232424 -0.717943 0.582336 47 
-0.615415 -0.221058 -0.618941 0.555524 48 
-0.516462 -0.210778 -0.528568 0.531049 49 
-0.426539 -0.201436 -0.445744 0.508618 50 
-0.344463 -0.192909 -0.369562 0.487986 51 
-0.26925 -0.185095 -0.299252 0.468944 52 
-0.200073 -0.177909 -0.234161 0.451316 53 
-0.136235 -0.171277 -0.173729 0.43495 54 
-0.0771396 -0.165137 -0.117473 0.419714 55 
-0.0222778 -0.159438 -0.0649749 0.405496 56 
0.0287897 -0.154133 -0.0158696 0.392197 57 
0.0764434 -0.149182 0.0301612 0.379731 58 
0.121015 -0.144552 0.0733974 0.368022 59 
31.3242 0.66445 6.47369 6.51575 76 
12.4289 0.240318 5.08173 4.70709 77 
8.17657 0.144869 4.29421 3.6838 78 
6.29932 0.102731 3.78765 3.02559 79 
