-1.33213 -0.370354 -1.41792 0.621939 0 
-1.4272 -0.404105 -1.52101 0.693381 1 
-1.54501 -0.445928 -1.64845 0.7817 2 
-1.69483 -0.499113 -1.81003 0.893676 3 
-1.89174 -0.569016 -2.02158 1.04029 4 
-2.16209 -0.664992 -2.31054 1.24053 5 
-2.5564 -0.804971 -2.72887 1.53045 6 
-3.18525 -1.02822 -3.38857 1.98763 7 
-4.34653 -1.44047 -4.5832 2.81553 8 
-7.21276 -2.45798 -7.40707 4.77251 9 
-25.9039 -9.09335 -22.3378 15.1197 10 
0.271546 -0.107724 0.215264 0.439595 20 
0.311586 -0.110717 0.251932 0.467151 21 
0.356387 -0.114067 0.292932 0.497963 22 
0.406851 -0.11784 0.339081 0.532645 23 
0.464124 -0.122123 0.391414 0.571974 24 
0.529685 -0.127024 0.451263 0.616951 25 
0.605473 -0.132691 0.520372 0.668888 26 
0.694082 -0.139316 0.601072 0.729534 27 
0.799069 -0.147166 0.696543 0.801282 28 
0.925433 -0.156614 0.811252 0.887487 29 
1.08045 -0.168205 0.951663 0.993007 30 
1.2751 -0.182759 1.12751 1.12516 31 
1.52682 -0.20158 1.35413 1.29546 32 
1.86502 -0.226867 1.65723 1.52325 33 
2.34351 -0.262643 2.08341 1.84353 34 
3.07241 -0.317142 2.7267 2.32697 35 
4.31798 -0.410272 3.80974 3.14088 36 
6.93113 -0.605656 6.01752 4.80006 37 
15.9058 -1.27668 12.9948 10.0435 38 
-1.33213 -0.370354 -1.41792 0.621939 40 
-1.18513 -0.346281 -1.26883 0.605293 41 
-1.04977 -0.324114 -1.13144 0.589953 42 
-0.924717 -0.303634 -1.0044 0.57577 43 
-0.808831 -0.284655 -0.886607 0.562618 44 
-0.701143 -0.267019 -0.777075 0.550389 45 
-0.600811 -0.250588 -0.674966 0.538988 46 
-0.507108 -0.235242 -0.579552 0.528336 47 
-0.419397 -0.220878 -0.490193 0.518359 48 
-0.337122 -0.207404 -0.406333 0.508996 49 
-0.259792 -0.19474 -0.327478 0.500192 50 
-0.186974 -0.182815 -0.253193 0.491898 51 
-0.118285 -0.171566 -0.183092 0.484071 52 
-0.0533835 -0.160937 -0.116831 0.476673 53 
0.00803582 -0.150878 -0.0541037 0.46967 54 
0.0662457 -0.141345 0.00536595 0.46303 55 
0.121491 -0.132298 0.0618251 0.456726 56 
0.173993 -0.1237 0.115497 0.450734 57 
0.223951 -0.115518 0.166582 0.44503 58 
0.271546 -0.107724 0.215264 0.439595 59 
