-4 -4 2 1 0.0274189 -0.269283 
-4 -3.57895 2 1 -0.014006 -0.271954 
-4 -3.15789 2 1 -0.0590536 -0.274859 
-4 -2.73684 2 1 -0.108221 -0.27803 
-4 -2.31579 2 1 -0.162099 -0.281505 
-4 -1.89474 2 1 -0.221401 -0.285329 
-4 -1.47368 2 1 -0.286987 -0.289559 
-4 -1.05263 2 1 -0.359914 -0.294262 
-4 -0.631579 2 1 -0.441486 -0.299522 
-4 -0.210526 2 1 -0.533338 -0.305446 
-4 0.210526 2 1 -0.637543 -0.312166 
-4 0.631579 2 1 -0.756773 -0.319855 
-4 1.05263 2 1 -0.894531 -0.328739 
-4 1.47368 2 1 -1.0555 -0.33912 
-4 1.89474 2 1 -1.24608 -0.35141 
-4 2.31579 2 1 -1.47528 -0.366191 
-4 2.73684 2 1 -1.75616 -0.384305 
-4 3.15789 2 1 -2.1084 -0.407021 
-4 3.57895 2 1 -2.56319 -0.43635 
-4 4 2 1 -3.17291 -0.47567 
4 -4 2 1 3.65057 -1.05347 
4 -3.57895 2 1 4.2401 -1.24324 
4 -3.15789 2 1 5.16957 -1.54242 
4 -2.73684 2 1 6.85212 -2.08402 
4 -2.31579 2 1 10.8262 -3.36325 
4 -1.89474 2 1 31.7667 -10.1038 
-4 -4 2 1 0.0274189 -0.269283 
-3.57895 -4 2 1 0.0711429 -0.278746 
-3.15789 -4 2 1 0.118779 -0.289057 
-2.73684 -4 2 1 0.170876 -0.300332 
-2.31579 -4 2 1 0.228092 -0.312716 
-1.89474 -4 2 1 0.29122 -0.326379 
-1.47368 -4 2 1 0.361226 -0.341532 
-1.05263 -4 2 1 0.4393 -0.35843 
-0.631579 -4 2 1 0.526922 -0.377394 
-0.210526 -4 2 1 0.625956 -0.398829 
0.210526 -4 2 1 0.738788 -0.42325 
0.631579 -4 2 1 0.868517 -0.451329 
1.05263 -4 2 1 1.01925 -0.483952 
1.47368 -4 2 1 1.19652 -0.522322 
1.89474 -4 2 1 1.40804 -0.568102 
2.31579 -4 2 1 1.66478 -0.62367 
2.73684 -4 2 1 1.98297 -0.692539 
3.15789 -4 2 1 2.38769 -0.780135 
3.57895 -4 2 1 2.91977 -0.895298 
4 -4 2 1 3.65057 -1.05347 
-4 4 2 1 -3.17291 -0.47567 
-3.57895 4 2 1 -3.63178 -0.565671 
-3.15789 4 2 1 -4.33545 -0.703686 
-2.73684 4 2 1 -5.55107 -0.942113 
-2.31579 4 2 1 -8.1568 -1.45319 
-1.89474 4 2 1 -17.7209 -3.32905 
-4 -4 6 1 0.0655076 0.257348 
-4 -3.57895 6 1 0.0283345 0.275445 
-4 -3.15789 6 1 -0.0118637 0.295015 
-4 -2.73684 6 1 -0.055472 0.316245 
-4 -2.31579 6 1 -0.102943 0.339356 
-4 -1.89474 6 1 -0.154815 0.364609 
-4 -1.47368 6 1 -0.211729 0.392317 
-4 -1.05263 6 1 -0.274457 0.422855 
-4 -0.631579 6 1 -0.343939 0.456681 
-4 -0.210526 6 1 -0.421327 0.494357 
-4 0.210526 6 1 -0.508052 0.536578 
-4 0.631579 6 1 -0.605913 0.58422 
-4 1.05263 6 1 -0.717201 0.638399 
-4 1.47368 6 1 -0.844883 0.700559 
-4 1.89474 6 1 -0.992871 0.772605 
-4 2.31579 6 1 -1.16643 0.857098 
-4 2.73684 6 1 -1.3728 0.957568 
-4 3.15789 6 1 -1.62228 1.07902 
-4 3.57895 6 1 -1.92993 1.2288 
-4 4 6 1 -2.31879 1.41811 
4 -4 6 1 2.93024 1.08385 
4 -3.57895 6 1 3.24024 1.29268 
4 -3.15789 6 1 3.67006 1.58223 
4 -2.73684 6 1 4.30583 2.01052 
4 -2.31579 6 1 5.34219 2.70867 
4 -1.89474 6 1 7.33188 4.04903 
4 -1.47368 6 1 12.7107 7.67248 
4 -1.05263 6 1 79.8545 52.9042 
-4 -4 6 1 0.0655076 0.257348 
-3.57895 -4 6 1 0.107835 0.26956 
-3.15789 -4 6 1 0.153686 0.282788 
-2.73684 -4 6 1 0.20352 0.297166 
-2.31579 -4 6 1 0.257879 0.312849 
-1.89474 -4 6 1 0.317409 0.330024 
-1.47368 -4 6 1 0.382884 0.348914 
-1.05263 -4 6 1 0.455242 0.36979 
-0.631579 -4 6 1 0.535628 0.392982 
-0.210526 -4 6 1 0.625458 0.418898 
0.210526 -4 6 1 0.726498 0.44805 
0.631579 -4 6 1 0.840987 0.481081 
1.05263 -4 6 1 0.971803 0.518822 
1.47368 -4 6 1 1.1227 0.562359 
1.89474 -4 6 1 1.2987 0.613136 
2.31579 -4 6 1 1.50663 0.673124 
2.73684 -4 6 1 1.75603 0.745079 
3.15789 -4 6 1 2.0607 0.832979 
3.57895 -4 6 1 2.4413 0.942785 
4 -4 6 1 2.93024 1.08385 
-4 4 6 1 -2.31879 1.41811 
-3.57895 4 6 1 -2.52521 1.64655 
-3.15789 4 6 1 -2.8078 1.95928 
-2.73684 4 6 1 -3.21828 2.41355 
-2.31579 4 6 1 -3.86886 3.13352 
-1.89474 4 6 1 -5.05726 4.44869 
-1.47368 4 6 1 -7.9203 7.61712 
-1.05263 4 6 1 -24.4397 25.8986 
