330.099 77.1542 6.97933 9.96925 10 
10.7752 2.30692 4.30776 5.73525 11 
5.78994 1.13842 3.22149 4.01369 12 
4.09342 0.740766 2.63232 3.07995 13 
3.23849 0.540375 2.26257 2.49394 14 
2.72337 0.419636 2.0089 2.09191 15 
2.37906 0.338931 1.82406 1.79898 16 
2.13268 0.281181 1.68339 1.57603 17 
1.94765 0.237811 1.57274 1.40068 18 
1.80359 0.204045 1.48343 1.25914 19 
-7.15753 0.0711348 -4.62632 3.31523 20 
-4.63108 0.0263667 -3.43542 2.55131 21 
-3.34037 0.00349561 -2.68335 2.06888 22 
-2.55692 -0.0103869 -2.16529 1.73656 23 
-2.03081 -0.0197096 -1.78672 1.49372 24 
-1.65312 -0.026402 -1.498 1.30852 25 
-1.36882 -0.0314398 -1.27052 1.1626 26 
-1.14708 -0.035369 -1.08667 1.04467 27 
-0.969297 -0.0385193 -0.935004 0.947374 28 
-0.823579 -0.0411014 -0.807741 0.86574 29 
-0.701968 -0.0432563 -0.699434 0.796264 30 
-0.598939 -0.0450819 -0.606141 0.73642 31 
-0.510536 -0.0466484 -0.524942 0.684334 32 
-0.43385 -0.0480073 -0.453628 0.638588 33 
-0.366697 -0.0491972 -0.390499 0.598093 34 
-0.307403 -0.0502479 -0.334221 0.561993 35 
-0.254665 -0.0511824 -0.283737 0.529609 36 
-0.207453 -0.052019 -0.238195 0.500395 37 
-0.164941 -0.0527723 -0.196904 0.473909 38 
-0.12646 -0.0534542 -0.159295 0.449784 39 
-64.5776 3.33494 -8.44177 7.76463 56 
-15.8048 0.562652 -6.42213 5.40942 57 
-9.5946 0.20966 -5.32022 4.12442 58 
-7.15753 0.0711348 -4.62632 3.31523 59 
1.80359 0.204045 1.48343 1.25914 60 
1.58197 0.174478 1.30723 1.17232 61 
1.38766 0.148553 1.15024 1.09498 62 
1.21589 0.125637 1.00949 1.02563 63 
1.06297 0.105235 0.882575 0.963101 64 
0.925956 0.0869549 0.767554 0.906432 65 
0.802482 0.0704816 0.662829 0.854835 66 
0.690639 0.0555599 0.567077 0.807659 67 
0.588857 0.0419806 0.479192 0.764359 68 
0.495838 0.0295703 0.398243 0.724477 69 
0.410496 0.0181843 0.32344 0.687622 70 
0.331918 0.00770081 0.254109 0.653464 71 
0.259331 -0.00198343 0.189671 0.621715 72 
0.192075 -0.0109564 0.129624 0.592131 73 
0.129584 -0.0192938 0.0735359 0.564497 74 
0.0713678 -0.0270607 0.0210266 0.538627 75 
0.0170031 -0.0343139 -0.0282355 0.514356 76 
-0.0338803 -0.0411025 -0.0745427 0.491541 77 
-0.0816064 -0.0474699 -0.118153 0.470054 78 
-0.12646 -0.0534542 -0.159295 0.449784 79 
