-4 -2.73684 2 1 14.5328 0.638512 
-4 -2.31579 2 1 6.12976 0.295971 
-4 -1.89474 2 1 3.81937 0.20179 
-4 -1.47368 2 1 2.73843 0.157726 
-4 -1.05263 2 1 2.11181 0.132183 
-4 -0.631579 2 1 1.70283 0.115511 
-4 -0.210526 2 1 1.41488 0.103773 
-4 0.210526 2 1 1.20115 0.0950605 
-4 0.631579 2 1 1.03623 0.0883377 
-4 1.05263 2 1 0.905116 0.0829928 
-4 1.47368 2 1 0.798372 0.0786415 
-4 1.89474 2 1 0.709784 0.0750303 
-4 2.31579 2 1 0.635084 0.0719852 
-4 2.73684 2 1 0.571242 0.0693827 
-4 3.15789 2 1 0.516052 0.0671329 
-4 3.57895 2 1 0.467866 0.0651687 
-4 4 2 1 0.425431 0.0634388 
4 -1.05263 2 1 -97.4409 27.1336 
4 -0.631579 2 1 -8.34729 2.29547 
4 -0.210526 2 1 -4.47155 1.21497 
4 0.210526 2 1 -3.1036 0.833602 
4 0.631579 2 1 -2.40442 0.638679 
4 1.05263 2 1 -1.97992 0.520332 
4 1.47368 2 1 -1.6948 0.440845 
4 1.89474 2 1 -1.4901 0.383777 
4 2.31579 2 1 -1.336 0.340816 
4 2.73684 2 1 -1.2158 0.307306 
4 3.15789 2 1 -1.11942 0.280438 
4 3.57895 2 1 -1.04043 0.258415 
4 4 2 1 -0.974499 0.240034 
-4 4 2 1 0.425431 0.0634388 
-3.57895 4 2 1 0.371481 0.0702445 
-3.15789 4 2 1 0.315901 0.0772556 
-2.73684 4 2 1 0.258617 0.0844818 
-2.31579 4 2 1 0.199549 0.091933 
-1.89474 4 2 1 0.138612 0.0996199 
-1.47368 4 2 1 0.0757165 0.107554 
-1.05263 4 2 1 0.0107661 0.115747 
-0.631579 4 2 1 -0.0563414 0.124213 
-0.210526 4 2 1 -0.125715 0.132964 
0.210526 4 2 1 -0.197472 0.142016 
0.631579 4 2 1 -0.271738 0.151384 
1.05263 4 2 1 -0.348645 0.161085 
1.47368 4 2 1 -0.428338 0.171138 
1.89474 4 2 1 -0.51097 0.181562 
2.31579 4 2 1 -0.596708 0.192378 
2.73684 4 2 1 -0.68573 0.203607 
3.15789 4 2 1 -0.778227 0.215276 
3.57895 4 2 1 -0.874409 0.227408 
4 4 2 1 -0.974499 0.240034 
-4 -2.73684 6 1 18.6449 15.8802 
-4 -2.31579 6 1 7.15185 6.23945 
-4 -1.89474 6 1 4.35432 3.89279 
-4 -1.47368 6 1 3.09243 2.83428 
-4 -1.05263 6 1 2.37406 2.23169 
-4 -0.631579 6 1 1.91028 1.84265 
-4 -0.210526 6 1 1.58612 1.57073 
-4 0.210526 6 1 1.34677 1.36997 
-4 0.631579 6 1 1.16281 1.21565 
-4 1.05263 6 1 1.01701 1.09335 
-4 1.47368 6 1 0.898596 0.994021 
-4 1.89474 6 1 0.800526 0.911756 
-4 2.31579 6 1 0.717969 0.842505 
-4 2.73684 6 1 0.647514 0.783405 
-4 3.15789 6 1 0.586682 0.732377 
-4 3.57895 6 1 0.533627 0.687873 
-4 4 6 1 0.486948 0.648717 
4 -0.631579 6 1 -8.33176 12.5392 
4 -0.210526 6 1 -4.23836 6.2117 
4 0.210526 6 1 -2.89592 4.13658 
4 0.631579 6 1 -2.22875 3.10529 
4 1.05263 6 1 -1.82974 2.4885 
4 1.47368 6 1 -1.56427 2.07814 
4 1.89474 6 1 -1.3749 1.78543 
4 2.31579 6 1 -1.23302 1.56611 
4 2.73684 6 1 -1.12276 1.39566 
4 3.15789 6 1 -1.0346 1.25939 
4 3.57895 6 1 -0.962503 1.14794 
4 4 6 1 -0.902447 1.05511 
-4 4 6 1 0.486948 0.648717 
-3.57895 4 6 1 0.433541 0.664338 
-3.15789 4 6 1 0.378509 0.680435 
-2.73684 4 6 1 0.321778 0.697029 
-2.31579 4 6 1 0.263267 0.714143 
-1.89474 4 6 1 0.202891 0.731803 
-1.47368 4 6 1 0.14056 0.750034 
-1.05263 4 6 1 0.0761762 0.768866 
-0.631579 4 6 1 0.00963775 0.788329 
-0.210526 4 6 1 -0.0591658 0.808454 
0.210526 4 6 1 -0.130352 0.829275 
0.631579 4 6 1 -0.204047 0.850831 
1.05263 4 6 1 -0.280386 0.87316 
1.47368 4 6 1 -0.359513 0.896305 
1.89474 4 6 1 -0.441585 0.92031 
2.31579 4 6 1 -0.526768 0.945226 
2.73684 4 6 1 -0.615244 0.971105 
3.15789 4 6 1 -0.707205 0.998004 
3.57895 4 6 1 -0.802864 1.02598 
4 4 6 1 -0.902447 1.05511 
