-4 -1.47368 2 1 60.8625 -16.6116 
-4 -1.05263 2 1 8.21184 -2.37299 
-4 -0.631579 2 1 4.44025 -1.35302 
-4 -0.210526 2 1 3.06004 -0.979761 
-4 0.210526 2 1 2.3443 -0.786199 
-4 0.631579 2 1 1.90629 -0.667744 
-4 1.05263 2 1 1.61061 -0.587784 
-4 1.47368 2 1 1.3976 -0.530177 
-4 1.89474 2 1 1.23683 -0.486699 
-4 2.31579 2 1 1.11118 -0.452719 
-4 2.73684 2 1 1.01028 -0.425433 
-4 3.15789 2 1 0.927475 -0.403039 
-4 3.57895 2 1 0.858294 -0.38433 
-4 4 2 1 0.799631 -0.368465 
4 -1.89474 2 1 -10.4839 -1.75393 
4 -1.47368 2 1 -5.06268 -0.944488 
4 -1.05263 2 1 -3.31707 -0.683849 
4 -0.631579 2 1 -2.45534 -0.555185 
4 -0.210526 2 1 -1.9418 -0.478507 
4 0.210526 2 1 -1.60088 -0.427604 
4 0.631579 2 1 -1.35807 -0.39135 
4 1.05263 2 1 -1.17634 -0.364217 
4 1.47368 2 1 -1.03522 -0.343147 
4 1.89474 2 1 -0.922475 -0.326312 
4 2.31579 2 1 -0.830318 -0.312552 
4 2.73684 2 1 -0.753586 -0.301095 
4 3.15789 2 1 -0.688704 -0.291407 
4 3.57895 2 1 -0.633124 -0.283109 
4 4 2 1 -0.58498 -0.27592 
-4 4 2 1 0.799631 -0.368465 
-3.57895 4 2 1 0.717401 -0.362969 
-3.15789 4 2 1 0.636335 -0.357551 
-2.73684 4 2 1 0.556409 -0.352209 
-2.31579 4 2 1 0.4776 -0.346941 
-1.89474 4 2 1 0.399883 -0.341747 
-1.47368 4 2 1 0.323237 -0.336624 
-1.05263 4 2 1 0.24764 -0.331571 
-0.631579 4 2 1 0.17307 -0.326587 
-0.210526 4 2 1 0.0995062 -0.32167 
0.210526 4 2 1 0.0269286 -0.316819 
0.631579 4 2 1 -0.0446826 -0.312033 
1.05263 4 2 1 -0.115347 -0.30731 
1.47368 4 2 1 -0.185082 -0.302649 
1.89474 4 2 1 -0.253907 -0.298049 
2.31579 4 2 1 -0.321839 -0.293508 
2.73684 4 2 1 -0.388896 -0.289026 
3.15789 4 2 1 -0.455094 -0.284602 
3.57895 4 2 1 -0.52045 -0.280233 
4 4 2 1 -0.58498 -0.27592 
-4 -1.89474 6 1 12.5208 9.10951 
-4 -1.47368 6 1 5.55051 3.9045 
-4 -1.05263 6 1 3.58783 2.43887 
-4 -0.631579 6 1 2.66254 1.74791 
-4 -0.210526 6 1 2.12408 1.34582 
-4 0.210526 6 1 1.77182 1.08277 
-4 0.631579 6 1 1.5234 0.897269 
-4 1.05263 6 1 1.33882 0.759432 
-4 1.47368 6 1 1.19626 0.652978 
-4 1.89474 6 1 1.08285 0.568286 
-4 2.31579 6 1 0.990469 0.499301 
-4 2.73684 6 1 0.913767 0.442024 
-4 3.15789 6 1 0.849065 0.393708 
-4 3.57895 6 1 0.793751 0.352402 
-4 4 6 1 0.74592 0.316685 
4 -2.73684 6 1 -16.607 14.1765 
4 -2.31579 6 1 -6.03751 5.08949 
4 -1.89474 6 1 -3.66328 3.04828 
4 -1.47368 6 1 -2.61565 2.14759 
4 -1.05263 6 1 -2.02556 1.64027 
4 -0.631579 6 1 -1.64699 1.31481 
4 -0.210526 6 1 -1.3835 1.08827 
4 0.210526 6 1 -1.18954 0.921517 
4 0.631579 6 1 -1.04079 0.793634 
4 1.05263 6 1 -0.923099 0.692451 
4 1.47368 6 1 -0.827656 0.610396 
4 1.89474 6 1 -0.748699 0.542513 
4 2.31579 6 1 -0.682295 0.485424 
4 2.73684 6 1 -0.625671 0.436742 
4 3.15789 6 1 -0.576815 0.394739 
4 3.57895 6 1 -0.534231 0.358128 
4 4 6 1 -0.496783 0.325933 
-4 4 6 1 0.74592 0.316685 
-3.57895 4 6 1 0.673037 0.317227 
-3.15789 4 6 1 0.601074 0.317763 
-2.73684 4 6 1 0.530013 0.318291 
-2.31579 4 6 1 0.459839 0.318814 
-1.89474 4 6 1 0.390533 0.319329 
-1.47368 4 6 1 0.322081 0.319839 
-1.05263 4 6 1 0.254467 0.320342 
-0.631579 4 6 1 0.187675 0.320839 
-0.210526 4 6 1 0.12169 0.32133 
0.210526 4 6 1 0.0564988 0.321815 
0.631579 4 6 1 -0.00791419 0.322295 
1.05263 4 6 1 -0.0715624 0.322768 
1.47368 4 6 1 -0.134459 0.323236 
1.89474 4 6 1 -0.196618 0.323699 
2.31579 4 6 1 -0.258052 0.324156 
2.73684 4 6 1 -0.318773 0.324608 
3.15789 4 6 1 -0.378794 0.325055 
3.57895 4 6 1 -0.438127 0.325496 
4 4 6 1 -0.496783 0.325933 
