18.9064 -1.218 3.81771 3.69199 8 
6.60924 -0.544867 2.82068 2.58592 9 
4.10165 -0.407604 2.26494 1.96939 10 
3.02195 -0.348502 1.9106 1.57629 11 
2.4208 -0.315597 1.66497 1.3038 12 
2.03777 -0.29463 1.48468 1.10379 13 
1.77237 -0.280102 1.34672 0.950739 14 
1.57763 -0.269442 1.23775 0.829845 15 
1.42865 -0.261287 1.14949 0.731937 16 
1.31098 -0.254846 1.07656 0.651029 17 
1.21571 -0.249631 1.01528 0.583047 18 
1.13698 -0.245322 0.963067 0.525123 19 
-46.5123 -2.90031 -5.15207 4.08177 22 
-9.00238 -0.737048 -3.47405 2.7662 23 
-4.86058 -0.498184 -2.58481 2.06904 24 
-3.26895 -0.406392 -2.03402 1.63723 25 
-2.42664 -0.357814 -1.65935 1.34349 26 
-1.90531 -0.327749 -1.38798 1.13073 27 
-1.55085 -0.307307 -1.18235 0.969518 28 
-1.2942 -0.292505 -1.02116 0.843146 29 
-1.09978 -0.281293 -0.891407 0.74142 30 
-0.947409 -0.272505 -0.784712 0.657772 31 
-0.824771 -0.265432 -0.695429 0.587775 32 
-0.723939 -0.259617 -0.619619 0.52834 33 
-0.639571 -0.254751 -0.554445 0.477243 34 
-0.56794 -0.25062 -0.497816 0.432846 35 
-0.506364 -0.247069 -0.448154 0.393912 36 
-0.452864 -0.243984 -0.404249 0.35949 37 
-0.405949 -0.241278 -0.365154 0.32884 38 
-0.364474 -0.238886 -0.33012 0.301373 39 
1.13698 -0.245322 0.963067 0.525123 60 
1.02161 -0.244827 0.868244 0.508716 61 
0.91199 -0.244357 0.777474 0.493011 62 
0.807697 -0.24391 0.690504 0.477963 63 
0.708355 -0.243484 0.6071 0.463533 64 
0.613619 -0.243078 0.527046 0.449682 65 
0.523176 -0.242691 0.450146 0.436376 66 
0.436741 -0.24232 0.376216 0.423585 67 
0.354053 -0.241966 0.305087 0.411278 68 
0.274874 -0.241626 0.236603 0.399429 69 
0.198985 -0.241301 0.17062 0.388012 70 
0.126184 -0.240989 0.107003 0.377005 71 
0.0562885 -0.24069 0.0456261 0.366386 72 
-0.0108736 -0.240402 -0.013626 0.356134 73 
-0.0754592 -0.240125 -0.0708621 0.346231 74 
-0.137614 -0.239858 -0.126183 0.336659 75 
-0.197472 -0.239602 -0.179684 0.327402 76 
-0.255159 -0.239355 -0.231453 0.318445 77 
-0.31079 -0.239116 -0.281572 0.309773 78 
-0.364474 -0.238886 -0.33012 0.301373 79 
