-4 -4 2 1 4.35772 0.773362 
-4 -3.57895 2 1 3.30862 0.659282 
-4 -3.15789 2 1 2.60962 0.583273 
-4 -2.73684 2 1 2.11053 0.529002 
-4 -2.31579 2 1 1.73633 0.48831 
-4 -1.89474 2 1 1.44534 0.456669 
-4 -1.47368 2 1 1.21259 0.431359 
-4 -1.05263 2 1 1.02219 0.410655 
-4 -0.631579 2 1 0.863536 0.393403 
-4 -0.210526 2 1 0.729306 0.378807 
-4 0.210526 2 1 0.614261 0.366297 
-4 0.631579 2 1 0.514562 0.355456 
-4 1.05263 2 1 0.427331 0.34597 
-4 1.47368 2 1 0.350366 0.337601 
-4 1.89474 2 1 0.281957 0.330162 
-4 2.31579 2 1 0.220751 0.323507 
-4 2.73684 2 1 0.165668 0.317517 
-4 3.15789 2 1 0.115832 0.312098 
-4 3.57895 2 1 0.0705288 0.307171 
-4 4 2 1 0.0291659 0.302674 
4 1.47368 2 1 -22.7016 4.11526 
4 1.89474 2 1 -8.99384 1.65809 
4 2.31579 2 1 -5.86356 1.09698 
4 2.73684 2 1 -4.47625 0.848299 
4 3.15789 2 1 -3.69319 0.707933 
4 3.57895 2 1 -3.1902 0.61777 
4 4 2 1 -2.83982 0.554963 
-4 -4 2 1 4.35772 0.773362 
-3.57895 -4 2 1 5.23352 0.931144 
-3.15789 -4 2 1 6.7764 1.20911 
-2.73684 -4 2 1 10.2173 1.82901 
-2.31579 -4 2 1 24.6552 4.43013 
-4 4 2 1 0.0291659 0.302674 
-3.57895 4 2 1 -0.0158127 0.306629 
-3.15789 4 2 1 -0.0644426 0.310905 
-2.73684 4 2 1 -0.117187 0.315543 
-2.31579 4 2 1 -0.174592 0.320591 
-1.89474 4 2 1 -0.237304 0.326106 
-1.47368 4 2 1 -0.306093 0.332155 
-1.05263 4 2 1 -0.381888 0.33882 
-0.631579 4 2 1 -0.465818 0.346201 
-0.210526 4 2 1 -0.559265 0.354418 
0.210526 4 2 1 -0.663946 0.363623 
0.631579 4 2 1 -0.782017 0.374006 
1.05263 4 2 1 -0.916222 0.385808 
1.47368 4 2 1 -1.07011 0.39934 
1.89474 4 2 1 -1.24835 0.415014 
2.31579 4 2 1 -1.45723 0.433383 
2.73684 4 2 1 -1.70539 0.455205 
3.15789 4 2 1 -2.00505 0.481556 
3.57895 4 2 1 -2.37411 0.514009 
4 4 2 1 -2.83982 0.554963 
-4 -4 6 1 12.0169 10.7902 
-4 -3.57895 6 1 6.75108 6.46793 
-4 -3.15789 6 1 4.53856 4.65184 
-4 -2.73684 6 1 3.32058 3.65211 
-4 -2.31579 6 1 2.54963 3.0193 
-4 -1.89474 6 1 2.01777 2.58273 
-4 -1.47368 6 1 1.6287 2.26337 
-4 -1.05263 6 1 1.33172 2.01961 
-4 -0.631579 6 1 1.0976 1.82744 
-4 -0.210526 6 1 0.908293 1.67205 
-4 0.210526 6 1 0.752054 1.54381 
-4 0.631579 6 1 0.620915 1.43617 
-4 1.05263 6 1 0.509277 1.34453 
-4 1.47368 6 1 0.413092 1.26558 
-4 1.89474 6 1 0.329358 1.19685 
-4 2.31579 6 1 0.255805 1.13648 
-4 2.73684 6 1 0.190683 1.08303 
-4 3.15789 6 1 0.13262 1.03537 
-4 3.57895 6 1 0.0805285 0.992609 
-4 4 6 1 0.0335312 0.954033 
4 2.31579 6 1 -315.802 320.182 
4 2.73684 6 1 -15.3263 14.8814 
4 3.15789 6 1 -8.27294 7.71486 
4 3.57895 6 1 -5.84767 5.25065 
4 4 6 1 -4.62063 4.00391 
-4 -4 6 1 12.0169 10.7902 
-3.57895 -4 6 1 27.9757 26.3871 
-4 4 6 1 0.0335312 0.954033 
-3.57895 4 6 1 -0.0170966 0.987209 
-3.15789 4 6 1 -0.072393 1.02345 
-2.73684 4 6 1 -0.133035 1.06318 
-2.31579 4 6 1 -0.199836 1.10696 
-1.89474 4 6 1 -0.273786 1.15542 
-1.47368 4 6 1 -0.356097 1.20936 
-1.05263 4 6 1 -0.448272 1.26976 
-0.631579 4 6 1 -0.552196 1.33786 
-0.210526 4 6 1 -0.67027 1.41523 
0.210526 4 6 1 -0.805595 1.50391 
0.631579 4 6 1 -0.962248 1.60657 
1.05263 4 6 1 -1.1457 1.72679 
1.47368 4 6 1 -1.36348 1.8695 
1.89474 4 6 1 -1.62621 2.04166 
2.31579 4 6 1 -1.94942 2.25346 
2.73684 4 6 1 -2.35668 2.52034 
3.15789 4 6 1 -2.88571 2.86701 
3.57895 4 6 1 -3.6007 3.33555 
4 4 6 1 -4.62063 4.00391 
