-4 -4 2 1 -0.134055 0.13584 
-4 -3.57895 2 1 -0.171929 0.1446 
-4 -3.15789 2 1 -0.213893 0.154307 
-4 -2.73684 2 1 -0.260647 0.165121 
-4 -2.31579 2 1 -0.313061 0.177245 
-4 -1.89474 2 1 -0.372228 0.190931 
-4 -1.47368 2 1 -0.439545 0.206501 
-4 -1.05263 2 1 -0.516818 0.224375 
-4 -0.631579 2 1 -0.606434 0.245104 
-4 -0.210526 2 1 -0.711607 0.269431 
-4 0.210526 2 1 -0.836771 0.298382 
-4 0.631579 2 1 -0.988227 0.333414 
-4 1.05263 2 1 -1.17523 0.376669 
-4 1.47368 2 1 -1.41196 0.431425 
-4 1.89474 2 1 -1.72129 0.502975 
-4 2.31579 2 1 -2.14266 0.600441 
-4 2.73684 2 1 -2.75042 0.74102 
-4 3.15789 2 1 -3.70337 0.961441 
-4 3.57895 2 1 -5.41219 1.3567 
-4 4 2 1 -9.36734 2.27155 
4 -4 2 1 1.78965 0.0686931 
4 -3.57895 2 1 1.93742 0.0816533 
4 -3.15789 2 1 2.12733 0.0983086 
4 -2.73684 2 1 2.38039 0.120502 
4 -2.31579 2 1 2.73437 0.151548 
4 -1.89474 2 1 3.2647 0.198059 
4 -1.47368 2 1 4.14687 0.275428 
4 -1.05263 2 1 5.90481 0.429604 
4 -0.631579 2 1 11.128 0.887693 
4 -0.210526 2 1 731.41 64.0585 
-4 -4 2 1 -0.134055 0.13584 
-3.57895 -4 2 1 -0.0882266 0.13424 
-3.15789 -4 2 1 -0.0395237 0.13254 
-2.73684 -4 2 1 0.0123331 0.13073 
-2.31579 -4 2 1 0.0676603 0.128799 
-1.89474 -4 2 1 0.126818 0.126734 
-1.47368 -4 2 1 0.190219 0.124521 
-1.05263 -4 2 1 0.258337 0.122143 
-0.631579 -4 2 1 0.331718 0.119582 
-0.210526 -4 2 1 0.410996 0.116815 
0.210526 -4 2 1 0.496913 0.113816 
0.631579 -4 2 1 0.590338 0.110555 
1.05263 -4 2 1 0.692301 0.106996 
1.47368 -4 2 1 0.804029 0.103096 
1.89474 -4 2 1 0.926994 0.0988041 
2.31579 -4 2 1 1.06298 0.0940574 
2.73684 -4 2 1 1.21418 0.08878 
3.15789 -4 2 1 1.38328 0.0828775 
3.57895 -4 2 1 1.57367 0.0762317 
4 -4 2 1 1.78965 0.0686931 
-4 4 2 1 -9.36734 2.27155 
-3.57895 4 2 1 -14.4767 3.6491 
-3.15789 4 2 1 -39.5374 10.4058 
-4 -4 6 1 -0.0815462 0.68362 
-4 -3.57895 6 1 -0.117237 0.720971 
-4 -3.15789 6 1 -0.156841 0.762417 
-4 -2.73684 6 1 -0.201038 0.80867 
-4 -2.31579 6 1 -0.250676 0.860617 
-4 -1.89474 6 1 -0.306827 0.91938 
-4 -1.47368 6 1 -0.370862 0.986393 
-4 -1.05263 6 1 -0.444567 1.06353 
-4 -0.631579 6 1 -0.53031 1.15326 
-4 -0.210526 6 1 -0.631305 1.25895 
-4 0.210526 6 1 -0.752017 1.38528 
-4 0.631579 6 1 -0.898846 1.53893 
-4 1.05263 6 1 -1.08129 1.72987 
-4 1.47368 6 1 -1.31411 1.97352 
-4 1.89474 6 1 -1.6215 2.2952 
-4 2.31579 6 1 -2.04611 2.73957 
-4 2.73684 6 1 -2.67082 3.39333 
-4 3.15789 6 1 -3.68063 4.45012 
-4 3.57895 6 1 -5.59035 6.44866 
-4 4 6 1 -10.5697 11.6596 
4 -4 6 1 1.97233 1.33574 
4 -3.57895 6 1 2.14901 1.51292 
4 -3.15789 6 1 2.37813 1.7427 
4 -2.73684 6 1 2.68712 2.05257 
4 -2.31579 6 1 3.12656 2.49326 
4 -1.89474 6 1 3.80115 3.16977 
4 -1.47368 6 1 4.96861 4.34055 
4 -1.05263 6 1 7.47992 6.85902 
4 -0.631579 6 1 16.802 16.2077 
-4 -4 6 1 -0.0815462 0.68362 
-3.57895 -4 6 1 -0.0334518 0.69889 
-3.15789 -4 6 1 0.0177032 0.715132 
-2.73684 -4 6 1 0.0722207 0.732442 
-2.31579 -4 6 1 0.130443 0.750928 
-1.89474 -4 6 1 0.192762 0.770715 
-1.47368 -4 6 1 0.259626 0.791945 
-1.05263 -4 6 1 0.331549 0.814781 
-0.631579 -4 6 1 0.40913 0.839414 
-0.210526 -4 6 1 0.493063 0.866063 
0.210526 -4 6 1 0.584161 0.894988 
0.631579 -4 6 1 0.683383 0.926491 
1.05263 -4 6 1 0.791866 0.960936 
1.47368 -4 6 1 0.91097 0.998752 
1.89474 -4 6 1 1.04234 1.04046 
2.31579 -4 6 1 1.18796 1.0867 
2.73684 -4 6 1 1.3503 1.13824 
3.15789 -4 6 1 1.5324 1.19606 
3.57895 -4 6 1 1.73811 1.26138 
4 -4 6 1 1.97233 1.33574 
-4 4 6 1 -10.5697 11.6596 
-3.57895 4 6 1 -19.0364 22.5374 
-3.15789 4 6 1 -337.962 432.283 
