-0.767491 0.0922104 -0.792756 0.923152 20 
-0.686355 0.0866278 -0.702469 0.913198 21 
-0.605875 0.0810903 -0.612993 0.903332 22 
-0.526043 0.0755974 -0.524317 0.893555 23 
-0.446852 0.0701485 -0.436432 0.883865 24 
-0.368294 0.0647433 -0.349325 0.874261 25 
-0.290361 0.059381 -0.262988 0.864742 26 
-0.213046 0.0540613 -0.177409 0.855306 27 
-0.136342 0.0487836 -0.0925793 0.845953 28 
-0.0602414 0.0435474 -0.0084885 0.836682 29 
0.0152632 0.0383522 0.0748729 0.827491 30 
0.0901785 0.0331976 0.157514 0.818379 31 
0.164511 0.028083 0.239445 0.809345 32 
0.238268 0.0230081 0.320674 0.800389 33 
0.311456 0.0179723 0.401211 0.79151 34 
0.384082 0.0129752 0.481064 0.782705 35 
0.456152 0.0080164 0.560241 0.773975 36 
0.527672 0.00309539 0.638752 0.765319 37 
0.598648 -0.00178823 0.716605 0.756735 38 
0.669088 -0.00663489 0.793808 0.748223 39 
-5.06656 -0.188271 -15.5004 16.2905 48 
-3.30654 -0.0734434 -5.59764 5.94355 49 
-2.45977 -0.0181981 -3.42856 3.67718 50 
-1.96187 0.0142863 -2.47774 2.68371 51 
-1.63406 0.0356734 -1.94386 2.12589 52 
-1.4019 0.05082 -1.60199 1.76868 53 
-1.22886 0.0621098 -1.36433 1.52037 54 
-1.0949 0.0708496 -1.18954 1.33773 55 
-0.988129 0.0778155 -1.05558 1.19777 56 
-0.901032 0.0834979 -0.949648 1.08708 57 
-0.828629 0.0882217 -0.863774 0.997356 58 
-0.767491 0.0922104 -0.792756 0.923152 59 
5.28559 -0.95435 18.8219 13.8667 67 
3.4162 -0.570585 6.70456 5.04928 68 
2.51785 -0.386163 4.06563 3.12902 69 
1.98992 -0.277787 2.91056 2.28851 70 
1.64248 -0.20646 2.26246 1.81691 71 
1.39647 -0.155958 1.84762 1.51504 72 
1.21314 -0.118322 1.55931 1.30526 73 
1.07124 -0.0891913 1.34731 1.15099 74 
0.958146 -0.0659751 1.18486 1.03278 75 
0.865901 -0.0470383 1.05641 0.93931 76 
0.789224 -0.0312975 0.952293 0.863547 77 
0.724482 -0.0180066 0.866194 0.800896 78 
0.669088 -0.00663489 0.793808 0.748223 79 
