-3.62309 0.265944 -2.47476 1.81347 0 
-4.1363 0.365942 -2.6499 2.07801 1 
-4.91538 0.517743 -2.87741 2.42168 2 
-6.23912 0.775671 -3.18494 2.88622 3 
-8.98566 1.31083 -3.62369 3.54897 4 
-18.114 3.08947 -4.30044 4.57122 5 
-0.0662527 -0.0845841 -0.068842 0.399967 20 
-0.0253378 -0.0793635 -0.0320338 0.421506 21 
0.0188552 -0.0737246 0.00742347 0.444596 22 
0.0667367 -0.0676151 0.0498266 0.469409 23 
0.118789 -0.0609734 0.0955183 0.496147 24 
0.175581 -0.0537269 0.144896 0.525042 25 
0.237792 -0.0457891 0.198426 0.556367 26 
0.306235 -0.0370559 0.256654 0.590441 27 
0.381897 -0.0274017 0.320226 0.627642 28 
0.465984 -0.0166725 0.389914 0.668422 29 
0.559986 -0.0046782 0.466646 0.713324 30 
0.665765 0.00881888 0.551545 0.763005 31 
0.785684 0.0241201 0.64599 0.818273 32 
0.92278 0.0416131 0.751686 0.880124 33 
1.08103 0.0618052 0.870771 0.94981 34 
1.26574 0.0853733 1.00596 1.02892 35 
1.48414 0.113241 1.16076 1.11951 36 
1.7464 0.146704 1.33977 1.22426 37 
2.06717 0.187634 1.54914 1.34678 38 
2.46852 0.238844 1.79734 1.49202 39 
-3.62309 0.265944 -2.47476 1.81347 40 
-2.89907 0.194591 -2.08977 1.58728 41 
-2.37404 0.142849 -1.78317 1.40715 42 
-1.97587 0.103609 -1.53323 1.26031 43 
-1.66354 0.0728293 -1.32558 1.13831 44 
-1.41199 0.0480392 -1.15031 1.03534 45 
-1.20506 0.0276457 -1.00041 0.947272 46 
-1.03183 0.0105744 -0.870736 0.871087 47 
-0.884705 -0.00392532 -0.757453 0.804532 48 
-0.758185 -0.0163939 -0.657638 0.745889 49 
-0.648229 -0.0272301 -0.569024 0.693828 50 
-0.551783 -0.0367349 -0.489827 0.647299 51 
-0.466502 -0.0451393 -0.41862 0.605464 52 
-0.390553 -0.0526242 -0.354253 0.567648 53 
-0.322484 -0.0593324 -0.295785 0.533298 54 
-0.261128 -0.065379 -0.242441 0.501958 55 
-0.20554 -0.0708572 -0.193576 0.473249 56 
-0.154943 -0.0758436 -0.148648 0.446853 57 
-0.108693 -0.0804016 -0.1072 0.422502 58 
-0.0662527 -0.0845841 -0.068842 0.399967 59 
66.4207 17.635 4.05588 5.8093 72 
10.406 2.39797 3.212 4.19621 73 
6.03392 1.2087 2.72615 3.26748 74 
4.42086 0.769916 2.41035 2.66382 75 
3.58158 0.541616 2.18862 2.23997 76 
3.06701 0.401645 2.02438 1.92601 77 
2.71926 0.30705 1.89783 1.68411 78 
2.46852 0.238844 1.79734 1.49202 79 
