4 -4 2 1 -0.271847 -0.302946 
4 -3.57895 2 1 -0.224224 -0.309767 
4 -3.15789 2 1 -0.173642 -0.317013 
4 -2.73684 2 1 -0.119817 -0.324722 
4 -2.31579 2 1 -0.0624257 -0.332943 
4 -1.89474 2 1 -0.0011019 -0.341727 
4 -1.47368 2 1 0.064573 -0.351134 
4 -1.05263 2 1 0.135079 -0.361233 
4 -0.631579 2 1 0.210969 -0.372103 
4 -0.210526 2 1 0.292886 -0.383836 
4 0.210526 2 1 0.381576 -0.39654 
4 0.631579 2 1 0.477915 -0.410339 
4 1.05263 2 1 0.582938 -0.425382 
4 1.47368 2 1 0.697874 -0.441845 
4 1.89474 2 1 0.824197 -0.459939 
4 2.31579 2 1 0.963686 -0.479919 
4 2.73684 2 1 1.11851 -0.502096 
4 3.15789 2 1 1.29136 -0.526854 
4 3.57895 2 1 1.48556 -0.55467 
4 4 2 1 1.70533 -0.586149 
-3.57895 -4 2 1 -18.8348 -2.60329 
-3.15789 -4 2 1 -8.0374 -1.26526 
-2.73684 -4 2 1 -4.9658 -0.884626 
-2.31579 -4 2 1 -3.5129 -0.704581 
-1.89474 -4 2 1 -2.66599 -0.599631 
-1.47368 -4 2 1 -2.11136 -0.5309 
-1.05263 -4 2 1 -1.71997 -0.482399 
-0.631579 -4 2 1 -1.429 -0.446342 
-0.210526 -4 2 1 -1.2042 -0.418484 
0.210526 -4 2 1 -1.0253 -0.396315 
0.631579 -4 2 1 -0.879542 -0.378252 
1.05263 -4 2 1 -0.758499 -0.363253 
1.47368 -4 2 1 -0.656377 -0.350598 
1.89474 -4 2 1 -0.56906 -0.339777 
2.31579 -4 2 1 -0.493546 -0.330419 
2.73684 -4 2 1 -0.427595 -0.322247 
3.15789 -4 2 1 -0.369496 -0.315047 
3.57895 -4 2 1 -0.317928 -0.308657 
4 -4 2 1 -0.271847 -0.302946 
0.631579 4 2 1 28.1693 -9.38696 
1.05263 4 2 1 7.70625 -2.5818 
1.47368 4 2 1 4.66 -1.56875 
1.89474 4 2 1 3.43252 -1.16054 
2.31579 4 2 1 2.76942 -0.940022 
2.73684 4 2 1 2.35422 -0.801944 
3.15789 4 2 1 2.06979 -0.707356 
3.57895 4 2 1 1.86277 -0.638507 
4 4 2 1 1.70533 -0.586149 
-4 -4 6 1 -8.97893 5.37564 
-4 -3.57895 6 1 -12.4877 8.06005 
-4 -3.15789 6 1 -22.8026 15.9515 
-4 -2.73684 6 1 -697.206 531.906 
4 -4 6 1 -0.220005 0.248347 
4 -3.57895 6 1 -0.175395 0.257226 
4 -3.15789 6 1 -0.128279 0.266604 
4 -2.73684 6 1 -0.0784382 0.276525 
4 -2.31579 6 1 -0.0256302 0.287036 
4 -1.89474 6 1 0.0304183 0.298192 
4 -1.47368 6 1 0.0900152 0.310054 
4 -1.05263 6 1 0.153508 0.322692 
4 -0.631579 6 1 0.221293 0.336184 
4 -0.210526 6 1 0.293818 0.350619 
4 0.210526 6 1 0.371601 0.366101 
4 0.631579 6 1 0.455234 0.382748 
4 1.05263 6 1 0.545403 0.400695 
4 1.47368 6 1 0.642905 0.420102 
4 1.89474 6 1 0.748673 0.441154 
4 2.31579 6 1 0.863804 0.46407 
4 2.73684 6 1 0.9896 0.489109 
4 3.15789 6 1 1.12761 0.516579 
4 3.57895 6 1 1.27972 0.546854 
4 4 6 1 1.44818 0.580385 
-4 -4 6 1 -8.97893 5.37564 
-3.57895 -4 6 1 -5.40584 3.28402 
-3.15789 -4 6 1 -3.78187 2.33339 
-2.73684 -4 6 1 -2.85394 1.7902 
-2.31579 -4 6 1 -2.25353 1.43873 
-1.89474 -4 6 1 -1.83326 1.19271 
-1.47368 -4 6 1 -1.52262 1.01087 
-1.05263 -4 6 1 -1.28368 0.870998 
-0.631579 -4 6 1 -1.09417 0.760064 
-0.210526 -4 6 1 -0.940194 0.66993 
0.210526 -4 6 1 -0.812616 0.595249 
0.631579 -4 6 1 -0.705182 0.53236 
1.05263 -4 6 1 -0.613471 0.478674 
1.47368 -4 6 1 -0.534267 0.432309 
1.89474 -4 6 1 -0.465173 0.391863 
2.31579 -4 6 1 -0.404371 0.356271 
2.73684 -4 6 1 -0.350453 0.324708 
3.15789 -4 6 1 -0.302311 0.296527 
3.57895 -4 6 1 -0.259065 0.271212 
4 -4 6 1 -0.220005 0.248347 
-0.210526 4 6 1 42.1731 35.9526 
0.210526 4 6 1 8.08216 6.34242 
0.631579 4 6 1 4.68999 3.39611 
1.05263 4 6 1 3.40411 2.27924 
1.47368 4 6 1 2.72751 1.69156 
1.89474 4 6 1 2.31009 1.32901 
2.31579 4 6 1 2.02687 1.08301 
2.73684 4 6 1 1.82209 0.905152 
3.15789 4 6 1 1.66713 0.77056 
3.57895 4 6 1 1.54578 0.665161 
4 4 6 1 1.44818 0.580385 
