-0.656463 0.155003 -0.771934 0.928187 0 
-0.705445 0.151953 -0.838646 0.990978 1 
-0.762252 0.148417 -0.91788 1.06555 2 
-0.828922 0.144266 -1.01352 1.15557 3 
-0.908268 0.139326 -1.13126 1.26639 4 
-1.00428 0.133348 -1.27975 1.40615 5 
-1.12284 0.125967 -1.47286 1.58791 6 
-1.27293 0.116623 -1.73423 1.83392 7 
-1.46907 0.104412 -2.10786 2.18558 8 
-1.73628 0.0877759 -2.68582 2.72956 9 
-2.12174 0.0637779 -3.69883 3.68302 10 
-2.72625 0.0261422 -5.93455 5.78732 11 
-3.81067 -0.0413714 -14.9762 14.2975 12 
0.686092 0.18844 0.769474 0.978972 20 
0.737168 0.187855 0.836129 1.04729 21 
0.796536 0.187175 0.915532 1.12866 22 
0.866392 0.186375 1.01172 1.22725 23 
0.949786 0.18542 1.13066 1.34915 24 
1.05108 0.18426 1.2815 1.50374 25 
1.17671 0.182822 1.47905 1.7062 26 
1.33667 0.18099 1.74898 1.98286 27 
1.54725 0.178579 2.14002 2.38363 28 
1.837 0.175261 2.75722 3.01619 29 
2.26087 0.170407 3.87662 4.16345 30 
2.94005 0.16263 6.53156 6.88446 31 
4.20467 0.148149 20.7802 21.4877 32 
-0.656463 0.155003 -0.771934 0.928187 40 
-0.586721 0.15674 -0.692016 0.93082 41 
-0.516877 0.158479 -0.611966 0.933457 42 
-0.446933 0.160221 -0.531784 0.936099 43 
-0.376887 0.161966 -0.451468 0.938745 44 
-0.30674 0.163713 -0.371019 0.941396 45 
-0.236492 0.165462 -0.290436 0.944051 46 
-0.166141 0.167214 -0.209718 0.94671 47 
-0.0956884 0.168969 -0.128867 0.949374 48 
-0.0251335 0.170726 -0.0478802 0.952042 49 
0.0455239 0.172486 0.0332414 0.954715 50 
0.116284 0.174248 0.114499 0.957392 51 
0.187147 0.176013 0.195891 0.960074 52 
0.258114 0.177781 0.277421 0.96276 53 
0.329183 0.179551 0.359086 0.965451 54 
0.400357 0.181323 0.440889 0.968146 55 
0.471634 0.183098 0.522828 0.970846 56 
0.543016 0.184876 0.604905 0.97355 57 
0.614502 0.186657 0.687121 0.976259 58 
0.686092 0.18844 0.769474 0.978972 59 
