-4 -4 2 1 0.764685 -0.108229 
-4 -3.57895 2 1 0.685985 -0.11197 
-4 -3.15789 2 1 0.607537 -0.1157 
-4 -2.73684 2 1 0.529338 -0.119417 
-4 -2.31579 2 1 0.451389 -0.123122 
-4 -1.89474 2 1 0.373687 -0.126816 
-4 -1.47368 2 1 0.296231 -0.130498 
-4 -1.05263 2 1 0.219021 -0.134168 
-4 -0.631579 2 1 0.142055 -0.137827 
-4 -0.210526 2 1 0.0653318 -0.141474 
-4 0.210526 2 1 -0.0111494 -0.14511 
-4 0.631579 2 1 -0.0873899 -0.148734 
-4 1.05263 2 1 -0.163391 -0.152347 
-4 1.47368 2 1 -0.239153 -0.155948 
-4 1.89474 2 1 -0.314679 -0.159538 
-4 2.31579 2 1 -0.389968 -0.163117 
-4 2.73684 2 1 -0.465022 -0.166685 
-4 3.15789 2 1 -0.539842 -0.170242 
-4 3.57895 2 1 -0.614429 -0.173787 
-4 4 2 1 -0.688784 -0.177322 
-4 -4 2 1 0.764685 -0.108229 
-3.57895 -4 2 1 0.825568 -0.102498 
-3.15789 -4 2 1 0.897447 -0.0957324 
-2.73684 -4 2 1 0.983597 -0.087623 
-2.31579 -4 2 1 1.08873 -0.0777263 
-1.89474 -4 2 1 1.21992 -0.065378 
-1.47368 -4 2 1 1.38819 -0.0495383 
-1.05263 -4 2 1 1.61187 -0.0284829 
-0.631579 -4 2 1 1.92373 0.000872316 
-0.210526 -4 2 1 2.38869 0.0446394 
0.210526 -4 2 1 3.15619 0.116885 
0.631579 -4 2 1 4.66389 0.258806 
1.05263 -4 2 1 8.97991 0.665075 
1.47368 -4 2 1 130.35 12.0897 
-4 4 2 1 -0.688784 -0.177322 
-3.57895 4 2 1 -0.746386 -0.177314 
-3.15789 4 2 1 -0.81403 -0.177304 
-2.73684 4 2 1 -0.894594 -0.177293 
-2.31579 4 2 1 -0.992171 -0.177279 
-1.89474 4 2 1 -1.11278 -0.177262 
-1.47368 4 2 1 -1.26568 -0.17724 
-1.05263 4 2 1 -1.46583 -0.177212 
-0.631579 4 2 1 -1.73915 -0.177173 
-0.210526 4 2 1 -2.1347 -0.177118 
0.210526 4 2 1 -2.75815 -0.177029 
0.631579 4 2 1 -3.88611 -0.17687 
1.05263 4 2 1 -6.54715 -0.176494 
1.47368 4 2 1 -20.4957 -0.174521 
-4 -4 6 1 0.646729 0.546797 
-4 -3.57895 6 1 0.577226 0.542559 
-4 -3.15789 6 1 0.50792 0.538332 
-4 -2.73684 6 1 0.438809 0.534117 
-4 -2.31579 6 1 0.369893 0.529914 
-4 -1.89474 6 1 0.301171 0.525722 
-4 -1.47368 6 1 0.232642 0.521543 
-4 -1.05263 6 1 0.164305 0.517375 
-4 -0.631579 6 1 0.0961603 0.513219 
-4 -0.210526 6 1 0.0282061 0.509074 
-4 0.210526 6 1 -0.0395583 0.504942 
-4 0.631579 6 1 -0.107133 0.50082 
-4 1.05263 6 1 -0.17452 0.49671 
-4 1.47368 6 1 -0.24172 0.492612 
-4 1.89474 6 1 -0.308732 0.488525 
-4 2.31579 6 1 -0.375559 0.484449 
-4 2.73684 6 1 -0.4422 0.480385 
-4 3.15789 6 1 -0.508657 0.476332 
-4 3.57895 6 1 -0.57493 0.47229 
-4 4 6 1 -0.64102 0.468259 
-4 -4 6 1 0.646729 0.546797 
-3.57895 -4 6 1 0.691543 0.599388 
-3.15789 -4 6 1 0.743375 0.660214 
-2.73684 -4 6 1 0.804014 0.731376 
-2.31579 -4 6 1 0.875912 0.815751 
-1.89474 -4 6 1 0.962528 0.917397 
-1.47368 -4 6 1 1.06889 1.04222 
-1.05263 -4 6 1 1.20263 1.19917 
-0.631579 -4 6 1 1.37588 1.40248 
-0.210526 -4 6 1 1.60917 1.67625 
0.210526 -4 6 1 1.94025 2.06478 
0.631579 -4 6 1 2.44692 2.65938 
1.05263 -4 6 1 3.31931 3.68314 
1.47368 -4 6 1 5.1769 5.86309 
1.89474 -4 6 1 11.8535 13.6983 
-4 4 6 1 -0.64102 0.468259 
-3.57895 4 6 1 -0.688351 0.51383 
-3.15789 4 6 1 -0.742871 0.566322 
-2.73684 4 6 1 -0.806351 0.627442 
-2.31579 4 6 1 -0.881198 0.699506 
-1.89474 4 6 1 -0.970767 0.785745 
-1.47368 4 6 1 -1.07987 0.890794 
-1.05263 4 6 1 -1.21569 1.02156 
-0.631579 4 6 1 -1.3894 1.18882 
-0.210526 4 6 1 -1.61944 1.4103 
0.210526 4 6 1 -1.93848 1.71748 
0.631579 4 6 1 -2.41059 2.17203 
1.05263 4 6 1 -3.18068 2.91348 
1.47368 4 6 1 -4.66095 4.33872 
1.89474 4 6 1 -8.67441 8.20294 
2.31579 4 6 1 -60.2677 57.8779 
