-4 -4 2 1 -0.428752 0.0690556 
-4 -3.57895 2 1 -0.469898 0.0620624 
-4 -3.15789 2 1 -0.51659 0.0541267 
-4 -2.73684 2 1 -0.570028 0.0450445 
-4 -2.31579 2 1 -0.631789 0.0345478 
-4 -1.89474 2 1 -0.703981 0.0222782 
-4 -1.47368 2 1 -0.78949 0.00774522 
-4 -1.05263 2 1 -0.892376 -0.00974109 
-4 -0.631579 2 1 -1.01854 -0.0311828 
-4 -0.210526 2 1 -1.17687 -0.0580932 
-4 0.210526 2 1 -1.38149 -0.09287 
-4 0.631579 2 1 -1.65617 -0.139553 
-4 1.05263 2 1 -2.0443 -0.20552 
-4 1.47368 2 1 -2.63451 -0.30583 
-4 1.89474 2 1 -3.64009 -0.476737 
-4 2.31579 2 1 -5.73768 -0.83324 
-4 2.73684 2 1 -12.8193 -2.03682 
4 -4 2 1 0.942779 -0.0242784 
4 -3.57895 2 1 1.00375 -0.041572 
4 -3.15789 2 1 1.07602 -0.0620673 
4 -2.73684 2 1 1.16302 -0.0867439 
4 -2.31579 2 1 1.2698 -0.117027 
4 -1.89474 2 1 1.40393 -0.155071 
4 -1.47368 2 1 1.57751 -0.204301 
4 -1.05263 2 1 1.8109 -0.270496 
4 -0.631579 2 1 2.14148 -0.364255 
4 -0.210526 2 1 2.64591 -0.50732 
4 0.210526 2 1 3.51024 -0.752461 
4 0.631579 2 1 5.33327 -1.26951 
4 1.05263 2 1 11.6961 -3.07414 
-4 -4 2 1 -0.428752 0.0690556 
-3.57895 -4 2 1 -0.373174 0.0652735 
-3.15789 -4 2 1 -0.316158 0.0613935 
-2.73684 -4 2 1 -0.257645 0.0574116 
-2.31579 -4 2 1 -0.197578 0.053324 
-1.89474 -4 2 1 -0.135891 0.0491262 
-1.47368 -4 2 1 -0.0725206 0.0448137 
-1.05263 -4 2 1 -0.00739524 0.0403819 
-0.631579 -4 2 1 0.0595587 0.0358256 
-0.210526 -4 2 1 0.128419 0.0311396 
0.210526 -4 2 1 0.199269 0.0263182 
0.631579 -4 2 1 0.272195 0.0213555 
1.05263 -4 2 1 0.347291 0.0162451 
1.47368 -4 2 1 0.424654 0.0109805 
1.89474 -4 2 1 0.50439 0.00555441 
2.31579 -4 2 1 0.586607 -4.06018e-05 
2.73684 -4 2 1 0.671426 -0.00581257 
3.15789 -4 2 1 0.75897 -0.01177 
3.57895 -4 2 1 0.849373 -0.0179221 
4 -4 2 1 0.942779 -0.0242784 
-4 -4 6 1 -0.456949 0.723797 
-4 -3.57895 6 1 -0.505468 0.762606 
-4 -3.15789 6 1 -0.561441 0.807379 
-4 -2.73684 6 1 -0.62673 0.859603 
-4 -2.31579 6 1 -0.703874 0.92131 
-4 -1.89474 6 1 -0.79642 0.995337 
-4 -1.47368 6 1 -0.909497 1.08579 
-4 -1.05263 6 1 -1.05079 1.1988 
-4 -0.631579 6 1 -1.23235 1.34403 
-4 -0.210526 6 1 -1.47427 1.53755 
-4 0.210526 6 1 -1.81265 1.80822 
-4 0.631579 6 1 -2.31955 2.21368 
-4 1.05263 6 1 -3.16257 2.888 
-4 1.47368 6 1 -4.84188 4.23127 
-4 1.89474 6 1 -9.82657 8.2185 
-4 2.31579 6 1 -633.93 507.435 
4 -4 6 1 1.1323 0.855818 
4 -3.57895 6 1 1.22343 0.923568 
4 -3.15789 6 1 1.33485 1.00641 
4 -2.73684 6 1 1.47422 1.11002 
4 -2.31579 6 1 1.65352 1.24334 
4 -1.89474 6 1 1.89283 1.42125 
4 -1.47368 6 1 2.22828 1.67066 
4 -1.05263 6 1 2.73242 2.04547 
4 -0.631579 6 1 3.57518 2.67204 
4 -0.210526 6 1 5.27029 3.93231 
4 0.210526 6 1 10.4336 7.7711 
-4 -4 6 1 -0.456949 0.723797 
-3.57895 -4 6 1 -0.394923 0.728949 
-3.15789 -4 6 1 -0.331089 0.734252 
-2.73684 -4 6 1 -0.265369 0.739711 
-2.31579 -4 6 1 -0.197675 0.745335 
-1.89474 -4 6 1 -0.12792 0.75113 
-1.47368 -4 6 1 -0.0560062 0.757103 
-1.05263 -4 6 1 0.0181672 0.763265 
-0.631579 -4 6 1 0.0947088 0.769624 
-0.210526 -4 6 1 0.173734 0.776188 
0.210526 -4 6 1 0.255365 0.782969 
0.631579 -4 6 1 0.339733 0.789978 
1.05263 -4 6 1 0.426978 0.797226 
1.47368 -4 6 1 0.517251 0.804725 
1.89474 -4 6 1 0.610711 0.812489 
2.31579 -4 6 1 0.70753 0.820531 
2.73684 -4 6 1 0.807892 0.828869 
3.15789 -4 6 1 0.911996 0.837517 
3.57895 -4 6 1 1.02006 0.846493 
4 -4 6 1 1.1323 0.855818 
