10.9054 1.66914 371.631 329.273 19 
-1.93638 0.116794 -2.51785 1.91555 20 
-1.66939 0.126756 -2.14063 1.75885 21 
-1.44086 0.135282 -1.82811 1.62903 22 
-1.24304 0.142662 -1.56497 1.51971 23 
-1.07013 0.149113 -1.34035 1.4264 24 
-0.917705 0.1548 -1.14638 1.34583 25 
-0.782326 0.159851 -0.977175 1.27554 26 
-0.661286 0.164367 -0.828287 1.21369 27 
-0.55242 0.168428 -0.69626 1.15884 28 
-0.453981 0.172101 -0.578384 1.10988 29 
-0.364539 0.175438 -0.472499 1.06589 30 
-0.282913 0.178483 -0.376865 1.02616 31 
-0.208124 0.181274 -0.290061 0.990106 32 
-0.139345 0.18384 -0.210919 0.957229 33 
-0.075881 0.186207 -0.138466 0.927132 34 
-0.0171385 0.188399 -0.0718897 0.899475 35 
0.0373906 0.190434 -0.0105025 0.873975 36 
0.0881438 0.192327 0.0462795 0.850387 37 
0.1355 0.194094 0.0989558 0.828505 38 
0.17979 0.195746 0.147956 0.80815 39 
-5.9201 0.239844 -28.9108 28.2753 53 
-4.10958 0.183921 -9.00437 8.3939 54 
-3.22863 0.15671 -5.56124 4.95511 55 
-2.70759 0.140616 -4.13264 3.52831 56 
-2.36331 0.129981 -3.35073 2.74738 57 
-2.11888 0.122432 -2.85743 2.2547 58 
-1.93638 0.116794 -2.51785 1.91555 59 
10.9054 1.66914 371.631 329.273 60 
6.3077 1.03755 14.411 13.4195 61 
4.32281 0.764881 7.0226 6.8867 62 
3.2163 0.612878 4.4914 4.64862 63 
2.51075 0.515955 3.21258 3.51789 64 
2.02164 0.448766 2.441 2.83566 65 
1.66263 0.399448 1.92482 2.37925 66 
1.3879 0.361707 1.55523 2.05246 67 
1.17089 0.331896 1.27755 1.80694 68 
0.995139 0.307753 1.06129 1.61572 69 
0.849901 0.287801 0.888106 1.46259 70 
0.727866 0.271037 0.746286 1.33719 71 
0.623884 0.256752 0.62802 1.23262 72 
0.534225 0.244436 0.527889 1.14409 73 
0.456121 0.233706 0.44202 1.06816 74 
0.387472 0.224276 0.367568 1.00233 75 
0.326661 0.215922 0.302398 0.944707 76 
0.272417 0.208471 0.244876 0.893846 77 
0.223731 0.201783 0.19373 0.848623 78 
0.17979 0.195746 0.147956 0.80815 79 
