12.7056 0.846164 2022.17 1799.28 17 
8.39112 0.607722 20.5377 17.3091 18 
6.4509 0.500496 10.9845 8.80437 19 
-2.08089 -0.133821 -2.6339 1.68836 20 
-1.77595 -0.102454 -2.21965 1.53508 21 
-1.52093 -0.0762223 -1.88363 1.41074 22 
-1.3045 -0.0539598 -1.60557 1.30785 23 
-1.11852 -0.0348292 -1.37168 1.2213 24 
-0.956976 -0.0182129 -1.17221 1.14749 25 
-0.815358 -0.00364585 -1.00007 1.0838 26 
-0.690191 0.00922904 -0.850015 1.02827 27 
-0.578766 0.0206904 -0.718046 0.979437 28 
-0.478937 0.030959 -0.60108 0.936156 29 
-0.388984 0.0402117 -0.496697 0.89753 30 
-0.30751 0.0485923 -0.402969 0.862848 31 
-0.23337 0.0562184 -0.318344 0.831534 32 
-0.165618 0.0631875 -0.241557 0.803121 33 
-0.10346 0.0695811 -0.171569 0.777223 34 
-0.0462327 0.0754677 -0.107513 0.75352 35 
0.00662921 0.0809051 -0.0486666 0.731745 36 
0.0556067 0.085943 0.00558091 0.711672 37 
0.101113 0.0906239 0.0557485 0.693108 38 
0.143504 0.0949843 0.10228 0.67589 39 
-7.09947 -0.780614 -32.2292 27.6598 53 
-4.64714 -0.464557 -9.4434 7.66407 54 
-3.56172 -0.32467 -5.79395 4.46148 55 
-2.94945 -0.24576 -4.30304 3.15312 56 
-2.55631 -0.195093 -3.49268 2.44199 57 
-2.28252 -0.159806 -2.9835 1.99516 58 
-2.08089 -0.133821 -2.6339 1.68836 59 
6.4509 0.500496 10.9845 8.80437 60 
4.5036 0.375301 6.27554 5.28702 61 
3.38508 0.30339 4.2632 3.7839 62 
2.65908 0.256714 3.14673 2.94995 63 
2.14982 0.223973 2.4368 2.41967 64 
1.77285 0.199737 1.94557 2.05274 65 
1.48255 0.181073 1.58546 1.78375 66 
1.25211 0.166258 1.31016 1.57812 67 
1.06474 0.154212 1.09286 1.41581 68 
0.909409 0.144225 0.91698 1.28443 69 
0.778539 0.135812 0.771709 1.17592 70 
0.666774 0.128626 0.649696 1.08478 71 
0.570217 0.122418 0.545768 1.00716 72 
0.48596 0.117001 0.456183 0.940239 73 
0.411794 0.112233 0.378163 0.881962 74 
0.34601 0.108004 0.309604 0.830752 75 
0.287261 0.104227 0.248884 0.785396 76 
0.234477 0.100833 0.194731 0.744946 77 
0.186793 0.0977674 0.146134 0.708647 78 
0.143504 0.0949843 0.10228 0.67589 79 
