-4 -4 2 1 2.97888 0.784434 
-4 -3.57895 2 1 2.43105 0.699657 
-4 -3.15789 2 1 2.01259 0.634901 
-4 -2.73684 2 1 1.68252 0.583822 
-4 -2.31579 2 1 1.4155 0.542502 
-4 -1.89474 2 1 1.19505 0.508387 
-4 -1.47368 2 1 1.00996 0.479744 
-4 -1.05263 2 1 0.852347 0.455354 
-4 -0.631579 2 1 0.716524 0.434336 
-4 -0.210526 2 1 0.598262 0.416035 
-4 0.210526 2 1 0.494361 0.399956 
-4 0.631579 2 1 0.402356 0.385718 
-4 1.05263 2 1 0.320314 0.373022 
-4 1.47368 2 1 0.2467 0.361631 
-4 1.89474 2 1 0.180279 0.351352 
-4 2.31579 2 1 0.120045 0.342031 
-4 2.73684 2 1 0.0651727 0.33354 
-4 3.15789 2 1 0.0149767 0.325772 
-4 3.57895 2 1 -0.0311164 0.318639 
-4 4 2 1 -0.0735901 0.312066 
4 2.31579 2 1 -20.6212 3.41627 
4 2.73684 2 1 -9.81734 1.60807 
4 3.15789 2 1 -6.71489 1.08882 
4 3.57895 2 1 -5.24288 0.842459 
4 4 2 1 -4.38348 0.698625 
-4 -4 2 1 2.97888 0.784434 
-3.57895 -4 2 1 3.3932 0.898064 
-3.15789 -4 2 1 4.01738 1.06925 
-2.73684 -4 2 1 5.06498 1.35657 
-2.31579 -4 2 1 7.188 1.93883 
-1.89474 -4 2 1 13.7887 3.74915 
-4 4 2 1 -0.0735901 0.312066 
-3.57895 4 2 1 -0.1183 0.316076 
-3.15789 4 2 1 -0.167186 0.320461 
-2.73684 4 2 1 -0.220859 0.325275 
-2.31579 4 2 1 -0.28006 0.330585 
-1.89474 4 2 1 -0.34569 0.336471 
-1.47368 4 2 1 -0.418855 0.343033 
-1.05263 4 2 1 -0.500933 0.350395 
-0.631579 4 2 1 -0.593657 0.358712 
-0.210526 4 2 1 -0.699242 0.368182 
0.210526 4 2 1 -0.820565 0.379063 
0.631579 4 2 1 -0.961426 0.391697 
1.05263 4 2 1 -1.12696 0.406544 
1.47368 4 2 1 -1.32427 0.424241 
1.89474 4 2 1 -1.56347 0.445695 
2.31579 4 2 1 -1.8595 0.472246 
2.73684 4 2 1 -2.23534 0.505956 
3.15789 4 2 1 -2.72828 0.550168 
3.57895 4 2 1 -3.40315 0.610698 
4 4 2 1 -4.38348 0.698625 
-4 -4 6 1 4.93604 5.01971 
-4 -3.57895 6 1 3.67724 4.00656 
-4 -3.15789 6 1 2.85211 3.34246 
-4 -2.73684 6 1 2.26948 2.87352 
-4 -2.31579 6 1 1.83614 2.52475 
-4 -1.89474 6 1 1.50122 2.25519 
-4 -1.47368 6 1 1.23462 2.04062 
-4 -1.05263 6 1 1.01737 1.86576 
-4 -0.631579 6 1 0.83692 1.72053 
-4 -0.210526 6 1 0.684655 1.59798 
-4 0.210526 6 1 0.554449 1.49318 
-4 0.631579 6 1 0.441832 1.40254 
-4 1.05263 6 1 0.343466 1.32337 
-4 1.47368 6 1 0.256806 1.25363 
-4 1.89474 6 1 0.17988 1.19171 
-4 2.31579 6 1 0.111136 1.13638 
-4 2.73684 6 1 0.0493338 1.08664 
-4 3.15789 6 1 -0.00652755 1.04168 
-4 3.57895 6 1 -0.0572652 1.00085 
-4 4 6 1 -0.103553 0.963591 
4 3.15789 6 1 -136.13 120.315 
4 3.57895 6 1 -17.8988 15.0906 
4 4 6 1 -10.0622 8.11603 
-4 -4 6 1 4.93604 5.01971 
-3.57895 -4 6 1 6.53961 6.93951 
-3.15789 -4 6 1 10.2827 11.4208 
-2.73684 -4 6 1 29.0287 33.8636 
-4 4 6 1 -0.103553 0.963591 
-3.57895 4 6 1 -0.155248 1.00072 
-3.15789 4 6 1 -0.212393 1.04176 
-2.73684 4 6 1 -0.275897 1.08737 
-2.31579 4 6 1 -0.346887 1.13836 
-1.89474 4 6 1 -0.426767 1.19573 
-1.47368 4 6 1 -0.51732 1.26076 
-1.05263 4 6 1 -0.620836 1.33511 
-0.631579 4 6 1 -0.740316 1.42092 
-0.210526 4 6 1 -0.87976 1.52108 
0.210526 4 6 1 -1.04463 1.63949 
0.631579 4 6 1 -1.24257 1.78165 
1.05263 4 6 1 -1.48465 1.95552 
1.47368 4 6 1 -1.78748 2.17301 
1.89474 4 6 1 -2.17721 2.45292 
2.31579 4 6 1 -2.69751 2.82661 
2.73684 4 6 1 -3.4272 3.35069 
3.15789 4 6 1 -4.52455 4.13882 
3.57895 4 6 1 -6.36095 5.45776 
4 4 6 1 -10.0622 8.11603 
