-3.33859 0.258628 -2.36213 1.73096 0 
-3.77094 0.350864 -2.52353 1.97693 1 
-4.40798 0.486771 -2.7314 2.29374 2 
-5.44019 0.70698 -3.00921 2.71713 3 
-7.40053 1.1252 -3.39937 3.31176 4 
-12.5634 2.22663 -3.98735 4.20787 5 
-63.7697 13.1509 -4.97466 5.71257 6 
-0.0500829 -0.0706413 -0.0573627 0.411424 20 
-0.00963027 -0.064647 -0.0210742 0.433948 21 
0.0341304 -0.0581624 0.0178848 0.458129 22 
0.0816221 -0.051125 0.0598202 0.484158 23 
0.133343 -0.0434609 0.105087 0.512254 24 
0.189886 -0.0350823 0.154098 0.542674 25 
0.251956 -0.0258847 0.207338 0.575719 26 
0.320406 -0.0157416 0.26538 0.611745 27 
0.396273 -0.00449938 0.328903 0.651172 28 
0.480833 0.00803078 0.398722 0.694508 29 
0.575668 0.0220837 0.475822 0.742363 30 
0.682775 0.0379549 0.561406 0.795483 31 
0.804698 0.0560218 0.656954 0.854788 32 
0.944742 0.0767738 0.764314 0.921424 33 
1.10727 0.100857 0.885822 0.996842 34 
1.29817 0.129145 1.02447 1.0829 35 
1.52558 0.162843 1.18416 1.18202 36 
1.80108 0.203668 1.37008 1.29741 37 
2.14174 0.254147 1.58926 1.43345 38 
2.57376 0.318165 1.85152 1.59623 39 
-3.33859 0.258628 -2.36213 1.73096 40 
-2.71037 0.195726 -2.00854 1.52852 41 
-2.24231 0.14886 -1.72295 1.36501 42 
-1.88008 0.112592 -1.48746 1.23019 43 
-1.59145 0.083691 -1.28996 1.11711 44 
-1.35604 0.0601202 -1.12193 1.02091 45 
-1.16038 0.0405292 -0.97724 0.938075 46 
-0.99518 0.0239886 -0.851342 0.865996 47 
-0.853847 0.00983738 -0.740798 0.802706 48 
-0.731556 -0.00240729 -0.64296 0.746692 49 
-0.624701 -0.0131064 -0.555756 0.696766 50 
-0.530533 -0.0225352 -0.477543 0.651987 51 
-0.446918 -0.0309073 -0.406998 0.611598 52 
-0.372178 -0.0383908 -0.343046 0.574984 53 
-0.30497 -0.0451202 -0.284804 0.541639 54 
-0.24421 -0.0512039 -0.23154 0.511145 55 
-0.189014 -0.0567306 -0.182642 0.483149 56 
-0.138649 -0.0617734 -0.137594 0.457358 57 
-0.0925088 -0.0663933 -0.0959587 0.433521 58 
-0.0500829 -0.0706413 -0.0573627 0.411424 59 
4124.25 1253.29 4.28732 6.43571 72 
12.2205 3.25073 3.35247 4.57835 73 
6.59874 1.54174 2.82787 3.53606 74 
4.72139 0.971034 2.49205 2.86886 75 
3.78208 0.685488 2.25866 2.40515 76 
3.21828 0.514097 2.08703 2.06415 77 
2.84234 0.399811 1.95551 1.80285 78 
2.57376 0.318165 1.85152 1.59623 79 
