11.4162 1.41009 8.27557 7.90225 4 
5.37028 0.655739 4.72344 4.55745 5 
3.47484 0.419246 3.27785 3.19623 6 
2.54811 0.303618 2.49348 2.45764 7 
1.9986 0.235056 2.0011 1.994 8 
1.63495 0.189683 1.66326 1.67587 9 
1.3765 0.157437 1.41706 1.44405 10 
1.18337 0.13334 1.22968 1.2676 11 
1.03358 0.11465 1.08228 1.12881 12 
0.914002 0.0997309 0.963305 1.01678 13 
0.816342 0.0875458 0.865252 0.924445 14 
0.735076 0.0774063 0.783049 0.84704 15 
0.666397 0.0688372 0.71314 0.781211 16 
0.60759 0.0614999 0.65296 0.724543 17 
0.556669 0.0551466 0.600609 0.675248 18 
0.512149 0.0495917 0.554653 0.631974 19 
-82.1157 29.8672 -13.8891 22.5292 26 
-8.08177 2.8596 -5.11823 8.12373 27 
-4.31834 1.48671 -3.18294 4.94516 28 
-2.97737 0.99752 -2.33299 3.54918 29 
-2.2894 0.746548 -1.85531 2.76463 30 
-1.87085 0.593859 -1.54927 2.26198 31 
-1.58937 0.491174 -1.33644 1.91243 32 
-1.3871 0.417386 -1.17987 1.65528 33 
-1.23473 0.361801 -1.05986 1.45816 34 
-1.11582 0.318422 -0.964937 1.30226 35 
-1.02044 0.283628 -0.887981 1.17587 36 
-0.942231 0.255099 -0.824332 1.07133 37 
-0.876945 0.231282 -0.770814 0.983427 38 
-0.821621 0.2111 -0.725185 0.908485 39 
0.512149 0.0495917 0.554653 0.631974 60 
0.453788 0.0566588 0.49833 0.644143 61 
0.394323 0.0638594 0.440973 0.656535 62 
0.333723 0.0711976 0.382552 0.669157 63 
0.271954 0.0786772 0.323038 0.682015 64 
0.208984 0.0863025 0.262399 0.695116 65 
0.144775 0.0940776 0.200603 0.708467 66 
0.0792915 0.102007 0.137617 0.722075 67 
0.0124951 0.110096 0.0734068 0.735948 68 
-0.0556543 0.118348 0.00793545 0.750093 69 
-0.125198 0.126769 -0.0588343 0.764519 70 
-0.19618 0.135364 -0.126941 0.779234 71 
-0.268644 0.144139 -0.196426 0.794246 72 
-0.342638 0.153099 -0.267332 0.809565 73 
-0.41821 0.16225 -0.339701 0.825201 74 
-0.495413 0.171599 -0.413581 0.841163 75 
-0.574298 0.181151 -0.489018 0.857461 76 
-0.654922 0.190914 -0.566063 0.874107 77 
-0.737343 0.200895 -0.644767 0.891111 78 
-0.821621 0.2111 -0.725185 0.908485 79 
