-0.114286 0.0805834 -0.060738 0.617746 0 
-0.152244 0.0875872 -0.0961249 0.651641 1 
-0.194187 0.0953263 -0.135239 0.689104 2 
-0.240778 0.103923 -0.1787 0.730733 3 
-0.292836 0.113528 -0.227278 0.777261 4 
-0.351381 0.124331 -0.281932 0.829609 5 
-0.417707 0.136569 -0.343877 0.888941 6 
-0.493477 0.150549 -0.414677 0.956755 7 
-0.580861 0.166673 -0.496377 1.03501 8 
-0.682752 0.185473 -0.591705 1.12631 9 
-0.803088 0.207677 -0.704379 1.23424 10 
-0.947378 0.2343 -0.839609 1.36376 11 
-1.12356 0.266809 -1.00492 1.5221 12 
-1.34353 0.307397 -1.21161 1.72007 13 
-1.62593 0.359502 -1.47743 1.97467 14 
-2.00172 0.42884 -1.83199 2.31428 15 
-2.5264 0.525652 -2.32863 2.78997 16 
-3.31034 0.6703 -3.07418 3.50406 17 
-4.60875 0.909874 -4.31828 4.69568 18 
-7.17539 1.38345 -6.81223 7.08443 19 
1.89391 -0.030054 2.03701 1.27244 20 
2.0557 -0.0261921 2.2187 1.44654 21 
2.26573 -0.021179 2.45502 1.67299 22 
2.54934 -0.0144097 2.77497 1.97958 23 
2.9534 -0.00476512 3.23247 2.41796 24 
3.57535 0.0100803 3.94051 3.09643 25 
4.65651 0.0358864 5.18251 4.28656 26 
7.00304 0.0918957 7.92811 6.91748 27 
15.9704 0.305937 19.0953 17.6182 28 
-0.114286 0.0805834 -0.060738 0.617746 40 
-0.0691605 0.0780974 -0.013777 0.632403 41 
-0.0210673 0.0754478 0.0362813 0.648025 42 
0.0302964 0.072618 0.0897539 0.664714 43 
0.0852759 0.069589 0.147002 0.682581 44 
0.144267 0.066339 0.208442 0.701755 45 
0.207725 0.0628429 0.274549 0.722387 46 
0.276178 0.0590716 0.345877 0.744648 47 
0.35024 0.0549914 0.42307 0.768739 48 
0.430629 0.0505625 0.506883 0.794897 49 
0.518192 0.0457384 0.598205 0.823397 50 
0.613934 0.0404637 0.698093 0.854572 51 
0.719058 0.0346721 0.807811 0.888814 52 
0.835014 0.0282838 0.928884 0.9266 53 
0.963567 0.0212014 1.06317 0.96851 54 
1.10689 0.0133055 1.21297 1.01526 55 
1.26767 0.00444728 1.38111 1.06774 56 
1.44933 -0.00556058 1.57121 1.12706 57 
1.65619 -0.0169574 1.78785 1.19468 58 
1.89391 -0.030054 2.03701 1.27244 59 
-7.17539 1.38345 -6.81223 7.08443 60 
-9.79669 1.95232 -9.36871 10.4374 61 
-16.9649 3.50795 -16.7236 20.0838 62 
-117.829 25.3972 -248.478 324.044 63 
