-2.75956 0.140197 -2.12707 1.48591 0 
-3.05889 0.200189 -2.26726 1.68871 1 
-3.47653 0.283893 -2.44519 1.94612 2 
-4.09989 0.408829 -2.67849 2.28362 3 
-5.13065 0.615417 -2.99773 2.74547 4 
-7.16206 1.02256 -3.46117 3.41592 5 
-13.0256 2.19773 -4.19498 4.4775 6 
-213.681 42.4135 -5.53321 6.41348 7 
-0.00194295 -0.0563159 -0.0227253 0.426001 20 
0.0375347 -0.0493268 0.0124028 0.45072 21 
0.0804599 -0.0417274 0.0503111 0.477395 22 
0.127305 -0.0334341 0.0913433 0.506268 23 
0.178632 -0.0243472 0.135902 0.537623 24 
0.235117 -0.0143472 0.184462 0.571794 25 
0.297578 -0.00328905 0.237589 0.609178 26 
0.367018 0.00900443 0.295957 0.65025 27 
0.444674 0.0227526 0.360383 0.695585 28 
0.532097 0.0382298 0.431862 0.745883 29 
0.631252 0.0557841 0.511618 0.802006 30 
0.744673 0.0758638 0.601178 0.865027 31 
0.875674 0.0990561 0.702468 0.936303 32 
1.02869 0.126146 0.817954 1.01757 33 
1.20977 0.158204 0.950846 1.11108 34 
1.42743 0.196738 1.1054 1.21984 35 
1.69399 0.243929 1.28738 1.34789 36 
2.02801 0.303064 1.50479 1.50088 37 
2.45881 0.379333 1.76911 1.68688 38 
3.0356 0.481446 2.09736 1.91785 39 
-2.75956 0.140197 -2.12707 1.48591 40 
-2.30773 0.107999 -1.83574 1.33917 41 
-1.95085 0.0825664 -1.5928 1.21681 42 
-1.66182 0.0619697 -1.38712 1.11321 43 
-1.42298 0.0449494 -1.21074 1.02437 44 
-1.22229 0.0306484 -1.05782 0.947349 45 
-1.0513 0.0184631 -0.923958 0.879929 46 
-0.903862 0.00795643 -0.805811 0.820421 47 
-0.775426 -0.00119614 -0.700763 0.767511 48 
-0.662541 -0.00924055 -0.60675 0.720159 49 
-0.562543 -0.0163666 -0.522119 0.677532 50 
-0.473345 -0.022723 -0.445532 0.638958 51 
-0.393287 -0.028428 -0.375896 0.603884 52 
-0.321033 -0.033577 -0.312304 0.571854 53 
-0.255494 -0.0382474 -0.254003 0.542489 54 
-0.195776 -0.042503 -0.200358 0.51547 55 
-0.141136 -0.0463967 -0.150834 0.490526 56 
-0.0909537 -0.0499728 -0.104973 0.467427 57 
-0.0447043 -0.0532686 -0.0623823 0.445975 58 
-0.00194295 -0.0563159 -0.0227253 0.426001 59 
43.9589 13.4233 4.25219 6.3039 73 
10.6068 2.8758 3.42137 4.61281 74 
6.44221 1.55878 2.93622 3.62531 75 
4.81288 1.0435 2.61816 2.97792 76 
3.94396 0.768713 2.39355 2.52074 77 
3.40385 0.597904 2.22649 2.18069 78 
3.0356 0.481446 2.09736 1.91785 79 
