-4 -4 2 1 -0.108001 0.0606173 
-4 -3.57895 2 1 -0.146024 0.066976 
-4 -3.15789 2 1 -0.188003 0.0739963 
-4 -2.73684 2 1 -0.23459 0.0817871 
-4 -2.31579 2 1 -0.286586 0.0904825 
-4 -1.89474 2 1 -0.344992 0.10025 
-4 -1.47368 2 1 -0.411073 0.111301 
-4 -1.05263 2 1 -0.486446 0.123906 
-4 -0.631579 2 1 -0.573219 0.138417 
-4 -0.210526 2 1 -0.674192 0.155303 
-4 0.210526 2 1 -0.793159 0.175198 
-4 0.631579 2 1 -0.935402 0.198986 
-4 1.05263 2 1 -1.10849 0.227932 
-4 1.47368 2 1 -1.32368 0.263919 
-4 1.89474 2 1 -1.59846 0.309872 
-4 2.31579 2 1 -1.96156 0.370594 
-4 2.73684 2 1 -2.46371 0.45457 
-4 3.15789 2 1 -3.20371 0.578322 
-4 3.57895 2 1 -4.40298 0.778879 
-4 4 2 1 -6.68146 1.15992 
4 -4 2 1 1.93224 -0.0685634 
4 -3.57895 2 1 2.09954 -0.0686414 
4 -3.15789 2 1 2.31755 -0.068743 
4 -2.73684 2 1 2.61344 -0.0688809 
4 -2.31579 2 1 3.038 -0.0690787 
4 -1.89474 2 1 3.6985 -0.0693865 
4 -1.47368 2 1 4.8673 -0.0699312 
4 -1.05263 2 1 7.49808 -0.0711571 
4 -0.631579 2 1 18.9142 -0.0764771 
-4 -4 2 1 -0.108001 0.0606173 
-3.57895 -4 2 1 -0.0630866 0.0577735 
-3.15789 -4 2 1 -0.0151719 0.0547397 
-2.73684 -4 2 1 0.0360539 0.0514963 
-2.31579 -4 2 1 0.0909462 0.0480207 
-1.89474 -4 2 1 0.149913 0.0442871 
-1.47368 -4 2 1 0.213426 0.0402657 
-1.05263 -4 2 1 0.282032 0.0359218 
-0.631579 -4 2 1 0.356369 0.0312151 
-0.210526 -4 2 1 0.437186 0.026098 
0.210526 -4 2 1 0.52537 0.0205145 
0.631579 -4 2 1 0.621974 0.0143979 
1.05263 -4 2 1 0.728268 0.00766775 
1.47368 -4 2 1 0.845784 0.000227042 
1.89474 -4 2 1 0.976399 -0.00804306 
2.31579 -4 2 1 1.12243 -0.0172894 
2.73684 -4 2 1 1.28679 -0.0276958 
3.15789 -4 2 1 1.47314 -0.039495 
3.57895 -4 2 1 1.68623 -0.0529867 
4 -4 2 1 1.93224 -0.0685634 
-4 4 2 1 -6.68146 1.15992 
-3.57895 4 2 1 -8.89188 1.59115 
-3.15789 4 2 1 -14.3889 2.66359 
-2.73684 4 2 1 -51.7426 9.95105 
-4 -4 6 1 -0.0543012 0.594836 
-4 -3.57895 6 1 -0.0896357 0.627582 
-4 -3.15789 6 1 -0.128643 0.663731 
-4 -2.73684 6 1 -0.171927 0.703843 
-4 -2.31579 6 1 -0.220232 0.748608 
-4 -1.89474 6 1 -0.274486 0.798886 
-4 -1.47368 6 1 -0.335858 0.855761 
-4 -1.05263 6 1 -0.40585 0.920624 
-4 -0.631579 6 1 -0.486413 0.995284 
-4 -0.210526 6 1 -0.580139 1.08214 
-4 0.210526 6 1 -0.69054 1.18445 
-4 0.631579 6 1 -0.822501 1.30674 
-4 1.05263 6 1 -0.983021 1.4555 
-4 1.47368 6 1 -1.1825 1.64036 
-4 1.89474 6 1 -1.43706 1.87627 
-4 2.31579 6 1 -1.77321 2.18778 
-4 2.73684 6 1 -2.23762 2.61816 
-4 3.15789 6 1 -2.92102 3.25148 
-4 3.57895 6 1 -4.0261 4.27559 
-4 4 6 1 -6.11727 6.21352 
4 -4 6 1 2.06014 1.24848 
4 -3.57895 6 1 2.24382 1.42129 
4 -3.15789 6 1 2.48301 1.64634 
4 -2.73684 6 1 2.80735 1.95149 
4 -2.31579 6 1 3.27218 2.38882 
4 -1.89474 6 1 3.99397 3.06792 
4 -1.47368 6 1 5.26722 4.26585 
4 -1.05263 6 1 8.11458 6.94477 
4 -0.631579 6 1 20.1804 18.2968 
-4 -4 6 1 -0.0543012 0.594836 
-3.57895 -4 6 1 -0.00769382 0.609244 
-3.15789 -4 6 1 0.0420238 0.624614 
-2.73684 -4 6 1 0.0951737 0.641044 
-2.31579 -4 6 1 0.152124 0.658649 
-1.89474 -4 6 1 0.213297 0.67756 
-1.47368 -4 6 1 0.279182 0.697927 
-1.05263 -4 6 1 0.350343 0.719926 
-0.631579 -4 6 1 0.427441 0.743759 
-0.210526 -4 6 1 0.511253 0.769668 
0.210526 -4 6 1 0.602694 0.797936 
0.631579 -4 6 1 0.702855 0.828899 
1.05263 -4 6 1 0.813047 0.862963 
1.47368 -4 6 1 0.934857 0.900618 
1.89474 -4 6 1 1.07022 0.942465 
2.31579 -4 6 1 1.22154 0.989242 
2.73684 -4 6 1 1.39181 1.04188 
3.15789 -4 6 1 1.58482 1.10155 
3.57895 -4 6 1 1.80547 1.16975 
4 -4 6 1 2.06014 1.24848 
-4 4 6 1 -6.11727 6.21352 
-3.57895 4 6 1 -8.06358 8.76881 
-3.15789 4 6 1 -12.844 15.045 
-2.73684 4 6 1 -43.2244 54.9312 
