4 -4 2 1 -1.72589 0.371894 
4 -3.57895 2 1 -1.50655 0.365643 
4 -3.15789 2 1 -1.31268 0.360119 
4 -2.73684 2 1 -1.1401 0.355202 
4 -2.31579 2 1 -0.985475 0.350796 
4 -1.89474 2 1 -0.846148 0.346826 
4 -1.47368 2 1 -0.719954 0.34323 
4 -1.05263 2 1 -0.60512 0.339958 
4 -0.631579 2 1 -0.500177 0.336967 
4 -0.210526 2 1 -0.403901 0.334224 
4 0.210526 2 1 -0.31526 0.331698 
4 0.631579 2 1 -0.233382 0.329365 
4 1.05263 2 1 -0.157519 0.327203 
4 1.47368 2 1 -0.087034 0.325195 
4 1.89474 2 1 -0.0213733 0.323324 
4 2.31579 2 1 0.0399415 0.321577 
4 2.73684 2 1 0.0973281 0.319941 
4 3.15789 2 1 0.151152 0.318408 
4 3.57895 2 1 0.201736 0.316966 
4 4 2 1 0.249363 0.315609 
0.631579 -4 2 1 -27.0533 5.56276 
1.05263 -4 2 1 -7.66873 1.58988 
1.47368 -4 2 1 -4.66719 0.974715 
1.89474 -4 2 1 -3.44888 0.725021 
2.31579 -4 2 1 -2.7886 0.589697 
2.73684 -4 2 1 -2.3744 0.504806 
3.15789 -4 2 1 -2.09032 0.446584 
3.57895 -4 2 1 -1.88337 0.404169 
4 -4 2 1 -1.72589 0.371894 
-3.57895 4 2 1 18.3184 4.33794 
-3.15789 4 2 1 7.8971 2.01807 
-2.73684 4 2 1 4.88761 1.34813 
-2.31579 4 2 1 3.45704 1.02967 
-1.89474 4 2 1 2.62105 0.843568 
-1.47368 4 2 1 2.07273 0.721507 
-1.05263 4 2 1 1.68539 0.635283 
-0.631579 4 2 1 1.39722 0.571133 
-0.210526 4 2 1 1.17445 0.521543 
0.210526 4 2 1 0.997091 0.48206 
0.631579 4 2 1 0.852537 0.449881 
1.05263 4 2 1 0.732459 0.423151 
1.47368 4 2 1 0.631126 0.400593 
1.89474 4 2 1 0.544466 0.381302 
2.31579 4 2 1 0.469507 0.364615 
2.73684 4 2 1 0.404029 0.350039 
3.15789 4 2 1 0.34634 0.337197 
3.57895 4 2 1 0.295129 0.325797 
4 4 2 1 0.249363 0.315609 
4 -4 6 1 -2.29288 2.12225 
4 -3.57895 6 1 -1.97423 1.97918 
4 -3.15789 6 1 -1.7013 1.85664 
4 -2.73684 6 1 -1.46489 1.7505 
4 -2.31579 6 1 -1.25814 1.65767 
4 -1.89474 6 1 -1.07579 1.5758 
4 -1.47368 6 1 -0.913767 1.50306 
4 -1.05263 6 1 -0.768851 1.438 
4 -0.631579 6 1 -0.638467 1.37946 
4 -0.210526 6 1 -0.520535 1.32651 
4 0.210526 6 1 -0.413351 1.27838 
4 0.631579 6 1 -0.315511 1.23446 
4 1.05263 6 1 -0.225843 1.1942 
4 1.47368 6 1 -0.143365 1.15717 
4 1.89474 6 1 -0.0672453 1.12299 
4 2.31579 6 1 0.00322408 1.09135 
4 2.73684 6 1 0.0686497 1.06198 
4 3.15789 6 1 0.129554 1.03463 
4 3.57895 6 1 0.186391 1.00911 
4 4 6 1 0.239554 0.985246 
1.47368 -4 6 1 -20.5966 23.1928 
1.89474 -4 6 1 -7.80661 8.46945 
2.31579 -4 6 1 -4.98494 5.22125 
2.73684 -4 6 1 -3.74575 3.79474 
3.15789 -4 6 1 -3.04934 2.99305 
3.57895 -4 6 1 -2.60315 2.47943 
4 -4 6 1 -2.29288 2.12225 
-3.15789 4 6 1 1161.41 1228.07 
-2.73684 4 6 1 12.9756 14.4443 
-2.31579 4 6 1 6.24456 7.33113 
-1.89474 4 6 1 3.98332 4.94153 
-1.47368 4 6 1 2.84937 3.74321 
-1.05263 4 6 1 2.16794 3.0231 
-0.631579 4 6 1 1.7132 2.54255 
-0.210526 4 6 1 1.38817 2.19907 
0.210526 4 6 1 1.14428 1.94133 
0.631579 4 6 1 0.954518 1.7408 
1.05263 4 6 1 0.802662 1.58032 
1.47368 4 6 1 0.678386 1.44899 
1.89474 4 6 1 0.574803 1.33953 
2.31579 4 6 1 0.487141 1.24689 
2.73684 4 6 1 0.411992 1.16747 
3.15789 4 6 1 0.346855 1.09864 
3.57895 4 6 1 0.289854 1.0384 
4 4 6 1 0.239554 0.985246 
