-4 -4 2 1 5.20703 0.255173 
-4 -3.57895 2 1 3.76996 0.245343 
-4 -3.15789 2 1 2.89002 0.239323 
-4 -2.73684 2 1 2.29583 0.235259 
-4 -2.31579 2 1 1.86764 0.23233 
-4 -1.89474 2 1 1.54441 0.230119 
-4 -1.47368 2 1 1.29177 0.228391 
-4 -1.05263 2 1 1.08887 0.227003 
-4 -0.631579 2 1 0.922331 0.225863 
-4 -0.210526 2 1 0.783188 0.224912 
-4 0.210526 2 1 0.665193 0.224104 
-4 0.631579 2 1 0.563865 0.223411 
-4 1.05263 2 1 0.475906 0.22281 
-4 1.47368 2 1 0.398834 0.222282 
-4 1.89474 2 1 0.330745 0.221817 
-4 2.31579 2 1 0.270156 0.221402 
-4 2.73684 2 1 0.215891 0.221031 
-4 3.15789 2 1 0.16701 0.220697 
-4 3.57895 2 1 0.12275 0.220394 
-4 4 2 1 0.0824841 0.220118 
4 1.05263 2 1 -16.5852 1.2622 
4 1.47368 2 1 -7.47603 0.658649 
4 1.89474 2 1 -5.02502 0.496252 
4 2.31579 2 1 -3.88603 0.420785 
4 2.73684 2 1 -3.22801 0.377186 
4 3.15789 2 1 -2.79942 0.348789 
4 3.57895 2 1 -2.49807 0.328822 
4 4 2 1 -2.27463 0.314018 
-4 -4 2 1 5.20703 0.255173 
-3.57895 -4 2 1 6.42809 0.282194 
-3.15789 -4 2 1 8.77905 0.334218 
-2.73684 -4 2 1 15.1787 0.475835 
-2.31579 -4 2 1 100.903 2.37282 
-4 4 2 1 0.0824841 0.220118 
-3.57895 4 2 1 0.0376355 0.221905 
-3.15789 4 2 1 -0.0105119 0.223823 
-2.73684 4 2 1 -0.0623358 0.225888 
-2.31579 4 2 1 -0.118274 0.228116 
-1.89474 4 2 1 -0.178837 0.230529 
-1.47368 4 2 1 -0.244623 0.233149 
-1.05263 4 2 1 -0.316338 0.236006 
-0.631579 4 2 1 -0.39482 0.239133 
-0.210526 4 2 1 -0.481077 0.242569 
0.210526 4 2 1 -0.576323 0.246363 
0.631579 4 2 1 -0.68204 0.250574 
1.05263 4 2 1 -0.800056 0.255276 
1.47368 4 2 1 -0.932649 0.260558 
1.89474 4 2 1 -1.0827 0.266535 
2.31579 4 2 1 -1.25389 0.273355 
2.73684 4 2 1 -1.45105 0.281209 
3.15789 4 2 1 -1.68054 0.290351 
3.57895 4 2 1 -1.95104 0.301127 
4 4 2 1 -2.27463 0.314018 
-4 -4 6 1 20.9616 15.9799 
-4 -3.57895 6 1 8.86623 7.2049 
-4 -3.15789 6 1 5.42078 4.70526 
-4 -2.73684 6 1 3.79032 3.52238 
-4 -2.31579 6 1 2.8397 2.83271 
-4 -1.89474 6 1 2.21706 2.381 
-4 -1.47368 6 1 1.77765 2.06221 
-4 -1.05263 6 1 1.45095 1.8252 
-4 -0.631579 6 1 1.19853 1.64207 
-4 -0.210526 6 1 0.997646 1.49633 
-4 0.210526 6 1 0.833972 1.37758 
-4 0.631579 6 1 0.698047 1.27897 
-4 1.05263 6 1 0.583366 1.19577 
-4 1.47368 6 1 0.485309 1.12463 
-4 1.89474 6 1 0.400506 1.06311 
-4 2.31579 6 1 0.32644 1.00937 
-4 2.73684 6 1 0.261193 0.962038 
-4 3.15789 6 1 0.203279 0.920022 
-4 3.57895 6 1 0.151527 0.882477 
-4 4 6 1 0.105003 0.848724 
4 1.89474 6 1 -36.0853 35.5065 
4 2.31579 6 1 -10.3838 9.82221 
4 2.73684 6 1 -6.33412 5.7752 
4 3.15789 6 1 -4.68489 4.12707 
4 3.57895 6 1 -3.78975 3.23253 
4 4 6 1 -3.22775 2.6709 
-4 -4 6 1 20.9616 15.9799 
-3.57895 -4 6 1 417.32 335.459 
-4 4 6 1 0.105003 0.848724 
-3.57895 4 6 1 0.0554873 0.875797 
-3.15789 4 6 1 0.00185916 0.905118 
-2.73684 4 6 1 -0.0564162 0.93698 
-2.31579 4 6 1 -0.11997 0.971728 
-1.89474 4 6 1 -0.189554 1.00977 
-1.47368 4 6 1 -0.266069 1.05161 
-1.05263 4 6 1 -0.350604 1.09783 
-0.631579 4 6 1 -0.444491 1.14916 
-0.210526 4 6 1 -0.549371 1.2065 
0.210526 4 6 1 -0.667297 1.27098 
0.631579 4 6 1 -0.800863 1.34401 
1.05263 4 6 1 -0.953402 1.42741 
1.47368 4 6 1 -1.12927 1.52356 
1.89474 4 6 1 -1.33425 1.63563 
2.31579 4 6 1 -1.57623 1.76794 
2.73684 4 6 1 -1.86622 1.92649 
3.15789 4 6 1 -2.2201 2.11997 
3.57895 4 6 1 -2.66156 2.36134 
4 4 6 1 -3.22775 2.6709 
