12.5049 3.24581 3.54095 4.86081 9 
5.78623 1.3463 2.70067 3.49157 10 
3.87909 0.807115 2.22052 2.70917 11 
2.97762 0.552254 1.90985 2.20292 12 
2.45234 0.403746 1.69237 1.84854 13 
2.10841 0.306512 1.53164 1.58662 14 
1.86575 0.237907 1.40799 1.38514 15 
1.68537 0.186909 1.30993 1.22535 16 
1.54601 0.147512 1.23025 1.09551 17 
1.43512 0.11616 1.16424 0.987939 18 
1.34478 0.0906184 1.10864 0.89735 19 
-53.4399 6.40428 -6.54756 5.6459 20 
-10.3745 1.1599 -4.30536 3.78837 21 
-5.56252 0.573909 -3.1502 2.83139 22 
-3.71032 0.348353 -2.44581 2.24784 23 
-2.72941 0.228902 -1.9714 1.85483 24 
-2.12208 0.154942 -1.63016 1.57213 25 
-1.70904 0.104643 -1.37291 1.35901 26 
-1.40991 0.0682169 -1.17204 1.19261 27 
-1.18329 0.0406196 -1.01085 1.05907 28 
-1.00566 0.0189882 -0.878639 0.949538 29 
-0.862686 0.00157696 -0.768233 0.858073 30 
-0.745124 -0.0127394 -0.674651 0.780545 31 
-0.646754 -0.0247187 -0.594318 0.713995 32 
-0.56323 -0.03489 -0.524608 0.656244 33 
-0.491427 -0.0436339 -0.463544 0.605656 34 
-0.42904 -0.0512312 -0.409611 0.560976 35 
-0.374331 -0.0578936 -0.36163 0.521226 36 
-0.325964 -0.0637835 -0.318666 0.485633 37 
-0.282897 -0.0690281 -0.279971 0.453577 38 
-0.244305 -0.0737278 -0.24494 0.424556 39 
-53.4399 6.40428 -6.54756 5.6459 59 
1.34478 0.0906184 1.10864 0.89735 60 
1.2015 0.0758006 0.993862 0.857258 61 
1.06915 0.062112 0.886618 0.819798 62 
0.946507 0.0494284 0.786194 0.784721 63 
0.832552 0.037643 0.691959 0.751806 64 
0.726391 0.0266636 0.603358 0.720858 65 
0.627251 0.0164103 0.519901 0.691708 66 
0.534458 0.00681344 0.441152 0.664201 67 
0.44742 -0.00218816 0.366724 0.638204 68 
0.365619 -0.0106482 0.29627 0.613596 69 
0.288596 -0.0186141 0.229482 0.590267 70 
0.215944 -0.0261279 0.166079 0.568121 71 
0.147301 -0.0332271 0.105811 0.54707 72 
0.0823445 -0.0399451 0.0484504 0.527034 73 
0.020785 -0.0463117 -0.0062074 0.507943 74 
-0.0376371 -0.0523538 -0.0583494 0.48973 75 
-0.0931557 -0.0580956 -0.108145 0.472337 76 
-0.145982 -0.063559 -0.15575 0.455709 77 
-0.196307 -0.0687638 -0.201305 0.439797 78 
-0.244305 -0.0737278 -0.24494 0.424556 79 
