0.189002 -0.144324 0.185323 0.362922 0 
0.145068 -0.141238 0.145605 0.380723 1 
0.0981501 -0.137942 0.103463 0.39961 2 
0.0479342 -0.134415 0.0586689 0.419685 3 
-0.00594033 -0.130631 0.0109636 0.441066 4 
-0.0638886 -0.126561 -0.039946 0.463882 5 
-0.126391 -0.12217 -0.0943941 0.488284 6 
-0.194005 -0.117421 -0.152763 0.514444 7 
-0.267387 -0.112267 -0.215492 0.542557 8 
-0.347306 -0.106653 -0.283088 0.572852 9 
-0.434676 -0.100516 -0.356141 0.605593 10 
-0.530591 -0.0937793 -0.435339 0.641087 11 
-0.636369 -0.0863495 -0.521493 0.679699 12 
-0.753613 -0.0781142 -0.615559 0.721857 13 
-0.884296 -0.0689351 -0.718681 0.768074 14 
-1.03087 -0.05864 -0.832233 0.818965 15 
-1.19641 -0.0470121 -0.957881 0.875277 16 
-1.38487 -0.0337749 -1.09767 0.937925 17 
-1.60135 -0.0185694 -1.25412 1.00804 18 
-1.8526 -0.000921155 -1.43041 1.08705 19 
8.92141 0.151833 4.20081 2.84783 20 
12.9126 0.362399 4.71728 3.44388 21 
26.2647 1.06683 5.48099 4.32529 22 
0.189002 -0.144324 0.185323 0.362922 40 
0.232786 -0.142839 0.224565 0.387207 41 
0.281205 -0.141197 0.267526 0.413792 42 
0.335035 -0.139371 0.314761 0.443023 43 
0.395237 -0.137329 0.366941 0.475313 44 
0.463014 -0.135031 0.424885 0.511171 45 
0.539892 -0.132423 0.489605 0.551221 46 
0.627834 -0.129441 0.562362 0.596246 47 
0.729417 -0.125996 0.644753 0.647232 48 
0.848078 -0.121971 0.738827 0.705448 49 
0.988522 -0.117208 0.847259 0.772548 50 
1.15735 -0.111482 0.973607 0.850736 51 
1.36414 -0.104469 1.12271 0.943006 52 
1.62331 -0.0956797 1.30133 1.05354 53 
1.95765 -0.0843405 1.51918 1.18836 54 
2.40542 -0.0691546 1.7908 1.35644 55 
3.03613 -0.0477645 2.13888 1.57184 56 
3.99066 -0.0153919 2.60101 1.85782 57 
5.60454 0.0393423 3.2442 2.25585 58 
8.92141 0.151833 4.20081 2.84783 59 
-1.8526 -0.000921155 -1.43041 1.08705 60 
-2.01357 0.022862 -1.50933 1.22005 61 
-2.22586 0.0542292 -1.60687 1.38441 62 
-2.51869 0.0974966 -1.73049 1.59271 63 
-2.94863 0.161021 -1.89226 1.8653 64 
-3.64138 0.263378 -2.11306 2.23735 65 
-4.94399 0.455845 -2.43241 2.77547 66 
-8.2951 0.950984 -2.93526 3.62279 67 
-36.3061 5.08972 -3.84349 5.15319 68 
