-4 -4 2 1 -0.114286 0.0805834 
-4 -3.57895 2 1 -0.152244 0.0875872 
-4 -3.15789 2 1 -0.194187 0.0953263 
-4 -2.73684 2 1 -0.240778 0.103923 
-4 -2.31579 2 1 -0.292836 0.113528 
-4 -1.89474 2 1 -0.351381 0.124331 
-4 -1.47368 2 1 -0.417707 0.136569 
-4 -1.05263 2 1 -0.493477 0.150549 
-4 -0.631579 2 1 -0.580861 0.166673 
-4 -0.210526 2 1 -0.682752 0.185473 
-4 0.210526 2 1 -0.803088 0.207677 
-4 0.631579 2 1 -0.947378 0.2343 
-4 1.05263 2 1 -1.12356 0.266809 
-4 1.47368 2 1 -1.34353 0.307397 
-4 1.89474 2 1 -1.62593 0.359502 
-4 2.31579 2 1 -2.00172 0.42884 
-4 2.73684 2 1 -2.5264 0.525652 
-4 3.15789 2 1 -3.31034 0.6703 
-4 3.57895 2 1 -4.60875 0.909874 
-4 4 2 1 -7.17539 1.38345 
4 -4 2 1 1.89391 -0.030054 
4 -3.57895 2 1 2.0557 -0.0261921 
4 -3.15789 2 1 2.26573 -0.021179 
4 -2.73684 2 1 2.54934 -0.0144097 
4 -2.31579 2 1 2.9534 -0.00476512 
4 -1.89474 2 1 3.57535 0.0100803 
4 -1.47368 2 1 4.65651 0.0358864 
4 -1.05263 2 1 7.00304 0.0918957 
4 -0.631579 2 1 15.9704 0.305937 
-4 -4 2 1 -0.114286 0.0805834 
-3.57895 -4 2 1 -0.0691605 0.0780974 
-3.15789 -4 2 1 -0.0210673 0.0754478 
-2.73684 -4 2 1 0.0302964 0.072618 
-2.31579 -4 2 1 0.0852759 0.069589 
-1.89474 -4 2 1 0.144267 0.066339 
-1.47368 -4 2 1 0.207725 0.0628429 
-1.05263 -4 2 1 0.276178 0.0590716 
-0.631579 -4 2 1 0.35024 0.0549914 
-0.210526 -4 2 1 0.430629 0.0505625 
0.210526 -4 2 1 0.518192 0.0457384 
0.631579 -4 2 1 0.613934 0.0404637 
1.05263 -4 2 1 0.719058 0.0346721 
1.47368 -4 2 1 0.835014 0.0282838 
1.89474 -4 2 1 0.963567 0.0212014 
2.31579 -4 2 1 1.10689 0.0133055 
2.73684 -4 2 1 1.26767 0.00444728 
3.15789 -4 2 1 1.44933 -0.00556058 
3.57895 -4 2 1 1.65619 -0.0169574 
4 -4 2 1 1.89391 -0.030054 
-4 4 2 1 -7.17539 1.38345 
-3.57895 4 2 1 -9.79669 1.95232 
-3.15789 4 2 1 -16.9649 3.50795 
-2.73684 4 2 1 -117.829 25.3972 
-4 -4 6 1 -0.060738 0.617746 
-4 -3.57895 6 1 -0.0961249 0.651641 
-4 -3.15789 6 1 -0.135239 0.689104 
-4 -2.73684 6 1 -0.1787 0.730733 
-4 -2.31579 6 1 -0.227278 0.777261 
-4 -1.89474 6 1 -0.281932 0.829609 
-4 -1.47368 6 1 -0.343877 0.888941 
-4 -1.05263 6 1 -0.414677 0.956755 
-4 -0.631579 6 1 -0.496377 1.03501 
-4 -0.210526 6 1 -0.591705 1.12631 
-4 0.210526 6 1 -0.704379 1.23424 
-4 0.631579 6 1 -0.839609 1.36376 
-4 1.05263 6 1 -1.00492 1.5221 
-4 1.47368 6 1 -1.21161 1.72007 
-4 1.89474 6 1 -1.47743 1.97467 
-4 2.31579 6 1 -1.83199 2.31428 
-4 2.73684 6 1 -2.32863 2.78997 
-4 3.15789 6 1 -3.07418 3.50406 
-4 3.57895 6 1 -4.31828 4.69568 
-4 4 6 1 -6.81223 7.08443 
4 -4 6 1 2.03701 1.27244 
4 -3.57895 6 1 2.2187 1.44654 
4 -3.15789 6 1 2.45502 1.67299 
4 -2.73684 6 1 2.77497 1.97958 
4 -2.31579 6 1 3.23247 2.41796 
4 -1.89474 6 1 3.94051 3.09643 
4 -1.47368 6 1 5.18251 4.28656 
4 -1.05263 6 1 7.92811 6.91748 
4 -0.631579 6 1 19.0953 17.6182 
-4 -4 6 1 -0.060738 0.617746 
-3.57895 -4 6 1 -0.013777 0.632403 
-3.15789 -4 6 1 0.0362813 0.648025 
-2.73684 -4 6 1 0.0897539 0.664714 
-2.31579 -4 6 1 0.147002 0.682581 
-1.89474 -4 6 1 0.208442 0.701755 
-1.47368 -4 6 1 0.274549 0.722387 
-1.05263 -4 6 1 0.345877 0.744648 
-0.631579 -4 6 1 0.42307 0.768739 
-0.210526 -4 6 1 0.506883 0.794897 
0.210526 -4 6 1 0.598205 0.823397 
0.631579 -4 6 1 0.698093 0.854572 
1.05263 -4 6 1 0.807811 0.888814 
1.47368 -4 6 1 0.928884 0.9266 
1.89474 -4 6 1 1.06317 0.96851 
2.31579 -4 6 1 1.21297 1.01526 
2.73684 -4 6 1 1.38111 1.06774 
3.15789 -4 6 1 1.57121 1.12706 
3.57895 -4 6 1 1.78785 1.19468 
4 -4 6 1 2.03701 1.27244 
-4 4 6 1 -6.81223 7.08443 
-3.57895 4 6 1 -9.36871 10.4374 
-3.15789 4 6 1 -16.7236 20.0838 
-2.73684 4 6 1 -248.478 324.044 
