0.917676 0.156811 0.778866 0.878658 0 
0.822127 0.14623 0.693182 0.859744 1 
0.72921 0.13594 0.609661 0.841308 2 
0.638818 0.125929 0.528222 0.823331 3 
0.55085 0.116187 0.448789 0.805797 4 
0.465208 0.106703 0.371288 0.78869 5 
0.381803 0.0974667 0.29565 0.771994 6 
0.300548 0.0884682 0.221808 0.755694 7 
0.22136 0.0796987 0.149698 0.739777 8 
0.144162 0.0711495 0.0792616 0.724229 9 
0.068879 0.0628125 0.01044 0.709037 10 
-0.00455831 0.0546798 -0.0568213 0.69419 11 
-0.0762175 0.046744 -0.122575 0.679676 12 
-0.146162 0.0389981 -0.186871 0.665483 13 
-0.214453 0.0314353 -0.249757 0.651602 14 
-0.281149 0.0240492 -0.31128 0.638021 15 
-0.346304 0.0168337 -0.371482 0.624732 16 
-0.409972 0.00978292 -0.430407 0.611725 17 
-0.472202 0.00289131 -0.488094 0.598992 18 
-0.533043 -0.00384645 -0.544582 0.586523 19 
0.917676 0.156811 0.778866 0.878658 40 
0.985184 0.18047 0.828592 0.959974 41 
1.06627 0.208889 0.887312 1.056 42 
1.16551 0.243666 0.957705 1.17111 43 
1.28974 0.287203 1.04364 1.31163 44 
1.44977 0.343288 1.15089 1.48702 45 
1.66369 0.418258 1.28853 1.7121 46 
1.96422 0.523581 1.4716 2.01146 47 
2.41731 0.682373 1.72703 2.42916 48 
3.17867 0.949198 2.10829 3.05262 49 
4.72505 1.49114 2.73875 4.08358 50 
9.56274 3.18656 3.98135 6.11555 51 
-0.533043 -0.00384645 -0.544582 0.586523 60 
-0.583366 0.00308922 -0.591969 0.631604 61 
-0.64134 0.0110795 -0.645996 0.683001 62 
-0.708854 0.0203848 -0.708164 0.742144 63 
-0.788476 0.0313587 -0.780462 0.810924 64 
-0.883782 0.0444943 -0.865587 0.891906 65 
-0.999913 0.0605001 -0.967284 0.988655 66 
-1.14453 0.0804323 -1.09091 1.10627 67 
-1.32959 0.105938 -1.24443 1.25232 68 
-1.57479 0.139733 -1.44016 1.43852 69 
-1.91517 0.186646 -1.6983 1.6841 70 
-2.41946 0.25615 -2.05434 2.02281 71 
-3.24364 0.369743 -2.57702 2.52006 72 
-4.83342 0.588855 -3.41907 3.32113 73 
-9.18084 1.18804 -5.00197 4.827 74 
-70.3558 9.61951 -9.07137 8.69838 75 
