-4 -2.31579 2 1 45.7215 2.92948 
-4 -1.89474 2 1 8.17668 0.458736 
-4 -1.47368 2 1 4.45666 0.213929 
-4 -1.05263 2 1 3.04724 0.121178 
-4 -0.631579 2 1 2.30579 0.0723852 
-4 -0.210526 2 1 1.84843 0.0422871 
-4 0.210526 2 1 1.53813 0.021867 
-4 0.631579 2 1 1.31379 0.00710338 
-4 1.05263 2 1 1.14403 -0.00406807 
-4 1.47368 2 1 1.01109 -0.0128162 
-4 1.89474 2 1 0.904174 -0.0198524 
-4 2.31579 2 1 0.816314 -0.0256343 
-4 2.73684 2 1 0.742833 -0.0304699 
-4 3.15789 2 1 0.680468 -0.034574 
-4 3.57895 2 1 0.626875 -0.0381008 
-4 4 2 1 0.580325 -0.0411642 
4 -1.47368 2 1 -11.0408 2.78741 
4 -1.05263 2 1 -5.03296 1.2129 
4 -0.631579 2 1 -3.27975 0.753422 
4 -0.210526 2 1 -2.44345 0.534249 
4 0.210526 2 1 -1.95386 0.405942 
4 0.631579 2 1 -1.6324 0.321694 
4 1.05263 2 1 -1.40515 0.262138 
4 1.47368 2 1 -1.23599 0.217806 
4 1.89474 2 1 -1.10517 0.183521 
4 2.31579 2 1 -1.00098 0.156216 
4 2.73684 2 1 -0.916048 0.133957 
4 3.15789 2 1 -0.845478 0.115462 
4 3.57895 2 1 -0.785914 0.099852 
4 4 2 1 -0.734968 0.0865002 
-4 4 2 1 0.580325 -0.0411642 
-3.57895 4 2 1 0.517143 -0.0350316 
-3.15789 4 2 1 0.453345 -0.0288393 
-2.73684 4 2 1 0.388922 -0.0225863 
-2.31579 4 2 1 0.323864 -0.0162717 
-1.89474 4 2 1 0.258164 -0.00989471 
-1.47368 4 2 1 0.19181 -0.00345429 
-1.05263 4 2 1 0.124793 0.00305047 
-0.631579 4 2 1 0.0571029 0.00962056 
-0.210526 4 2 1 -0.0112701 0.0162569 
0.210526 4 2 1 -0.0803366 0.0229607 
0.631579 4 2 1 -0.150107 0.0297327 
1.05263 4 2 1 -0.220593 0.0365741 
1.47368 4 2 1 -0.291804 0.043486 
1.89474 4 2 1 -0.363753 0.0504695 
2.31579 4 2 1 -0.436451 0.0575257 
2.73684 4 2 1 -0.509909 0.0646556 
3.15789 4 2 1 -0.58414 0.0718606 
3.57895 4 2 1 -0.659155 0.0791417 
4 4 2 1 -0.734968 0.0865002 
-4 -2.73684 6 1 118.248 109.985 
-4 -2.31579 6 1 9.97627 9.27107 
-4 -1.89474 6 1 5.17054 4.8008 
-4 -1.47368 6 1 3.4724 3.22121 
-4 -1.05263 6 1 2.60406 2.41348 
-4 -0.631579 6 1 2.07672 1.92295 
-4 -0.210526 6 1 1.72248 1.59344 
-4 0.210526 6 1 1.46813 1.35684 
-4 0.631579 6 1 1.27664 1.17872 
-4 1.05263 6 1 1.12726 1.03977 
-4 1.47368 6 1 1.00748 0.928354 
-4 1.89474 6 1 0.909304 0.837027 
-4 2.31579 6 1 0.827361 0.760804 
-4 2.73684 6 1 0.757936 0.696225 
-4 3.15789 6 1 0.698363 0.640811 
-4 3.57895 6 1 0.646684 0.592739 
-4 4 6 1 0.601427 0.550642 
4 -1.89474 6 1 -11.7224 17.028 
4 -1.47368 6 1 -4.86308 6.94438 
4 -1.05263 6 1 -3.09025 4.33819 
4 -0.631579 6 1 -2.27647 3.14186 
4 -0.210526 6 1 -1.80919 2.45493 
4 0.210526 6 1 -1.50595 2.00915 
4 0.631579 6 1 -1.29327 1.69649 
4 1.05263 6 1 -1.13585 1.46508 
4 1.47368 6 1 -1.01464 1.28688 
4 1.89474 6 1 -0.918422 1.14543 
4 2.31579 6 1 -0.840195 1.03043 
4 2.73684 6 1 -0.775343 0.935097 
4 3.15789 6 1 -0.720707 0.854778 
4 3.57895 6 1 -0.674048 0.786186 
4 4 6 1 -0.633739 0.726929 
-4 4 6 1 0.601427 0.550642 
-3.57895 4 6 1 0.541785 0.559154 
-3.15789 4 6 1 0.481593 0.567745 
-2.73684 4 6 1 0.420844 0.576416 
-2.31579 4 6 1 0.359529 0.585166 
-1.89474 4 6 1 0.297642 0.593999 
-1.47368 4 6 1 0.235174 0.602915 
-1.05263 4 6 1 0.172117 0.611915 
-0.631579 4 6 1 0.108463 0.621 
-0.210526 4 6 1 0.0442018 0.630171 
0.210526 4 6 1 -0.0206738 0.63943 
0.631579 4 6 1 -0.0861729 0.648779 
1.05263 4 6 1 -0.152305 0.658217 
1.47368 4 6 1 -0.219078 0.667747 
1.89474 4 6 1 -0.286503 0.67737 
2.31579 4 6 1 -0.354589 0.687088 
2.73684 4 6 1 -0.423346 0.696901 
3.15789 4 6 1 -0.492783 0.706811 
3.57895 4 6 1 -0.56291 0.71682 
4 4 6 1 -0.633739 0.726929 
