4.63088 0.643128 14.3449 12.2752 0 
3.46364 0.550481 7.4343 6.78467 1 
2.70674 0.490403 4.84596 4.72819 2 
2.17616 0.448288 3.49083 3.65153 3 
1.78358 0.417128 2.65714 2.98915 4 
1.48136 0.39314 2.09249 2.54052 5 
1.24152 0.374103 1.68473 2.21655 6 
1.04656 0.358629 1.37645 1.97162 7 
0.884962 0.345802 1.13521 1.77995 8 
0.748831 0.334997 0.941282 1.62587 9 
0.632589 0.32577 0.78199 1.49931 10 
0.532173 0.3178 0.648816 1.3935 11 
0.444559 0.310846 0.535824 1.30373 12 
0.367444 0.304725 0.438748 1.2266 13 
0.299048 0.299296 0.354448 1.15962 14 
0.237971 0.294448 0.280557 1.10092 15 
0.183098 0.290093 0.215258 1.04904 16 
0.13353 0.286158 0.157137 1.00286 17 
0.0885327 0.282587 0.10507 0.961489 18 
0.0475018 0.27933 0.0581592 0.924218 19 
-5.03715 0.834697 -31.0507 30.9347 35 
-3.98057 0.677018 -10.6218 10.1556 36 
-3.34917 0.58279 -6.67642 6.14267 37 
-2.92929 0.520129 -4.99936 4.43687 38 
-2.62989 0.475447 -4.0712 3.49281 39 
4.63088 0.643128 14.3449 12.2752 40 
5.61268 0.773439 43.6297 39.2653 41 
0.0475018 0.27933 0.0581592 0.924218 60 
0.00257434 0.282621 0.00790832 0.955476 61 
-0.0458872 0.286171 -0.0468265 0.989522 62 
-0.098317 0.290011 -0.106673 1.02675 63 
-0.155223 0.294179 -0.172384 1.06762 64 
-0.217205 0.298719 -0.244864 1.11271 65 
-0.284972 0.303683 -0.325216 1.16269 66 
-0.359375 0.309133 -0.414798 1.21841 67 
-0.441439 0.315144 -0.515294 1.28092 68 
-0.53241 0.321808 -0.628831 1.35155 69 
-0.633823 0.329237 -0.758122 1.43197 70 
-0.747585 0.33757 -0.906691 1.52438 71 
-0.876097 0.346983 -1.0792 1.63169 72 
-1.02243 0.357702 -1.28193 1.75779 73 
-1.19056 0.370017 -1.5236 1.90812 74 
-1.38575 0.384315 -1.81661 2.09039 75 
-1.61511 0.401115 -2.17928 2.31598 76 
-1.88848 0.421139 -2.63979 2.60243 77 
-2.21985 0.445412 -3.2439 2.9782 78 
-2.62989 0.475447 -4.0712 3.49281 79 
