-4 2.73684 2 1 30.6228 1.83636 
-4 3.15789 2 1 12.7056 0.846164 
-4 3.57895 2 1 8.39112 0.607722 
-4 4 2 1 6.4509 0.500496 
4 -4 2 1 -2.08089 -0.133821 
4 -3.57895 2 1 -1.77595 -0.102454 
4 -3.15789 2 1 -1.52093 -0.0762223 
4 -2.73684 2 1 -1.3045 -0.0539598 
4 -2.31579 2 1 -1.11852 -0.0348292 
4 -1.89474 2 1 -0.956976 -0.0182129 
4 -1.47368 2 1 -0.815358 -0.00364585 
4 -1.05263 2 1 -0.690191 0.00922904 
4 -0.631579 2 1 -0.578766 0.0206904 
4 -0.210526 2 1 -0.478937 0.030959 
4 0.210526 2 1 -0.388984 0.0402117 
4 0.631579 2 1 -0.30751 0.0485923 
4 1.05263 2 1 -0.23337 0.0562184 
4 1.47368 2 1 -0.165618 0.0631875 
4 1.89474 2 1 -0.10346 0.0695811 
4 2.31579 2 1 -0.0462327 0.0754677 
4 2.73684 2 1 0.00662921 0.0809051 
4 3.15789 2 1 0.0556067 0.085943 
4 3.57895 2 1 0.101113 0.0906239 
4 4 2 1 0.143504 0.0949843 
1.05263 -4 2 1 -17.8915 -2.17148 
1.47368 -4 2 1 -7.09947 -0.780614 
1.89474 -4 2 1 -4.64714 -0.464557 
2.31579 -4 2 1 -3.56172 -0.32467 
2.73684 -4 2 1 -2.94945 -0.24576 
3.15789 -4 2 1 -2.55631 -0.195093 
3.57895 -4 2 1 -2.28252 -0.159806 
4 -4 2 1 -2.08089 -0.133821 
-4 4 2 1 6.4509 0.500496 
-3.57895 4 2 1 4.5036 0.375301 
-3.15789 4 2 1 3.38508 0.30339 
-2.73684 4 2 1 2.65908 0.256714 
-2.31579 4 2 1 2.14982 0.223973 
-1.89474 4 2 1 1.77285 0.199737 
-1.47368 4 2 1 1.48255 0.181073 
-1.05263 4 2 1 1.25211 0.166258 
-0.631579 4 2 1 1.06474 0.154212 
-0.210526 4 2 1 0.909409 0.144225 
0.210526 4 2 1 0.778539 0.135812 
0.631579 4 2 1 0.666774 0.128626 
1.05263 4 2 1 0.570217 0.122418 
1.47368 4 2 1 0.48596 0.117001 
1.89474 4 2 1 0.411794 0.112233 
2.31579 4 2 1 0.34601 0.108004 
2.73684 4 2 1 0.287261 0.104227 
3.15789 4 2 1 0.234477 0.100833 
3.57895 4 2 1 0.186793 0.0977674 
4 4 2 1 0.143504 0.0949843 
-4 3.15789 6 1 2022.17 1799.28 
-4 3.57895 6 1 20.5377 17.3091 
-4 4 6 1 10.9845 8.80437 
4 -4 6 1 -2.6339 1.68836 
4 -3.57895 6 1 -2.21965 1.53508 
4 -3.15789 6 1 -1.88363 1.41074 
4 -2.73684 6 1 -1.60557 1.30785 
4 -2.31579 6 1 -1.37168 1.2213 
4 -1.89474 6 1 -1.17221 1.14749 
4 -1.47368 6 1 -1.00007 1.0838 
4 -1.05263 6 1 -0.850015 1.02827 
4 -0.631579 6 1 -0.718046 0.979437 
4 -0.210526 6 1 -0.60108 0.936156 
4 0.210526 6 1 -0.496697 0.89753 
4 0.631579 6 1 -0.402969 0.862848 
4 1.05263 6 1 -0.318344 0.831534 
4 1.47368 6 1 -0.241557 0.803121 
4 1.89474 6 1 -0.171569 0.777223 
4 2.31579 6 1 -0.107513 0.75352 
4 2.73684 6 1 -0.0486666 0.731745 
4 3.15789 6 1 0.00558091 0.711672 
4 3.57895 6 1 0.0557485 0.693108 
4 4 6 1 0.10228 0.67589 
1.47368 -4 6 1 -32.2292 27.6598 
1.89474 -4 6 1 -9.4434 7.66407 
2.31579 -4 6 1 -5.79395 4.46148 
2.73684 -4 6 1 -4.30304 3.15312 
3.15789 -4 6 1 -3.49268 2.44199 
3.57895 -4 6 1 -2.9835 1.99516 
4 -4 6 1 -2.6339 1.68836 
-4 4 6 1 10.9845 8.80437 
-3.57895 4 6 1 6.27554 5.28702 
-3.15789 4 6 1 4.2632 3.7839 
-2.73684 4 6 1 3.14673 2.94995 
-2.31579 4 6 1 2.4368 2.41967 
-1.89474 4 6 1 1.94557 2.05274 
-1.47368 4 6 1 1.58546 1.78375 
-1.05263 4 6 1 1.31016 1.57812 
-0.631579 4 6 1 1.09286 1.41581 
-0.210526 4 6 1 0.91698 1.28443 
0.210526 4 6 1 0.771709 1.17592 
0.631579 4 6 1 0.649696 1.08478 
1.05263 4 6 1 0.545768 1.00716 
1.47368 4 6 1 0.456183 0.940239 
1.89474 4 6 1 0.378163 0.881962 
2.31579 4 6 1 0.309604 0.830752 
2.73684 4 6 1 0.248884 0.785396 
3.15789 4 6 1 0.194731 0.744946 
3.57895 4 6 1 0.146134 0.708647 
4 4 6 1 0.10228 0.67589 
