16.1517 -1.93857 153.737 104.258 2 
6.59251 -0.75872 11.3789 8.01162 3 
4.05145 -0.445088 5.75583 4.20998 4 
2.87504 -0.299887 3.78145 2.87513 5 
2.19666 -0.216159 2.77437 2.19426 6 
1.75531 -0.161685 2.16361 1.78133 7 
1.44524 -0.123413 1.75368 1.50419 8 
1.21545 -0.0950512 1.45951 1.30531 9 
1.03834 -0.0731912 1.23814 1.15564 10 
0.897653 -0.0558273 1.06551 1.03893 11 
0.783206 -0.0417016 0.927128 0.945372 12 
0.688283 -0.0299856 0.81372 0.868699 13 
0.608279 -0.0201111 0.719084 0.804717 14 
0.539935 -0.0116757 0.638917 0.750517 15 
0.480874 -0.00438601 0.570134 0.704015 16 
0.429325 0.00197646 0.510473 0.663679 17 
0.38394 0.00757806 0.458232 0.628359 18 
0.343677 0.0125476 0.412106 0.597175 19 
-7.22497 0.496041 -12.5922 15.4762 29 
-4.2647 0.32415 -5.32502 6.36117 30 
-3.08276 0.255519 -3.46621 4.02971 31 
-2.44684 0.218593 -2.6156 2.96282 32 
-2.04957 0.195525 -2.12793 2.35114 33 
-1.77784 0.179747 -1.81175 1.95456 34 
-1.58025 0.168274 -1.59013 1.67659 35 
-1.43011 0.159556 -1.42617 1.47094 36 
-1.31216 0.152707 -1.29995 1.31263 37 
-1.21704 0.147184 -1.19979 1.18701 38 
-1.13872 0.142636 -1.11838 1.08489 39 
0.343677 0.0125476 0.412106 0.597175 60 
0.292841 0.0170087 0.360697 0.613557 61 
0.239998 0.021646 0.307178 0.630612 62 
0.185026 0.02647 0.251418 0.648381 63 
0.127795 0.0314923 0.193273 0.66691 64 
0.0681628 0.0367254 0.132586 0.686249 65 
0.0059744 0.0421828 0.0691868 0.706452 66 
-0.058938 0.0478792 0.00288973 0.727579 67 
-0.126757 0.0538307 -0.0665087 0.749694 68 
-0.197683 0.0600548 -0.139231 0.772868 69 
-0.271934 0.0665707 -0.215523 0.79718 70 
-0.34975 0.0733994 -0.295652 0.822715 71 
-0.431393 0.080564 -0.379917 0.849567 72 
-0.517153 0.0880899 -0.468646 0.877842 73 
-0.60735 0.0960051 -0.562204 0.907656 74 
-0.702336 0.104341 -0.660994 0.939137 75 
-0.802505 0.113131 -0.76547 0.97243 76 
-0.908291 0.122414 -0.876137 1.0077 77 
-1.02018 0.132233 -0.993561 1.04512 78 
-1.13872 0.142636 -1.11838 1.08489 79 
