0.475072 -0.191713 0.397147 0.389775 0 
0.418793 -0.196586 0.344572 0.394801 1 
0.360467 -0.201636 0.290257 0.399993 2 
0.29998 -0.206873 0.234114 0.40536 3 
0.23721 -0.212308 0.176048 0.410911 4 
0.172025 -0.217953 0.11596 0.416655 5 
0.104283 -0.223818 0.053741 0.422603 6 
0.0338312 -0.229918 -0.0107233 0.428766 7 
-0.0394972 -0.236268 -0.077557 0.435155 8 
-0.115882 -0.242882 -0.146893 0.441783 9 
-0.195518 -0.249777 -0.218875 0.448664 10 
-0.278617 -0.256972 -0.293657 0.455813 11 
-0.365411 -0.264488 -0.371406 0.463246 12 
-0.456151 -0.272344 -0.452301 0.470979 13 
-0.551113 -0.280567 -0.536539 0.479032 14 
-0.650598 -0.289181 -0.624329 0.487424 15 
-0.754938 -0.298215 -0.715903 0.496178 16 
-0.864497 -0.307702 -0.811509 0.505318 17 
-0.979676 -0.317675 -0.911421 0.514869 18 
-1.10092 -0.328173 -1.01594 0.52486 19 
0.475072 -0.191713 0.397147 0.389775 40 
0.525171 -0.193063 0.43788 0.423949 41 
0.582472 -0.194607 0.483895 0.462554 42 
0.64865 -0.196391 0.536288 0.506511 43 
0.72594 -0.198474 0.596487 0.557015 44 
0.817397 -0.200939 0.666374 0.615649 45 
0.927309 -0.203901 0.748493 0.684545 46 
1.06189 -0.207528 0.846365 0.766657 47 
1.2305 -0.212073 0.965003 0.866191 48 
1.4479 -0.217932 1.1118 0.989349 49 
1.73885 -0.225773 1.29813 1.14568 50 
2.1483 -0.236809 1.54245 1.35065 51 
2.76712 -0.253487 1.87683 1.63118 52 
3.81111 -0.281624 2.36228 2.03847 53 
5.9477 -0.339208 3.13111 2.68349 54 
12.7748 -0.52321 4.53368 3.86021 55 
-1.10092 -0.328173 -1.01594 0.52486 60 
-1.18721 -0.344474 -1.08283 0.587482 61 
-1.29356 -0.364564 -1.16295 0.662477 62 
-1.42788 -0.389936 -1.26063 0.753917 63 
-1.60286 -0.42299 -1.38237 0.867874 64 
-1.84026 -0.467836 -1.53829 1.01384 65 
-2.18074 -0.532154 -1.74517 1.20749 66 
-2.71006 -0.632143 -2.03282 1.47676 67 
-3.64559 -0.808867 -2.46008 1.87671 68 
-5.74608 -1.20565 -3.16108 2.53292 69 
-14.7774 -2.91169 -4.52298 3.80778 70 
