19.4994 6.01211 4.04414 5.9058 9 
6.88333 1.92508 2.96954 4.07234 10 
4.33569 1.09976 2.39485 3.0918 11 
3.24133 0.745233 2.03705 2.48133 12 
2.6327 0.548063 1.79285 2.06468 13 
2.24514 0.422512 1.61556 1.7622 14 
1.97672 0.335556 1.481 1.53261 15 
1.77982 0.271769 1.37537 1.35239 16 
1.62922 0.222981 1.29026 1.20718 17 
1.5103 0.184457 1.22021 1.08766 18 
1.41402 0.153267 1.16156 0.987586 19 
-19.9575 2.50947 -5.77793 4.93988 20 
-7.85694 0.94031 -3.97619 3.48077 21 
-4.75133 0.537586 -2.97814 2.67251 22 
-3.32874 0.353109 -2.34409 2.15903 23 
-2.51273 0.247292 -1.90563 1.80395 24 
-1.98351 0.178665 -1.58434 1.54376 25 
-1.6125 0.130553 -1.3388 1.34491 26 
-1.33797 0.0949533 -1.14504 1.18799 27 
-1.12662 0.0675461 -0.988238 1.06101 28 
-0.958885 0.0457954 -0.858748 0.956147 29 
-0.822534 0.0281138 -0.750004 0.868082 30 
-0.709509 0.0134572 -0.65739 0.79308 31 
-0.614297 0.00111047 -0.577564 0.728434 32 
-0.532995 -0.00943259 -0.50805 0.672139 33 
-0.46276 -0.0185403 -0.446969 0.622673 34 
-0.401479 -0.0264871 -0.392876 0.578867 35 
-0.34754 -0.0334816 -0.344636 0.5398 36 
-0.2997 -0.0396854 -0.301347 0.504744 37 
-0.256979 -0.0452253 -0.262286 0.47311 38 
-0.218597 -0.0502026 -0.22686 0.444421 39 
-61.6645 9.02624 -6.67008 6.20202 58 
-19.9575 2.50947 -5.77793 4.93988 59 
1.41402 0.153267 1.16156 0.987586 60 
1.26006 0.134079 1.03874 0.939539 61 
1.11907 0.116508 0.924875 0.894993 62 
0.989484 0.100358 0.819016 0.85358 63 
0.869968 0.0854628 0.720348 0.81498 64 
0.759393 0.0716821 0.628161 0.778915 65 
0.656792 0.0588952 0.541838 0.745145 66 
0.561333 0.0469983 0.460837 0.713456 67 
0.472294 0.0359016 0.384679 0.683663 68 
0.38905 0.0255271 0.312944 0.655599 69 
0.311052 0.0158064 0.245257 0.629119 70 
0.237819 0.00667958 0.181284 0.604092 71 
0.168929 -0.00190611 0.120728 0.580402 72 
0.104005 -0.00999743 0.0633227 0.557944 73 
0.0427146 -0.0176359 0.00882808 0.536625 74 
-0.0152386 -0.0248585 -0.0429717 0.516361 75 
-0.0701201 -0.0316982 -0.0922717 0.497074 76 
-0.122168 -0.0381848 -0.139249 0.478696 77 
-0.171596 -0.0443449 -0.184063 0.461164 78 
-0.218597 -0.0502026 -0.22686 0.444421 79 
