-1.48636 0.386846 -1.95054 1.95861 20 
-1.31049 0.381231 -1.701 1.85878 21 
-1.15031 0.376117 -1.47927 1.77008 22 
-1.00382 0.37144 -1.28094 1.69074 23 
-0.869334 0.367146 -1.10249 1.61935 24 
-0.745432 0.36319 -0.941082 1.55478 25 
-0.630913 0.359534 -0.794378 1.4961 26 
-0.524751 0.356145 -0.66046 1.44252 27 
-0.426062 0.352994 -0.537725 1.39342 28 
-0.334084 0.350057 -0.424828 1.34826 29 
-0.248156 0.347314 -0.320633 1.30658 30 
-0.167699 0.344745 -0.224171 1.26799 31 
-0.0922069 0.342335 -0.134611 1.23216 32 
-0.0212341 0.340069 -0.0512385 1.19881 33 
0.0456135 0.337934 0.0265664 1.16768 34 
0.108685 0.335921 0.0993433 1.13857 35 
0.168293 0.334018 0.167565 1.11128 36 
0.224713 0.332216 0.231645 1.08564 37 
0.278196 0.330509 0.29195 1.06152 38 
0.328965 0.328888 0.348804 1.03878 39 
-4.93055 1.09448 -104.945 125.093 52 
-3.48228 0.796922 -10.0743 11.6709 53 
-2.74269 0.644967 -5.49868 6.20056 54 
-2.29385 0.552752 -3.8738 4.25795 55 
-1.99249 0.490835 -3.04129 3.26264 56 
-1.77617 0.44639 -2.53516 2.65755 57 
-1.61334 0.412937 -2.19494 2.2508 58 
-1.48636 0.386846 -1.95054 1.95861 59 
4.97191 1.23024 21.959 24.1132 64 
3.44062 0.932969 7.59715 8.77823 65 
2.58289 0.766454 4.45126 5.41919 66 
2.03443 0.659978 3.07224 3.94674 67 
1.65351 0.586029 2.29793 3.11996 68 
1.37355 0.531677 1.8021 2.59054 69 
1.15909 0.490044 1.45741 2.2225 70 
0.989564 0.457133 1.2039 1.95181 71 
0.852184 0.430463 1.00962 1.74436 72 
0.738599 0.408412 0.855974 1.58031 73 
0.64312 0.389876 0.731427 1.44732 74 
0.561737 0.374077 0.628425 1.33734 75 
0.491542 0.36045 0.541824 1.24487 76 
0.430378 0.348576 0.467995 1.16604 77 
0.376607 0.338137 0.404307 1.09804 78 
0.328965 0.328888 0.348804 1.03878 79 
