-4 -4 2 1 -2.09641 -0.300527 
-4 -3.57895 2 1 -2.28988 -0.316497 
-4 -3.15789 2 1 -2.54667 -0.337694 
-4 -2.73684 2 1 -2.90397 -0.367187 
-4 -2.31579 2 1 -3.43514 -0.411031 
-4 -1.89474 2 1 -4.30788 -0.48307 
-4 -1.47368 2 1 -6.00781 -0.623389 
-4 -1.05263 2 1 -10.7703 -1.01651 
-4 -0.631579 2 1 -102.032 -8.54959 
4 -4 2 1 0.102493 -0.128362 
4 -3.57895 2 1 0.141859 -0.125559 
4 -3.15789 2 1 0.185178 -0.122474 
4 -2.73684 2 1 0.233078 -0.119064 
4 -2.31579 2 1 0.286326 -0.115273 
4 -1.89474 2 1 0.34587 -0.111033 
4 -1.47368 2 1 0.412897 -0.106261 
4 -1.05263 2 1 0.488912 -0.100849 
4 -0.631579 2 1 0.575853 -0.0946587 
4 -0.210526 2 1 0.676259 -0.0875099 
4 0.210526 2 1 0.793519 -0.0791611 
4 0.631579 2 1 0.932266 -0.0692824 
4 1.05263 2 1 1.099 -0.0574109 
4 1.47368 2 1 1.30315 -0.042876 
4 1.89474 2 1 1.55888 -0.024668 
4 2.31579 2 1 1.88858 -0.00119337 
4 2.73684 2 1 2.32978 0.0302195 
4 3.15789 2 1 2.95053 0.0744163 
4 3.57895 2 1 3.88845 0.141195 
4 4 2 1 5.47001 0.253801 
-4 -4 2 1 -2.09641 -0.300527 
-3.57895 -4 2 1 -1.8094 -0.278055 
-3.15789 -4 2 1 -1.566 -0.258998 
-2.73684 -4 2 1 -1.35698 -0.242632 
-2.31579 -4 2 1 -1.17552 -0.228425 
-1.89474 -4 2 1 -1.01652 -0.215976 
-1.47368 -4 2 1 -0.876047 -0.204977 
-1.05263 -4 2 1 -0.751042 -0.19519 
-0.631579 -4 2 1 -0.639085 -0.186424 
-0.210526 -4 2 1 -0.538232 -0.178528 
0.210526 -4 2 1 -0.446911 -0.171378 
0.631579 -4 2 1 -0.363831 -0.164873 
1.05263 -4 2 1 -0.287925 -0.15893 
1.47368 -4 2 1 -0.218301 -0.153478 
1.89474 -4 2 1 -0.154211 -0.14846 
2.31579 -4 2 1 -0.0950211 -0.143826 
2.73684 -4 2 1 -0.040189 -0.139533 
3.15789 -4 2 1 0.0107491 -0.135545 
3.57895 -4 2 1 0.0581939 -0.13183 
4 -4 2 1 0.102493 -0.128362 
2.31579 4 2 1 1446.49 99.6117 
2.73684 4 2 1 17.5602 1.08741 
3.15789 4 2 1 9.52272 0.533234 
3.57895 4 2 1 6.82345 0.34712 
4 4 2 1 5.47001 0.253801 
-4 -4 6 1 -1.85123 0.959632 
-4 -3.57895 6 1 -1.98173 1.09201 
-4 -3.15789 6 1 -2.14629 1.25893 
-4 -2.73684 6 1 -2.36027 1.47597 
-4 -2.31579 6 1 -2.64982 1.76967 
-4 -1.89474 6 1 -3.06359 2.18938 
-4 -1.47368 6 1 -3.70334 2.8383 
-4 -1.05263 6 1 -4.82374 3.97477 
-4 -0.631579 6 1 -7.29241 6.47883 
-4 -0.210526 6 1 -17.2193 16.548 
4 -4 6 1 0.0580246 0.379111 
4 -3.57895 6 1 0.0926919 0.404308 
4 -3.15789 6 1 0.130589 0.431853 
4 -2.73684 6 1 0.17219 0.46209 
4 -2.31579 6 1 0.218065 0.495433 
4 -1.89474 6 1 0.268908 0.532388 
4 -1.47368 6 1 0.325573 0.573574 
4 -1.05263 6 1 0.389121 0.619763 
4 -0.631579 6 1 0.460887 0.671924 
4 -0.210526 6 1 0.542574 0.731297 
4 0.210526 6 1 0.636393 0.799488 
4 0.631579 6 1 0.745264 0.87862 
4 1.05263 6 1 0.873125 0.971553 
4 1.47368 6 1 1.02542 1.08225 
4 1.89474 6 1 1.20989 1.21632 
4 2.31579 6 1 1.43794 1.38208 
4 2.73684 6 1 1.72707 1.59223 
4 3.15789 6 1 2.10563 1.86738 
4 3.57895 6 1 2.62271 2.24321 
4 4 6 1 3.37133 2.78733 
-4 -4 6 1 -1.85123 0.959632 
-3.57895 -4 6 1 -1.62424 0.890616 
-3.15789 -4 6 1 -1.42693 0.830621 
-2.73684 -4 6 1 -1.25383 0.777989 
-2.31579 -4 6 1 -1.10074 0.731442 
-1.89474 -4 6 1 -0.964388 0.689983 
-1.47368 -4 6 1 -0.842164 0.65282 
-1.05263 -4 6 1 -0.731983 0.619318 
-0.631579 -4 6 1 -0.632148 0.588963 
-0.210526 -4 6 1 -0.541267 0.56133 
0.210526 -4 6 1 -0.458188 0.536069 
0.631579 -4 6 1 -0.381947 0.512887 
1.05263 -4 6 1 -0.311734 0.491538 
1.47368 -4 6 1 -0.24686 0.471813 
1.89474 -4 6 1 -0.186738 0.453533 
2.31579 -4 6 1 -0.130866 0.436544 
2.73684 -4 6 1 -0.0788084 0.420716 
3.15789 -4 6 1 -0.0301866 0.405932 
3.57895 -4 6 1 0.0153281 0.392093 
4 -4 6 1 0.0580246 0.379111 
1.47368 4 6 1 83.8975 117.43 
1.89474 4 6 1 11.987 15.0532 
2.31579 4 6 1 7.05402 8.03027 
2.73684 4 6 1 5.25576 5.47014 
3.15789 4 6 1 4.3247 4.14462 
3.57895 4 6 1 3.7554 3.33413 
4 4 6 1 3.37133 2.78733 
