0.830837 0.0552574 0.700597 0.7273 0 
0.745253 0.0484714 0.624629 0.716716 1 
0.660934 0.0417856 0.549669 0.706273 2 
0.577851 0.0351979 0.475698 0.695968 3 
0.495978 0.0287061 0.402696 0.685798 4 
0.415289 0.0223082 0.330645 0.67576 5 
0.335758 0.0160021 0.259525 0.665852 6 
0.25736 0.00978579 0.189319 0.656072 7 
0.180071 0.00365748 0.12001 0.646416 8 
0.103868 -0.00238473 0.0515793 0.636883 9 
0.0287279 -0.00834265 -0.0159882 0.627469 10 
-0.0453709 -0.014218 -0.0827093 0.618174 11 
-0.11845 -0.0200125 -0.1486 0.608995 12 
-0.190531 -0.0257279 -0.213675 0.599929 13 
-0.261633 -0.0313657 -0.27795 0.590974 14 
-0.331777 -0.0369274 -0.34144 0.58213 15 
-0.400981 -0.0424147 -0.404158 0.573392 16 
-0.469265 -0.047829 -0.466119 0.56476 17 
-0.536647 -0.0531718 -0.527336 0.556231 18 
-0.603144 -0.0584444 -0.587823 0.547805 19 
0.830837 0.0552574 0.700597 0.7273 40 
0.893356 0.0725007 0.746211 0.794134 41 
0.967667 0.0929961 0.799396 0.872061 42 
1.05745 0.11776 0.862208 0.964093 43 
1.16811 0.148279 0.93752 1.07444 44 
1.30787 0.186827 1.02948 1.20918 45 
1.48996 0.237048 1.14428 1.37739 46 
1.73703 0.305192 1.29166 1.59333 47 
2.09143 0.402939 1.48777 1.88067 48 
2.64251 0.55493 1.76155 2.28181 49 
3.61684 0.823657 2.17055 2.88109 50 
5.80605 1.42746 2.84782 3.87342 51 
15.2445 4.03066 4.18607 5.83423 52 
-0.603144 -0.0584444 -0.587823 0.547805 60 
-0.656019 -0.0519974 -0.634518 0.594463 61 
-0.717422 -0.0445105 -0.687959 0.64786 62 
-0.789598 -0.0357102 -0.74972 0.709572 63 
-0.875655 -0.0252174 -0.821909 0.781704 64 
-0.980022 -0.012492 -0.907412 0.867138 65 
-1.10924 0.00326329 -1.01028 0.969928 66 
-1.27338 0.0232769 -1.13642 1.09596 67 
-1.48882 0.0495451 -1.2947 1.25412 68 
-1.78405 0.0855426 -1.49924 1.4585 69 
-2.21349 0.137904 -1.77377 1.7328 70 
-2.89555 0.221067 -2.16161 2.12034 71 
-4.14607 0.373541 -2.75119 2.70945 72 
-7.18335 0.743874 -3.75524 3.71269 73 
-25.4164 2.96702 -5.84763 5.80341 74 
