-0.321426 0.18038 -0.308897 0.814759 0 
-0.361672 0.183727 -0.35225 0.860208 1 
-0.407056 0.187502 -0.401714 0.912064 2 
-0.458627 0.191791 -0.458681 0.971785 3 
-0.517743 0.196708 -0.524998 1.04131 4 
-0.586192 0.202401 -0.603172 1.12326 5 
-0.666372 0.20907 -0.696695 1.22131 6 
-0.761582 0.216989 -0.810581 1.3407 7 
-0.876485 0.226546 -0.952291 1.48926 8 
-1.0179 0.238308 -1.13344 1.67917 9 
-1.19618 0.253137 -1.37316 1.93048 10 
-1.42794 0.272413 -1.70533 2.2787 11 
-1.74145 0.298489 -2.1962 2.79331 12 
-2.18925 0.335734 -2.99522 3.63096 13 
-2.88112 0.39328 -4.52529 5.235 14 
-4.09139 0.493943 -8.63564 9.54407 15 
-6.75167 0.715211 -56.9507 60.195 16 
1.19016 0.0834505 1.43986 1.11741 20 
1.27198 0.0794477 1.56389 1.23034 21 
1.37145 0.0745818 1.71975 1.37225 22 
1.49495 0.0685398 1.92151 1.55596 23 
1.6524 0.0608368 2.19294 1.8031 24 
1.86004 0.0506786 2.57766 2.15339 25 
2.1464 0.0366692 3.16531 2.68845 26 
2.56674 0.0161057 4.17395 3.60682 27 
3.24375 -0.0170153 6.30845 5.55031 28 
4.51592 -0.0792525 13.8348 12.4032 29 
-0.321426 0.18038 -0.308897 0.814759 40 
-0.269673 0.177061 -0.252035 0.8246 41 
-0.215871 0.173611 -0.192706 0.834868 42 
-0.159896 0.170022 -0.130745 0.845591 43 
-0.101612 0.166284 -0.0659742 0.856801 44 
-0.040874 0.16239 0.00180258 0.868531 45 
0.022476 0.158327 0.0727995 0.880818 46 
0.0886104 0.154087 0.147252 0.893703 47 
0.157717 0.149655 0.225417 0.907231 48 
0.230001 0.14502 0.307582 0.921451 49 
0.305685 0.140167 0.39406 0.936417 50 
0.385018 0.13508 0.485201 0.952191 51 
0.468267 0.129741 0.581391 0.968838 52 
0.555731 0.124133 0.683064 0.986434 53 
0.647739 0.118233 0.7907 1.00506 54 
0.744653 0.112018 0.904841 1.02482 55 
0.846877 0.105463 1.02609 1.0458 56 
0.95486 0.0985392 1.15515 1.06814 57 
1.0691 0.0912135 1.29277 1.09195 58 
1.19016 0.0834505 1.43986 1.11741 59 
