-1.0688 0.0618711 -1.22939 0.964824 0 
-1.14171 0.0624952 -1.32433 1.05641 1 
-1.22959 0.0632475 -1.44053 1.16849 2 
-1.33761 0.0641721 -1.58603 1.30884 3 
-1.47356 0.0653358 -1.77351 1.48968 4 
-1.6499 0.0668453 -2.02418 1.73148 5 
-1.88777 0.0688814 -2.3765 2.07133 6 
-2.22616 0.071778 -2.90799 2.584 7 
-2.74588 0.0762267 -3.80196 3.44633 8 
-3.646 0.0839316 -5.62108 5.20106 9 
-5.58526 0.100531 -11.3415 10.719 10 
0.375869 0.169928 0.338911 0.783204 20 
0.417161 0.177084 0.379945 0.830983 21 
0.463946 0.185191 0.426745 0.885474 22 
0.517397 0.194453 0.480614 0.948198 23 
0.579047 0.205136 0.543288 1.02117 24 
0.65094 0.217595 0.617117 1.10714 25 
0.735861 0.23231 0.705369 1.20989 26 
0.837703 0.249958 0.812728 1.3349 27 
0.962083 0.271512 0.946153 1.49025 28 
1.11741 0.298428 1.11645 1.68853 29 
1.31689 0.332995 1.34135 1.9504 30 
1.58244 0.379012 1.65213 2.31226 31 
1.95344 0.4433 2.1096 2.84491 32 
2.50821 0.539435 2.84967 3.70662 33 
3.42829 0.698874 4.25128 5.33858 34 
5.25161 1.01483 7.9182 9.60818 35 
10.5904 1.93998 42.471 49.8399 36 
-1.0688 0.0618711 -1.22939 0.964824 40 
-0.960953 0.0699379 -1.10985 0.950981 41 
-0.858004 0.0776381 -0.996115 0.93781 42 
-0.759629 0.0849963 -0.887778 0.925264 43 
-0.665529 0.0920347 -0.784462 0.913299 44 
-0.575432 0.0987737 -0.685826 0.901876 45 
-0.489087 0.105232 -0.591558 0.890959 46 
-0.406264 0.111427 -0.501376 0.880515 47 
-0.326753 0.117374 -0.415017 0.870515 48 
-0.250359 0.123088 -0.332246 0.860929 49 
-0.176902 0.128583 -0.252842 0.851733 50 
-0.106216 0.13387 -0.176605 0.842905 51 
-0.0381472 0.138961 -0.103348 0.834421 52 
0.0274477 0.143867 -0.0328997 0.826263 53 
0.0907007 0.148599 0.0348975 0.818411 54 
0.151735 0.153164 0.100191 0.81085 55 
0.210666 0.157572 0.163117 0.803562 56 
0.267599 0.16183 0.223802 0.796535 57 
0.322636 0.165947 0.282363 0.789753 58 
0.375869 0.169928 0.338911 0.783204 59 
