-4 -4 2 1 0.108347 -0.246709 
-4 -3.57895 2 1 0.0656435 -0.247074 
-4 -3.15789 2 1 0.0195926 -0.247468 
-4 -2.73684 2 1 -0.0302152 -0.247894 
-4 -2.31579 2 1 -0.084259 -0.248356 
-4 -1.89474 2 1 -0.143103 -0.248859 
-4 -1.47368 2 1 -0.207418 -0.249409 
-4 -1.05263 2 1 -0.278002 -0.250013 
-4 -0.631579 2 1 -0.355819 -0.250678 
-4 -0.210526 2 1 -0.442042 -0.251415 
-4 0.210526 2 1 -0.538111 -0.252237 
-4 0.631579 2 1 -0.645812 -0.253158 
-4 1.05263 2 1 -0.767397 -0.254197 
-4 1.47368 2 1 -0.905734 -0.25538 
-4 1.89474 2 1 -1.06454 -0.256738 
-4 2.31579 2 1 -1.24873 -0.258313 
-4 2.73684 2 1 -1.4649 -0.260161 
-4 3.15789 2 1 -1.72218 -0.262361 
-4 3.57895 2 1 -2.03355 -0.265024 
-4 4 2 1 -2.41803 -0.268311 
4 -4 2 1 5.53555 -0.975973 
4 -3.57895 2 1 6.94244 -1.21803 
4 -3.15789 2 1 9.72009 -1.69594 
4 -2.73684 2 1 17.7747 -3.08176 
4 -2.31579 2 1 331.303 -57.0252 
-4 -4 2 1 0.108347 -0.246709 
-3.57895 -4 2 1 0.152396 -0.252628 
-3.15789 -4 2 1 0.200788 -0.259131 
-2.73684 -4 2 1 0.254199 -0.266308 
-2.31579 -4 2 1 0.313454 -0.27427 
-1.89474 -4 2 1 0.379566 -0.283154 
-1.47368 -4 2 1 0.453799 -0.293128 
-1.05263 -4 2 1 0.537747 -0.304409 
-0.631579 -4 2 1 0.633451 -0.317269 
-0.210526 -4 2 1 0.743567 -0.332065 
0.210526 -4 2 1 0.871614 -0.349271 
0.631579 -4 2 1 1.02236 -0.369527 
1.05263 -4 2 1 1.20243 -0.393723 
1.47368 -4 2 1 1.4213 -0.423133 
1.89474 -4 2 1 1.69302 -0.459646 
2.31579 -4 2 1 2.03938 -0.506186 
2.73684 -4 2 1 2.49601 -0.567544 
3.15789 -4 2 1 3.12554 -0.652136 
3.57895 -4 2 1 4.04912 -0.776239 
4 -4 2 1 5.53555 -0.975973 
-4 4 2 1 -2.41803 -0.268311 
-3.57895 4 2 1 -2.68753 -0.29334 
-3.15789 4 2 1 -3.06712 -0.328592 
-2.73684 4 2 1 -3.64157 -0.381942 
-2.31579 4 2 1 -4.61275 -0.472136 
-1.89474 4 2 1 -6.60841 -0.657474 
-1.47368 4 2 1 -13.0589 -1.25654 
-4 -4 6 1 0.127441 0.27577 
-4 -3.57895 6 1 0.0891034 0.293429 
-4 -3.15789 6 1 0.0480313 0.312349 
-4 -2.73684 6 1 0.00392113 0.332668 
-4 -2.31579 6 1 -0.0435773 0.354547 
-4 -1.89474 6 1 -0.0948698 0.378175 
-4 -1.47368 6 1 -0.15043 0.403768 
-4 -1.05263 6 1 -0.210814 0.431583 
-4 -0.631579 6 1 -0.276677 0.461923 
-4 -0.210526 6 1 -0.348803 0.495146 
-4 0.210526 6 1 -0.428127 0.531686 
-4 0.631579 6 1 -0.515784 0.572065 
-4 1.05263 6 1 -0.613161 0.61692 
-4 1.47368 6 1 -0.721969 0.667041 
-4 1.89474 6 1 -0.844345 0.723413 
-4 2.31579 6 1 -0.982998 0.787282 
-4 2.73684 6 1 -1.14141 0.86025 
-4 3.15789 6 1 -1.32411 0.944412 
-4 3.57895 6 1 -1.53717 1.04256 
-4 4 6 1 -1.78884 1.15849 
4 -4 6 1 3.54102 1.69082 
4 -3.57895 6 1 3.95367 2.03665 
4 -3.15789 6 1 4.54672 2.53367 
4 -2.73684 6 1 5.47158 3.30877 
4 -2.31579 6 1 7.1149 4.68597 
4 -1.89474 6 1 10.8454 7.81243 
4 -1.47368 6 1 27.5602 21.8206 
-4 -4 6 1 0.127441 0.27577 
-3.57895 -4 6 1 0.168451 0.29277 
-3.15789 -4 6 1 0.213135 0.311293 
-2.73684 -4 6 1 0.262011 0.331554 
-2.31579 -4 6 1 0.315696 0.353808 
-1.89474 -4 6 1 0.374937 0.378366 
-1.47368 -4 6 1 0.440644 0.405604 
-1.05263 -4 6 1 0.513937 0.435987 
-0.631579 -4 6 1 0.59621 0.470092 
-0.210526 -4 6 1 0.689221 0.508648 
0.210526 -4 6 1 0.795218 0.552587 
0.631579 -4 6 1 0.917125 0.603123 
1.05263 -4 6 1 1.05882 0.661859 
1.47368 -4 6 1 1.22553 0.730969 
1.89474 -4 6 1 1.42455 0.813467 
2.31579 -4 6 1 1.66625 0.913661 
2.73684 -4 6 1 1.96602 1.03793 
3.15789 -4 6 1 2.34766 1.19613 
3.57895 -4 6 1 2.84999 1.40436 
4 -4 6 1 3.54102 1.69082 
-4 4 6 1 -1.78884 1.15849 
-3.57895 4 6 1 -1.90975 1.31964 
-3.15789 4 6 1 -2.06551 1.52724 
-2.73684 4 6 1 -2.27372 1.80477 
-2.31579 4 6 1 -2.56627 2.19469 
-1.89474 4 6 1 -3.00739 2.78264 
-1.47368 4 6 1 -3.74878 3.77082 
-1.05263 4 6 1 -5.25522 5.77871 
-0.631579 4 6 1 -9.97324 12.0672 
