-0.802317 0.259793 -0.958236 1.11419 0 
-0.86 0.267351 -1.03945 1.20321 1 
-0.927913 0.27625 -1.13751 1.3107 2 
-1.00904 0.286881 -1.25826 1.44306 3 
-1.10766 0.299803 -1.41063 1.61008 4 
-1.23011 0.315848 -1.60889 1.8274 5 
-1.38621 0.336302 -1.87745 2.12178 6 
-1.59204 0.363272 -2.26176 2.54303 7 
-1.87587 0.400464 -2.8572 3.19572 8 
-2.29242 0.455046 -3.90367 4.34279 9 
-2.96316 0.542935 -6.22601 6.8884 10 
-4.22294 0.708008 -15.8013 17.3842 11 
0.577176 0.318509 0.61067 1.07718 20 
0.625565 0.329431 0.66827 1.15157 21 
0.681472 0.342049 0.736123 1.23919 22 
0.746796 0.356794 0.817234 1.34394 23 
0.824137 0.37425 0.91591 1.47138 24 
0.917144 0.395242 1.03855 1.62976 25 
1.03112 0.420966 1.19508 1.83191 26 
1.17404 0.453225 1.40182 2.0989 27 
1.35856 0.494871 1.68753 2.46788 28 
1.60591 0.5507 2.10815 3.01107 29 
1.95479 0.629443 2.78873 3.89 30 
2.48382 0.74885 4.07811 5.55515 31 
3.38116 0.951384 7.45412 9.91505 32 
5.23674 1.3702 39.4595 51.2479 33 
-0.802317 0.259793 -0.958236 1.11419 40 
-0.721499 0.263233 -0.865017 1.11199 41 
-0.64169 0.26663 -0.773123 1.10982 42 
-0.562872 0.269985 -0.682528 1.10769 43 
-0.485026 0.273298 -0.593202 1.10558 44 
-0.408135 0.276571 -0.505121 1.1035 45 
-0.332181 0.279804 -0.418257 1.10145 46 
-0.257147 0.282997 -0.332587 1.09943 47 
-0.183016 0.286153 -0.248085 1.09744 48 
-0.109772 0.28927 -0.164728 1.09547 49 
-0.0373999 0.292351 -0.0824927 1.09353 50 
0.0341165 0.295395 -0.00135667 1.09162 51 
0.104792 0.298403 0.0787021 1.08973 52 
0.174642 0.301376 0.157705 1.08787 53 
0.24368 0.304314 0.235672 1.08603 54 
0.31192 0.307219 0.312625 1.08421 55 
0.379377 0.31009 0.388582 1.08242 56 
0.446063 0.312929 0.463563 1.08065 57 
0.511992 0.315735 0.537586 1.0789 58 
0.577176 0.318509 0.61067 1.07718 59 
