-0.0195598 -0.211841 0.0271288 0.311407 0 
-0.0598493 -0.213617 -0.0092159 0.331696 1 
-0.103863 -0.215556 -0.0487474 0.353764 2 
-0.152142 -0.217683 -0.0919041 0.377855 3 
-0.205339 -0.220027 -0.139209 0.404262 4 
-0.264244 -0.222623 -0.191289 0.433336 5 
-0.329829 -0.225513 -0.248908 0.4655 6 
-0.403298 -0.22875 -0.312997 0.501277 7 
-0.486165 -0.232402 -0.384711 0.541311 8 
-0.580354 -0.236552 -0.465498 0.586409 9 
-0.688357 -0.241311 -0.557196 0.637597 10 
-0.813454 -0.246824 -0.662174 0.6962 11 
-0.960051 -0.253283 -0.783543 0.763952 12 
-1.13421 -0.260958 -0.925468 0.84318 13 
-1.34452 -0.270225 -1.09365 0.937066 14 
-1.60353 -0.281638 -1.29613 1.05009 15 
-1.93036 -0.296039 -1.54457 1.18879 16 
-2.35569 -0.314781 -1.85665 1.363 17 
-2.93194 -0.340173 -2.26038 1.58838 18 
-3.75674 -0.376517 -2.80312 1.89135 19 
2.86125 -0.787102 2.57311 0.986036 20 
3.21732 -0.898413 2.82389 1.15879 21 
3.73064 -1.05888 3.16265 1.39214 22 
4.53486 -1.31028 3.64552 1.72475 23 
5.97506 -1.76049 4.38929 2.23709 24 
9.29899 -2.79956 5.68371 3.12873 25 
25.1875 -7.76638 8.49964 5.06845 26 
-0.0195598 -0.211841 0.0271288 0.311407 40 
0.0239805 -0.220536 0.0702924 0.322845 41 
0.0711117 -0.229947 0.116834 0.335177 42 
0.122297 -0.240168 0.167167 0.348514 43 
0.178083 -0.251308 0.221774 0.362984 44 
0.239119 -0.263496 0.281224 0.378737 45 
0.306183 -0.276888 0.34619 0.395951 46 
0.380214 -0.291671 0.417477 0.414841 47 
0.462357 -0.308074 0.496057 0.435663 48 
0.554024 -0.326379 0.583107 0.458729 49 
0.656972 -0.346936 0.680075 0.484424 50 
0.77342 -0.370189 0.788759 0.513222 51 
0.90621 -0.396706 0.911419 0.545725 52 
1.05904 -0.427224 1.05093 0.582693 53 
1.23682 -0.462725 1.21104 0.625117 54 
1.44621 -0.504536 1.39665 0.6743 55 
1.69644 -0.554505 1.61439 0.731998 56 
2.00077 -0.615276 1.8734 0.800629 57 
2.37887 -0.690777 2.18663 0.883629 58 
2.86125 -0.787102 2.57311 0.986036 59 
-3.75674 -0.376517 -2.80312 1.89135 60 
-4.39238 -0.469108 -3.11203 2.23686 61 
-5.43166 -0.620494 -3.55973 2.7376 62 
-7.43786 -0.912725 -4.26683 3.52848 63 
-12.9341 -1.71333 -5.55075 4.96452 64 
-91.8779 -13.2126 -8.60349 8.37895 65 
