-4 -4 2 1 -0.360913 0.135687 
-4 -3.57895 2 1 -0.401518 0.134938 
-4 -3.15789 2 1 -0.447411 0.134092 
-4 -2.73684 2 1 -0.499694 0.133127 
-4 -2.31579 2 1 -0.559802 0.132018 
-4 -1.89474 2 1 -0.629636 0.13073 
-4 -1.47368 2 1 -0.711763 0.129215 
-4 -1.05263 2 1 -0.809742 0.127408 
-4 -0.631579 2 1 -0.928652 0.125215 
-4 -0.210526 2 1 -1.076 0.122496 
-4 0.210526 2 1 -1.26339 0.11904 
-4 0.631579 2 1 -1.50968 0.114497 
-4 1.05263 2 1 -1.84785 0.108259 
-4 1.47368 2 1 -2.34108 0.0991609 
-4 1.89474 2 1 -3.12774 0.08465 
-4 2.31579 2 1 -4.5806 0.0578506 
-4 2.73684 2 1 -8.16734 -0.00831053 
-4 3.15789 2 1 -31.5867 -0.440305 
4 -4 2 1 1.08997 0.0286598 
4 -3.57895 2 1 1.16252 0.0176576 
4 -3.15789 2 1 1.2498 0.00441952 
4 -2.73684 2 1 1.35683 -0.011813 
4 -2.31579 2 1 1.49116 -0.0321856 
4 -1.89474 2 1 1.66476 -0.0585136 
4 -1.47368 2 1 1.89779 -0.0938555 
4 -1.05263 2 1 2.22709 -0.143796 
4 -0.631579 2 1 2.72781 -0.219737 
4 -0.210526 2 1 3.58095 -0.349125 
4 0.210526 2 1 5.36058 -0.619024 
4 0.631579 2 1 11.369 -1.53026 
-4 -4 2 1 -0.360913 0.135687 
-3.57895 -4 2 1 -0.307943 0.13178 
-3.15789 -4 2 1 -0.253139 0.127737 
-2.73684 -4 2 1 -0.196404 0.123552 
-2.31579 -4 2 1 -0.137634 0.119216 
-1.89474 -4 2 1 -0.0767172 0.114723 
-1.47368 -4 2 1 -0.0135344 0.110062 
-1.05263 -4 2 1 0.0520436 0.105224 
-0.631579 -4 2 1 0.120156 0.1002 
-0.210526 -4 2 1 0.190951 0.0949777 
0.210526 -4 2 1 0.264593 0.0895454 
0.631579 -4 2 1 0.341254 0.0838903 
1.05263 -4 2 1 0.421127 0.0779984 
1.47368 -4 2 1 0.504415 0.0718544 
1.89474 -4 2 1 0.591344 0.0654419 
2.31579 -4 2 1 0.682157 0.0587429 
2.73684 -4 2 1 0.777121 0.0517377 
3.15789 -4 2 1 0.876526 0.0444049 
3.57895 -4 2 1 0.980693 0.0367209 
4 -4 2 1 1.08997 0.0286598 
-4 -4 6 1 -0.362264 0.777732 
-4 -3.57895 6 1 -0.407465 0.820493 
-4 -3.15789 6 1 -0.459251 0.869484 
-4 -2.73684 6 1 -0.519175 0.926173 
-4 -2.31579 6 1 -0.589317 0.992529 
-4 -1.89474 6 1 -0.672536 1.07126 
-4 -1.47368 6 1 -0.772864 1.16617 
-4 -1.05263 6 1 -0.896182 1.28283 
-4 -0.631579 6 1 -1.05141 1.42968 
-4 -0.210526 6 1 -1.25279 1.62019 
-4 0.210526 6 1 -1.52448 1.87721 
-4 0.631579 6 1 -1.91109 2.24295 
-4 1.05263 6 1 -2.50511 2.80491 
-4 1.47368 6 1 -3.53462 3.77884 
-4 1.89474 6 1 -5.75563 5.87995 
-4 2.31579 6 1 -14.0776 13.7527 
4 -4 6 1 1.32008 1.00076 
4 -3.57895 6 1 1.43048 1.09338 
4 -3.15789 6 1 1.56779 1.20856 
4 -2.73684 6 1 1.74319 1.35571 
4 -2.31579 6 1 1.97511 1.55026 
4 -1.89474 6 1 2.29608 1.81952 
4 -1.47368 6 1 2.7696 2.21675 
4 -1.05263 6 1 3.53834 2.86163 
4 -0.631579 6 1 5.00337 4.09062 
4 -0.210526 6 1 8.89385 7.35427 
4 0.210526 6 1 50.1827 41.9908 
-4 -4 6 1 -0.362264 0.777732 
-3.57895 -4 6 1 -0.303714 0.785494 
-3.15789 -4 6 1 -0.242918 0.793554 
-2.73684 -4 6 1 -0.179744 0.801929 
-2.31579 -4 6 1 -0.114051 0.810638 
-1.89474 -4 6 1 -0.0456832 0.819701 
-1.47368 -4 6 1 0.0255249 0.829142 
-1.05263 -4 6 1 0.0997545 0.838982 
-0.631579 -4 6 1 0.177202 0.84925 
-0.210526 -4 6 1 0.258081 0.859972 
0.210526 -4 6 1 0.342625 0.87118 
0.631579 -4 6 1 0.431089 0.882908 
1.05263 -4 6 1 0.523752 0.895193 
1.47368 -4 6 1 0.62092 0.908075 
1.89474 -4 6 1 0.72293 0.921598 
2.31579 -4 6 1 0.830153 0.935813 
2.73684 -4 6 1 0.942999 0.950773 
3.15789 -4 6 1 1.06192 0.966539 
3.57895 -4 6 1 1.18743 0.983178 
4 -4 6 1 1.32008 1.00076 
