0.646631 -0.1418 0.559019 0.516232 0 
0.579239 -0.14924 0.493686 0.513384 1 
0.510924 -0.156781 0.427493 0.510498 2 
0.441667 -0.164427 0.360424 0.507575 3 
0.371449 -0.172178 0.29246 0.504612 4 
0.300248 -0.180038 0.223584 0.501609 5 
0.228045 -0.188009 0.153777 0.498566 6 
0.154818 -0.196092 0.0830201 0.495482 7 
0.080545 -0.204291 0.0112941 0.492355 8 
0.0052034 -0.212608 -0.0614213 0.489186 9 
-0.0712299 -0.221046 -0.135147 0.485972 10 
-0.148779 -0.229607 -0.209903 0.482713 11 
-0.227468 -0.238293 -0.285713 0.479408 12 
-0.307323 -0.247108 -0.362597 0.476057 13 
-0.388369 -0.256055 -0.44058 0.472657 14 
-0.470634 -0.265137 -0.519686 0.469209 15 
-0.554145 -0.274356 -0.599937 0.46571 16 
-0.638931 -0.283715 -0.681361 0.462161 17 
-0.725022 -0.293219 -0.763982 0.458559 18 
-0.812446 -0.30287 -0.847826 0.454904 19 
0.646631 -0.1418 0.559019 0.516232 40 
0.703222 -0.147486 0.606791 0.559322 41 
0.769251 -0.154119 0.662172 0.609275 42 
0.847294 -0.161959 0.727136 0.667873 43 
0.940958 -0.171369 0.804408 0.737573 44 
1.05545 -0.182872 0.897851 0.821858 45 
1.1986 -0.197253 1.01313 0.925844 46 
1.38269 -0.215747 1.15893 1.05735 47 
1.62823 -0.240414 1.34919 1.22897 48 
1.97213 -0.274963 1.60794 1.46236 49 
2.48832 -0.326821 1.98024 1.79817 50 
3.34953 -0.413339 2.56189 2.32282 51 
5.07529 -0.586713 3.5985 3.25784 52 
10.2796 -1.10955 5.96676 5.39401 53 
-0.812446 -0.30287 -0.847826 0.454904 60 
-0.877096 -0.323853 -0.91238 0.49936 61 
-0.954426 -0.348952 -0.988932 0.552079 62 
-1.04857 -0.37951 -1.08117 0.615599 63 
-1.1657 -0.417524 -1.19446 0.693621 64 
-1.31537 -0.466104 -1.33695 0.791748 65 
-1.51335 -0.530364 -1.52159 0.918904 66 
-1.78754 -0.619357 -1.77034 1.09021 67 
-2.19241 -0.750766 -2.12358 1.33347 68 
-2.85063 -0.964403 -2.66467 1.7061 69 
-4.10825 -1.37259 -3.59772 2.34866 70 
-7.46854 -2.46324 -5.59055 3.72105 71 
-45.0798 -14.6708 -12.8217 8.70089 72 
