2.26638 0.411809 2.9872 2.86118 0 
1.91839 0.380315 2.43188 2.5031 1 
1.63206 0.354401 2.00356 2.22691 2 
1.39233 0.332704 1.66315 2.0074 3 
1.18868 0.314273 1.3861 1.82875 4 
1.01354 0.298422 1.15622 1.68053 5 
0.861307 0.284644 0.962419 1.55556 6 
0.727768 0.272559 0.796816 1.44877 7 
0.609677 0.261871 0.653675 1.35647 8 
0.504501 0.252352 0.528716 1.2759 9 
0.41023 0.24382 0.418682 1.20494 10 
0.325253 0.236129 0.321049 1.14199 11 
0.248259 0.229161 0.233834 1.08575 12 
0.178174 0.222818 0.155452 1.03521 13 
0.114108 0.21702 0.0846273 0.989538 14 
0.0553168 0.211699 0.0203165 0.948069 15 
0.00117568 0.206799 -0.0383395 0.910246 16 
-0.0488464 0.202272 -0.0920549 0.875609 17 
-0.0952023 0.198076 -0.141429 0.843772 18 
-0.138281 0.194178 -0.186967 0.814408 19 
-7.72966 0.0976734 -90.1724 63.1438 38 
-6.03797 0.0950664 -19.0503 12.674 39 
2.26638 0.411809 2.9872 2.86118 40 
2.50673 0.444413 3.50991 3.48778 41 
2.83944 0.489545 4.35611 4.50214 42 
3.33043 0.556147 5.96061 6.42549 43 
4.12785 0.664317 10.1701 11.4716 44 
5.64874 0.870626 50.6938 60.0485 45 
-0.138281 0.194178 -0.186967 0.814408 60 
-0.181898 0.193445 -0.237687 0.846296 61 
-0.22989 0.192639 -0.294052 0.881733 62 
-0.282949 0.191747 -0.35706 0.921347 63 
-0.341923 0.190757 -0.427959 0.965922 64 
-0.407858 0.189649 -0.508332 1.01645 65 
-0.482066 0.188402 -0.600211 1.07422 66 
-0.566207 0.186989 -0.706259 1.14089 67 
-0.662418 0.185372 -0.830028 1.21871 68 
-0.773498 0.183506 -0.976364 1.31071 69 
-0.903181 0.181328 -1.15206 1.42117 70 
-1.05657 0.178751 -1.36693 1.55626 71 
-1.24081 0.175656 -1.63573 1.72526 72 
-1.46627 0.171868 -1.98166 1.94275 73 
-1.7485 0.167127 -2.44351 2.23312 74 
-2.11205 0.161019 -3.09125 2.64036 75 
-2.59798 0.152856 -4.06537 3.2528 76 
-3.28056 0.141389 -5.69568 4.27779 77 
-4.30949 0.124104 -8.98191 6.34387 78 
-6.03797 0.0950664 -19.0503 12.674 79 
