4 -4 2 1 -0.90866 0.00939715 
4 -3.57895 2 1 -0.813241 0.0080669 
4 -3.15789 2 1 -0.720418 0.00677285 
4 -2.73684 2 1 -0.630086 0.00551354 
4 -2.31579 2 1 -0.542147 0.00428758 
4 -1.89474 2 1 -0.456507 0.00309367 
4 -1.47368 2 1 -0.373077 0.00193056 
4 -1.05263 2 1 -0.291772 0.000797087 
4 -0.631579 2 1 -0.212512 -0.000307878 
4 -0.210526 2 1 -0.135221 -0.00138539 
4 0.210526 2 1 -0.0598263 -0.00243647 
4 0.631579 2 1 0.0137406 -0.00346207 
4 1.05263 2 1 0.0855456 -0.0044631 
4 1.47368 2 1 0.155651 -0.00544045 
4 1.89474 2 1 0.224117 -0.00639493 
4 2.31579 2 1 0.291 -0.00732735 
4 2.73684 2 1 0.356355 -0.00823846 
4 3.15789 2 1 0.420233 -0.00912899 
4 3.57895 2 1 0.482683 -0.00999961 
4 4 2 1 0.543754 -0.010851 
-1.05263 -4 2 1 -94.4473 -22.4694 
-0.631579 -4 2 1 -8.38879 -1.78819 
-0.210526 -4 2 1 -4.46379 -0.844956 
0.210526 -4 2 1 -3.07467 -0.511128 
0.631579 -4 2 1 -2.3639 -0.340319 
1.05263 -4 2 1 -1.9321 -0.236552 
1.47368 -4 2 1 -1.64198 -0.166832 
1.89474 -4 2 1 -1.43364 -0.116763 
2.31579 -4 2 1 -1.27676 -0.0790641 
2.73684 -4 2 1 -1.15439 -0.0496545 
3.15789 -4 2 1 -1.05625 -0.0260711 
3.57895 -4 2 1 -0.975804 -0.00673867 
4 -4 2 1 -0.90866 0.00939715 
-2.31579 4 2 1 34.8447 -9.67378 
-1.89474 4 2 1 8.10758 -2.14166 
-1.47368 4 2 1 4.52596 -1.13268 
-1.05263 4 2 1 3.10888 -0.733473 
-0.631579 4 2 1 2.34948 -0.519542 
-0.210526 4 2 1 1.87614 -0.386197 
0.210526 4 2 1 1.55284 -0.295121 
0.631579 4 2 1 1.318 -0.228965 
1.05263 4 2 1 1.13969 -0.178733 
1.47368 4 2 1 0.999688 -0.139292 
1.89474 4 2 1 0.886845 -0.107503 
2.31579 4 2 1 0.793957 -0.0813358 
2.73684 4 2 1 0.716161 -0.05942 
3.15789 4 2 1 0.650056 -0.0407975 
3.57895 4 2 1 0.593191 -0.0247779 
4 4 2 1 0.543754 -0.010851 
4 -4 6 1 -1.0202 0.940775 
4 -3.57895 6 1 -0.907177 0.924251 
4 -3.15789 6 1 -0.79773 0.90825 
4 -2.73684 6 1 -0.691692 0.892747 
4 -2.31579 6 1 -0.588907 0.87772 
4 -1.89474 6 1 -0.489226 0.863147 
4 -1.47368 6 1 -0.392513 0.849008 
4 -1.05263 6 1 -0.298635 0.835283 
4 -0.631579 6 1 -0.207471 0.821955 
4 -0.210526 6 1 -0.118903 0.809006 
4 0.210526 6 1 -0.0328239 0.796421 
4 0.631579 6 1 0.0508711 0.784185 
4 1.05263 6 1 0.13228 0.772283 
4 1.47368 6 1 0.211494 0.760702 
4 1.89474 6 1 0.288601 0.749429 
4 2.31579 6 1 0.363685 0.738452 
4 2.73684 6 1 0.436823 0.727759 
4 3.15789 6 1 0.508092 0.71734 
4 3.57895 6 1 0.57756 0.707183 
4 4 6 1 0.645296 0.69728 
-0.210526 -4 6 1 -25.345 22.3063 
0.210526 -4 6 1 -6.72152 5.94849 
0.631579 -4 6 1 -3.93346 3.49962 
1.05263 -4 6 1 -2.80886 2.51184 
1.47368 -4 6 1 -2.20107 1.97798 
1.89474 -4 6 1 -1.82039 1.64362 
2.31579 -4 6 1 -1.55958 1.41453 
2.73684 -4 6 1 -1.36971 1.24776 
3.15789 -4 6 1 -1.22531 1.12093 
3.57895 -4 6 1 -1.11179 1.02122 
4 -4 6 1 -1.0202 0.940775 
-1.47368 4 6 1 19.2285 12.3865 
-1.05263 4 6 1 6.84453 4.59673 
-0.631579 4 6 1 4.11326 2.8787 
-0.210526 4 6 1 2.91387 2.12426 
0.210526 4 6 1 2.23985 1.70028 
0.631579 4 6 1 1.80802 1.42866 
1.05263 4 6 1 1.50773 1.23977 
1.47368 4 6 1 1.28682 1.10081 
1.89474 4 6 1 1.11749 0.994299 
2.31579 4 6 1 0.983561 0.910056 
2.73684 4 6 1 0.874984 0.841758 
3.15789 4 6 1 0.785182 0.785271 
3.57895 4 6 1 0.709673 0.737775 
4 4 6 1 0.645296 0.69728 
