-1.02746 0.140815 -1.19555 1.04085 0 
-1.09805 0.146617 -1.28984 1.1374 1 
-1.18284 0.153586 -1.40514 1.25546 2 
-1.28658 0.162113 -1.54934 1.40311 3 
-1.41642 0.172784 -1.73486 1.59307 4 
-1.58363 0.186528 -1.98243 1.84656 5 
-1.80705 0.204891 -2.32944 2.20187 6 
-2.12077 0.230676 -2.85085 2.73575 7 
-2.59337 0.26952 -3.72224 3.62799 8 
-3.3865 0.334708 -5.47403 5.42169 9 
-4.99355 0.466794 -10.8026 10.8777 10 
0.403459 0.228785 0.374159 0.865814 20 
0.445593 0.238486 0.417081 0.919652 21 
0.493493 0.249516 0.466294 0.98138 22 
0.548429 0.262165 0.52329 1.05287 23 
0.612074 0.27682 0.590074 1.13664 24 
0.686677 0.293998 0.669404 1.23614 25 
0.775335 0.314412 0.765181 1.35628 26 
0.882434 0.339073 0.883113 1.5042 27 
1.01439 0.369457 1.03189 1.69081 28 
1.18101 0.407822 1.22544 1.93358 29 
1.39799 0.457784 1.48754 2.26234 30 
1.69225 0.52554 1.86247 2.73261 31 
2.11402 0.622655 2.44304 3.46083 32 
2.76907 0.773487 3.46238 4.73939 33 
3.92499 1.03965 5.72001 7.57115 34 
6.51172 1.63526 14.9633 19.1651 35 
-1.02746 0.140815 -1.19555 1.04085 40 
-0.924841 0.147124 -1.08039 1.028 41 
-0.826277 0.153183 -0.970166 1.01571 42 
-0.73153 0.159008 -0.864564 1.00394 43 
-0.640382 0.164612 -0.763298 0.992647 44 
-0.552633 0.170006 -0.666107 0.98181 45 
-0.468094 0.175203 -0.57275 0.9714 46 
-0.386595 0.180214 -0.483005 0.961393 47 
-0.307972 0.185047 -0.396665 0.951765 48 
-0.232078 0.189713 -0.313541 0.942497 49 
-0.158771 0.19422 -0.233456 0.933567 50 
-0.0879225 0.198576 -0.156247 0.924957 51 
-0.0194104 0.202788 -0.0817613 0.916652 52 
0.0468791 0.206863 -0.00985725 0.908634 53 
0.111052 0.210808 0.059597 0.900889 54 
0.173209 0.214629 0.126724 0.893404 55 
0.233443 0.218332 0.19164 0.886166 56 
0.291841 0.221923 0.254452 0.879162 57 
0.348487 0.225405 0.31526 0.872382 58 
0.403459 0.228785 0.374159 0.865814 59 
