-2.68849 0.109512 -2.09817 1.44374 0 
-2.97443 0.163273 -2.23666 1.64034 1 
-3.37102 0.237839 -2.41222 1.88956 2 
-3.95789 0.34818 -2.64202 2.21578 3 
-4.91521 0.528173 -2.95579 2.66121 4 
-6.75551 0.87418 -3.40985 3.3058 5 
-11.7459 1.81246 -4.12538 4.32156 6 
-76.0048 13.8942 -5.41955 6.15877 7 
0.00622134 -0.0579618 -0.0167314 0.425452 20 
0.0456012 -0.0510181 0.0182656 0.450411 21 
0.0884599 -0.043461 0.0560685 0.477372 22 
0.13528 -0.0352054 0.0970289 0.506585 23 
0.186636 -0.0261499 0.14156 0.538343 24 
0.243223 -0.0161722 0.190149 0.572997 25 
0.305881 -0.00512391 0.243378 0.61096 26 
0.375643 0.00717702 0.301945 0.652729 27 
0.453791 0.0209564 0.366695 0.698908 28 
0.541932 0.036498 0.438662 0.750234 29 
0.642114 0.0541627 0.519123 0.807618 30 
0.756986 0.0744176 0.609676 0.8722 31 
0.890034 0.0978775 0.712349 0.945425 32 
1.04594 0.125368 0.829747 1.02915 33 
1.23116 0.158027 0.965284 1.12582 34 
1.4548 0.197461 1.12352 1.23867 35 
1.73022 0.246024 1.31066 1.37214 36 
2.07773 0.3073 1.53545 1.53245 37 
2.52993 0.387033 1.81049 1.72861 38 
3.14248 0.495043 2.15478 1.97416 39 
-2.68849 0.109512 -2.09817 1.44374 40 
-2.25642 0.0826592 -1.81415 1.30479 41 
-1.91256 0.061289 -1.5763 1.18843 42 
-1.63241 0.0438778 -1.37422 1.08956 43 
-1.39976 0.0294187 -1.20039 1.00452 44 
-1.20347 0.0172197 -1.04928 0.9306 45 
-1.03564 0.00678916 -0.916715 0.865744 46 
-0.890499 -0.0022314 -0.799471 0.808386 47 
-0.763733 -0.0101098 -0.695038 0.757295 48 
-0.652062 -0.01705 -0.601427 0.711498 49 
-0.552942 -0.0232103 -0.517038 0.670213 50 
-0.464368 -0.0287151 -0.440571 0.632804 51 
-0.384744 -0.0336636 -0.370962 0.59875 52 
-0.312777 -0.0381363 -0.307328 0.567618 53 
-0.247414 -0.0421986 -0.24893 0.539049 54 
-0.187786 -0.0459044 -0.195149 0.512738 55 
-0.133169 -0.0492988 -0.145457 0.488427 56 
-0.082958 -0.0524194 -0.0994051 0.465898 57 
-0.0366397 -0.055298 -0.0566077 0.44496 58 
0.00622134 -0.0579618 -0.0167314 0.425452 59 
94.6204 28.5028 4.52546 6.74952 73 
12.1023 3.23827 3.58755 4.86024 74 
6.95017 1.66084 3.05395 3.78538 75 
5.08679 1.09033 2.70958 3.0917 76 
4.12508 0.795884 2.46894 2.60698 77 
3.53807 0.61616 2.2913 2.24915 78 
3.14248 0.495043 2.15478 1.97416 79 
