-0.214041 0.237749 -0.172792 0.832302 0 
-0.252745 0.248462 -0.21119 0.878658 1 
-0.296032 0.260443 -0.2544 0.930823 2 
-0.344765 0.273932 -0.303386 0.989961 3 
-0.400044 0.289232 -0.35939 1.05757 4 
-0.463281 0.306736 -0.424035 1.13562 5 
-0.536328 0.326954 -0.499491 1.22671 6 
-0.62166 0.350573 -0.588715 1.33443 7 
-0.72266 0.378529 -0.695854 1.46377 8 
-0.844079 0.412136 -0.826907 1.62198 9 
-0.992808 0.453303 -0.990885 1.81995 10 
-1.17923 0.504901 -1.20198 2.07479 11 
-1.41974 0.571473 -1.4839 2.41514 12 
-1.74189 0.66064 -1.87949 2.89272 13 
-2.19573 0.786259 -2.47483 3.61145 14 
-2.88278 0.976426 -3.47234 4.8157 15 
-4.04491 1.29809 -5.48739 7.24837 16 
-6.43531 1.95973 -11.6976 14.7457 17 
1.49557 0.20029 1.75428 1.38031 20 
1.60919 0.217519 1.91337 1.54667 21 
1.75139 0.23908 2.11777 1.76044 22 
1.9345 0.266845 2.39008 2.04522 23 
2.17915 0.30394 2.77089 2.44346 24 
2.52262 0.356018 3.34116 3.03984 25 
3.03992 0.434454 4.2891 4.03118 26 
3.90774 0.566039 6.17563 6.00409 27 
5.66493 0.832473 11.7615 11.8458 28 
11.1153 1.6589 578.269 604.292 29 
-0.214041 0.237749 -0.172792 0.832302 40 
-0.165434 0.236684 -0.120486 0.847176 41 
-0.114278 0.235563 -0.0652869 0.862873 42 
-0.0603677 0.234382 -0.00694881 0.879463 43 
-0.00347489 0.233135 0.054804 0.897024 44 
0.0566552 0.231818 0.12028 0.915643 45 
0.120307 0.230423 0.189828 0.935421 46 
0.187799 0.228944 0.263838 0.956467 47 
0.25949 0.227374 0.342754 0.978909 48 
0.335785 0.225702 0.427082 1.00289 49 
0.41714 0.223919 0.517397 1.02857 50 
0.504078 0.222014 0.61436 1.05615 51 
0.597193 0.219974 0.718735 1.08583 52 
0.697168 0.217784 0.831403 1.11787 53 
0.804789 0.215426 0.953395 1.15256 54 
0.92097 0.21288 1.08592 1.19024 55 
1.04677 0.210124 1.2304 1.23133 56 
1.18345 0.207129 1.38853 1.2763 57 
1.33246 0.203864 1.56234 1.32572 58 
1.49557 0.20029 1.75428 1.38031 59 
