-0.429813 0.0206285 -0.358218 0.603604 20 
-0.374984 0.0162175 -0.304225 0.609576 21 
-0.31812 0.0116428 -0.248306 0.615761 22 
-0.259107 0.00689511 -0.190356 0.622171 23 
-0.197818 0.00196447 -0.130263 0.628817 24 
-0.134122 -0.00315994 -0.067905 0.635715 25 
-0.0678719 -0.00848975 -0.0031521 0.642877 26 
0.00108791 -0.0140376 0.0641366 0.65032 27 
0.0729273 -0.0198171 0.134113 0.65806 28 
0.147831 -0.0258431 0.206942 0.666115 29 
0.225998 -0.0321316 0.2828 0.674506 30 
0.307648 -0.0387004 0.361882 0.683253 31 
0.393017 -0.0455684 0.444397 0.69238 32 
0.482368 -0.0527566 0.530573 0.701912 33 
0.575984 -0.060288 0.62066 0.711876 34 
0.674178 -0.0681878 0.714931 0.722303 35 
0.777295 -0.0764835 0.813683 0.733226 36 
0.885714 -0.0852059 0.917243 0.744681 37 
0.999855 -0.0943886 1.02597 0.756707 38 
1.12018 -0.104069 1.14027 0.76935 39 
-48.2437 7.51158 -12.1514 13.3666 43 
-9.07025 1.37432 -5.50509 6.1737 44 
-4.89209 0.719728 -3.48876 3.99157 45 
-3.294 0.469358 -2.51419 2.93686 46 
-2.44995 0.337121 -1.93978 2.31522 47 
-1.92813 0.255368 -1.56105 1.90534 48 
-1.57359 0.199822 -1.29255 1.61477 49 
-1.317 0.159624 -1.09228 1.39803 50 
-1.12271 0.129184 -0.937166 1.23016 51 
-0.970473 0.105333 -0.813478 1.0963 52 
-0.847974 0.0861413 -0.712545 0.987067 53 
-0.747275 0.0703648 -0.628617 0.896237 54 
-0.663031 0.0571665 -0.55773 0.819522 55 
-0.591515 0.0459621 -0.497065 0.753868 56 
-0.530043 0.0363314 -0.444558 0.697043 57 
-0.47664 0.0279647 -0.398668 0.64738 58 
-0.429813 0.0206285 -0.358218 0.603604 59 
12.7561 -0.28356 7.47993 7.1387 69 
5.49979 -0.171627 4.41907 4.0635 70 
3.5813 -0.142033 3.18503 2.82368 71 
2.69459 -0.128355 2.51823 2.15376 72 
2.18369 -0.120474 2.10065 1.73423 73 
1.85147 -0.11535 1.81457 1.44681 74 
1.61814 -0.11175 1.60633 1.23759 75 
1.44527 -0.109084 1.44796 1.07848 76 
1.31205 -0.107029 1.32346 0.953397 77 
1.20625 -0.105397 1.22301 0.852483 78 
1.12018 -0.104069 1.14027 0.76935 79 
