4 -4 2 1 -1.13752 0.149727 
4 -3.57895 2 1 -1.0134 0.150594 
4 -3.15789 2 1 -0.895909 0.151415 
4 -2.73684 2 1 -0.784541 0.152193 
4 -2.31579 2 1 -0.678827 0.152932 
4 -1.89474 2 1 -0.578347 0.153634 
4 -1.47368 2 1 -0.48272 0.154302 
4 -1.05263 2 1 -0.391605 0.154939 
4 -0.631579 2 1 -0.304689 0.155546 
4 -0.210526 2 1 -0.221688 0.156126 
4 0.210526 2 1 -0.142344 0.156681 
4 0.631579 2 1 -0.0664205 0.157211 
4 1.05263 2 1 0.00629968 0.157719 
4 1.47368 2 1 0.0760147 0.158207 
4 1.89474 2 1 0.142907 0.158674 
4 2.31579 2 1 0.207145 0.159123 
4 2.73684 2 1 0.268883 0.159554 
4 3.15789 2 1 0.328265 0.159969 
4 3.57895 2 1 0.385422 0.160369 
4 4 2 1 0.440478 0.160753 
-0.210526 -4 2 1 -13.2209 -0.642873 
0.210526 -4 2 1 -5.56812 -0.140894 
0.631579 -4 2 1 -3.61042 -0.0124806 
1.05263 -4 2 1 -2.71452 0.0462851 
1.47368 -4 2 1 -2.20087 0.0799775 
1.89474 -4 2 1 -1.86784 0.101822 
2.31579 -4 2 1 -1.63441 0.117134 
2.73684 -4 2 1 -1.46171 0.128462 
3.15789 -4 2 1 -1.32877 0.137182 
3.57895 -4 2 1 -1.22328 0.144102 
4 -4 2 1 -1.13752 0.149727 
-2.73684 4 2 1 28.6285 -1.47883 
-2.31579 4 2 1 8.31103 -0.297045 
-1.89474 4 2 1 4.75606 -0.0902666 
-1.47368 4 2 1 3.27749 -0.00426438 
-1.05263 4 2 1 2.46733 0.0428594 
-0.631579 4 2 1 1.9559 0.0726076 
-0.210526 4 2 1 1.60368 0.0930945 
0.210526 4 2 1 1.34635 0.108062 
0.631579 4 2 1 1.15011 0.119477 
1.05263 4 2 1 0.995522 0.128469 
1.47368 4 2 1 0.870591 0.135735 
1.89474 4 2 1 0.767531 0.14173 
2.31579 4 2 1 0.681061 0.14676 
2.73684 4 2 1 0.607474 0.15104 
3.15789 4 2 1 0.544091 0.154727 
3.57895 4 2 1 0.488926 0.157935 
4 4 2 1 0.440478 0.160753 
4 -4 6 1 -1.39352 1.32762 
4 -3.57895 6 1 -1.23304 1.28908 
4 -3.15789 6 1 -1.083 1.25306 
4 -2.73684 6 1 -0.942419 1.2193 
4 -2.31579 6 1 -0.810419 1.1876 
4 -1.89474 6 1 -0.686242 1.15778 
4 -1.47368 6 1 -0.569212 1.12968 
4 -1.05263 6 1 -0.458729 1.10315 
4 -0.631579 6 1 -0.35426 1.07807 
4 -0.210526 6 1 -0.255326 1.05431 
4 0.210526 6 1 -0.161498 1.03178 
4 0.631579 6 1 -0.0723911 1.01038 
4 1.05263 6 1 0.0123421 0.990035 
4 1.47368 6 1 0.093016 0.970664 
4 1.89474 6 1 0.169916 0.952198 
4 2.31579 6 1 0.2433 0.934577 
4 2.73684 6 1 0.313404 0.917743 
4 3.15789 6 1 0.380443 0.901645 
4 3.57895 6 1 0.444614 0.886236 
4 4 6 1 0.506097 0.871472 
0.631579 -4 6 1 -14.1806 14.5461 
1.05263 -4 6 1 -5.92186 6.00875 
1.47368 -4 6 1 -3.8266 3.84279 
1.89474 -4 6 1 -2.8701 2.85402 
2.31579 -4 6 1 -2.32237 2.28781 
2.73684 -4 6 1 -1.96751 1.92097 
3.15789 -4 6 1 -1.71889 1.66397 
3.57895 -4 6 1 -1.53502 1.4739 
4 -4 6 1 -1.39352 1.32762 
-1.89474 4 6 1 27.8268 23.2977 
-1.47368 4 6 1 7.9661 6.99503 
-1.05263 4 6 1 4.54267 4.1849 
-0.631579 4 6 1 3.12327 3.01978 
-0.210526 4 6 1 2.34663 2.38228 
0.210526 4 6 1 1.85676 1.98016 
0.631579 4 6 1 1.51958 1.70339 
1.05263 4 6 1 1.27332 1.50125 
1.47368 4 6 1 1.08558 1.34715 
1.89474 4 6 1 0.937721 1.22577 
2.31579 4 6 1 0.818247 1.1277 
2.73684 4 6 1 0.719703 1.04681 
3.15789 4 6 1 0.637032 0.97895 
3.57895 4 6 1 0.566685 0.921206 
4 4 6 1 0.506097 0.871472 
