-4 -4 2 1 -0.769123 0.242203 
-4 -3.57895 2 1 -0.824752 0.247538 
-4 -3.15789 2 1 -0.890031 0.253799 
-4 -2.73684 2 1 -0.967711 0.261249 
-4 -2.31579 2 1 -1.0617 0.270263 
-4 -1.89474 2 1 -1.17772 0.281391 
-4 -1.47368 2 1 -1.32458 0.295475 
-4 -1.05263 2 1 -1.51642 0.313874 
-4 -0.631579 2 1 -1.77767 0.338929 
-4 -0.210526 2 1 -2.15431 0.375051 
-4 0.210526 2 1 -2.74445 0.431649 
-4 0.631579 2 1 -3.80145 0.533022 
-4 1.05263 2 1 -6.24183 0.76707 
-4 1.47368 2 1 -17.9236 1.88743 
4 -4 2 1 0.602066 0.298413 
4 -3.57895 2 1 0.651198 0.307379 
4 -3.15789 2 1 0.708054 0.317755 
4 -2.73684 2 1 0.774608 0.329901 
4 -2.31579 2 1 0.853576 0.344312 
4 -1.89474 2 1 0.948786 0.361687 
4 -1.47368 2 1 1.06583 0.383046 
4 -1.05263 2 1 1.21317 0.409935 
4 -0.631579 2 1 1.40435 0.444824 
4 -0.210526 2 1 1.66233 0.491903 
4 0.210526 2 1 2.02954 0.558917 
4 0.631579 2 1 2.59399 0.661926 
4 1.05263 2 1 3.57295 0.840579 
4 1.47368 2 1 5.68792 1.22655 
4 1.89474 2 1 13.6494 2.67946 
-4 -4 2 1 -0.769123 0.242203 
-3.57895 -4 2 1 -0.690942 0.245408 
-3.15789 -4 2 1 -0.613481 0.248584 
-2.73684 -4 2 1 -0.536731 0.25173 
-2.31579 -4 2 1 -0.460682 0.254847 
-1.89474 -4 2 1 -0.385324 0.257937 
-1.47368 -4 2 1 -0.310648 0.260998 
-1.05263 -4 2 1 -0.236645 0.264031 
-0.631579 -4 2 1 -0.163305 0.267038 
-0.210526 -4 2 1 -0.0906199 0.270018 
0.210526 -4 2 1 -0.0185809 0.272971 
0.631579 -4 2 1 0.0528206 0.275898 
1.05263 -4 2 1 0.123593 0.278799 
1.47368 -4 2 1 0.193745 0.281675 
1.89474 -4 2 1 0.263284 0.284525 
2.31579 -4 2 1 0.332219 0.287351 
2.73684 -4 2 1 0.400557 0.290153 
3.15789 -4 2 1 0.468305 0.29293 
3.57895 -4 2 1 0.535473 0.295683 
4 -4 2 1 0.602066 0.298413 
-4 -4 6 1 -0.917325 1.08085 
-4 -3.57895 6 1 -0.995371 1.16447 
-4 -3.15789 6 1 -1.0893 1.26511 
-4 -2.73684 6 1 -1.2045 1.38854 
-4 -2.31579 6 1 -1.34914 1.54351 
-4 -1.89474 6 1 -1.53614 1.74387 
-4 -1.47368 6 1 -1.78731 2.01298 
-4 -1.05263 6 1 -2.14252 2.39355 
-4 -0.631579 6 1 -2.68328 2.97294 
-4 -0.210526 6 1 -3.6064 3.96199 
-4 0.210526 6 1 -5.5392 6.03285 
-4 0.631579 6 1 -12.1376 13.1026 
4 -4 6 1 0.646405 1.06742 
4 -3.57895 6 1 0.70617 1.14162 
4 -3.15789 6 1 0.776778 1.22927 
4 -2.73684 6 1 0.861474 1.33441 
4 -2.31579 6 1 0.964941 1.46285 
4 -1.89474 6 1 1.0942 1.6233 
4 -1.47368 6 1 1.26026 1.82945 
4 -1.05263 6 1 1.48145 2.10404 
4 -0.631579 6 1 1.79071 2.48794 
4 -0.210526 6 1 2.25367 3.06265 
4 0.210526 6 1 3.02284 4.01747 
4 0.631579 6 1 4.55209 5.91585 
4 1.05263 6 1 9.06849 11.5224 
4 1.47368 6 1 391.708 486.521 
-4 -4 6 1 -0.917325 1.08085 
-3.57895 -4 6 1 -0.827186 1.08008 
-3.15789 -4 6 1 -0.737995 1.07931 
-2.73684 -4 6 1 -0.649739 1.07855 
-2.31579 -4 6 1 -0.562401 1.0778 
-1.89474 -4 6 1 -0.475969 1.07706 
-1.47368 -4 6 1 -0.390427 1.07633 
-1.05263 -4 6 1 -0.305763 1.0756 
-0.631579 -4 6 1 -0.221963 1.07488 
-0.210526 -4 6 1 -0.139013 1.07417 
0.210526 -4 6 1 -0.0569015 1.07346 
0.631579 -4 6 1 0.024385 1.07277 
1.05263 -4 6 1 0.104859 1.07208 
1.47368 -4 6 1 0.184532 1.07139 
1.89474 -4 6 1 0.263416 1.07071 
2.31579 -4 6 1 0.341523 1.07004 
2.73684 -4 6 1 0.418865 1.06938 
3.15789 -4 6 1 0.495451 1.06872 
3.57895 -4 6 1 0.571295 1.06807 
4 -4 6 1 0.646405 1.06742 
