-0.0777243 -0.0446579 -0.0245839 0.479643 0 
-0.116324 -0.0416672 -0.0599717 0.506968 1 
-0.158768 -0.0383787 -0.0988127 0.536959 2 
-0.20566 -0.0347455 -0.141638 0.570027 3 
-0.257738 -0.0307105 -0.189095 0.60667 4 
-0.315914 -0.0262031 -0.241976 0.647503 5 
-0.381323 -0.0211353 -0.30127 0.693286 6 
-0.455405 -0.0153954 -0.368216 0.744978 7 
-0.540008 -0.00884039 -0.444399 0.803803 8 
-0.637544 -0.00128337 -0.531872 0.871345 9 
-0.751224 0.00752447 -0.633346 0.949698 10 
-0.885417 0.0179217 -0.752475 1.04168 11 
-1.04623 0.0303811 -0.894304 1.1512 12 
-1.24244 0.0455839 -1.06601 1.28378 13 
-1.48721 0.0645482 -1.27813 1.44757 14 
-1.80108 0.088867 -1.54686 1.65507 15 
-2.21815 0.121181 -1.89833 1.92645 16 
-2.7993 0.166208 -2.37771 2.2966 17 
-3.66509 0.23329 -3.07036 2.83144 18 
-5.09247 0.343882 -4.15933 3.67228 19 
2.16378 -0.296804 2.1962 1.12223 20 
2.36853 -0.323922 2.39392 1.28878 21 
2.64185 -0.360122 2.65357 1.5075 22 
3.02509 -0.41088 3.00966 1.80746 23 
3.60126 -0.487192 3.52817 2.24423 24 
4.56507 -0.614845 4.35305 2.93908 25 
6.50601 -0.871913 5.86972 4.21667 26 
12.4375 -1.65752 9.57683 7.3394 27 
-0.0777243 -0.0446579 -0.0245839 0.479643 40 
-0.03365 -0.0496158 0.0204698 0.49268 41 
0.0136024 -0.0549312 0.0687086 0.506638 42 
0.0643898 -0.0606442 0.120483 0.521618 43 
0.119124 -0.0668013 0.176195 0.537739 44 
0.178284 -0.0734561 0.236314 0.555134 45 
0.242429 -0.0806717 0.301383 0.573962 46 
0.312216 -0.0885221 0.372039 0.594406 47 
0.388425 -0.0970948 0.449035 0.616685 48 
0.471985 -0.106494 0.533264 0.641057 49 
0.564013 -0.116847 0.625795 0.667831 50 
0.665864 -0.128304 0.72792 0.697381 51 
0.779202 -0.141053 0.841213 0.730162 52 
0.906084 -0.155326 0.96761 0.766735 53 
1.04909 -0.171413 1.10953 0.807798 54 
1.21151 -0.189683 1.27 0.854233 55 
1.39758 -0.210614 1.45294 0.907166 56 
1.61287 -0.234832 1.66341 0.968065 57 
1.86486 -0.263177 1.90813 1.03887 58 
2.16378 -0.296804 2.1962 1.12223 59 
-5.09247 0.343882 -4.15933 3.67228 60 
-6.28171 0.421956 -4.91881 4.63663 61 
-8.57629 0.572595 -6.23949 6.31354 62 
-14.8552 0.984804 -9.10785 9.95563 63 
-103.853 6.82752 -20.0945 23.9059 64 
