1.09629 0.135645 0.959801 0.992663 0 
0.978977 0.122174 0.851329 0.95929 1 
0.867423 0.109364 0.747936 0.927478 2 
0.761215 0.0971686 0.649273 0.897122 3 
0.659977 0.0855435 0.555022 0.868124 4 
0.563369 0.0744501 0.464895 0.840394 5 
0.471079 0.0638525 0.378625 0.813851 6 
0.382824 0.0537183 0.295972 0.788421 7 
0.298347 0.0440178 0.216711 0.764034 8 
0.217408 0.0347237 0.140639 0.740629 9 
0.139791 0.025811 0.0675659 0.718146 10 
0.0652942 0.0172567 -0.00268094 0.696533 11 
-0.00626564 0.00903955 -0.0702629 0.67574 12 
-0.0750593 0.00114005 -0.135329 0.655721 13 
-0.141244 -0.00645988 -0.198016 0.636434 14 
-0.204966 -0.013777 -0.258454 0.617838 15 
-0.266359 -0.0208267 -0.31676 0.599899 16 
-0.32555 -0.0276235 -0.373046 0.582581 17 
-0.382654 -0.0341807 -0.427415 0.565853 18 
-0.43778 -0.0405107 -0.479963 0.549686 19 
1.09629 0.135645 0.959801 0.992663 40 
1.17908 0.152419 1.02501 1.0912 41 
1.28064 0.173 1.10414 1.21077 42 
1.40821 0.198847 1.20217 1.35893 43 
1.5732 0.232279 1.32682 1.54729 44 
1.79494 0.277209 1.49062 1.79481 45 
2.10877 0.340801 1.71544 2.13455 46 
2.58712 0.437727 2.04319 2.62983 47 
3.40529 0.603508 2.56555 3.41919 48 
5.12484 0.951934 3.52904 4.87515 49 
11.0624 2.15503 5.90077 8.45919 50 
-0.43778 -0.0405107 -0.479963 0.549686 60 
-0.485498 -0.0412717 -0.528689 0.586609 61 
-0.539975 -0.0421405 -0.584057 0.628565 62 
-0.602756 -0.0431418 -0.647523 0.676658 63 
-0.675898 -0.0443082 -0.721006 0.73234 64 
-0.762194 -0.0456844 -0.807079 0.797564 65 
-0.865546 -0.0473327 -0.909281 0.875009 66 
-0.991562 -0.0493423 -1.03261 0.968468 67 
-1.14862 -0.051847 -1.18439 1.08348 68 
-1.34979 -0.0550553 -1.37573 1.22847 69 
-1.61671 -0.059312 -1.62441 1.41691 70 
-1.98789 -0.0652316 -1.96077 1.67179 71 
-2.53926 -0.0740247 -2.44109 2.03576 72 
-3.44409 -0.0884547 -3.18295 2.59793 73 
-5.20257 -0.116499 -4.47992 3.58073 74 
-10.1015 -0.194625 -7.32747 5.73852 75 
-96.7144 -1.57591 -18.6386 14.3098 76 
