-5.4299 0.0985799 -3.10841 2.1592 0 
-6.70222 0.189827 -3.38967 2.5289 1 
-9.11403 0.362795 -3.77566 3.03625 2 
-15.4374 0.81629 -4.33823 3.7757 3 
-76.0014 5.15976 -5.23449 4.95377 4 
-0.126117 -0.161228 -0.111458 0.34105 20 
-0.0831937 -0.159958 -0.0724246 0.358464 21 
-0.037059 -0.158593 -0.0307775 0.377043 22 
0.0126621 -0.157122 0.0137551 0.39691 23 
0.0664046 -0.155532 0.0614839 0.418202 24 
0.124677 -0.153808 0.112766 0.44108 25 
0.188078 -0.151932 0.168013 0.465727 26 
0.257314 -0.149884 0.227703 0.492356 27 
0.333231 -0.147638 0.292396 0.521216 28 
0.416844 -0.145165 0.362747 0.552601 29 
0.509387 -0.142427 0.439532 0.586857 30 
0.61237 -0.13938 0.523678 0.624395 31 
0.727666 -0.135969 0.616294 0.665713 32 
0.857623 -0.132124 0.718729 0.711411 33 
1.00523 -0.127758 0.832631 0.762225 34 
1.17434 -0.122755 0.960039 0.819064 35 
1.37002 -0.116966 1.10351 0.883067 36 
1.59908 -0.110189 1.26628 0.955682 37 
1.87084 -0.102149 1.45252 1.03877 38 
2.19847 -0.0924566 1.66772 1.13477 39 
-5.4299 0.0985799 -3.10841 2.1592 40 
-3.97775 0.0274462 -2.52805 1.80712 41 
-3.07529 -0.0167613 -2.09809 1.54627 42 
-2.46007 -0.0468979 -1.76676 1.34526 43 
-2.01379 -0.0687594 -1.50362 1.18562 44 
-1.67525 -0.0853426 -1.28958 1.05577 45 
-1.40965 -0.0983532 -1.11207 0.948086 46 
-1.19571 -0.108833 -0.962474 0.857332 47 
-1.01968 -0.117456 -0.834689 0.77981 48 
-0.872317 -0.124675 -0.724269 0.712822 49 
-0.74714 -0.130807 -0.627899 0.654357 50 
-0.63949 -0.13608 -0.543058 0.602887 51 
-0.545927 -0.140663 -0.467794 0.557227 52 
-0.463856 -0.144683 -0.400571 0.516445 53 
-0.391282 -0.148238 -0.340167 0.4798 54 
-0.326646 -0.151405 -0.285594 0.446692 55 
-0.268715 -0.154242 -0.236046 0.416634 56 
-0.216495 -0.1568 -0.190861 0.389221 57 
-0.169183 -0.159118 -0.149485 0.36412 58 
-0.126117 -0.161228 -0.111458 0.34105 59 
20.262 1.36588 3.72824 4.28438 72 
7.66416 0.348807 2.99014 3.15616 73 
4.96396 0.130811 2.54845 2.48102 74 
3.78688 0.0357817 2.25449 2.03167 75 
3.1277 -0.0174364 2.04475 1.71108 76 
2.70625 -0.0514617 1.88757 1.47083 77 
2.41357 -0.0750907 1.76541 1.28409 78 
2.19847 -0.0924566 1.66772 1.13477 79 
