4 -4 2 1 -0.571826 0.247507 
4 -3.57895 2 1 -0.505976 0.242272 
4 -3.15789 2 1 -0.439038 0.23695 
4 -2.73684 2 1 -0.370984 0.231539 
4 -2.31579 2 1 -0.301787 0.226038 
4 -1.89474 2 1 -0.231416 0.220443 
4 -1.47368 2 1 -0.159843 0.214752 
4 -1.05263 2 1 -0.0870353 0.208964 
4 -0.631579 2 1 -0.0129614 0.203074 
4 -0.210526 2 1 0.062412 0.197082 
4 0.210526 2 1 0.13912 0.190983 
4 0.631579 2 1 0.217197 0.184776 
4 1.05263 2 1 0.296681 0.178456 
4 1.47368 2 1 0.377611 0.172022 
4 1.89474 2 1 0.460025 0.16547 
4 2.31579 2 1 0.543966 0.158796 
4 2.73684 2 1 0.629476 0.151997 
4 3.15789 2 1 0.716599 0.145071 
4 3.57895 2 1 0.805382 0.138012 
4 4 2 1 0.895873 0.130818 
-1.89474 -4 2 1 -42.5775 13.4719 
-1.47368 -4 2 1 -7.8743 2.54649 
-1.05263 -4 2 1 -4.29028 1.41816 
-0.631579 -4 2 1 -2.92523 0.988413 
-0.210526 -4 2 1 -2.20554 0.761839 
0.210526 -4 2 1 -1.76105 0.621903 
0.631579 -4 2 1 -1.45925 0.526888 
1.05263 -4 2 1 -1.24093 0.458155 
1.47368 -4 2 1 -1.07566 0.406125 
1.89474 -4 2 1 -0.946199 0.365368 
2.31579 -4 2 1 -0.842049 0.332579 
2.73684 -4 2 1 -0.756447 0.30563 
3.15789 -4 2 1 -0.684843 0.283087 
3.57895 -4 2 1 -0.624063 0.263953 
4 -4 2 1 -0.571826 0.247507 
-1.05263 4 2 1 291.574 37.8946 
-0.631579 4 2 1 9.17291 1.20614 
-0.210526 4 2 1 4.71752 0.627312 
0.210526 4 2 1 3.20098 0.430289 
0.631579 4 2 1 2.43669 0.330994 
1.05263 4 2 1 1.97616 0.271164 
1.47368 4 2 1 1.66833 0.231172 
1.89474 4 2 1 1.44804 0.202554 
2.31579 4 2 1 1.28261 0.181061 
2.73684 4 2 1 1.15381 0.164328 
3.15789 4 2 1 1.05069 0.150931 
3.57895 4 2 1 0.966266 0.139963 
4 4 2 1 0.895873 0.130818 
4 -4 6 1 -0.520683 0.942582 
4 -3.57895 6 1 -0.452499 0.943058 
4 -3.15789 6 1 -0.383156 0.943542 
4 -2.73684 6 1 -0.312624 0.944033 
4 -2.31579 6 1 -0.24087 0.944534 
4 -1.89474 6 1 -0.167864 0.945043 
4 -1.47368 6 1 -0.0935729 0.945561 
4 -1.05263 6 1 -0.0179614 0.946089 
4 -0.631579 6 1 0.0590055 0.946626 
4 -0.210526 6 1 0.137365 0.947172 
4 0.210526 6 1 0.217154 0.947729 
4 0.631579 6 1 0.298413 0.948295 
4 1.05263 6 1 0.381183 0.948873 
4 1.47368 6 1 0.465507 0.949461 
4 1.89474 6 1 0.551428 0.95006 
4 2.31579 6 1 0.638992 0.950671 
4 2.73684 6 1 0.728247 0.951293 
4 3.15789 6 1 0.819243 0.951928 
4 3.57895 6 1 0.91203 0.952575 
4 4 6 1 1.00666 0.953235 
-1.47368 -4 6 1 -10.4954 15.1674 
-1.05263 -4 6 1 -4.70792 6.91392 
-0.631579 -4 6 1 -3.00464 4.48491 
-0.210526 -4 6 1 -2.18986 3.32296 
0.210526 -4 6 1 -1.71218 2.64175 
0.631579 -4 6 1 -1.39825 2.19406 
1.05263 -4 6 1 -1.1762 1.8774 
1.47368 -4 6 1 -1.01083 1.64157 
1.89474 -4 6 1 -0.882902 1.45914 
2.31579 -4 6 1 -0.780992 1.3138 
2.73684 -4 6 1 -0.697894 1.1953 
3.15789 -4 6 1 -0.62884 1.09682 
3.57895 -4 6 1 -0.570548 1.01369 
4 -4 6 1 -0.520683 0.942582 
-0.631579 4 6 1 16.3593 16.9276 
-0.210526 4 6 1 6.43138 6.59765 
0.210526 4 6 1 4.03662 4.1059 
0.631579 4 6 1 2.95918 2.98483 
1.05263 4 6 1 2.34658 2.34742 
1.47368 4 6 1 1.95138 1.93621 
1.89474 4 6 1 1.67529 1.64894 
2.31579 4 6 1 1.47151 1.43691 
2.73684 4 6 1 1.31493 1.27398 
3.15789 4 6 1 1.19084 1.14488 
3.57895 4 6 1 1.09009 1.04005 
4 4 6 1 1.00666 0.953235 
