4 -4 2 1 -0.595097 0.24607 
4 -3.57895 2 1 -0.527497 0.240455 
4 -3.15789 2 1 -0.458972 0.234763 
4 -2.73684 2 1 -0.389502 0.228993 
4 -2.31579 2 1 -0.319069 0.223142 
4 -1.89474 2 1 -0.247651 0.21721 
4 -1.47368 2 1 -0.175228 0.211194 
4 -1.05263 2 1 -0.101779 0.205093 
4 -0.631579 2 1 -0.027282 0.198905 
4 -0.210526 2 1 0.0482862 0.192628 
4 0.210526 2 1 0.124949 0.18626 
4 0.631579 2 1 0.202729 0.179799 
4 1.05263 2 1 0.281653 0.173243 
4 1.47368 2 1 0.361744 0.16659 
4 1.89474 2 1 0.44303 0.159838 
4 2.31579 2 1 0.525537 0.152985 
4 2.73684 2 1 0.609293 0.146028 
4 3.15789 2 1 0.694326 0.138964 
4 3.57895 2 1 0.780666 0.131792 
4 4 2 1 0.868344 0.12451 
-1.89474 -4 2 1 -7155.55 2070.96 
-1.47368 -4 2 1 -9.61198 2.85564 
-1.05263 -4 2 1 -4.75956 1.45131 
-0.631579 -4 2 1 -3.14062 0.98277 
-0.210526 -4 2 1 -2.33088 0.748423 
0.210526 -4 2 1 -1.84495 0.607788 
0.631579 -4 2 1 -1.52095 0.514022 
1.05263 -4 2 1 -1.28951 0.44704 
1.47368 -4 2 1 -1.11592 0.396802 
1.89474 -4 2 1 -0.980899 0.357725 
2.31579 -4 2 1 -0.872879 0.326463 
2.73684 -4 2 1 -0.784496 0.300884 
3.15789 -4 2 1 -0.710842 0.279568 
3.57895 -4 2 1 -0.648518 0.261531 
4 -4 2 1 -0.595097 0.24607 
-1.05263 4 2 1 45.7828 4.76545 
-0.631579 4 2 1 7.88477 0.849507 
-0.210526 4 2 1 4.3547 0.48475 
0.210526 4 2 1 3.02719 0.34758 
0.631579 4 2 1 2.33101 0.275644 
1.05263 4 2 1 1.90231 0.231348 
1.47368 4 2 1 1.61178 0.201328 
1.89474 4 2 1 1.40189 0.17964 
2.31579 4 2 1 1.24316 0.163239 
2.73684 4 2 1 1.11892 0.150401 
3.15789 4 2 1 1.01903 0.140079 
3.57895 4 2 1 0.936961 0.1316 
4 4 2 1 0.868344 0.12451 
4 -4 6 1 -0.550005 0.960046 
4 -3.57895 6 1 -0.479465 0.959254 
4 -3.15789 6 1 -0.407922 0.958451 
4 -2.73684 6 1 -0.335354 0.957636 
4 -2.31579 6 1 -0.26174 0.95681 
4 -1.89474 6 1 -0.187055 0.955971 
4 -1.47368 6 1 -0.111278 0.955121 
4 -1.05263 6 1 -0.0343828 0.954257 
4 -0.631579 6 1 0.0436544 0.953381 
4 -0.210526 6 1 0.12286 0.952492 
4 0.210526 6 1 0.203259 0.951589 
4 0.631579 6 1 0.28488 0.950673 
4 1.05263 6 1 0.367751 0.949742 
4 1.47368 6 1 0.4519 0.948798 
4 1.89474 6 1 0.537357 0.947838 
4 2.31579 6 1 0.624154 0.946864 
4 2.73684 6 1 0.712322 0.945874 
4 3.15789 6 1 0.801893 0.944868 
4 3.57895 6 1 0.892901 0.943846 
4 4 6 1 0.985382 0.942808 
-1.47368 -4 6 1 -18.0603 25.6293 
-1.05263 -4 6 1 -5.80816 8.36798 
-0.631579 -4 6 1 -3.42814 5.0149 
-0.210526 -4 6 1 -2.4151 3.58767 
0.210526 -4 6 1 -1.85409 2.7973 
0.631579 -4 6 1 -1.49774 2.29526 
1.05263 -4 6 1 -1.25134 1.94813 
1.47368 -4 6 1 -1.07081 1.69378 
1.89474 -4 6 1 -0.932842 1.4994 
2.31579 -4 6 1 -0.823975 1.34603 
2.73684 -4 6 1 -0.73588 1.22192 
3.15789 -4 6 1 -0.66313 1.11942 
3.57895 -4 6 1 -0.602036 1.03335 
4 -4 6 1 -0.550005 0.960046 
-0.631579 4 6 1 15.1863 15.3331 
-0.210526 4 6 1 6.23925 6.26676 
0.210526 4 6 1 3.9536 3.95063 
0.631579 4 6 1 2.90805 2.89113 
1.05263 4 6 1 2.30872 2.2838 
1.47368 4 6 1 1.92019 1.89009 
1.89474 4 6 1 1.64788 1.61415 
2.31579 4 6 1 1.44643 1.41001 
2.73684 4 6 1 1.29136 1.25287 
3.15789 4 6 1 1.16831 1.12817 
3.57895 4 6 1 1.06829 1.02682 
4 4 6 1 0.985382 0.942808 
