-4 -4 2 1 -0.0468136 -0.145773 
-4 -3.57895 2 1 -0.0863 -0.145817 
-4 -3.15789 2 1 -0.129559 -0.145865 
-4 -2.73684 2 1 -0.17716 -0.145918 
-4 -2.31579 2 1 -0.229789 -0.145976 
-4 -1.89474 2 1 -0.288289 -0.146042 
-4 -1.47368 2 1 -0.353699 -0.146115 
-4 -1.05263 2 1 -0.427322 -0.146197 
-4 -0.631579 2 1 -0.510806 -0.14629 
-4 -0.210526 2 1 -0.606276 -0.146396 
-4 0.210526 2 1 -0.716513 -0.146519 
-4 0.631579 2 1 -0.84523 -0.146662 
-4 1.05263 2 1 -0.997498 -0.146832 
-4 1.47368 2 1 -1.18043 -0.147036 
-4 1.89474 2 1 -1.40434 -0.147285 
-4 2.31579 2 1 -1.68471 -0.147597 
-4 2.73684 2 1 -2.04599 -0.148 
-4 3.15789 2 1 -2.5291 -0.148538 
-4 3.57895 2 1 -3.20819 -0.149295 
-4 4 2 1 -4.23282 -0.150436 
4 -4 2 1 2.49351 -0.566287 
4 -3.57895 2 1 2.76303 -0.634132 
4 -3.15789 2 1 3.13597 -0.72801 
4 -2.73684 2 1 3.68598 -0.866461 
4 -2.31579 2 1 4.57843 -1.09111 
4 -1.89474 2 1 6.27767 -1.51885 
4 -1.47368 2 1 10.7802 -2.65224 
4 -1.05263 2 1 57.6919 -14.4611 
-4 -4 2 1 -0.0468136 -0.145773 
-3.57895 -4 2 1 -0.00318665 -0.152994 
-3.15789 -4 2 1 0.043833 -0.160778 
-2.73684 -4 2 1 0.0946572 -0.169191 
-2.31579 -4 2 1 0.149767 -0.178314 
-1.89474 -4 2 1 0.209728 -0.188239 
-1.47368 -4 2 1 0.275211 -0.199079 
-1.05263 -4 2 1 0.347016 -0.210965 
-0.631579 -4 2 1 0.426103 -0.224057 
-0.210526 -4 2 1 0.513641 -0.238548 
0.210526 -4 2 1 0.61106 -0.254674 
0.631579 -4 2 1 0.720134 -0.27273 
1.05263 -4 2 1 0.843085 -0.293083 
1.47368 -4 2 1 0.982745 -0.316201 
1.89474 -4 2 1 1.14276 -0.34269 
2.31579 -4 2 1 1.32795 -0.373345 
2.73684 -4 2 1 1.54474 -0.409232 
3.15789 -4 2 1 1.80198 -0.451815 
3.57895 -4 2 1 2.11217 -0.503161 
4 -4 2 1 2.49351 -0.566287 
-4 4 2 1 -4.23282 -0.150436 
-3.57895 4 2 1 -5.038 -0.203118 
-3.15789 4 2 1 -6.42852 -0.294097 
-2.73684 4 2 1 -9.40714 -0.488983 
-2.31579 4 2 1 -20.3163 -1.20275 
-4 -4 6 1 0.00364213 0.375966 
-4 -3.57895 6 1 -0.0321917 0.398849 
-4 -3.15789 6 1 -0.0713195 0.423836 
-4 -2.73684 6 1 -0.114217 0.45123 
-4 -2.31579 6 1 -0.161457 0.481397 
-4 -1.89474 6 1 -0.213734 0.514781 
-4 -1.47368 6 1 -0.271899 0.551925 
-4 -1.05263 6 1 -0.337005 0.593501 
-4 -0.631579 6 1 -0.410375 0.640355 
-4 -0.210526 6 1 -0.493688 0.693558 
-4 0.210526 6 1 -0.589113 0.754495 
-4 0.631579 6 1 -0.699496 0.824986 
-4 1.05263 6 1 -0.828657 0.907467 
-4 1.47368 6 1 -0.981829 1.00528 
-4 1.89474 6 1 -1.1664 1.12315 
-4 2.31579 6 1 -1.39311 1.26793 
-4 2.73684 6 1 -1.67828 1.45003 
-4 3.15789 6 1 -2.04784 1.68603 
-4 3.57895 6 1 -2.54577 2.00401 
-4 4 6 1 -3.25301 2.45565 
4 -4 6 1 2.38121 1.01877 
4 -3.57895 6 1 2.6031 1.18406 
4 -3.15789 6 1 2.89848 1.40408 
4 -2.73684 6 1 3.31108 1.71143 
4 -2.31579 6 1 3.92795 2.17093 
4 -1.89474 6 1 4.95072 2.93278 
4 -1.47368 6 1 6.97638 4.44169 
4 -1.05263 6 1 12.899 8.85339 
4 -0.631579 6 1 317.789 235.964 
-4 -4 6 1 0.00364213 0.375966 
-3.57895 -4 6 1 0.0475154 0.387827 
-3.15789 -4 6 1 0.0946729 0.400577 
-2.73684 -4 6 1 0.145498 0.414318 
-2.31579 -4 6 1 0.200435 0.429171 
-1.89474 -4 6 1 0.260004 0.445276 
-1.47368 -4 6 1 0.324818 0.462799 
-1.05263 -4 6 1 0.3956 0.481936 
-0.631579 -4 6 1 0.473215 0.50292 
-0.210526 -4 6 1 0.558703 0.526033 
0.210526 -4 6 1 0.653325 0.551615 
0.631579 -4 6 1 0.758627 0.580085 
1.05263 -4 6 1 0.876527 0.61196 
1.47368 -4 6 1 1.00943 0.647892 
1.89474 -4 6 1 1.16039 0.688706 
2.31579 -4 6 1 1.33336 0.73547 
2.73684 -4 6 1 1.53353 0.789588 
3.15789 -4 6 1 1.76786 0.852943 
3.57895 -4 6 1 2.04592 0.92812 
4 -4 6 1 2.38121 1.01877 
-4 4 6 1 -3.25301 2.45565 
-3.57895 4 6 1 -3.6825 2.96256 
-3.15789 4 6 1 -4.34097 3.73975 
-2.73684 4 6 1 -5.47812 5.08193 
-2.31579 4 6 1 -7.91399 7.95697 
-1.89474 4 6 1 -16.8353 18.4867 
