-0.560571 0.245408 -0.506767 0.931129 20 
-0.495573 0.240364 -0.439717 0.9322 21 
-0.429411 0.235229 -0.371436 0.93329 22 
-0.362051 0.230001 -0.301889 0.934401 23 
-0.293463 0.224678 -0.231042 0.935532 24 
-0.223611 0.219256 -0.158858 0.936684 25 
-0.152461 0.213734 -0.0852987 0.937859 26 
-0.0799755 0.208108 -0.0103238 0.939056 27 
-0.00611746 0.202376 0.0661077 0.940276 28 
0.0691528 0.196534 0.144038 0.941521 29 
0.145876 0.19058 0.223513 0.94279 30 
0.224095 0.184509 0.304578 0.944084 31 
0.303854 0.178319 0.387281 0.945404 32 
0.385199 0.172005 0.471673 0.946752 33 
0.468177 0.165565 0.557806 0.948127 34 
0.552838 0.158995 0.645735 0.949531 35 
0.639234 0.152289 0.735515 0.950965 36 
0.727419 0.145445 0.827206 0.952429 37 
0.817449 0.138458 0.920871 0.953924 38 
0.909382 0.131323 1.01657 0.955452 39 
-28.1484 9.16906 -555.91 794.618 45 
-7.20276 2.39391 -8.64413 12.5597 46 
-4.08283 1.38473 -4.29234 6.34082 47 
-2.82552 0.978036 -2.82632 4.24584 48 
-2.14628 0.758326 -2.09038 3.19417 49 
-1.72096 0.62075 -1.64788 2.56182 50 
-1.42959 0.526504 -1.35249 2.13969 51 
-1.21751 0.457904 -1.1413 1.8379 52 
-1.05623 0.405734 -0.982802 1.6114 53 
-0.929441 0.364724 -0.859464 1.43514 54 
-0.827156 0.331639 -0.760754 1.29408 55 
-0.742894 0.304383 -0.679965 1.17863 56 
-0.672278 0.281541 -0.612623 1.0824 57 
-0.612241 0.262122 -0.555629 1.00095 58 
-0.560571 0.245408 -0.506767 0.931129 59 
9.94399 1.394 16.8657 17.6228 68 
4.91047 0.690514 6.50809 6.73048 69 
3.28964 0.463987 4.06955 4.16605 70 
2.48951 0.352161 2.97982 3.02006 71 
2.01267 0.285518 2.36225 2.37061 72 
1.69612 0.241277 1.96462 1.95245 73 
1.47066 0.209767 1.6872 1.6607 74 
1.30192 0.186184 1.48263 1.44557 75 
1.17089 0.167871 1.32554 1.28038 76 
1.0662 0.153239 1.20113 1.14954 77 
0.98063 0.14128 1.10016 1.04336 78 
0.909382 0.131323 1.01657 0.955452 79 
