-4 -4 2 1 0.655027 -0.123282 
-4 -3.57895 2 1 0.586869 -0.13069 
-4 -3.15789 2 1 0.517877 -0.138188 
-4 -2.73684 2 1 0.448037 -0.145778 
-4 -2.31579 2 1 0.377333 -0.153462 
-4 -1.89474 2 1 0.305748 -0.161242 
-4 -1.47368 2 1 0.233266 -0.169119 
-4 -1.05263 2 1 0.15987 -0.177095 
-4 -0.631579 2 1 0.0855434 -0.185173 
-4 -0.210526 2 1 0.0102672 -0.193354 
-4 0.210526 2 1 -0.0659766 -0.20164 
-4 0.631579 2 1 -0.143207 -0.210034 
-4 1.05263 2 1 -0.221442 -0.218536 
-4 1.47368 2 1 -0.300703 -0.22715 
-4 1.89474 2 1 -0.381009 -0.235878 
-4 2.31579 2 1 -0.462382 -0.244721 
-4 2.73684 2 1 -0.544842 -0.253683 
-4 3.15789 2 1 -0.628412 -0.262766 
-4 3.57895 2 1 -0.713115 -0.271971 
-4 4 2 1 -0.798973 -0.281302 
-4 -4 2 1 0.655027 -0.123282 
-3.57895 -4 2 1 0.711868 -0.128138 
-3.15789 -4 2 1 0.778256 -0.13381 
-2.73684 -4 2 1 0.856818 -0.140521 
-2.31579 -4 2 1 0.95124 -0.148588 
-1.89474 -4 2 1 1.06686 -0.158466 
-1.47368 -4 2 1 1.21173 -0.170842 
-1.05263 -4 2 1 1.39855 -0.186802 
-0.631579 -4 2 1 1.64862 -0.208166 
-0.210526 -4 2 1 2.00061 -0.238237 
0.210526 -4 2 1 2.53279 -0.283701 
0.631579 -4 2 1 3.4311 -0.360445 
1.05263 -4 2 1 5.27152 -0.517673 
1.47368 -4 2 1 11.1701 -1.0216 
-4 4 2 1 -0.798973 -0.281302 
-3.57895 4 2 1 -0.862656 -0.300813 
-3.15789 4 2 1 -0.938691 -0.324107 
-2.73684 4 2 1 -1.03106 -0.352406 
-2.31579 4 2 1 -1.14565 -0.387514 
-1.89474 4 2 1 -1.29159 -0.432225 
-1.47368 4 2 1 -1.48377 -0.491104 
-1.05263 4 2 1 -1.74832 -0.572153 
-0.631579 4 2 1 -2.13558 -0.690799 
-0.210526 4 2 1 -2.75673 -0.881101 
0.210526 4 2 1 -3.91531 -1.23606 
0.631579 4 2 1 -6.84064 -2.13229 
1.05263 4 2 1 -28.5454 -8.782 
-4 -4 6 1 0.568445 0.539532 
-4 -3.57895 6 1 0.502172 0.53627 
-4 -3.15789 6 1 0.435117 0.532969 
-4 -2.73684 6 1 0.367267 0.52963 
-4 -2.31579 6 1 0.298607 0.52625 
-4 -1.89474 6 1 0.229123 0.52283 
-4 -1.47368 6 1 0.1588 0.519368 
-4 -1.05263 6 1 0.0876224 0.515864 
-4 -0.631579 6 1 0.0155746 0.512318 
-4 -0.210526 6 1 -0.0573594 0.508728 
-4 0.210526 6 1 -0.131196 0.505093 
-4 0.631579 6 1 -0.205952 0.501413 
-4 1.05263 6 1 -0.281645 0.497687 
-4 1.47368 6 1 -0.358292 0.493914 
-4 1.89474 6 1 -0.435912 0.490094 
-4 2.31579 6 1 -0.514524 0.486224 
-4 2.73684 6 1 -0.594145 0.482305 
-4 3.15789 6 1 -0.674797 0.478335 
-4 3.57895 6 1 -0.756499 0.474313 
-4 4 6 1 -0.839272 0.470239 
-4 -4 6 1 0.568445 0.539532 
-3.57895 -4 6 1 0.616698 0.584286 
-3.15789 -4 6 1 0.672727 0.636252 
-2.73684 -4 6 1 0.738577 0.697326 
-2.31579 -4 6 1 0.817078 0.770135 
-1.89474 -4 6 1 0.912264 0.858418 
-1.47368 -4 6 1 1.03009 0.967697 
-1.05263 -4 6 1 1.17971 1.10647 
-0.631579 -4 6 1 1.37602 1.28854 
-0.210526 -4 6 1 1.6449 1.53793 
0.210526 -4 6 1 2.03573 1.90041 
0.631579 -4 6 1 2.65579 2.4755 
1.05263 -4 6 1 3.79043 3.52786 
1.47368 -4 6 1 6.53457 6.073 
1.89474 -4 6 1 22.667 21.0356 
-4 4 6 1 -0.839272 0.470239 
-3.57895 4 6 1 -0.903655 0.51517 
-3.15789 4 6 1 -0.979945 0.568412 
-2.73684 4 6 1 -1.07178 0.632503 
-2.31579 4 6 1 -1.18446 0.711136 
-1.89474 4 6 1 -1.32597 0.809894 
-1.47368 4 6 1 -1.50901 0.937637 
-1.05263 4 6 1 -1.75502 1.10932 
-0.631579 4 6 1 -2.10322 1.35232 
-0.210526 4 6 1 -2.63399 1.72274 
0.210526 4 6 1 -3.54194 2.35638 
0.631579 4 6 1 -5.45068 3.68844 
1.05263 4 6 1 -12.0466 8.29158 
