1.24832 0.0292366 1.13749 1.01088 0 
1.11065 0.0183825 1.00491 0.966763 1 
0.982116 0.00824873 0.881048 0.925548 2 
0.861836 -0.00123413 0.765069 0.886956 3 
0.749042 -0.0101268 0.656244 0.850745 4 
0.643055 -0.0184828 0.553933 0.816701 5 
0.543278 -0.0263492 0.457566 0.784635 6 
0.449181 -0.0337679 0.36664 0.75438 7 
0.360291 -0.040776 0.280707 0.725786 8 
0.276188 -0.0474067 0.199368 0.69872 9 
0.196495 -0.0536896 0.122262 0.673063 10 
0.120876 -0.0596515 0.0490685 0.648708 11 
0.0490239 -0.0653163 -0.0205034 0.625558 12 
-0.0193346 -0.0707057 -0.086716 0.603526 13 
-0.0844486 -0.0758393 -0.149807 0.582533 14 
-0.146544 -0.0807349 -0.209992 0.562506 15 
-0.205825 -0.0854086 -0.267467 0.543382 16 
-0.262479 -0.0898752 -0.322411 0.525099 17 
-0.316678 -0.0941483 -0.374988 0.507604 18 
-0.368577 -0.09824 -0.425347 0.490847 19 
1.24832 0.0292366 1.13749 1.01088 40 
1.34571 0.0296074 1.2218 1.11758 41 
1.46706 0.0300695 1.32659 1.25021 42 
1.62244 0.0306612 1.46036 1.41953 43 
1.82853 0.031446 1.63706 1.64318 44 
2.11498 0.0325368 1.88133 1.95234 45 
2.54015 0.0341559 2.24104 2.40762 46 
3.23705 0.0368097 2.82339 3.1447 47 
4.58849 0.041956 3.92771 4.54242 48 
8.33303 0.0562152 6.82565 8.21029 49 
69.9308 0.29078 34.7721 43.5817 50 
-0.368577 -0.09824 -0.425347 0.490847 60 
-0.414152 -0.10601 -0.474166 0.51978 61 
-0.465816 -0.114819 -0.529462 0.552553 62 
-0.524877 -0.124889 -0.592618 0.589983 63 
-0.593045 -0.136512 -0.665438 0.633141 64 
-0.672604 -0.150076 -0.750322 0.683449 65 
-0.766669 -0.166114 -0.850539 0.742845 66 
-0.879603 -0.185369 -0.970659 0.814036 67 
-1.01772 -0.208918 -1.11726 0.900922 68 
-1.1905 -0.238377 -1.30019 1.00934 69 
-1.41286 -0.276289 -1.53486 1.14842 70 
-1.70971 -0.326902 -1.84682 1.33331 71 
-2.12604 -0.397886 -2.28182 1.59112 72 
-2.75214 -0.504634 -2.9305 1.97557 73 
-3.79992 -0.683279 -4.00157 2.61036 74 
-5.9117 -1.04334 -6.10678 3.85805 75 
-12.3799 -2.14616 -12.1417 7.43476 76 
