-0.390049 0.10333 -0.402569 0.75027 0 
-0.430869 0.0996275 -0.449147 0.790992 1 
-0.47708 0.0954358 -0.502668 0.837784 2 
-0.529824 0.0906515 -0.564809 0.892112 3 
-0.590592 0.0851392 -0.637834 0.955955 4 
-0.661368 0.0787193 -0.724877 1.03205 5 
-0.744843 0.0711473 -0.830404 1.12431 6 
-0.844773 0.0620827 -0.961 1.23849 7 
-0.966557 0.0510359 -1.12681 1.38345 8 
-1.11824 0.0372768 -1.34428 1.57358 9 
-1.31238 0.0196666 -1.64201 1.83388 10 
-1.5697 -0.00367434 -2.07452 2.21201 11 
-1.92703 -0.0360873 -2.76007 2.81137 12 
-2.45674 -0.084137 -4.01254 3.90637 13 
-3.32324 -0.162736 -7.03092 6.54525 14 
-4.99738 -0.314595 -24.474 21.7953 15 
1.02218 -0.00259572 1.23529 0.926415 20 
1.08902 -0.0173028 1.33657 1.00642 21 
1.16889 -0.0348747 1.46158 1.10517 22 
1.26599 -0.0562389 1.61974 1.23011 23 
1.38658 -0.0827713 1.82626 1.39326 24 
1.54035 -0.116606 2.10735 1.6153 25 
1.7432 -0.161237 2.51226 1.93516 26 
2.02307 -0.222814 3.14592 2.43572 27 
2.43411 -0.313252 4.2785 3.3304 28 
3.09676 -0.459048 6.88186 5.38693 29 
4.34391 -0.733449 19.1253 15.0586 30 
-0.390049 0.10333 -0.402569 0.75027 40 
-0.336061 0.0992809 -0.342642 0.756714 41 
-0.280406 0.0951064 -0.280651 0.763381 42 
-0.223005 0.090801 -0.216487 0.770282 43 
-0.163776 0.0863584 -0.150033 0.777429 44 
-0.10263 0.0817721 -0.0811653 0.784835 45 
-0.0394716 0.0770348 -0.00974905 0.792516 46 
0.0258001 0.072139 0.0643596 0.800486 47 
0.0932926 0.0670766 0.141316 0.808762 48 
0.163121 0.061839 0.221287 0.817363 49 
0.23541 0.0564169 0.304453 0.826307 50 
0.310291 0.0508004 0.391011 0.835616 51 
0.387905 0.0449788 0.481172 0.845312 52 
0.468406 0.0389407 0.575165 0.855421 53 
0.551958 0.0326738 0.67324 0.865969 54 
0.638736 0.0261648 0.775669 0.876984 55 
0.728933 0.0193995 0.882748 0.8885 56 
0.822754 0.0123623 0.994802 0.900551 57 
0.920422 0.00503663 1.11219 0.913175 58 
1.02218 -0.00259572 1.23529 0.926415 59 
