-0.558882 0.0765161 -0.639721 0.788133 0 
-0.603194 0.0678259 -0.697238 0.834568 1 
-0.654052 0.0578517 -0.764667 0.889005 2 
-0.713023 0.0462863 -0.844814 0.95371 3 
-0.782218 0.0327159 -0.94165 1.03189 4 
-0.864547 0.0165697 -1.06099 1.12824 5 
-0.964142 -0.00296269 -1.21173 1.24993 6 
-1.08707 -0.0270712 -1.4081 1.40846 7 
-1.24262 -0.0575773 -1.67455 1.62358 8 
-1.44576 -0.0974172 -2.05674 1.93213 9 
-1.72229 -0.151649 -2.65099 2.41187 10 
-2.12072 -0.229788 -3.70153 3.26 11 
-2.74446 -0.352115 -6.06152 5.16527 12 
-3.85998 -0.57089 -16.2285 13.3733 13 
0.767778 0.064991 0.88964 0.869297 20 
0.820519 0.0543388 0.962706 0.929834 21 
0.882092 0.0419025 1.05037 1.00247 22 
0.954921 0.0271928 1.1575 1.09122 23 
1.0424 0.00952383 1.29138 1.20215 24 
1.14945 -0.0120974 1.46346 1.34472 25 
1.28346 -0.039164 1.69281 1.53474 26 
1.45608 -0.0740295 2.01374 1.80064 27 
1.68682 -0.120632 2.49476 2.19918 28 
2.01094 -0.186097 3.2955 2.86262 29 
2.49955 -0.284784 4.89337 4.18649 30 
3.32041 -0.450577 9.65818 8.13426 31 
4.98701 -0.787187 1062.96 880.826 32 
-0.558882 0.0765161 -0.639721 0.788133 40 
-0.495888 0.0759689 -0.568227 0.791927 41 
-0.432205 0.0754157 -0.495839 0.795769 42 
-0.367823 0.0748563 -0.422541 0.799659 43 
-0.302729 0.0742909 -0.348315 0.803598 44 
-0.236912 0.0737191 -0.273143 0.807588 45 
-0.17036 0.0731409 -0.197008 0.811628 46 
-0.10306 0.0725563 -0.119891 0.815721 47 
-0.0349995 0.071965 -0.0417718 0.819867 48 
0.0338342 0.071367 0.0373682 0.824067 49 
0.103454 0.0707622 0.117549 0.828322 50 
0.173875 0.0701505 0.198793 0.832633 51 
0.245109 0.0695316 0.281119 0.837003 52 
0.317172 0.0689056 0.36455 0.84143 53 
0.390077 0.0682722 0.449109 0.845918 54 
0.46384 0.0676314 0.534818 0.850467 55 
0.538476 0.0669831 0.621701 0.855077 56 
0.614 0.066327 0.709782 0.859752 57 
0.690429 0.065663 0.799087 0.864491 58 
0.767778 0.064991 0.88964 0.869297 59 
