-4 -0.631579 2 1 20.8592 -0.68163 
-4 -0.210526 2 1 6.83076 -0.351462 
-4 0.210526 2 1 4.18909 -0.289289 
-4 0.631579 2 1 3.07264 -0.263013 
-4 1.05263 2 1 2.4564 -0.248509 
-4 1.47368 2 1 2.06572 -0.239315 
-4 1.89474 2 1 1.79592 -0.232965 
-4 2.31579 2 1 1.59841 -0.228316 
-4 2.73684 2 1 1.44757 -0.224766 
-4 3.15789 2 1 1.32861 -0.221966 
-4 3.57895 2 1 1.23239 -0.219702 
-4 4 2 1 1.15295 -0.217832 
4 -3.15789 2 1 -27.8181 -1.26288 
4 -2.73684 2 1 -7.96973 -0.511958 
4 -2.31579 2 1 -4.5403 -0.382213 
4 -1.89474 2 1 -3.11771 -0.328393 
4 -1.47368 2 1 -2.33916 -0.298938 
4 -1.05263 2 1 -1.84802 -0.280357 
4 -0.631579 2 1 -1.50993 -0.267566 
4 -0.210526 2 1 -1.263 -0.258224 
4 0.210526 2 1 -1.07474 -0.251101 
4 0.631579 2 1 -0.92646 -0.245491 
4 1.05263 2 1 -0.806646 -0.240959 
4 1.47368 2 1 -0.707819 -0.23722 
4 1.89474 2 1 -0.62491 -0.234083 
4 2.31579 2 1 -0.554358 -0.231414 
4 2.73684 2 1 -0.493594 -0.229115 
4 3.15789 2 1 -0.440711 -0.227114 
4 3.57895 2 1 -0.394271 -0.225357 
4 4 2 1 -0.353164 -0.223802 
-4 4 2 1 1.15295 -0.217832 
-3.57895 4 2 1 1.03572 -0.218297 
-3.15789 4 2 1 0.924564 -0.218737 
-2.73684 4 2 1 0.819024 -0.219156 
-2.31579 4 2 1 0.718685 -0.219553 
-1.89474 4 2 1 0.623171 -0.219932 
-1.47368 4 2 1 0.532144 -0.220293 
-1.05263 4 2 1 0.445293 -0.220637 
-0.631579 4 2 1 0.362339 -0.220966 
-0.210526 4 2 1 0.283024 -0.22128 
0.210526 4 2 1 0.207114 -0.221581 
0.631579 4 2 1 0.134395 -0.221869 
1.05263 4 2 1 0.0646693 -0.222146 
1.47368 4 2 1 -0.00224402 -0.222411 
1.89474 4 2 1 -0.0665117 -0.222666 
2.31579 4 2 1 -0.128288 -0.222911 
2.73684 4 2 1 -0.187714 -0.223146 
3.15789 4 2 1 -0.244922 -0.223373 
3.57895 4 2 1 -0.300035 -0.223591 
4 4 2 1 -0.353164 -0.223802 
-4 -1.47368 6 1 18.9668 21.3099 
-4 -1.05263 6 1 6.29101 6.68763 
-4 -0.631579 6 1 3.8752 3.90085 
-4 -0.210526 6 1 2.85141 2.71986 
-4 0.210526 6 1 2.28561 2.06717 
-4 0.631579 6 1 1.92664 1.65308 
-4 1.05263 6 1 1.67862 1.36698 
-4 1.47368 6 1 1.497 1.15747 
-4 1.89474 6 1 1.35826 0.997421 
-4 2.31579 6 1 1.24881 0.871173 
-4 2.73684 6 1 1.16027 0.769038 
-4 3.15789 6 1 1.08717 0.684711 
-4 3.57895 6 1 1.02579 0.613908 
-4 4 6 1 0.973529 0.553617 
4 -4 6 1 -29.1221 23.1331 
4 -3.57895 6 1 -8.45498 6.75642 
4 -3.15789 6 1 -4.83523 3.88812 
4 -2.73684 6 1 -3.3294 2.6949 
4 -2.31579 6 1 -2.50423 2.04103 
4 -1.89474 6 1 -1.98328 1.62823 
4 -1.47368 6 1 -1.62451 1.34393 
4 -1.05263 6 1 -1.36237 1.13622 
4 -0.631579 6 1 -1.16247 0.977817 
4 -0.210526 6 1 -1.00499 0.853029 
4 0.210526 6 1 -0.877725 0.752182 
4 0.631579 6 1 -0.772737 0.668989 
4 1.05263 6 1 -0.684649 0.599188 
4 1.47368 6 1 -0.609684 0.539786 
4 1.89474 6 1 -0.545113 0.48862 
4 2.31579 6 1 -0.488915 0.444088 
4 2.73684 6 1 -0.439559 0.404978 
4 3.15789 6 1 -0.395869 0.370358 
4 3.57895 6 1 -0.356921 0.339496 
4 4 6 1 -0.321984 0.311811 
3.57895 -4 6 1 -101.944 88.9156 
4 -4 6 1 -29.1221 23.1331 
-4 4 6 1 0.973529 0.553617 
-3.57895 4 6 1 0.877443 0.535683 
-3.15789 4 6 1 0.785629 0.518546 
-2.73684 4 6 1 0.697808 0.502154 
-2.31579 4 6 1 0.613725 0.48646 
-1.89474 4 6 1 0.533146 0.47142 
-1.47368 4 6 1 0.455857 0.456994 
-1.05263 4 6 1 0.38166 0.443145 
-0.631579 4 6 1 0.310373 0.42984 
-0.210526 4 6 1 0.241828 0.417046 
0.210526 4 6 1 0.175871 0.404735 
0.631579 4 6 1 0.112357 0.39288 
1.05263 4 6 1 0.0511532 0.381457 
1.47368 4 6 1 -0.00786441 0.370441 
1.89474 4 6 1 -0.0648109 0.359812 
2.31579 4 6 1 -0.119793 0.34955 
2.73684 4 6 1 -0.172912 0.339635 
3.15789 4 6 1 -0.224259 0.330051 
3.57895 4 6 1 -0.273922 0.320782 
4 4 6 1 -0.321984 0.311811 
