4 -4 2 1 -0.730821 0.134799 
4 -3.57895 2 1 -0.652787 0.128607 
4 -3.15789 2 1 -0.575002 0.122435 
4 -2.73684 2 1 -0.497467 0.116282 
4 -2.31579 2 1 -0.420179 0.110149 
4 -1.89474 2 1 -0.343137 0.104036 
4 -1.47368 2 1 -0.266341 0.0979422 
4 -1.05263 2 1 -0.189788 0.0918677 
4 -0.631579 2 1 -0.113478 0.0858125 
4 -0.210526 2 1 -0.0374104 0.0797764 
4 0.210526 2 1 0.0384171 0.0737594 
4 0.631579 2 1 0.114005 0.0677614 
4 1.05263 2 1 0.189355 0.0617823 
4 1.47368 2 1 0.264468 0.055822 
4 1.89474 2 1 0.339345 0.0498805 
4 2.31579 2 1 0.413986 0.0439576 
4 2.73684 2 1 0.488394 0.0380532 
4 3.15789 2 1 0.56257 0.0321673 
4 3.57895 2 1 0.636513 0.0262998 
4 4 2 1 0.710227 0.0204506 
-1.47368 -4 2 1 -214.152 4.04347 
-1.05263 -4 2 1 -9.00133 0.286268 
-0.631579 -4 2 1 -4.60274 0.205711 
-0.210526 -4 2 1 -3.09433 0.178085 
0.210526 -4 2 1 -2.33195 0.164123 
0.631579 -4 2 1 -1.87188 0.155697 
1.05263 -4 2 1 -1.56405 0.150059 
1.47368 -4 2 1 -1.34362 0.146022 
1.89474 -4 2 1 -1.178 0.142989 
2.31579 -4 2 1 -1.04901 0.140627 
2.73684 -4 2 1 -0.945702 0.138735 
3.15789 -4 2 1 -0.861104 0.137185 
3.57895 -4 2 1 -0.790554 0.135893 
4 -4 2 1 -0.730821 0.134799 
-1.47368 4 2 1 21.9377 -2.95563 
-1.05263 4 2 1 6.71577 -0.821524 
-0.631579 4 2 1 3.96092 -0.435295 
-0.210526 4 2 1 2.80683 -0.273491 
0.210526 4 2 1 2.17236 -0.18454 
0.631579 4 2 1 1.77108 -0.12828 
1.05263 4 2 1 1.49438 -0.0894871 
1.47368 4 2 1 1.29204 -0.0611194 
1.89474 4 2 1 1.13764 -0.0394723 
2.31579 4 2 1 1.01594 -0.0224106 
2.73684 4 2 1 0.917555 -0.00861674 
3.15789 4 2 1 0.836365 0.00276598 
3.57895 4 2 1 0.768227 0.012319 
4 4 2 1 0.710227 0.0204506 
4 -4 6 1 -0.737147 0.943649 
4 -3.57895 6 1 -0.651618 0.935442 
4 -3.15789 6 1 -0.566389 0.927263 
4 -2.73684 6 1 -0.481459 0.919113 
4 -2.31579 6 1 -0.396826 0.910991 
4 -1.89474 6 1 -0.312488 0.902898 
4 -1.47368 6 1 -0.228444 0.894833 
4 -1.05263 6 1 -0.144693 0.886796 
4 -0.631579 6 1 -0.0612318 0.878787 
4 -0.210526 6 1 0.0219396 0.870805 
4 0.210526 6 1 0.104823 0.862851 
4 0.631579 6 1 0.187421 0.854925 
4 1.05263 6 1 0.269733 0.847026 
4 1.47368 6 1 0.351762 0.839155 
4 1.89474 6 1 0.433509 0.83131 
4 2.31579 6 1 0.514976 0.823492 
4 2.73684 6 1 0.596164 0.815701 
4 3.15789 6 1 0.677074 0.807937 
4 3.57895 6 1 0.757708 0.800199 
4 4 6 1 0.838067 0.792487 
-0.631579 -4 6 1 -9.60212 10.9848 
-0.210526 -4 6 1 -4.55577 5.26891 
0.210526 -4 6 1 -2.98903 3.4943 
0.631579 -4 6 1 -2.22564 2.62963 
1.05263 -4 6 1 -1.7738 2.11785 
1.47368 -4 6 1 -1.47512 1.77953 
1.89474 -4 6 1 -1.263 1.53928 
2.31579 -4 6 1 -1.10458 1.35984 
2.73684 -4 6 1 -0.981763 1.22072 
3.15789 -4 6 1 -0.883753 1.10971 
3.57895 -4 6 1 -0.803725 1.01906 
4 -4 6 1 -0.737147 0.943649 
-1.05263 4 6 1 34.9717 27.7491 
-0.631579 4 6 1 8.03347 6.47496 
-0.210526 4 6 1 4.53363 3.71101 
0.210526 4 6 1 3.15578 2.62287 
0.631579 4 6 1 2.41899 2.041 
1.05263 4 6 1 1.96031 1.67876 
1.47368 4 6 1 1.64727 1.43154 
1.89474 4 6 1 1.42001 1.25207 
2.31579 4 6 1 1.24752 1.11585 
2.73684 4 6 1 1.11213 1.00893 
3.15789 4 6 1 1.00304 0.922769 
3.57895 4 6 1 0.913251 0.851863 
4 4 6 1 0.838067 0.792487 
