2.772 0.700857 4.29381 4.34924 0 
2.28626 0.631233 3.29193 3.57549 1 
1.90733 0.57692 2.60101 3.0419 2 
1.60348 0.533367 2.09574 2.65168 3 
1.3544 0.497664 1.71014 2.35389 4 
1.14651 0.467866 1.40621 2.11917 5 
0.970367 0.442618 1.16048 1.92939 6 
0.819219 0.420953 0.957701 1.77279 7 
0.688097 0.402159 0.787512 1.64135 8 
0.573268 0.3857 0.642642 1.52947 9 
0.471874 0.371166 0.517831 1.43308 10 
0.381686 0.358239 0.409184 1.34917 11 
0.300945 0.346666 0.313752 1.27547 12 
0.22824 0.336245 0.229261 1.21022 13 
0.162428 0.326812 0.153933 1.15204 14 
0.102573 0.318232 0.0863527 1.09985 15 
0.0479011 0.310396 0.0253839 1.05277 16 
-0.00223254 0.30321 -0.0298985 1.01007 17 
-0.0483707 0.296597 -0.0802545 0.971183 18 
-0.0909726 0.29049 -0.126315 0.935611 19 
-5.74582 0.756113 -23.4965 19.1089 38 
-4.73635 0.619882 -11.6866 9.07807 39 
2.772 0.700857 4.29381 4.34924 40 
3.13049 0.792163 5.46117 5.76426 41 
3.6575 0.926388 7.84618 8.65528 42 
4.50835 1.14309 15.4308 17.849 43 
-0.0909726 0.29049 -0.126315 0.935611 60 
-0.135469 0.293645 -0.177897 0.971943 61 
-0.184203 0.297101 -0.235005 1.01217 62 
-0.237809 0.300902 -0.298579 1.05694 63 
-0.297056 0.305103 -0.369781 1.1071 64 
-0.362885 0.309771 -0.450072 1.16365 65 
-0.436456 0.314988 -0.541312 1.22791 66 
-0.51922 0.320856 -0.645903 1.30158 67 
-0.613016 0.327507 -0.767007 1.38688 68 
-0.720207 0.335108 -0.908871 1.4868 69 
-0.843883 0.343877 -1.07733 1.60546 70 
-0.988164 0.354108 -1.28065 1.74866 71 
-1.15867 0.366198 -1.53087 1.92491 72 
-1.36325 0.380704 -1.84637 2.14713 73 
-1.61328 0.398433 -2.25651 2.43601 74 
-1.92577 0.420591 -2.81139 2.82683 75 
-2.32749 0.449076 -3.60403 3.38513 76 
-2.863 0.487048 -4.82895 4.24789 77 
-3.61252 0.540194 -6.97231 5.75756 78 
-4.73635 0.619882 -11.6866 9.07807 79 
