-0.370602 -0.179591 -0.301497 0.385024 20 
-0.319443 -0.185911 -0.252229 0.391529 21 
-0.265817 -0.192535 -0.200746 0.398326 22 
-0.209543 -0.199486 -0.146898 0.405436 23 
-0.150418 -0.206789 -0.0905173 0.41288 24 
-0.0882214 -0.214472 -0.0314206 0.420682 25 
-0.0227062 -0.222565 0.0305929 0.42887 26 
0.0464001 -0.231101 0.0957447 0.437472 27 
0.119401 -0.240119 0.164279 0.44652 28 
0.196635 -0.249659 0.236467 0.456051 29 
0.278482 -0.259769 0.312608 0.466104 30 
0.365368 -0.270502 0.393035 0.476723 31 
0.457772 -0.281916 0.478123 0.487957 32 
0.556237 -0.294079 0.568287 0.499862 33 
0.661381 -0.307067 0.663997 0.512498 34 
0.773907 -0.320967 0.765779 0.525936 35 
0.89462 -0.335878 0.87423 0.540255 36 
1.02445 -0.351915 0.990029 0.555544 37 
1.16446 -0.36921 1.11395 0.571906 38 
1.31591 -0.387918 1.24687 0.589456 39 
-59.487 -2.5304 -8.56055 6.78861 42 
-10.3326 -0.575738 -4.86112 3.92029 43 
-5.49947 -0.383544 -3.32583 2.72991 44 
-3.67004 -0.310795 -2.48542 2.07831 45 
-2.70802 -0.27254 -1.95519 1.6672 46 
-2.11474 -0.248948 -1.59017 1.38419 47 
-1.71227 -0.232944 -1.32355 1.17747 48 
-1.42132 -0.221374 -1.12027 1.01986 49 
-1.20118 -0.21262 -0.96016 0.895712 50 
-1.0288 -0.205765 -0.830781 0.7954 51 
-0.890166 -0.200252 -0.724063 0.712657 52 
-0.776244 -0.195722 -0.634531 0.643239 53 
-0.68097 -0.191933 -0.558344 0.584167 54 
-0.600112 -0.188718 -0.492724 0.53329 55 
-0.530628 -0.185955 -0.435616 0.489011 56 
-0.470276 -0.183555 -0.385464 0.450126 57 
-0.417366 -0.181451 -0.34107 0.415706 58 
-0.370602 -0.179591 -0.301497 0.385024 59 
13.3258 -3.47403 5.32413 4.09637 70 
5.69501 -1.51319 3.61975 2.63041 71 
3.7261 -1.00725 2.79025 1.91694 72 
2.82276 -0.775124 2.29958 1.49491 73 
2.30419 -0.64187 1.97535 1.21603 74 
1.96772 -0.555409 1.74515 1.01803 75 
1.73176 -0.494775 1.57325 0.870179 76 
1.55712 -0.449899 1.44 0.755568 77 
1.42264 -0.415344 1.33368 0.664119 78 
1.31591 -0.387918 1.24687 0.589456 79 
