-0.311454 0.19077 -0.295682 0.822772 0 
-0.35159 0.1951 -0.338566 0.868782 1 
-0.396821 0.199979 -0.387442 0.921221 2 
-0.448183 0.20552 -0.44366 0.981538 3 
-0.507014 0.211866 -0.509011 1.05165 4 
-0.57507 0.219207 -0.585915 1.13416 5 
-0.654707 0.227798 -0.677733 1.23267 6 
-0.749153 0.237986 -0.78927 1.35234 7 
-0.862965 0.250263 -0.927642 1.5008 8 
-1.00278 0.265345 -1.10386 1.68986 9 
-1.17865 0.284317 -1.3359 1.93883 10 
-1.40661 0.308907 -1.6553 2.28151 11 
-1.7138 0.342043 -2.12281 2.7831 12 
-2.15021 0.38912 -2.87258 3.58753 13 
-2.81913 0.461277 -4.27071 5.08759 14 
-3.97379 0.585832 -7.7989 8.87298 15 
-6.44495 0.852401 -33.8878 36.8638 16 
1.21664 0.0982059 1.47033 1.14771 20 
1.30105 0.0962304 1.5979 1.26609 21 
1.40393 0.0938225 1.75862 1.41524 22 
1.53209 0.0908227 1.96734 1.60893 23 
1.69616 0.0869824 2.24934 1.87063 24 
1.9137 0.0818908 2.65143 2.24378 25 
2.21593 0.074817 3.2711 2.81883 26 
2.66424 0.064324 4.35042 3.82044 27 
3.39832 0.0471425 6.70232 6.00301 28 
4.8192 0.0138856 15.8101 14.455 29 
-0.311454 0.19077 -0.295682 0.822772 40 
-0.259992 0.187653 -0.239229 0.833159 41 
-0.206427 0.184408 -0.180258 0.84401 42 
-0.150631 0.181028 -0.118597 0.855355 43 
-0.0924587 0.177505 -0.0540571 0.86723 44 
-0.0317566 0.173828 0.0135672 0.879673 45 
0.0316444 0.169987 0.0845028 0.892725 46 
0.0979284 0.165972 0.158999 0.906432 47 
0.167297 0.16177 0.237331 0.920844 48 
0.239969 0.157368 0.319803 0.936019 49 
0.316189 0.152751 0.406752 0.952017 50 
0.396221 0.147903 0.498552 0.968908 51 
0.480358 0.142806 0.595621 0.986768 52 
0.568927 0.137441 0.698427 1.00568 53 
0.662285 0.131786 0.807493 1.02575 54 
0.760832 0.125817 0.923409 1.04708 55 
0.865012 0.119506 1.04684 1.06979 56 
0.975325 0.112824 1.17855 1.09402 57 
1.09233 0.105736 1.31938 1.11994 58 
1.21664 0.0982059 1.47033 1.14771 59 
