-4 -2.73684 2 1 23.5704 2.06848 
-4 -2.31579 2 1 7.30277 0.662518 
-4 -1.89474 2 1 4.25029 0.398701 
-4 -1.47368 2 1 2.96124 0.287293 
-4 -1.05263 2 1 2.24998 0.225822 
-4 -0.631579 2 1 1.79917 0.186859 
-4 -0.210526 2 1 1.48788 0.159955 
-4 0.210526 2 1 1.26003 0.140263 
-4 0.631579 2 1 1.08603 0.125224 
-4 1.05263 2 1 0.948806 0.113365 
-4 1.47368 2 1 0.837817 0.103772 
-4 1.89474 2 1 0.746195 0.0958538 
-4 2.31579 2 1 0.669277 0.089206 
-4 2.73684 2 1 0.603786 0.0835459 
-4 3.15789 2 1 0.547352 0.0786685 
-4 3.57895 2 1 0.498218 0.074422 
-4 4 2 1 0.455053 0.0706914 
4 -1.05263 2 1 -20.9634 6.94429 
4 -0.631579 2 1 -6.37869 2.0727 
4 -0.210526 2 1 -3.83356 1.22257 
4 0.210526 2 1 -2.77559 0.869185 
4 0.631579 2 1 -2.19604 0.675602 
4 1.05263 2 1 -1.83023 0.553416 
4 1.47368 2 1 -1.57834 0.469277 
4 1.89474 2 1 -1.39431 0.407808 
4 2.31579 2 1 -1.25399 0.360936 
4 2.73684 2 1 -1.14344 0.324012 
4 3.15789 2 1 -1.05411 0.294173 
4 3.57895 2 1 -0.980419 0.269559 
4 4 2 1 -0.918592 0.248907 
-4 4 2 1 0.455053 0.0706914 
-3.57895 4 2 1 0.399782 0.0778623 
-3.15789 4 2 1 0.343044 0.0852234 
-2.73684 4 2 1 0.284783 0.0927822 
-2.31579 4 2 1 0.224934 0.100547 
-1.89474 4 2 1 0.163434 0.108526 
-1.47368 4 2 1 0.100211 0.116728 
-1.05263 4 2 1 0.035193 0.125164 
-0.631579 4 2 1 -0.0316976 0.133842 
-0.210526 4 2 1 -0.100543 0.142774 
0.210526 4 2 1 -0.17143 0.151971 
0.631579 4 2 1 -0.244452 0.161445 
1.05263 4 2 1 -0.319705 0.171208 
1.47368 4 2 1 -0.397294 0.181274 
1.89474 4 2 1 -0.477329 0.191658 
2.31579 4 2 1 -0.559927 0.202374 
2.73684 4 2 1 -0.645215 0.213439 
3.15789 4 2 1 -0.733325 0.224871 
3.57895 4 2 1 -0.8244 0.236687 
4 4 2 1 -0.918592 0.248907 
-4 -2.73684 6 1 21.8783 19.5938 
-4 -2.31579 6 1 7.55212 6.89532 
-4 -1.89474 6 1 4.49762 4.18786 
-4 -1.47368 6 1 3.16786 3.00918 
-4 -1.05263 6 1 2.42365 2.34952 
-4 -0.631579 6 1 1.948 1.92792 
-4 -0.210526 6 1 1.61777 1.63521 
-4 0.210526 6 1 1.37511 1.42012 
-4 0.631579 6 1 1.18927 1.25539 
-4 1.05263 6 1 1.04238 1.12519 
-4 1.47368 6 1 0.923357 1.01969 
-4 1.89474 6 1 0.824958 0.932469 
-4 2.31579 6 1 0.742251 0.859158 
-4 2.73684 6 1 0.671758 0.796675 
-4 3.15789 6 1 0.610961 0.742785 
-4 3.57895 6 1 0.557987 0.69583 
-4 4 6 1 0.511418 0.654552 
4 -1.05263 6 1 -15.7007 25.0592 
4 -0.631579 6 1 -5.39442 8.39289 
4 -0.210526 6 1 -3.32392 5.0447 
4 0.210526 6 1 -2.43561 3.60822 
4 0.631579 6 1 -1.94186 2.80978 
4 1.05263 6 1 -1.62757 2.30154 
4 1.47368 6 1 -1.40994 1.94961 
4 1.89474 6 1 -1.25032 1.69149 
4 2.31579 6 1 -1.12825 1.49409 
4 2.73684 6 1 -1.03187 1.33823 
4 3.15789 6 1 -0.953839 1.21205 
4 3.57895 6 1 -0.889378 1.10781 
4 4 6 1 -0.835228 1.02025 
-4 4 6 1 0.511418 0.654552 
-3.57895 4 6 1 0.457151 0.669288 
-3.15789 4 6 1 0.401452 0.684414 
-2.73684 4 6 1 0.344264 0.699944 
-2.31579 4 6 1 0.285527 0.715895 
-1.89474 4 6 1 0.225176 0.732284 
-1.47368 4 6 1 0.163145 0.749129 
-1.05263 4 6 1 0.099361 0.766451 
-0.631579 4 6 1 0.0337501 0.784268 
-0.210526 4 6 1 -0.0337677 0.802603 
0.210526 4 6 1 -0.103277 0.821479 
0.631579 4 6 1 -0.174867 0.840921 
1.05263 4 6 1 -0.248632 0.860952 
1.47368 4 6 1 -0.324674 0.881602 
1.89474 4 6 1 -0.403099 0.9029 
2.31579 4 6 1 -0.484021 0.924875 
2.73684 4 6 1 -0.567561 0.947561 
3.15789 4 6 1 -0.653849 0.970994 
3.57895 4 6 1 -0.743022 0.99521 
4 4 6 1 -0.835228 1.02025 
