-4 -2.73684 2 1 12.808 0.339008 
-4 -2.31579 2 1 5.80014 0.180647 
-4 -1.89474 2 1 3.68627 0.132879 
-4 -1.47368 2 1 2.66657 0.109836 
-4 -1.05263 2 1 2.06616 0.0962679 
-4 -0.631579 2 1 1.67054 0.0873277 
-4 -0.210526 2 1 1.39019 0.0809925 
-4 0.210526 2 1 1.18114 0.0762685 
-4 0.631579 2 1 1.01926 0.0726105 
-4 1.05263 2 1 0.890207 0.0696941 
-4 1.47368 2 1 0.784909 0.0673146 
-4 1.89474 2 1 0.697363 0.0653363 
-4 2.31579 2 1 0.623428 0.0636655 
-4 2.73684 2 1 0.560158 0.0622358 
-4 3.15789 2 1 0.505402 0.0609984 
-4 3.57895 2 1 0.457549 0.059917 
-4 4 2 1 0.415371 0.0589639 
4 -0.631579 2 1 -9.26225 2.34737 
4 -0.210526 2 1 -4.72368 1.18683 
4 0.210526 2 1 -3.22615 0.803905 
4 0.631579 2 1 -2.48022 0.613169 
4 1.05263 2 1 -2.03357 0.498958 
4 1.47368 2 1 -1.73618 0.422914 
4 1.89474 2 1 -1.52395 0.368644 
4 2.31579 2 1 -1.36487 0.327967 
4 2.73684 2 1 -1.2412 0.296345 
4 3.15789 2 1 -1.1423 0.271056 
4 3.57895 2 1 -1.06141 0.250372 
4 4 2 1 -0.994022 0.23314 
-4 4 2 1 0.415371 0.0589639 
-3.57895 4 2 1 0.361839 0.0655796 
-3.15789 4 2 1 0.306624 0.0724031 
-2.73684 4 2 1 0.249648 0.0794444 
-2.31579 4 2 1 0.190824 0.0867139 
-1.89474 4 2 1 0.130061 0.0942232 
-1.47368 4 2 1 0.0672618 0.101984 
-1.05263 4 2 1 0.00232157 0.11001 
-0.631579 4 2 1 -0.0648707 0.118313 
-0.210526 4 2 1 -0.134434 0.12691 
0.210526 4 2 1 -0.206497 0.135816 
0.631579 4 2 1 -0.281196 0.145047 
1.05263 4 2 1 -0.358678 0.154623 
1.47368 4 2 1 -0.439102 0.164562 
1.89474 4 2 1 -0.52264 0.174885 
2.31579 4 2 1 -0.609474 0.185617 
2.73684 4 2 1 -0.699805 0.19678 
3.15789 4 2 1 -0.793847 0.208402 
3.57895 4 2 1 -0.891835 0.220511 
4 4 2 1 -0.994022 0.23314 
-4 -2.73684 6 1 17.6178 14.7101 
-4 -2.31579 6 1 7.00129 5.99768 
-4 -1.89474 6 1 4.29759 3.77889 
-4 -1.47368 6 1 3.06195 2.76486 
-4 -1.05263 6 1 2.35398 2.18387 
-4 -0.631579 6 1 1.89515 1.80733 
-4 -0.210526 6 1 1.57363 1.54347 
-4 0.210526 6 1 1.33579 1.34829 
-4 0.631579 6 1 1.15274 1.19806 
-4 1.05263 6 1 1.00749 1.07887 
-4 1.47368 6 1 0.889439 0.981987 
-4 1.89474 6 1 0.791593 0.901689 
-4 2.31579 6 1 0.709176 0.834054 
-4 2.73684 6 1 0.638805 0.776304 
-4 3.15789 6 1 0.57802 0.726421 
-4 3.57895 6 1 0.524986 0.682898 
-4 4 6 1 0.47831 0.644593 
4 -0.631579 6 1 -10.1285 15.0072 
4 -0.210526 6 1 -4.65583 6.71441 
4 0.210526 6 1 -3.08611 4.33579 
4 0.631579 6 1 -2.3416 3.20763 
4 1.05263 6 1 -1.90703 2.54911 
4 1.47368 6 1 -1.62219 2.11749 
4 1.89474 6 1 -1.42108 1.81274 
4 2.31579 6 1 -1.2715 1.58609 
4 2.73684 6 1 -1.1559 1.41092 
4 3.15789 6 1 -1.06388 1.27148 
4 3.57895 6 1 -0.988901 1.15786 
4 4 6 1 -0.926621 1.06349 
-4 4 6 1 0.47831 0.644593 
-3.57895 4 6 1 0.425173 0.660437 
-3.15789 4 6 1 0.370348 0.676783 
-2.73684 4 6 1 0.313754 0.693657 
-2.31579 4 6 1 0.255303 0.711085 
-1.89474 4 6 1 0.194903 0.729093 
-1.47368 4 6 1 0.132455 0.747713 
-1.05263 4 6 1 0.0678514 0.766975 
-0.631579 4 6 1 0.000980343 0.786913 
-0.210526 4 6 1 -0.0682803 0.807564 
0.210526 4 6 1 -0.140061 0.828966 
0.631579 4 6 1 -0.214502 0.851161 
1.05263 4 6 1 -0.291753 0.874194 
1.47368 4 6 1 -0.371977 0.898114 
1.89474 4 6 1 -0.45535 0.922972 
2.31579 4 6 1 -0.542059 0.948825 
2.73684 4 6 1 -0.63231 0.975734 
3.15789 4 6 1 -0.726323 1.00376 
3.57895 4 6 1 -0.82434 1.03299 
4 4 6 1 -0.926621 1.06349 
