4 -4 2 1 -0.370602 -0.179591 
4 -3.57895 2 1 -0.319443 -0.185911 
4 -3.15789 2 1 -0.265817 -0.192535 
4 -2.73684 2 1 -0.209543 -0.199486 
4 -2.31579 2 1 -0.150418 -0.206789 
4 -1.89474 2 1 -0.0882214 -0.214472 
4 -1.47368 2 1 -0.0227062 -0.222565 
4 -1.05263 2 1 0.0464001 -0.231101 
4 -0.631579 2 1 0.119401 -0.240119 
4 -0.210526 2 1 0.196635 -0.249659 
4 0.210526 2 1 0.278482 -0.259769 
4 0.631579 2 1 0.365368 -0.270502 
4 1.05263 2 1 0.457772 -0.281916 
4 1.47368 2 1 0.556237 -0.294079 
4 1.89474 2 1 0.661381 -0.307067 
4 2.31579 2 1 0.773907 -0.320967 
4 2.73684 2 1 0.89462 -0.335878 
4 3.15789 2 1 1.02445 -0.351915 
4 3.57895 2 1 1.16446 -0.36921 
4 4 2 1 1.31591 -0.387918 
-3.15789 -4 2 1 -59.487 -2.5304 
-2.73684 -4 2 1 -10.3326 -0.575738 
-2.31579 -4 2 1 -5.49947 -0.383544 
-1.89474 -4 2 1 -3.67004 -0.310795 
-1.47368 -4 2 1 -2.70802 -0.27254 
-1.05263 -4 2 1 -2.11474 -0.248948 
-0.631579 -4 2 1 -1.71227 -0.232944 
-0.210526 -4 2 1 -1.42132 -0.221374 
0.210526 -4 2 1 -1.20118 -0.21262 
0.631579 -4 2 1 -1.0288 -0.205765 
1.05263 -4 2 1 -0.890166 -0.200252 
1.47368 -4 2 1 -0.776244 -0.195722 
1.89474 -4 2 1 -0.68097 -0.191933 
2.31579 -4 2 1 -0.600112 -0.188718 
2.73684 -4 2 1 -0.530628 -0.185955 
3.15789 -4 2 1 -0.470276 -0.183555 
3.57895 -4 2 1 -0.417366 -0.181451 
4 -4 2 1 -0.370602 -0.179591 
0.210526 4 2 1 13.3258 -3.47403 
0.631579 4 2 1 5.69501 -1.51319 
1.05263 4 2 1 3.7261 -1.00725 
1.47368 4 2 1 2.82276 -0.775124 
1.89474 4 2 1 2.30419 -0.64187 
2.31579 4 2 1 1.96772 -0.555409 
2.73684 4 2 1 1.73176 -0.494775 
3.15789 4 2 1 1.55712 -0.449899 
3.57895 4 2 1 1.42264 -0.415344 
4 4 2 1 1.31591 -0.387918 
4 -4 6 1 -0.301497 0.385024 
4 -3.57895 6 1 -0.252229 0.391529 
4 -3.15789 6 1 -0.200746 0.398326 
4 -2.73684 6 1 -0.146898 0.405436 
4 -2.31579 6 1 -0.0905173 0.41288 
4 -1.89474 6 1 -0.0314206 0.420682 
4 -1.47368 6 1 0.0305929 0.42887 
4 -1.05263 6 1 0.0957447 0.437472 
4 -0.631579 6 1 0.164279 0.44652 
4 -0.210526 6 1 0.236467 0.456051 
4 0.210526 6 1 0.312608 0.466104 
4 0.631579 6 1 0.393035 0.476723 
4 1.05263 6 1 0.478123 0.487957 
4 1.47368 6 1 0.568287 0.499862 
4 1.89474 6 1 0.663997 0.512498 
4 2.31579 6 1 0.765779 0.525936 
4 2.73684 6 1 0.87423 0.540255 
4 3.15789 6 1 0.990029 0.555544 
4 3.57895 6 1 1.11395 0.571906 
4 4 6 1 1.24687 0.589456 
-3.57895 -4 6 1 -29.9246 23.353 
-3.15789 -4 6 1 -8.56055 6.78861 
-2.73684 -4 6 1 -4.86112 3.92029 
-2.31579 -4 6 1 -3.32583 2.72991 
-1.89474 -4 6 1 -2.48542 2.07831 
-1.47368 -4 6 1 -1.95519 1.6672 
-1.05263 -4 6 1 -1.59017 1.38419 
-0.631579 -4 6 1 -1.32355 1.17747 
-0.210526 -4 6 1 -1.12027 1.01986 
0.210526 -4 6 1 -0.96016 0.895712 
0.631579 -4 6 1 -0.830781 0.7954 
1.05263 -4 6 1 -0.724063 0.712657 
1.47368 -4 6 1 -0.634531 0.643239 
1.89474 -4 6 1 -0.558344 0.584167 
2.31579 -4 6 1 -0.492724 0.53329 
2.73684 -4 6 1 -0.435616 0.489011 
3.15789 -4 6 1 -0.385464 0.450126 
3.57895 -4 6 1 -0.34107 0.415706 
4 -4 6 1 -0.301497 0.385024 
-0.210526 4 6 1 10.8319 8.83367 
0.210526 4 6 1 5.32413 4.09637 
0.631579 4 6 1 3.61975 2.63041 
1.05263 4 6 1 2.79025 1.91694 
1.47368 4 6 1 2.29958 1.49491 
1.89474 4 6 1 1.97535 1.21603 
2.31579 4 6 1 1.74515 1.01803 
2.73684 4 6 1 1.57325 0.870179 
3.15789 4 6 1 1.44 0.755568 
3.57895 4 6 1 1.33368 0.664119 
4 4 6 1 1.24687 0.589456 
