-4 4 2 1 2965.68 643.322 
4 -4 2 1 -1.75336 0.352863 
4 -3.57895 2 1 -1.52839 0.347517 
4 -3.15789 2 1 -1.33031 0.34281 
4 -2.73684 2 1 -1.15458 0.338634 
4 -2.31579 2 1 -0.997622 0.334904 
4 -1.89474 2 1 -0.856572 0.331552 
4 -1.47368 2 1 -0.729132 0.328523 
4 -1.05263 2 1 -0.613423 0.325773 
4 -0.631579 2 1 -0.507895 0.323265 
4 -0.210526 2 1 -0.411263 0.320969 
4 0.210526 2 1 -0.322446 0.318858 
4 0.631579 2 1 -0.240533 0.316912 
4 1.05263 2 1 -0.16475 0.315111 
4 1.47368 2 1 -0.0944332 0.31344 
4 1.89474 2 1 -0.0290116 0.311885 
4 2.31579 2 1 0.0320086 0.310435 
4 2.73684 2 1 0.0890571 0.309079 
4 3.15789 2 1 0.14251 0.307809 
4 3.57895 2 1 0.192695 0.306616 
4 4 2 1 0.239905 0.305494 
0.631579 -4 2 1 -33.165 6.37467 
1.05263 -4 2 1 -8.07932 1.56559 
1.47368 -4 2 1 -4.81705 0.940192 
1.89474 -4 2 1 -3.53254 0.693942 
2.31579 -4 2 1 -2.84561 0.562255 
2.73684 -4 2 1 -2.41796 0.48027 
3.15789 -4 2 1 -2.12609 0.424317 
3.57895 -4 2 1 -1.91419 0.383695 
4 -4 2 1 -1.75336 0.352863 
-4 4 2 1 2965.68 643.322 
-3.57895 4 2 1 14.9117 3.48689 
-3.15789 4 2 1 7.18641 1.81175 
-2.73684 4 2 1 4.6023 1.25142 
-2.31579 4 2 1 3.30856 0.970891 
-1.89474 4 2 1 2.53176 0.802454 
-1.47368 4 2 1 2.01368 0.690114 
-1.05263 4 2 1 1.64351 0.609847 
-0.631579 4 2 1 1.36581 0.549633 
-0.210526 4 2 1 1.1498 0.502792 
0.210526 4 2 1 0.976961 0.465315 
0.631579 4 2 1 0.835534 0.434649 
1.05263 4 2 1 0.717668 0.409091 
1.47368 4 2 1 0.617928 0.387463 
1.89474 4 2 1 0.532432 0.368925 
2.31579 4 2 1 0.45833 0.352857 
2.73684 4 2 1 0.393489 0.338797 
3.15789 4 2 1 0.336273 0.32639 
3.57895 4 2 1 0.285413 0.315362 
4 4 2 1 0.239905 0.305494 
4 -4 6 1 -2.32715 2.11487 
4 -3.57895 6 1 -2.00057 1.96826 
4 -3.15789 6 1 -1.72204 1.84321 
4 -2.73684 6 1 -1.48169 1.73531 
4 -2.31579 6 1 -1.27217 1.64125 
4 -1.89474 6 1 -1.08791 1.55853 
4 -1.47368 6 1 -0.924597 1.48521 
4 -1.05263 6 1 -0.778852 1.41978 
4 -0.631579 6 1 -0.647986 1.36103 
4 -0.210526 6 1 -0.529831 1.30799 
4 0.210526 6 1 -0.422621 1.25986 
4 0.631579 6 1 -0.324902 1.21599 
4 1.05263 6 1 -0.235467 1.17583 
4 1.47368 6 1 -0.153306 1.13895 
4 1.89474 6 1 -0.0775658 1.10495 
4 2.31579 6 1 -0.00752226 1.0735 
4 2.73684 6 1 0.0574441 1.04434 
4 3.15789 6 1 0.117866 1.01721 
4 3.57895 6 1 0.174204 0.991918 
4 4 6 1 0.226859 0.968279 
1.47368 -4 6 1 -22.0527 24.5422 
1.89474 -4 6 1 -8.03255 8.60173 
2.31579 -4 6 1 -5.08853 5.25447 
2.73684 -4 6 1 -3.81176 3.80282 
3.15789 -4 6 1 -3.09848 2.99185 
3.57895 -4 6 1 -2.64309 2.47409 
4 -4 6 1 -2.32715 2.11487 
-3.15789 4 6 1 57.8518 61.0318 
-2.73684 4 6 1 10.649 11.8315 
-2.31579 4 6 1 5.63154 6.60168 
-1.89474 4 6 1 3.7133 4.60226 
-1.47368 4 6 1 2.70035 3.54644 
-1.05263 4 6 1 2.07417 2.89377 
-0.631579 4 6 1 1.64876 2.45036 
-0.210526 4 6 1 1.34091 2.12947 
0.210526 4 6 1 1.10779 1.88649 
0.631579 4 6 1 0.925144 1.69611 
1.05263 4 6 1 0.778178 1.54293 
1.47368 4 6 1 0.657368 1.41701 
1.89474 4 6 1 0.556301 1.31166 
2.31579 4 6 1 0.470503 1.22223 
2.73684 4 6 1 0.396758 1.14537 
3.15789 4 6 1 0.332692 1.07859 
3.57895 4 6 1 0.276516 1.02004 
4 4 6 1 0.226859 0.968279 
