4 -4 2 1 -0.499689 0.193941 
4 -3.57895 2 1 -0.439393 0.189795 
4 -3.15789 2 1 -0.377535 0.185542 
4 -2.73684 2 1 -0.314054 0.181177 
4 -2.31579 2 1 -0.248886 0.176696 
4 -1.89474 2 1 -0.181962 0.172094 
4 -1.47368 2 1 -0.11321 0.167367 
4 -1.05263 2 1 -0.0425541 0.162509 
4 -0.631579 2 1 0.0300854 0.157514 
4 -0.210526 2 1 0.104793 0.152378 
4 0.210526 2 1 0.18166 0.147092 
4 0.631579 2 1 0.260779 0.141652 
4 1.05263 2 1 0.342253 0.13605 
4 1.47368 2 1 0.426186 0.130279 
4 1.89474 2 1 0.512693 0.124331 
4 2.31579 2 1 0.601894 0.118198 
4 2.73684 2 1 0.693916 0.11187 
4 3.15789 2 1 0.788895 0.10534 
4 3.57895 2 1 0.886977 0.0985957 
4 4 2 1 0.988316 0.0916278 
-2.31579 -4 2 1 -91.4387 28.9548 
-1.89474 -4 2 1 -9.16132 2.93332 
-1.47368 -4 2 1 -4.73739 1.53418 
-1.05263 -4 2 1 -3.1551 1.03376 
-0.631579 -4 2 1 -2.34209 0.77663 
-0.210526 -4 2 1 -1.84707 0.62007 
0.210526 -4 2 1 -1.51398 0.514726 
0.631579 -4 2 1 -1.27454 0.438999 
1.05263 -4 2 1 -1.09412 0.381939 
1.47368 -4 2 1 -0.953295 0.337401 
1.89474 -4 2 1 -0.840318 0.30167 
2.31579 -4 2 1 -0.747673 0.27237 
2.73684 -4 2 1 -0.670323 0.247907 
3.15789 -4 2 1 -0.60477 0.227175 
3.57895 -4 2 1 -0.548507 0.20938 
4 -4 2 1 -0.499689 0.193941 
-0.631579 4 2 1 18.9515 2.69042 
-0.210526 4 2 1 6.35335 0.867802 
0.210526 4 2 1 3.87712 0.509559 
0.631579 4 2 1 2.82022 0.356655 
1.05263 4 2 1 2.23418 0.27187 
1.47368 4 2 1 1.86166 0.217977 
1.89474 4 2 1 1.60395 0.180693 
2.31579 4 2 1 1.41506 0.153366 
2.73684 4 2 1 1.27067 0.132477 
3.15789 4 2 1 1.15672 0.115991 
3.57895 4 2 1 1.06449 0.102648 
4 4 2 1 0.988316 0.0916278 
4 -4 6 1 -0.434448 0.828027 
4 -3.57895 6 1 -0.373513 0.831974 
4 -3.15789 6 1 -0.311005 0.836022 
4 -2.73684 6 1 -0.246863 0.840177 
4 -2.31579 6 1 -0.181022 0.844442 
4 -1.89474 6 1 -0.113412 0.848821 
4 -1.47368 6 1 -0.043962 0.853319 
4 -1.05263 6 1 0.0274043 0.857942 
4 -0.631579 6 1 0.100767 0.862693 
4 -0.210526 6 1 0.176212 0.86758 
4 0.210526 6 1 0.253829 0.872607 
4 0.631579 6 1 0.333712 0.877782 
4 1.05263 6 1 0.415963 0.883109 
4 1.47368 6 1 0.500688 0.888597 
4 1.89474 6 1 0.588001 0.894252 
4 2.31579 6 1 0.678022 0.900083 
4 2.73684 6 1 0.770879 0.906098 
4 3.15789 6 1 0.866709 0.912305 
4 3.57895 6 1 0.965656 0.918714 
4 4 6 1 1.06787 0.925334 
-2.31579 -4 6 1 -58.3519 79.9375 
-1.89474 -4 6 1 -7.95255 11.097 
-1.47368 -4 6 1 -4.18587 5.95209 
-1.05263 -4 6 1 -2.802 4.06186 
-0.631579 -4 6 1 -2.0832 3.08006 
-0.210526 -4 6 1 -1.64292 2.47868 
0.210526 -4 6 1 -1.34556 2.07251 
0.631579 -4 6 1 -1.13123 1.77977 
1.05263 -4 6 1 -0.969434 1.55876 
1.47368 -4 6 1 -0.842955 1.38601 
1.89474 -4 6 1 -0.741369 1.24725 
2.31579 -4 6 1 -0.657986 1.13336 
2.73684 -4 6 1 -0.588316 1.0382 
3.15789 -4 6 1 -0.529233 0.957494 
3.57895 -4 6 1 -0.478494 0.888189 
4 -4 6 1 -0.434448 0.828027 
-0.631579 4 6 1 19.0585 20.3645 
-0.210526 4 6 1 6.7833 7.10094 
0.210526 4 6 1 4.18435 4.29274 
0.631579 4 6 1 3.05491 3.07236 
1.05263 4 6 1 2.42333 2.38992 
1.47368 4 6 1 2.01987 1.95398 
1.89474 4 6 1 1.73985 1.65141 
2.31579 4 6 1 1.53413 1.42913 
2.73684 4 6 1 1.37661 1.25892 
3.15789 4 6 1 1.25211 1.12441 
3.57895 4 6 1 1.15125 1.01543 
4 4 6 1 1.06787 0.925334 
