4 -4 2 1 -1.04718 0.0769451 
4 -3.57895 2 1 -0.934907 0.0779427 
4 -3.15789 2 1 -0.827542 0.0788967 
4 -2.73684 2 1 -0.724774 0.0798099 
4 -2.31579 2 1 -0.626313 0.0806848 
4 -1.89474 2 1 -0.531893 0.0815237 
4 -1.47368 2 1 -0.441272 0.082329 
4 -1.05263 2 1 -0.354223 0.0831025 
4 -0.631579 2 1 -0.270541 0.083846 
4 -0.210526 2 1 -0.190034 0.0845614 
4 0.210526 2 1 -0.112524 0.0852501 
4 0.631579 2 1 -0.0378463 0.0859137 
4 1.05263 2 1 0.0341506 0.0865534 
4 1.47368 2 1 0.103609 0.0871706 
4 1.89474 2 1 0.17066 0.0877664 
4 2.31579 2 1 0.235428 0.0883419 
4 2.73684 2 1 0.298027 0.0888982 
4 3.15789 2 1 0.358564 0.0894361 
4 3.57895 2 1 0.417139 0.0899565 
4 4 2 1 0.473847 0.0904604 
-0.631579 -4 2 1 -39.4619 -6.09665 
-0.210526 -4 2 1 -7.48515 -0.957695 
0.210526 -4 2 1 -4.23842 -0.435916 
0.631579 -4 2 1 -3.00453 -0.237619 
1.05263 -4 2 1 -2.35459 -0.133168 
1.47368 -4 2 1 -1.95339 -0.06869 
1.89474 -4 2 1 -1.68106 -0.0249247 
2.31579 -4 2 1 -1.48411 0.00672735 
2.73684 -4 2 1 -1.33504 0.0306838 
3.15789 -4 2 1 -1.21829 0.049447 
3.57895 -4 2 1 -1.12437 0.0645406 
4 -4 2 1 -1.04718 0.0769451 
-2.73684 4 2 1 112.418 -17.248 
-2.31579 4 2 1 10.4105 -1.44858 
-1.89474 4 2 1 5.34138 -0.663448 
-1.47368 4 2 1 3.53784 -0.384106 
-1.05263 4 2 1 2.61309 -0.240876 
-0.631579 4 2 1 2.05066 -0.153764 
-0.210526 4 2 1 1.67249 -0.0951922 
0.210526 4 2 1 1.40079 -0.0531087 
0.631579 4 2 1 1.19613 -0.0214103 
1.05263 4 2 1 1.03643 0.00332495 
1.47368 4 2 1 0.908337 0.0231643 
1.89474 4 2 1 0.803316 0.0394305 
2.31579 4 2 1 0.715647 0.0530091 
2.73684 4 2 1 0.641358 0.0645153 
3.15789 4 2 1 0.577604 0.07439 
3.57895 4 2 1 0.52229 0.0829572 
4 4 2 1 0.473847 0.0904604 
4 -4 6 1 -1.24669 1.15021 
4 -3.57895 6 1 -1.10608 1.1225 
4 -3.15789 6 1 -0.972849 1.09625 
4 -2.73684 6 1 -0.846428 1.07134 
4 -2.31579 6 1 -0.726308 1.04767 
4 -1.89474 6 1 -0.612028 1.02515 
4 -1.47368 6 1 -0.503174 1.00371 
4 -1.05263 6 1 -0.399368 0.983252 
4 -0.631579 6 1 -0.300267 0.963725 
4 -0.210526 6 1 -0.205557 0.945064 
4 0.210526 6 1 -0.114954 0.927211 
4 0.631579 6 1 -0.0281955 0.910117 
4 1.05263 6 1 0.0549576 0.893733 
4 1.47368 6 1 0.134726 0.878015 
4 1.89474 6 1 0.211311 0.862925 
4 2.31579 6 1 0.284901 0.848425 
4 2.73684 6 1 0.355667 0.834482 
4 3.15789 6 1 0.423769 0.821063 
4 3.57895 6 1 0.489356 0.80814 
4 4 6 1 0.552562 0.795686 
0.210526 -4 6 1 -33.4096 31.9341 
0.631579 -4 6 1 -7.44275 7.0806 
1.05263 -4 6 1 -4.28691 4.06007 
1.47368 -4 6 1 -3.05731 2.88319 
1.89474 -4 6 1 -2.40273 2.25668 
2.31579 -4 6 1 -1.99625 1.86763 
2.73684 -4 6 1 -1.7193 1.60255 
3.15789 -4 6 1 -1.51846 1.41033 
3.57895 -4 6 1 -1.36616 1.26455 
4 -4 6 1 -1.24669 1.15021 
-1.89474 4 6 1 73.6302 54.1668 
-1.47368 4 6 1 9.67233 7.45617 
-1.05263 4 6 1 5.06491 4.09121 
-0.631579 4 6 1 3.37795 2.85916 
-0.210526 4 6 1 2.50296 2.22013 
0.210526 4 6 1 1.96742 1.829 
0.631579 4 6 1 1.60589 1.56497 
1.05263 4 6 1 1.34542 1.37473 
1.47368 4 6 1 1.14882 1.23115 
1.89474 4 6 1 0.995171 1.11894 
2.31579 4 6 1 0.871782 1.02882 
2.73684 4 6 1 0.770515 0.954864 
3.15789 4 6 1 0.68591 0.893075 
3.57895 4 6 1 0.614168 0.840679 
4 4 6 1 0.552562 0.795686 
