-4 -4 2 1 -1.66307 -0.502109 
-4 -3.57895 2 1 -1.79779 -0.548168 
-4 -3.15789 2 1 -1.97038 -0.607172 
-4 -2.73684 2 1 -2.1994 -0.685468 
-4 -2.31579 2 1 -2.51794 -0.794368 
-4 -1.89474 2 1 -2.99124 -0.956175 
-4 -1.47368 2 1 -3.76826 -1.22182 
-4 -1.05263 2 1 -5.27946 -1.73845 
-4 -0.631579 2 1 -9.49731 -3.18042 
-4 -0.210526 2 1 -86.0213 -29.3418 
4 -4 2 1 0.193464 -0.18082 
4 -3.57895 2 1 0.23344 -0.183574 
4 -3.15789 2 1 0.277838 -0.186632 
4 -2.73684 2 1 0.327431 -0.190048 
4 -2.31579 2 1 0.383191 -0.193889 
4 -1.89474 2 1 0.446343 -0.198239 
4 -1.47368 2 1 0.518462 -0.203207 
4 -1.05263 2 1 0.601602 -0.208934 
4 -0.631579 2 1 0.698501 -0.215608 
4 -0.210526 2 1 0.81288 -0.223487 
4 0.210526 2 1 0.949939 -0.232928 
4 0.631579 2 1 1.11717 -0.244447 
4 1.05263 2 1 1.32575 -0.258815 
4 1.47368 2 1 1.59321 -0.277239 
4 1.89474 2 1 1.94856 -0.301716 
4 2.31579 2 1 2.44364 -0.335819 
4 2.73684 2 1 3.18103 -0.386612 
4 3.15789 2 1 4.39626 -0.470321 
4 3.57895 2 1 6.77648 -0.634277 
4 4 2 1 13.539 -1.1001 
-4 -4 2 1 -1.66307 -0.502109 
-3.57895 -4 2 1 -1.4606 -0.467071 
-3.15789 -4 2 1 -1.2809 -0.435972 
-2.73684 -4 2 1 -1.12033 -0.408183 
-2.31579 -4 2 1 -0.97598 -0.383203 
-1.89474 -4 2 1 -0.845519 -0.360625 
-1.47368 -4 2 1 -0.727031 -0.34012 
-1.05263 -4 2 1 -0.618941 -0.321414 
-0.631579 -4 2 1 -0.519938 -0.304281 
-0.210526 -4 2 1 -0.428923 -0.288529 
0.210526 -4 2 1 -0.344965 -0.274 
0.631579 -4 2 1 -0.267275 -0.260555 
1.05263 -4 2 1 -0.195176 -0.248077 
1.47368 -4 2 1 -0.128085 -0.236467 
1.89474 -4 2 1 -0.0654992 -0.225636 
2.31579 -4 2 1 -0.00697816 -0.215508 
2.73684 -4 2 1 0.0478612 -0.206018 
3.15789 -4 2 1 0.0993557 -0.197106 
3.57895 -4 2 1 0.147802 -0.188722 
4 -4 2 1 0.193464 -0.18082 
3.57895 4 2 1 26.9282 -2.44586 
4 4 2 1 13.539 -1.1001 
-4 -4 6 1 -1.62767 0.638385 
-4 -3.57895 6 1 -1.74604 0.724149 
-4 -3.15789 6 1 -1.89423 0.831519 
-4 -2.73684 6 1 -2.08513 0.969834 
-4 -2.31579 6 1 -2.34032 1.15473 
-4 -1.89474 6 1 -2.69885 1.41449 
-4 -1.47368 6 1 -3.23942 1.80615 
-4 -1.05263 6 1 -4.14783 2.46432 
-4 -0.631579 6 1 -5.99321 3.80136 
-4 -0.210526 6 1 -11.7689 7.98603 
4 -4 6 1 0.13727 0.348684 
4 -3.57895 6 1 0.172773 0.37264 
4 -3.15789 6 1 0.21203 0.399131 
4 -2.73684 6 1 0.255672 0.42858 
4 -2.31579 6 1 0.304476 0.461512 
4 -1.89474 6 1 0.359416 0.498585 
4 -1.47368 6 1 0.421726 0.540631 
4 -1.05263 6 1 0.492995 0.588722 
4 -0.631579 6 1 0.575307 0.644265 
4 -0.210526 6 1 0.671442 0.709136 
4 0.210526 6 1 0.785203 0.785901 
4 0.631579 6 1 0.921926 0.878159 
4 1.05263 6 1 1.08934 0.99113 
4 1.47368 6 1 1.2991 1.13267 
4 1.89474 6 1 1.56957 1.31518 
4 2.31579 6 1 1.9316 1.55948 
4 2.73684 6 1 2.44114 1.90331 
4 3.15789 6 1 3.2114 2.42307 
4 3.57895 6 1 4.51128 3.30021 
4 4 6 1 7.17325 5.09647 
-4 -4 6 1 -1.62767 0.638385 
-3.57895 -4 6 1 -1.44298 0.60807 
-3.15789 -4 6 1 -1.27752 0.580911 
-2.73684 -4 6 1 -1.12842 0.556438 
-2.31579 -4 6 1 -0.993387 0.534273 
-1.89474 -4 6 1 -0.870507 0.514103 
-1.47368 -4 6 1 -0.758213 0.495671 
-1.05263 -4 6 1 -0.655194 0.478761 
-0.631579 -4 6 1 -0.560346 0.463192 
-0.210526 -4 6 1 -0.472734 0.448811 
0.210526 -4 6 1 -0.391561 0.435487 
0.631579 -4 6 1 -0.316141 0.423108 
1.05263 -4 6 1 -0.245885 0.411576 
1.47368 -4 6 1 -0.180279 0.400807 
1.89474 -4 6 1 -0.118877 0.390728 
2.31579 -4 6 1 -0.0612865 0.381275 
2.73684 -4 6 1 -0.00716386 0.372391 
3.15789 -4 6 1 0.0437951 0.364027 
3.57895 -4 6 1 0.0918599 0.356137 
4 -4 6 1 0.13727 0.348684 
2.73684 4 6 1 60.4886 54.2287 
3.15789 4 6 1 15.4997 12.7696 
3.57895 4 6 1 9.53102 7.26926 
4 4 6 1 7.17325 5.09647 
