12.7115 0.678623 5.89883 6.59913 12 
6.60818 0.327656 4.11331 4.30794 13 
4.6287 0.213828 3.24715 3.19648 14 
3.64896 0.157489 2.73567 2.54013 15 
3.06428 0.123868 2.39803 2.10687 16 
2.6758 0.101529 2.15848 1.79949 17 
2.39895 0.0856087 1.9797 1.57007 18 
2.19166 0.0736887 1.84117 1.3923 19 
-5.10073 -0.67987 -4.1929 2.42737 20 
-3.6635 -0.515108 -3.20342 1.93949 21 
-2.79322 -0.41534 -2.54407 1.61439 22 
-2.20968 -0.348444 -2.07327 1.38225 23 
-1.79121 -0.300471 -1.72024 1.20818 24 
-1.47645 -0.264388 -1.44572 1.07283 25 
-1.2311 -0.236261 -1.22613 0.964555 26 
-1.03447 -0.21372 -1.04649 0.87598 27 
-0.873373 -0.195252 -0.896799 0.802174 28 
-0.738967 -0.179844 -0.77015 0.739728 29 
-0.625127 -0.166793 -0.661601 0.686206 30 
-0.52747 -0.155598 -0.56753 0.639823 31 
-0.442772 -0.145889 -0.485223 0.59924 32 
-0.368616 -0.137387 -0.412602 0.563434 33 
-0.303148 -0.129882 -0.348052 0.531606 34 
-0.244927 -0.123208 -0.2903 0.503131 35 
-0.192811 -0.117233 -0.238324 0.477503 36 
-0.145889 -0.111854 -0.191299 0.454317 37 
-0.10342 -0.106986 -0.148551 0.433239 38 
-0.0648004 -0.102558 -0.10952 0.413995 39 
-117.388 -14.94 -12.477 10.0563 55 
-15.0553 -1.94406 -7.79393 5.74361 56 
-8.62734 -1.12774 -5.88303 3.98383 57 
-6.30141 -0.832352 -4.84497 3.02786 58 
-5.10073 -0.67987 -4.1929 2.42737 59 
2.19166 0.0736887 1.84117 1.3923 60 
1.89048 0.0501642 1.59594 1.26932 61 
1.63666 0.0303389 1.38584 1.16395 62 
1.41984 0.0134038 1.20382 1.07266 63 
1.23249 -0.00123001 1.0446 0.99281 64 
1.06897 -0.0140019 0.90416 0.922375 65 
0.925017 -0.0252459 0.779354 0.859783 66 
0.797311 -0.0352207 0.667711 0.803791 67 
0.68325 -0.0441298 0.567253 0.75341 68 
0.580758 -0.0521352 0.476379 0.707835 69 
0.488159 -0.0593679 0.39378 0.66641 70 
0.404088 -0.0659345 0.318375 0.628593 71 
0.327418 -0.071923 0.249264 0.593932 72 
0.257213 -0.0774066 0.18569 0.562048 73 
0.192688 -0.0824465 0.127013 0.532621 74 
0.133181 -0.0870945 0.072688 0.505376 75 
0.0781281 -0.0913945 0.0222489 0.48008 76 
0.0270477 -0.0953843 -0.0247073 0.45653 77 
-0.0204754 -0.0990962 -0.0685292 0.434553 78 
-0.0648004 -0.102558 -0.10952 0.413995 79 
