-4 -4 2 1 -1.91537 -0.419753 
-4 -3.57895 2 1 -2.08385 -0.453729 
-4 -3.15789 2 1 -2.30441 -0.498208 
-4 -2.73684 2 1 -2.60562 -0.558951 
-4 -2.31579 2 1 -3.04162 -0.646875 
-4 -1.89474 2 1 -3.72894 -0.785482 
-4 -1.47368 2 1 -4.9729 -1.03634 
-4 -1.05263 2 1 -7.90982 -1.6286 
-4 -0.631579 2 1 -23.3558 -4.74345 
4 -4 2 1 0.139547 -0.15898 
4 -3.57895 2 1 0.179185 -0.158632 
4 -3.15789 2 1 0.222975 -0.158248 
4 -2.73684 2 1 0.271606 -0.157821 
4 -2.31579 2 1 0.325926 -0.157345 
4 -1.89474 2 1 0.386998 -0.156809 
4 -1.47368 2 1 0.456162 -0.156202 
4 -1.05263 2 1 0.535141 -0.155509 
4 -0.631579 2 1 0.626185 -0.15471 
4 -0.210526 2 1 0.732285 -0.153778 
4 0.210526 2 1 0.857515 -0.152679 
4 0.631579 2 1 1.00756 -0.151363 
4 1.05263 2 1 1.19061 -0.149756 
4 1.47368 2 1 1.41889 -0.147753 
4 1.89474 2 1 1.71154 -0.145185 
4 2.31579 2 1 2.10025 -0.141774 
4 2.73684 2 1 2.6416 -0.137023 
4 3.15789 2 1 3.44747 -0.129951 
4 3.57895 2 1 4.77441 -0.118306 
4 4 2 1 7.36928 -0.0955337 
-4 -4 2 1 -1.91537 -0.419753 
-3.57895 -4 2 1 -1.66561 -0.388058 
-3.15789 -4 2 1 -1.44972 -0.360662 
-2.73684 -4 2 1 -1.26125 -0.336744 
-2.31579 -4 2 1 -1.09529 -0.315683 
-1.89474 -4 2 1 -0.948026 -0.296996 
-1.47368 -4 2 1 -0.816475 -0.280302 
-1.05263 -4 2 1 -0.698247 -0.265298 
-0.631579 -4 2 1 -0.591416 -0.251741 
-0.210526 -4 2 1 -0.494409 -0.239431 
0.210526 -4 2 1 -0.405932 -0.228203 
0.631579 -4 2 1 -0.324905 -0.21792 
1.05263 -4 2 1 -0.250427 -0.208469 
1.47368 -4 2 1 -0.181734 -0.199752 
1.89474 -4 2 1 -0.118178 -0.191686 
2.31579 -4 2 1 -0.0592022 -0.184202 
2.73684 -4 2 1 -0.00432969 -0.177238 
3.15789 -4 2 1 0.0468537 -0.170743 
3.57895 -4 2 1 0.0947078 -0.16467 
4 -4 2 1 0.139547 -0.15898 
2.73684 4 2 1 124.1 -2.32032 
3.15789 4 2 1 17.5417 -0.289411 
3.57895 4 2 1 10.0902 -0.147392 
4 4 2 1 7.36928 -0.0955337 
-4 -4 6 1 -1.76471 0.802638 
-4 -3.57895 6 1 -1.89158 0.913572 
-4 -3.15789 6 1 -2.05128 1.0532 
-4 -2.73684 6 1 -2.25842 1.23432 
-4 -2.31579 6 1 -2.53785 1.47864 
-4 -1.89474 6 1 -2.9354 1.82623 
-4 -1.47368 6 1 -3.54602 2.36013 
-4 -1.05263 6 1 -4.60376 3.28496 
-4 -0.631579 6 1 -6.88331 5.27809 
-4 -0.210526 6 1 -15.3961 12.7213 
4 -4 6 1 0.0891404 0.358424 
4 -3.57895 6 1 0.124076 0.38298 
4 -3.15789 6 1 0.162444 0.409949 
4 -2.73684 6 1 0.204776 0.439705 
4 -2.31579 6 1 0.251721 0.472702 
4 -1.89474 6 1 0.304077 0.509503 
4 -1.47368 6 1 0.362834 0.550804 
4 -1.05263 6 1 0.429245 0.597484 
4 -0.631579 6 1 0.504909 0.650668 
4 -0.210526 6 1 0.591904 0.711817 
4 0.210526 6 1 0.692981 0.782864 
4 0.631579 6 1 0.811862 0.866426 
4 1.05263 6 1 0.953703 0.966126 
4 1.47368 6 1 1.12587 1.08714 
4 1.89474 6 1 1.33925 1.23713 
4 2.31579 6 1 1.61065 1.4279 
4 2.73684 6 1 1.96747 1.6787 
4 3.15789 6 1 2.45755 2.02318 
4 3.57895 6 1 3.17271 2.52587 
4 4 6 1 4.31419 3.32822 
-4 -4 6 1 -1.76471 0.802638 
-3.57895 -4 6 1 -1.55489 0.752363 
-3.15789 -4 6 1 -1.37028 0.708128 
-2.73684 -4 6 1 -1.2066 0.668906 
-2.31579 -4 6 1 -1.06047 0.633891 
-1.89474 -4 6 1 -0.929218 0.60244 
-1.47368 -4 6 1 -0.810679 0.574036 
-1.05263 -4 6 1 -0.703091 0.548257 
-0.631579 -4 6 1 -0.605006 0.524754 
-0.210526 -4 6 1 -0.515215 0.503238 
0.210526 -4 6 1 -0.432711 0.483469 
0.631579 -4 6 1 -0.356641 0.465241 
1.05263 -4 6 1 -0.286281 0.448381 
1.47368 -4 6 1 -0.22101 0.432741 
1.89474 -4 6 1 -0.160296 0.418193 
2.31579 -4 6 1 -0.103678 0.404627 
2.73684 -4 6 1 -0.0507546 0.391945 
3.15789 -4 6 1 -0.00117591 0.380065 
3.57895 -4 6 1 0.0453655 0.368913 
4 -4 6 1 0.0891404 0.358424 
1.89474 4 6 1 286.094 337.143 
2.31579 4 6 1 14.9693 15.9509 
2.73684 4 6 1 8.40656 8.1763 
3.15789 4 6 1 6.14781 5.50045 
3.57895 4 6 1 5.00461 4.14613 
4 4 6 1 4.31419 3.32822 
