13.5858 -1.90274 80.5479 53.0971 2 
6.11943 -0.827606 10.6727 7.31835 3 
3.86469 -0.502931 5.56815 3.97408 4 
2.77662 -0.346251 3.69675 2.74803 5 
2.13582 -0.253978 2.72557 2.11176 6 
1.71353 -0.19317 2.131 1.72223 7 
1.41426 -0.150076 1.72954 1.45921 8 
1.1911 -0.117941 1.44026 1.26969 9 
1.01827 -0.0930547 1.2219 1.12663 10 
0.880486 -0.0732139 1.05123 1.01482 11 
0.768063 -0.0570252 0.914165 0.92502 12 
0.674589 -0.0435653 0.801669 0.851318 13 
0.595647 -0.0321979 0.707679 0.78974 14 
0.528092 -0.0224701 0.627976 0.737522 15 
0.469625 -0.0140512 0.559532 0.692681 16 
0.41853 -0.0066935 0.500119 0.653757 17 
0.373493 -0.000208356 0.44806 0.619651 18 
0.333498 0.00555078 0.40207 0.58952 19 
-7.72262 0.312236 -16.0941 19.2527 29 
-4.43917 0.219022 -5.86789 6.82132 30 
-3.17747 0.183204 -3.69235 4.17667 31 
-2.50978 0.164249 -2.74577 3.02597 32 
-2.09653 0.152517 -2.21615 2.38214 33 
-1.81557 0.144541 -1.8777 1.97072 34 
-1.61213 0.138766 -1.64276 1.68511 35 
-1.45802 0.134391 -1.47012 1.47525 36 
-1.33724 0.130962 -1.33792 1.31454 37 
-1.24003 0.128202 -1.23343 1.18751 38 
-1.16011 0.125933 -1.14876 1.08459 39 
0.333498 0.00555078 0.40207 0.58952 60 
0.28302 0.00961923 0.350888 0.605859 61 
0.230494 0.0138527 0.29754 0.622889 62 
0.175793 0.0182616 0.241885 0.640656 63 
0.118779 0.0228568 0.183772 0.659207 64 
0.0593021 0.0276506 0.123033 0.678597 65 
-0.00280109 0.032656 0.0594863 0.698883 66 
-0.0677082 0.0378874 -0.00706747 0.720129 67 
-0.135614 0.0433605 -0.076847 0.742405 68 
-0.20673 0.0490923 -0.150092 0.765787 69 
-0.28129 0.0551018 -0.227069 0.79036 70 
-0.359551 0.0614095 -0.308068 0.816218 71 
-0.441795 0.0680382 -0.393415 0.843463 72 
-0.528334 0.0750132 -0.483469 0.872211 73 
-0.619513 0.0823621 -0.57863 0.902589 74 
-0.715717 0.090116 -0.679345 0.93474 75 
-0.817372 0.0983092 -0.786116 0.968825 76 
-0.924954 0.10698 -0.899505 1.00502 77 
-1.039 0.116172 -1.02015 1.04353 78 
-1.16011 0.125933 -1.14876 1.08459 79 
