0.247479 -0.076414 0.225878 0.424172 0 
0.201996 -0.0724187 0.184486 0.440844 1 
0.153786 -0.0681837 0.140872 0.458411 2 
0.102594 -0.0636869 0.0948515 0.476946 3 
0.0481353 -0.0589031 0.0462206 0.496534 4 
-0.00991317 -0.0538039 -0.00524966 0.517264 5 
-0.0719185 -0.0483572 -0.0598153 0.539242 6 
-0.1383 -0.042526 -0.117764 0.562582 7 
-0.209537 -0.0362684 -0.179421 0.587416 8 
-0.286182 -0.0295356 -0.245154 0.613892 9 
-0.368877 -0.0222714 -0.31538 0.642177 10 
-0.458367 -0.0144103 -0.390578 0.672464 11 
-0.555525 -0.00587569 -0.471293 0.704974 12 
-0.661381 0.00342301 -0.558156 0.739961 13 
-0.777157 0.0135932 -0.651898 0.777717 14 
-0.904318 0.0247633 -0.75337 0.818588 15 
-1.04463 0.0370885 -0.863569 0.862972 16 
-1.20024 0.0507578 -0.98367 0.911346 17 
-1.37379 0.0660036 -1.11507 0.964271 18 
-1.56859 0.0831154 -1.25945 1.02242 19 
17.3789 2.46729 5.11085 4.21804 20 
42.446 6.78357 5.83867 5.19501 21 
0.247479 -0.076414 0.225878 0.424172 40 
0.291025 -0.0699481 0.263854 0.453665 41 
0.339434 -0.0627603 0.305604 0.48609 42 
0.393567 -0.0547225 0.351722 0.521907 43 
0.454503 -0.0456746 0.40293 0.561677 44 
0.523611 -0.0354133 0.46012 0.606094 45 
0.602653 -0.0236769 0.524406 0.656021 46 
0.693937 -0.0101229 0.597197 0.712553 47 
0.800546 0.00570655 0.680297 0.777092 48 
0.926691 0.0244369 0.776066 0.85147 49 
1.07829 0.046946 0.88764 0.938123 50 
1.2639 0.0745058 1.01928 1.04036 51 
1.49642 0.109031 1.17694 1.1628 52 
1.7962 0.153544 1.36918 1.3121 53 
2.19738 0.213111 1.60876 1.49818 54 
2.76185 0.296925 1.91566 1.73652 55 
3.61481 0.423574 2.32285 2.05276 56 
5.05329 0.637162 2.88912 2.49255 57 
7.99532 1.074 3.73032 3.14586 58 
17.3789 2.46729 5.11085 4.21804 59 
-1.56859 0.0831154 -1.25945 1.02242 60 
-1.68951 0.117452 -1.32507 1.13969 61 
-1.84399 0.161318 -1.40462 1.28186 62 
-2.04823 0.219316 -1.5031 1.45784 63 
-2.33092 0.299589 -1.62813 1.68129 64 
-2.74798 0.418019 -1.79216 1.97442 65 
-3.42509 0.610295 -2.01679 2.37585 66 
-4.71567 0.976773 -2.34321 2.95919 67 
-8.14385 1.95025 -2.86088 3.88432 68 
-44.6141 12.3065 -3.80754 5.57607 69 
