1.65637 -0.0403641 1.76548 1.36252 0 
1.4481 -0.04111 1.52251 1.26451 1 
1.26389 -0.0417698 1.31102 1.17921 2 
1.09978 -0.0423575 1.12526 1.10428 3 
0.952657 -0.0428844 0.960807 1.03794 4 
0.820018 -0.0433594 0.814189 0.978799 5 
0.69982 -0.0437899 0.682657 0.925743 6 
0.590393 -0.0441818 0.563996 0.877879 7 
0.490351 -0.0445401 0.456404 0.83448 8 
0.398536 -0.0448689 0.358402 0.794949 9 
0.313973 -0.0451717 0.268763 0.758792 10 
0.235835 -0.0454516 0.186459 0.725593 11 
0.163418 -0.0457109 0.110627 0.695005 12 
0.0961151 -0.0459519 0.0405302 0.66673 13 
0.0334029 -0.0461765 -0.0244567 0.640517 14 
-0.0251726 -0.0463863 -0.0848734 0.616147 15 
-0.0800078 -0.0465827 -0.141185 0.593432 16 
-0.13145 -0.0467669 -0.193798 0.57221 17 
-0.179804 -0.0469401 -0.243063 0.552338 18 
-0.22534 -0.0471032 -0.28929 0.533691 19 
1.65637 -0.0403641 1.76548 1.36252 40 
1.79494 -0.0645093 1.94246 1.54207 41 
1.97399 -0.0957095 2.18091 1.78397 42 
2.21432 -0.137586 2.51958 2.12756 43 
2.55385 -0.196749 3.03847 2.65397 44 
3.07 -0.286689 3.93358 3.56205 45 
3.94903 -0.43986 5.84674 5.50295 46 
5.78104 -0.759089 12.8047 12.5618 47 
-0.22534 -0.0471032 -0.28929 0.533691 60 
-0.26758 -0.0575291 -0.337726 0.555389 61 
-0.314562 -0.0691255 -0.391952 0.57968 62 
-0.367132 -0.0821014 -0.453074 0.607061 63 
-0.426351 -0.0967183 -0.522497 0.63816 64 
-0.493565 -0.113309 -0.602033 0.673789 65 
-0.57051 -0.132301 -0.694068 0.715018 66 
-0.659465 -0.154257 -0.801799 0.763277 67 
-0.76348 -0.179931 -0.929614 0.820534 68 
-0.886731 -0.210353 -1.08371 0.889563 69 
-1.0351 -0.246975 -1.27311 0.97441 70 
-1.21714 -0.291906 -1.51154 1.08122 71 
-1.44576 -0.348338 -1.82085 1.21978 72 
-1.7415 -0.421334 -2.23816 1.40672 73 
-2.13897 -0.51944 -2.83201 1.67274 74 
-2.70157 -0.658306 -3.74449 2.0815 75 
-3.55919 -0.869991 -5.32603 2.78998 76 
-5.02637 -1.23213 -8.73848 4.31863 77 
-8.11124 -1.99356 -21.5308 10.0491 78 
