-4 -4 2 1 0.964502 0.171789 
-4 -3.57895 2 1 0.863407 0.159781 
-4 -3.15789 2 1 0.765706 0.148176 
-4 -2.73684 2 1 0.671231 0.136955 
-4 -2.31579 2 1 0.579824 0.126098 
-4 -1.89474 2 1 0.491339 0.115588 
-4 -1.47368 2 1 0.405639 0.105408 
-4 -1.05263 2 1 0.322592 0.0955444 
-4 -0.631579 2 1 0.242079 0.0859812 
-4 -0.210526 2 1 0.163984 0.0767053 
-4 0.210526 2 1 0.0882013 0.0677039 
-4 0.631579 2 1 0.0146286 0.0589651 
-4 1.05263 2 1 -0.0568291 0.0504775 
-4 1.47368 2 1 -0.126262 0.0422305 
-4 1.89474 2 1 -0.193754 0.0342139 
-4 2.31579 2 1 -0.259386 0.0264182 
-4 2.73684 2 1 -0.323234 0.0188345 
-4 3.15789 2 1 -0.38537 0.0114542 
-4 3.57895 2 1 -0.445861 0.00426915 
-4 4 2 1 -0.504772 -0.0027282 
-4 -4 2 1 0.964502 0.171789 
-3.57895 -4 2 1 1.03559 0.195643 
-3.15789 -4 2 1 1.12147 0.224463 
-2.73684 -4 2 1 1.22731 0.259979 
-2.31579 -4 2 1 1.36098 0.304833 
-1.89474 -4 2 1 1.5351 0.363263 
-1.47368 -4 2 1 1.77134 0.442534 
-1.05263 -4 2 1 2.11011 0.556215 
-0.631579 -4 2 1 2.6367 0.73292 
-0.210526 -4 2 1 3.56721 1.04517 
0.210526 -4 2 1 5.65545 1.74591 
0.631579 -4 2 1 14.6192 4.75383 
-4 4 2 1 -0.504772 -0.0027282 
-3.57895 4 2 1 -0.554309 0.00270974 
-3.15789 4 2 1 -0.611219 0.008957 
-2.73684 4 2 1 -0.67728 0.0162088 
-2.31579 4 2 1 -0.754891 0.0247286 
-1.89474 4 2 1 -0.847373 0.0348808 
-1.47368 4 2 1 -0.959453 0.0471842 
-1.05263 4 2 1 -1.0981 0.0624039 
-0.631579 4 2 1 -1.27402 0.0817158 
-0.210526 4 2 1 -1.50459 0.107027 
0.210526 4 2 1 -1.81996 0.141646 
0.631579 4 2 1 -2.27745 0.191867 
1.05263 4 2 1 -3.00105 0.2713 
1.47368 4 2 1 -4.3182 0.41589 
1.89474 4 2 1 -7.467 0.761549 
2.31579 4 2 1 -24.9867 2.68477 
-4 -4 6 1 0.823788 0.926783 
-4 -3.57895 6 1 0.732525 0.903759 
-4 -3.15789 6 1 0.644099 0.881451 
-4 -2.73684 6 1 0.55838 0.859826 
-4 -2.31579 6 1 0.475245 0.838853 
-4 -1.89474 6 1 0.394579 0.818503 
-4 -1.47368 6 1 0.316274 0.798748 
-4 -1.05263 6 1 0.240228 0.779563 
-4 -0.631579 6 1 0.166344 0.760924 
-4 -0.210526 6 1 0.0945308 0.742807 
-4 0.210526 6 1 0.0247033 0.725191 
-4 0.631579 6 1 -0.0432199 0.708055 
-4 1.05263 6 1 -0.109316 0.691381 
-4 1.47368 6 1 -0.173657 0.675149 
-4 1.89474 6 1 -0.236313 0.659342 
-4 2.31579 6 1 -0.297348 0.643944 
-4 2.73684 6 1 -0.356825 0.628939 
-4 3.15789 6 1 -0.414803 0.614313 
-4 3.57895 6 1 -0.471337 0.60005 
-4 4 6 1 -0.526481 0.586138 
-4 -4 6 1 0.823788 0.926783 
-3.57895 -4 6 1 0.876804 1.01392 
-3.15789 -4 6 1 0.939852 1.11754 
-2.73684 -4 6 1 1.01608 1.24282 
-2.31579 -4 6 1 1.11009 1.39734 
-1.89474 -4 6 1 1.22896 1.59268 
-1.47368 -4 6 1 1.384 1.84751 
-1.05263 -4 6 1 1.59474 2.19386 
-0.631579 -4 6 1 1.89772 2.69182 
-0.210526 -4 6 1 2.37049 3.46883 
0.210526 -4 6 1 3.21134 4.85079 
0.631579 -4 6 1 5.12411 7.99447 
1.05263 -4 6 1 13.7617 22.1906 
-4 4 6 1 -0.526481 0.586138 
-3.57895 4 6 1 -0.574336 0.629476 
-3.15789 4 6 1 -0.628837 0.678833 
-2.73684 4 6 1 -0.691472 0.735556 
-2.31579 4 6 1 -0.76421 0.801429 
-1.89474 4 6 1 -0.84971 0.878859 
-1.47368 4 6 1 -0.951653 0.971179 
-1.05263 4 6 1 -1.07529 1.08314 
-0.631579 4 6 1 -1.22836 1.22177 
-0.210526 4 6 1 -1.4228 1.39786 
0.210526 4 6 1 -1.67801 1.62898 
0.631579 4 6 1 -2.02775 1.94571 
1.05263 4 6 1 -2.53648 2.40642 
1.47368 4 6 1 -3.34448 3.13816 
1.89474 4 6 1 -4.82593 4.47978 
2.31579 4 6 1 -8.42428 7.73849 
2.73684 4 6 1 -30.0306 27.3054 
