-4 -4 2 1 -2.00482 -0.3654 
-4 -3.57895 2 1 -2.18559 -0.391275 
-4 -3.15789 2 1 -2.42389 -0.425386 
-4 -2.73684 2 1 -2.75239 -0.47241 
-4 -2.31579 2 1 -3.23428 -0.541389 
-4 -1.89474 2 1 -4.00971 -0.652386 
-4 -1.47368 2 1 -5.46431 -0.860603 
-4 -1.05263 2 1 -9.18569 -1.39329 
-4 -0.631579 2 1 -39.1683 -5.6851 
4 -4 2 1 0.121015 -0.144552 
4 -3.57895 2 1 0.160513 -0.142971 
4 -3.15789 2 1 0.204064 -0.141228 
4 -2.73684 2 1 0.252327 -0.139296 
4 -2.31579 2 1 0.306109 -0.137143 
4 -1.89474 2 1 0.366414 -0.13473 
4 -1.47368 2 1 0.434506 -0.132004 
4 -1.05263 2 1 0.511998 -0.128903 
4 -0.631579 2 1 0.60098 -0.125341 
4 -0.210526 2 1 0.704211 -0.121209 
4 0.210526 2 1 0.825414 -0.116358 
4 0.631579 2 1 0.969727 -0.110582 
4 1.05263 2 1 1.14446 -0.103589 
4 1.47368 2 1 1.36036 -0.0949476 
4 1.89474 2 1 1.63392 -0.0839986 
4 2.31579 2 1 1.9918 -0.0696748 
4 2.73684 2 1 2.48008 -0.0501316 
4 3.15789 2 1 3.18592 -0.0218806 
4 3.57895 2 1 4.29641 0.0225659 
4 4 2 1 6.29932 0.102731 
-4 -4 2 1 -2.00482 -0.3654 
-3.57895 -4 2 1 -1.73704 -0.337581 
-3.15789 -4 2 1 -1.50773 -0.313759 
-2.73684 -4 2 1 -1.30917 -0.29313 
-2.31579 -4 2 1 -1.13555 -0.275094 
-1.89474 -4 2 1 -0.982459 -0.259189 
-1.47368 -4 2 1 -0.846455 -0.24506 
-1.05263 -4 2 1 -0.724829 -0.232424 
-0.631579 -4 2 1 -0.615415 -0.221058 
-0.210526 -4 2 1 -0.516462 -0.210778 
0.210526 -4 2 1 -0.426539 -0.201436 
0.631579 -4 2 1 -0.344463 -0.192909 
1.05263 -4 2 1 -0.26925 -0.185095 
1.47368 -4 2 1 -0.200073 -0.177909 
1.89474 -4 2 1 -0.136235 -0.171277 
2.31579 -4 2 1 -0.0771396 -0.165137 
2.73684 -4 2 1 -0.0222778 -0.159438 
3.15789 -4 2 1 0.0287897 -0.154133 
3.57895 -4 2 1 0.0764434 -0.149182 
4 -4 2 1 0.121015 -0.144552 
2.73684 4 2 1 31.3242 0.66445 
3.15789 4 2 1 12.4289 0.240318 
3.57895 4 2 1 8.17657 0.144869 
4 4 2 1 6.29932 0.102731 
-4 -4 6 1 -1.80858 0.877709 
-4 -3.57895 6 1 -1.93749 0.99906 
-4 -3.15789 6 1 -2.09992 1.15197 
-4 -2.73684 6 1 -2.31091 1.35059 
-4 -2.31579 6 1 -2.59604 1.619 
-4 -1.89474 6 1 -3.00275 2.00186 
-4 -1.47368 6 1 -3.62984 2.59219 
-4 -1.05263 6 1 -4.72302 3.62128 
-4 -0.631579 6 1 -7.10925 5.86761 
-4 -0.210526 6 1 -16.4035 14.617 
4 -4 6 1 0.0733974 0.368022 
4 -3.57895 6 1 0.108182 0.39291 
4 -3.15789 6 1 0.146296 0.420181 
4 -2.73684 6 1 0.188241 0.450193 
4 -2.31579 6 1 0.234625 0.483381 
4 -1.89474 6 1 0.286194 0.520279 
4 -1.47368 6 1 0.343866 0.561544 
4 -1.05263 6 1 0.408795 0.608001 
4 -0.631579 6 1 0.482441 0.660695 
4 -0.210526 6 1 0.566687 0.720973 
4 0.210526 6 1 0.663998 0.7906 
4 0.631579 6 1 0.777668 0.871932 
4 1.05263 6 1 0.912204 0.968193 
4 1.47368 6 1 1.07393 1.08391 
4 1.89474 6 1 1.27201 1.22564 
4 2.31579 6 1 1.52027 1.40327 
4 2.73684 6 1 1.84052 1.63241 
4 3.15789 6 1 2.2694 1.93928 
4 3.57895 6 1 2.87348 2.3715 
4 4 6 1 3.78765 3.02559 
-4 -4 6 1 -1.80858 0.877709 
-3.57895 -4 6 1 -1.59022 0.81857 
-3.15789 -4 6 1 -1.39925 0.76685 
-2.73684 -4 6 1 -1.23082 0.721235 
-2.31579 -4 6 1 -1.08116 0.680705 
-1.89474 -4 6 1 -0.947306 0.644454 
-1.47368 -4 6 1 -0.826874 0.611838 
-1.05263 -4 6 1 -0.717943 0.582336 
-0.631579 -4 6 1 -0.618941 0.555524 
-0.210526 -4 6 1 -0.528568 0.531049 
0.210526 -4 6 1 -0.445744 0.508618 
0.631579 -4 6 1 -0.369562 0.487986 
1.05263 -4 6 1 -0.299252 0.468944 
1.47368 -4 6 1 -0.234161 0.451316 
1.89474 -4 6 1 -0.173729 0.43495 
2.31579 -4 6 1 -0.117473 0.419714 
2.73684 -4 6 1 -0.0649749 0.405496 
3.15789 -4 6 1 -0.0158696 0.392197 
3.57895 -4 6 1 0.0301612 0.379731 
4 -4 6 1 0.0733974 0.368022 
1.89474 4 6 1 23.0427 28.045 
2.31579 4 6 1 9.59924 10.577 
2.73684 4 6 1 6.47369 6.51575 
3.15789 4 6 1 5.08173 4.70709 
3.57895 4 6 1 4.29421 3.6838 
4 4 6 1 3.78765 3.02559 
