-0.971776 0.0286011 -1.12364 1.02041 20 
-0.868912 0.0287473 -0.998526 0.999614 21 
-0.769655 0.0288883 -0.878595 0.979678 22 
-0.673817 0.0290245 -0.763531 0.960551 23 
-0.581225 0.0291561 -0.653041 0.942185 24 
-0.491718 0.0292833 -0.54686 0.924534 25 
-0.405142 0.0294063 -0.44474 0.907559 26 
-0.321357 0.0295254 -0.346451 0.891221 27 
-0.24023 0.0296406 -0.251783 0.875485 28 
-0.161636 0.0297523 -0.16054 0.860317 29 
-0.0854588 0.0298606 -0.0725373 0.845689 30 
-0.011588 0.0299656 0.0123932 0.831571 31 
0.0600792 0.0300674 0.0944099 0.817938 32 
0.12964 0.0301662 0.17366 0.804764 33 
0.197186 0.0302622 0.250282 0.792028 34 
0.262804 0.0303555 0.324404 0.779707 35 
0.326574 0.0304461 0.396145 0.767781 36 
0.388575 0.0305342 0.465621 0.756232 37 
0.448878 0.0306199 0.532935 0.745043 38 
0.507552 0.0307033 0.598187 0.734196 39 
-3.50906 -0.537266 -10.8995 9.81644 50 
-2.61785 -0.338508 -5.09322 4.59214 51 
-2.10575 -0.224298 -3.37443 3.04562 52 
-1.77328 -0.150151 -2.55061 2.30437 53 
-1.54003 -0.0981312 -2.06714 1.86935 54 
-1.36735 -0.0596205 -1.74922 1.58329 55 
-1.23436 -0.0299612 -1.52424 1.38086 56 
-1.12879 -0.00641624 -1.35664 1.23006 57 
-1.04295 0.0127285 -1.22696 1.11338 58 
-0.971776 0.0286011 -1.12364 1.02041 59 
3.91215 -0.765129 12.5425 8.65055 66 
2.81005 -0.50751 5.75832 4.1542 67 
2.17293 -0.358582 3.68577 2.78056 68 
1.75779 -0.261543 2.68161 2.11503 69 
1.46583 -0.193296 2.08901 1.72228 70 
1.24931 -0.142684 1.69798 1.46311 71 
1.08233 -0.103653 1.42063 1.27929 72 
0.949639 -0.0726358 1.21368 1.14213 73 
0.841657 -0.0473947 1.05333 1.03586 74 
0.75207 -0.0264534 0.925449 0.951097 75 
0.676546 -0.00879954 0.821074 0.88192 76 
0.612015 0.00628469 0.73427 0.824389 77 
0.55624 0.0193223 0.660946 0.775791 78 
0.507552 0.0307033 0.598187 0.734196 79 
