-0.262234 -0.301726 -0.212539 0.247353 20 
-0.214901 -0.308284 -0.168299 0.256636 21 
-0.164578 -0.315256 -0.121537 0.266447 22 
-0.110973 -0.322682 -0.0720294 0.276835 23 
-0.0537551 -0.33061 -0.0195283 0.287851 24 
0.00745513 -0.33909 0.0362465 0.299553 25 
0.0730901 -0.348183 0.095611 0.312009 26 
0.143648 -0.357958 0.158923 0.325293 27 
0.219703 -0.368495 0.226591 0.339491 28 
0.301925 -0.379887 0.299079 0.3547 29 
0.391095 -0.392241 0.376922 0.371033 30 
0.488133 -0.405684 0.460735 0.388619 31 
0.594128 -0.420369 0.551234 0.407607 32 
0.71038 -0.436475 0.649251 0.428173 33 
0.838454 -0.454219 0.755764 0.450521 34 
0.98025 -0.473864 0.871926 0.474895 35 
1.1381 -0.495733 0.999113 0.501581 36 
1.31489 -0.520226 1.13897 0.530926 37 
1.51425 -0.547845 1.29349 0.563348 38 
1.74079 -0.579231 1.46512 0.599357 39 
-15.5647 -2.11588 -5.04101 3.05758 41 
-7.3802 -1.14558 -3.6006 2.21925 42 
-4.70622 -0.828573 -2.74927 1.72376 43 
-3.37917 -0.671248 -2.18698 1.3965 44 
-2.58609 -0.577226 -1.78791 1.16424 45 
-2.05868 -0.5147 -1.48999 0.990844 46 
-1.6826 -0.470114 -1.25909 0.856458 47 
-1.40088 -0.436716 -1.07488 0.749246 48 
-1.18197 -0.410764 -0.924501 0.661723 49 
-1.00698 -0.390018 -0.799415 0.588922 50 
-0.863886 -0.373054 -0.693738 0.527416 51 
-0.744701 -0.358924 -0.603276 0.474767 52 
-0.643893 -0.346973 -0.524964 0.429188 53 
-0.557518 -0.336733 -0.456509 0.389347 54 
-0.482681 -0.327861 -0.39616 0.354223 55 
-0.417217 -0.3201 -0.342557 0.323025 56 
-0.359468 -0.313254 -0.294629 0.295131 57 
-0.308145 -0.307169 -0.251521 0.270041 58 
-0.262234 -0.301726 -0.212539 0.247353 59 
37.3656 -11.9298 4.76951 3.54109 71 
8.26163 -2.65686 3.44851 2.36507 72 
4.86189 -1.57366 2.75889 1.75114 73 
3.54498 -1.15407 2.33531 1.37404 74 
2.84569 -0.931268 2.0487 1.1189 75 
2.41205 -0.793106 1.84189 0.934776 76 
2.11686 -0.699054 1.68561 0.795648 77 
1.90294 -0.630896 1.56336 0.686817 78 
1.74079 -0.579231 1.46512 0.599357 79 
