-4 -0.631579 2 1 14.5503 -2.24209 
-4 -0.210526 2 1 5.98115 -1.01851 
-4 0.210526 2 1 3.8401 -0.712798 
-4 0.631579 2 1 2.86705 -0.573859 
-4 1.05263 2 1 2.31107 -0.494472 
-4 1.47368 2 1 1.95134 -0.443106 
-4 1.89474 2 1 1.69953 -0.407152 
-4 2.31579 2 1 1.51342 -0.380577 
-4 2.73684 2 1 1.37026 -0.360135 
-4 3.15789 2 1 1.25672 -0.343923 
-4 3.57895 2 1 1.16447 -0.330751 
-4 4 2 1 1.08804 -0.319837 
4 -2.73684 2 1 -14.6162 -1.91694 
4 -2.31579 2 1 -6.14069 -0.941526 
4 -1.89474 2 1 -3.8142 -0.673779 
4 -1.47368 2 1 -2.72628 -0.548575 
4 -1.05263 2 1 -2.09579 -0.476015 
4 -0.631579 2 1 -1.68435 -0.428663 
4 -0.210526 2 1 -1.39469 -0.395328 
4 0.210526 2 1 -1.17972 -0.370588 
4 0.631579 2 1 -1.01385 -0.351498 
4 1.05263 2 1 -0.881982 -0.336322 
4 1.47368 2 1 -0.77463 -0.323967 
4 1.89474 2 1 -0.685541 -0.313714 
4 2.31579 2 1 -0.610419 -0.305069 
4 2.73684 2 1 -0.546218 -0.29768 
4 3.15789 2 1 -0.490719 -0.291293 
4 3.57895 2 1 -0.442264 -0.285717 
4 4 2 1 -0.399593 -0.280806 
-4 4 2 1 1.08804 -0.319837 
-3.57895 4 2 1 0.9781 -0.316953 
-3.15789 4 2 1 0.872992 -0.314195 
-2.73684 4 2 1 0.7724 -0.311556 
-2.31579 4 2 1 0.67604 -0.309027 
-1.89474 4 2 1 0.58365 -0.306603 
-1.47368 4 2 1 0.494989 -0.304277 
-1.05263 4 2 1 0.409837 -0.302043 
-0.631579 4 2 1 0.32799 -0.299896 
-0.210526 4 2 1 0.249257 -0.29783 
0.210526 4 2 1 0.173466 -0.295841 
0.631579 4 2 1 0.100453 -0.293926 
1.05263 4 2 1 0.03007 -0.292079 
1.47368 4 2 1 -0.0378237 -0.290298 
1.89474 4 2 1 -0.103358 -0.288578 
2.31579 4 2 1 -0.166653 -0.286917 
2.73684 4 2 1 -0.227822 -0.285313 
3.15789 4 2 1 -0.28697 -0.283761 
3.57895 4 2 1 -0.344197 -0.282259 
4 4 2 1 -0.399593 -0.280806 
-4 -1.47368 6 1 13.9262 13.2766 
-4 -1.05263 6 1 5.6959 5.15085 
-4 -0.631579 6 1 3.6563 3.13715 
-4 -0.210526 6 1 2.73157 2.22415 
-4 0.210526 6 1 2.20381 1.70309 
-4 0.631579 6 1 1.86257 1.36619 
-4 1.05263 6 1 1.62382 1.13047 
-4 1.47368 6 1 1.44742 0.95631 
-4 1.89474 6 1 1.31176 0.822375 
-4 2.31579 6 1 1.20419 0.716172 
-4 2.73684 6 1 1.11681 0.629897 
-4 3.15789 6 1 1.04441 0.558422 
-4 3.57895 6 1 0.983458 0.498239 
-4 4 6 1 0.931426 0.446869 
4 -3.57895 6 1 -15.4463 11.73 
4 -3.15789 6 1 -6.46127 4.90884 
4 -2.73684 6 1 -4.01206 3.04948 
4 -2.31579 6 1 -2.86928 2.18192 
4 -1.89474 6 1 -2.20772 1.67968 
4 -1.47368 6 1 -1.77629 1.35216 
4 -1.05263 6 1 -1.47271 1.12168 
4 -0.631579 6 1 -1.24747 0.950688 
4 -0.210526 6 1 -1.07372 0.818781 
4 0.210526 6 1 -0.935608 0.713934 
4 0.631579 6 1 -0.823195 0.628594 
4 1.05263 6 1 -0.729918 0.55778 
4 1.47368 6 1 -0.651272 0.498075 
4 1.89474 6 1 -0.584067 0.447055 
4 2.31579 6 1 -0.525974 0.402953 
4 2.73684 6 1 -0.475259 0.364451 
4 3.15789 6 1 -0.430599 0.330547 
4 3.57895 6 1 -0.390972 0.300463 
4 4 6 1 -0.355571 0.273588 
-4 4 6 1 0.931426 0.446869 
-3.57895 4 6 1 0.840234 0.434591 
-3.15789 4 6 1 0.752483 0.422776 
-2.73684 4 6 1 0.667984 0.411399 
-2.31579 4 6 1 0.586559 0.400436 
-1.89474 4 6 1 0.508043 0.389865 
-1.47368 4 6 1 0.432282 0.379664 
-1.05263 4 6 1 0.359135 0.369816 
-0.631579 4 6 1 0.288469 0.360301 
-0.210526 4 6 1 0.220158 0.351104 
0.210526 4 6 1 0.154088 0.342209 
0.631579 4 6 1 0.0901501 0.3336 
1.05263 4 6 1 0.0282424 0.325265 
1.47368 4 6 1 -0.03173 0.31719 
1.89474 4 6 1 -0.0898566 0.309364 
2.31579 4 6 1 -0.146221 0.301775 
2.73684 4 6 1 -0.200903 0.294413 
3.15789 4 6 1 -0.253976 0.287267 
3.57895 4 6 1 -0.30551 0.280329 
4 4 6 1 -0.355571 0.273588 
