-4 0.210526 2 1 330.099 77.1542 
-4 0.631579 2 1 10.7752 2.30692 
-4 1.05263 2 1 5.78994 1.13842 
-4 1.47368 2 1 4.09342 0.740766 
-4 1.89474 2 1 3.23849 0.540375 
-4 2.31579 2 1 2.72337 0.419636 
-4 2.73684 2 1 2.37906 0.338931 
-4 3.15789 2 1 2.13268 0.281181 
-4 3.57895 2 1 1.94765 0.237811 
-4 4 2 1 1.80359 0.204045 
4 -4 2 1 -7.15753 0.0711348 
4 -3.57895 2 1 -4.63108 0.0263667 
4 -3.15789 2 1 -3.34037 0.00349561 
4 -2.73684 2 1 -2.55692 -0.0103869 
4 -2.31579 2 1 -2.03081 -0.0197096 
4 -1.89474 2 1 -1.65312 -0.026402 
4 -1.47368 2 1 -1.36882 -0.0314398 
4 -1.05263 2 1 -1.14708 -0.035369 
4 -0.631579 2 1 -0.969297 -0.0385193 
4 -0.210526 2 1 -0.823579 -0.0411014 
4 0.210526 2 1 -0.701968 -0.0432563 
4 0.631579 2 1 -0.598939 -0.0450819 
4 1.05263 2 1 -0.510536 -0.0466484 
4 1.47368 2 1 -0.43385 -0.0480073 
4 1.89474 2 1 -0.366697 -0.0491972 
4 2.31579 2 1 -0.307403 -0.0502479 
4 2.73684 2 1 -0.254665 -0.0511824 
4 3.15789 2 1 -0.207453 -0.052019 
4 3.57895 2 1 -0.164941 -0.0527723 
4 4 2 1 -0.12646 -0.0534542 
2.73684 -4 2 1 -64.5776 3.33494 
3.15789 -4 2 1 -15.8048 0.562652 
3.57895 -4 2 1 -9.5946 0.20966 
4 -4 2 1 -7.15753 0.0711348 
-4 4 2 1 1.80359 0.204045 
-3.57895 4 2 1 1.58197 0.174478 
-3.15789 4 2 1 1.38766 0.148553 
-2.73684 4 2 1 1.21589 0.125637 
-2.31579 4 2 1 1.06297 0.105235 
-1.89474 4 2 1 0.925956 0.0869549 
-1.47368 4 2 1 0.802482 0.0704816 
-1.05263 4 2 1 0.690639 0.0555599 
-0.631579 4 2 1 0.588857 0.0419806 
-0.210526 4 2 1 0.495838 0.0295703 
0.210526 4 2 1 0.410496 0.0181843 
0.631579 4 2 1 0.331918 0.00770081 
1.05263 4 2 1 0.259331 -0.00198343 
1.47368 4 2 1 0.192075 -0.0109564 
1.89474 4 2 1 0.129584 -0.0192938 
2.31579 4 2 1 0.0713678 -0.0270607 
2.73684 4 2 1 0.0170031 -0.0343139 
3.15789 4 2 1 -0.0338803 -0.0411025 
3.57895 4 2 1 -0.0816064 -0.0474699 
4 4 2 1 -0.12646 -0.0534542 
-4 -0.210526 6 1 24.075 37.0632 
-4 0.210526 6 1 6.97933 9.96925 
-4 0.631579 6 1 4.30776 5.73525 
-4 1.05263 6 1 3.22149 4.01369 
-4 1.47368 6 1 2.63232 3.07995 
-4 1.89474 6 1 2.26257 2.49394 
-4 2.31579 6 1 2.0089 2.09191 
-4 2.73684 6 1 1.82406 1.79898 
-4 3.15789 6 1 1.68339 1.57603 
-4 3.57895 6 1 1.57274 1.40068 
-4 4 6 1 1.48343 1.25914 
4 -4 6 1 -4.62632 3.31523 
4 -3.57895 6 1 -3.43542 2.55131 
4 -3.15789 6 1 -2.68335 2.06888 
4 -2.73684 6 1 -2.16529 1.73656 
4 -2.31579 6 1 -1.78672 1.49372 
4 -1.89474 6 1 -1.498 1.30852 
4 -1.47368 6 1 -1.27052 1.1626 
4 -1.05263 6 1 -1.08667 1.04467 
4 -0.631579 6 1 -0.935004 0.947374 
4 -0.210526 6 1 -0.807741 0.86574 
4 0.210526 6 1 -0.699434 0.796264 
4 0.631579 6 1 -0.606141 0.73642 
4 1.05263 6 1 -0.524942 0.684334 
4 1.47368 6 1 -0.453628 0.638588 
4 1.89474 6 1 -0.390499 0.598093 
4 2.31579 6 1 -0.334221 0.561993 
4 2.73684 6 1 -0.283737 0.529609 
4 3.15789 6 1 -0.238195 0.500395 
4 3.57895 6 1 -0.196904 0.473909 
4 4 6 1 -0.159295 0.449784 
1.89474 -4 6 1 -42.6718 47.6821 
2.31579 -4 6 1 -13.3438 13.4811 
2.73684 -4 6 1 -8.44177 7.76463 
3.15789 -4 6 1 -6.42213 5.40942 
3.57895 -4 6 1 -5.32022 4.12442 
4 -4 6 1 -4.62632 3.31523 
-4 4 6 1 1.48343 1.25914 
-3.57895 4 6 1 1.30723 1.17232 
-3.15789 4 6 1 1.15024 1.09498 
-2.73684 4 6 1 1.00949 1.02563 
-2.31579 4 6 1 0.882575 0.963101 
-1.89474 4 6 1 0.767554 0.906432 
-1.47368 4 6 1 0.662829 0.854835 
-1.05263 4 6 1 0.567077 0.807659 
-0.631579 4 6 1 0.479192 0.764359 
-0.210526 4 6 1 0.398243 0.724477 
0.210526 4 6 1 0.32344 0.687622 
0.631579 4 6 1 0.254109 0.653464 
1.05263 4 6 1 0.189671 0.621715 
1.47368 4 6 1 0.129624 0.592131 
1.89474 4 6 1 0.0735359 0.564497 
2.31579 4 6 1 0.0210266 0.538627 
2.73684 4 6 1 -0.0282355 0.514356 
3.15789 4 6 1 -0.0745427 0.491541 
3.57895 4 6 1 -0.118153 0.470054 
4 4 6 1 -0.159295 0.449784 
