-4 -4 2 1 -0.196198 0.229671 
-4 -3.57895 2 1 -0.234629 0.240637 
-4 -3.15789 2 1 -0.277532 0.252878 
-4 -2.73684 2 1 -0.325736 0.266632 
-4 -2.31579 2 1 -0.380288 0.282197 
-4 -1.89474 2 1 -0.442529 0.299956 
-4 -1.47368 2 1 -0.514209 0.320408 
-4 -1.05263 2 1 -0.597652 0.344216 
-4 -0.631579 2 1 -0.696012 0.372281 
-4 -0.210526 2 1 -0.81368 0.405854 
-4 0.210526 2 1 -0.956961 0.446736 
-4 0.631579 2 1 -1.13524 0.497603 
-4 1.05263 2 1 -1.36313 0.562624 
-4 1.47368 2 1 -1.66466 0.64866 
-4 1.89474 2 1 -2.08245 0.767864 
-4 2.31579 2 1 -2.69974 0.943993 
-4 2.73684 2 1 -3.7043 1.23062 
-4 3.15789 2 1 -5.6271 1.77924 
-4 3.57895 2 1 -10.7869 3.25146 
-4 4 2 1 -70.8379 20.3855 
4 -4 2 1 1.55212 0.197792 
4 -3.57895 2 1 1.67196 0.216928 
4 -3.15789 2 1 1.82269 0.240998 
4 -2.73684 2 1 2.01805 0.272194 
4 -2.31579 2 1 2.28129 0.314228 
4 -1.89474 2 1 2.65521 0.373937 
4 -1.47368 2 1 3.22822 0.465438 
4 -1.05263 2 1 4.21702 0.623332 
4 -0.631579 2 1 6.33182 0.961029 
4 -0.210526 2 1 14.039 2.19174 
-4 -4 2 1 -0.196198 0.229671 
-3.57895 -4 2 1 -0.148169 0.228796 
-3.15789 -4 2 1 -0.0975186 0.227872 
-2.73684 -4 2 1 -0.0440275 0.226897 
-2.31579 -4 2 1 0.0125508 0.225865 
-1.89474 -4 2 1 0.0724914 0.224772 
-1.47368 -4 2 1 0.136103 0.223612 
-1.05263 -4 2 1 0.203734 0.222379 
-0.631579 -4 2 1 0.275778 0.221065 
-0.210526 -4 2 1 0.352681 0.219663 
0.210526 -4 2 1 0.434951 0.218163 
0.631579 -4 2 1 0.523171 0.216554 
1.05263 -4 2 1 0.618011 0.214825 
1.47368 -4 2 1 0.720245 0.212961 
1.89474 -4 2 1 0.830772 0.210946 
2.31579 -4 2 1 0.950645 0.20876 
2.73684 -4 2 1 1.0811 0.206381 
3.15789 -4 2 1 1.22361 0.203783 
3.57895 -4 2 1 1.37991 0.200932 
4 -4 2 1 1.55212 0.197792 
-4 4 2 1 -70.8379 20.3855 
-4 -4 6 1 -0.151594 0.814503 
-4 -3.57895 6 1 -0.189253 0.859637 
-4 -3.15789 6 1 -0.231511 0.910283 
-4 -2.73684 6 1 -0.279266 0.967516 
-4 -2.31579 6 1 -0.333664 1.03271 
-4 -1.89474 6 1 -0.396196 1.10765 
-4 -1.47368 6 1 -0.468832 1.19471 
-4 -1.05263 6 1 -0.554238 1.29707 
-4 -0.631579 6 1 -0.656105 1.41915 
-4 -0.210526 6 1 -0.779701 1.56728 
-4 0.210526 6 1 -0.932806 1.75077 
-4 0.631579 6 1 -1.12742 1.98402 
-4 1.05263 6 1 -1.38308 2.29042 
-4 1.47368 6 1 -1.73384 2.7108 
-4 1.89474 6 1 -2.24489 3.32328 
-4 2.31579 6 1 -3.05864 4.29855 
-4 2.73684 6 1 -4.55721 6.09456 
-4 3.15789 6 1 -8.23306 10.5 
-4 3.57895 6 1 -31.4327 38.3043 
4 -4 6 1 1.80236 1.39639 
4 -3.57895 6 1 1.96593 1.56835 
4 -3.15789 6 1 2.17661 1.78983 
4 -2.73684 6 1 2.45817 2.08581 
4 -2.31579 6 1 2.8536 2.50151 
4 -1.89474 6 1 3.44952 3.12797 
4 -1.47368 6 1 4.45016 4.17988 
4 -1.05263 6 1 6.4798 6.31354 
4 -0.631579 6 1 12.8056 12.9635 
-4 -4 6 1 -0.151594 0.814503 
-3.57895 -4 6 1 -0.100147 0.829824 
-3.15789 -4 6 1 -0.0457612 0.846021 
-2.73684 -4 6 1 0.0118216 0.863169 
-2.31579 -4 6 1 0.0728923 0.881356 
-1.89474 -4 6 1 0.137778 0.900679 
-1.47368 -4 6 1 0.206846 0.921248 
-1.05263 -4 6 1 0.280517 0.943187 
-0.631579 -4 6 1 0.359265 0.966638 
-0.210526 -4 6 1 0.443633 0.991763 
0.210526 -4 6 1 0.534247 1.01875 
0.631579 -4 6 1 0.631826 1.04781 
1.05263 -4 6 1 0.737206 1.07919 
1.47368 -4 6 1 0.851359 1.11319 
1.89474 -4 6 1 0.975431 1.15013 
2.31579 -4 6 1 1.11077 1.19044 
2.73684 -4 6 1 1.25899 1.23458 
3.15789 -4 6 1 1.42202 1.28313 
3.57895 -4 6 1 1.60219 1.33678 
4 -4 6 1 1.80236 1.39639 
