-4 -4 2 1 0.162873 -0.18094 
-4 -3.57895 2 1 0.119405 -0.178844 
-4 -3.15789 2 1 0.0728319 -0.176598 
-4 -2.73684 2 1 0.0228081 -0.174187 
-4 -2.31579 2 1 -0.0310646 -0.171589 
-4 -1.89474 2 1 -0.0892482 -0.168784 
-4 -1.47368 2 1 -0.152282 -0.165745 
-4 -1.05263 2 1 -0.220797 -0.162442 
-4 -0.631579 2 1 -0.295544 -0.158838 
-4 -0.210526 2 1 -0.377411 -0.154891 
-4 0.210526 2 1 -0.467467 -0.15055 
-4 0.631579 2 1 -0.567006 -0.145751 
-4 1.05263 2 1 -0.677608 -0.140418 
-4 1.47368 2 1 -0.801226 -0.134458 
-4 1.89474 2 1 -0.940303 -0.127753 
-4 2.31579 2 1 -1.09793 -0.120154 
-4 2.73684 2 1 -1.27809 -0.111468 
-4 3.15789 2 1 -1.48597 -0.101446 
-4 3.57895 2 1 -1.72852 -0.089752 
-4 4 2 1 -2.01519 -0.075931 
4 -4 2 1 7.48549 -0.36385 
4 -3.57895 2 1 10.1697 -0.417934 
4 -3.15789 2 1 17.1198 -0.557969 
4 -2.73684 2 1 77.8445 -1.7815 
-4 -4 2 1 0.162873 -0.18094 
-3.57895 -4 2 1 0.206803 -0.182037 
-3.15789 -4 2 1 0.255281 -0.183248 
-2.73684 -4 2 1 0.309054 -0.184591 
-2.31579 -4 2 1 0.369037 -0.186089 
-1.89474 -4 2 1 0.436373 -0.187771 
-1.47368 -4 2 1 0.512502 -0.189673 
-1.05263 -4 2 1 0.599267 -0.19184 
-0.631579 -4 2 1 0.699063 -0.194333 
-0.210526 -4 2 1 0.815066 -0.197231 
0.210526 -4 2 1 0.951573 -0.20064 
0.631579 -4 2 1 1.11454 -0.204711 
1.05263 -4 2 1 1.31251 -0.209656 
1.47368 -4 2 1 1.55808 -0.21579 
1.89474 -4 2 1 1.87079 -0.223601 
2.31579 -4 2 1 2.28252 -0.233886 
2.73684 -4 2 1 2.84917 -0.24804 
3.15789 -4 2 1 3.67841 -0.268753 
3.57895 -4 2 1 5.00785 -0.301961 
4 -4 2 1 7.48549 -0.36385 
-4 4 2 1 -2.01519 -0.075931 
-3.57895 4 2 1 -2.20389 -0.0637903 
-3.15789 4 2 1 -2.4575 -0.0474726 
-2.73684 4 2 1 -2.8165 -0.0243743 
-2.31579 4 2 1 -3.3638 0.0108392 
-1.89474 4 2 1 -4.30021 0.0710881 
-1.47368 4 2 1 -6.26956 0.197797 
-1.05263 4 2 1 -13.083 0.636177 
-4 -4 6 1 0.166916 0.331577 
-4 -3.57895 6 1 0.127726 0.349461 
-4 -3.15789 6 1 0.0860112 0.368497 
-4 -2.73684 6 1 0.0415208 0.388799 
-4 -2.31579 6 1 -0.00603217 0.410499 
-4 -1.89474 6 1 -0.0569751 0.433747 
-4 -1.47368 6 1 -0.111684 0.458712 
-4 -1.05263 6 1 -0.170592 0.485594 
-4 -0.631579 6 1 -0.234202 0.514622 
-4 -0.210526 6 1 -0.303102 0.546063 
-4 0.210526 6 1 -0.377978 0.580232 
-4 0.631579 6 1 -0.459644 0.617499 
-4 1.05263 6 1 -0.549067 0.658306 
-4 1.47368 6 1 -0.647408 0.703182 
-4 1.89474 6 1 -0.756071 0.752769 
-4 2.31579 6 1 -0.87677 0.807848 
-4 2.73684 6 1 -1.01162 0.869387 
-4 3.15789 6 1 -1.16328 0.938591 
-4 3.57895 6 1 -1.33507 1.01699 
-4 4 6 1 -1.53132 1.10654 
4 -4 6 1 3.9597 2.40552 
4 -3.57895 6 1 4.43653 2.90315 
4 -3.15789 6 1 5.13413 3.6312 
4 -2.73684 6 1 6.25203 4.79789 
4 -2.31579 6 1 8.33381 6.97052 
4 -1.89474 6 1 13.5708 12.4361 
4 -1.47368 6 1 51.5826 52.1068 
-4 -4 6 1 0.166916 0.331577 
-3.57895 -4 6 1 0.206777 0.353373 
-3.15789 -4 6 1 0.250347 0.377198 
-2.73684 -4 6 1 0.29817 0.403348 
-2.31579 -4 6 1 0.3509 0.432181 
-1.89474 -4 6 1 0.409334 0.464134 
-1.47368 -4 6 1 0.474448 0.499739 
-1.05263 -4 6 1 0.54746 0.539663 
-0.631579 -4 6 1 0.629898 0.584741 
-0.210526 -4 6 1 0.723714 0.636041 
0.210526 -4 6 1 0.831438 0.694945 
0.631579 -4 6 1 0.95641 0.763281 
1.05263 -4 6 1 1.10313 0.843511 
1.47368 -4 6 1 1.27783 0.939036 
1.89474 -4 6 1 1.48933 1.05469 
2.31579 -4 6 1 1.75066 1.19759 
2.73684 -4 6 1 2.08175 1.37863 
3.15789 -4 6 1 2.51486 1.61546 
3.57895 -4 6 1 3.10572 1.93855 
4 -4 6 1 3.9597 2.40552 
-4 4 6 1 -1.53132 1.10654 
-3.57895 4 6 1 -1.62051 1.2473 
-3.15789 4 6 1 -1.73204 1.4233 
-2.73684 4 6 1 -1.87548 1.64966 
-2.31579 4 6 1 -2.06683 1.95162 
-1.89474 4 6 1 -2.33489 2.37465 
-1.47368 4 6 1 -2.73737 3.0098 
-1.05263 4 6 1 -3.40921 4.07002 
-0.631579 4 6 1 -4.75677 6.19658 
-0.210526 4 6 1 -8.83082 12.6258 
