-0.349019 -0.232363 -0.28266 0.329911 20 
-0.298812 -0.239284 -0.234649 0.336662 21 
-0.246001 -0.246564 -0.184336 0.343736 22 
-0.190376 -0.254232 -0.131554 0.351157 23 
-0.131708 -0.262319 -0.076116 0.358952 24 
-0.0697399 -0.270861 -0.0178157 0.36715 25 
-0.00418441 -0.279898 0.0435739 0.375782 26 
0.0652788 -0.289473 0.108305 0.384883 27 
0.13901 -0.299637 0.176659 0.394494 28 
0.217415 -0.310445 0.248947 0.404658 29 
0.300952 -0.321961 0.32552 0.415425 30 
0.390143 -0.334255 0.406771 0.426849 31 
0.485582 -0.347411 0.493141 0.438994 32 
0.587949 -0.361522 0.58513 0.451928 33 
0.698027 -0.376696 0.683305 0.465732 34 
0.816721 -0.393058 0.788311 0.480496 35 
0.945084 -0.410753 0.900888 0.496325 36 
1.08435 -0.42995 1.02188 0.513338 37 
1.23596 -0.45085 1.15228 0.531673 38 
1.40165 -0.473689 1.29322 0.55149 39 
-24.3655 -2.3012 -6.52318 4.69779 42 
-8.35228 -0.921782 -4.15067 3.03721 43 
-4.90756 -0.625047 -2.98592 2.22198 44 
-3.40455 -0.495573 -2.2938 1.73755 45 
-2.56246 -0.423034 -1.83516 1.41654 46 
-2.02394 -0.376644 -1.50891 1.18819 47 
-1.64989 -0.344423 -1.26495 1.01744 48 
-1.37495 -0.32074 -1.07564 0.884933 49 
-1.16434 -0.302597 -0.92446 0.77912 50 
-0.997849 -0.288255 -0.800948 0.692672 51 
-0.862923 -0.276632 -0.698145 0.620717 52 
-0.751364 -0.267022 -0.611245 0.559894 53 
-0.657587 -0.258944 -0.536822 0.507804 54 
-0.577653 -0.252058 -0.47237 0.462692 55 
-0.508708 -0.246119 -0.41601 0.423245 56 
-0.448631 -0.240944 -0.366309 0.388458 57 
-0.395815 -0.236394 -0.322152 0.357552 58 
-0.349019 -0.232363 -0.28266 0.329911 59 
28.3428 -8.97414 5.86951 4.33311 70 
7.29109 -2.33192 3.8582 2.67106 71 
4.33953 -1.40065 2.9321 1.90578 72 
3.16274 -1.02935 2.39952 1.46568 73 
2.52999 -0.829703 2.05359 1.17982 74 
2.13484 -0.705026 1.81081 0.979205 75 
1.86462 -0.619765 1.63104 0.830652 76 
1.66816 -0.55778 1.49257 0.716223 77 
1.5189 -0.510685 1.38262 0.625371 78 
1.40165 -0.473689 1.29322 0.55149 79 
