-1.36149 0.32272 -1.75456 1.76266 20 
-1.20537 0.319857 -1.53902 1.68731 21 
-1.06118 0.317213 -1.34394 1.6191 22 
-0.927591 0.314763 -1.16654 1.55708 23 
-0.803484 0.312487 -1.00453 1.50044 24 
-0.687882 0.310366 -0.855983 1.4485 25 
-0.579939 0.308387 -0.719288 1.40071 26 
-0.478919 0.306534 -0.593081 1.35659 27 
-0.384177 0.304796 -0.476201 1.31572 28 
-0.295145 0.303164 -0.36765 1.27777 29 
-0.211322 0.301626 -0.266568 1.24243 30 
-0.132264 0.300176 -0.172211 1.20944 31 
-0.0575751 0.298807 -0.0839284 1.17858 32 
0.0130962 0.297511 -0.00115238 1.14964 33 
0.0800659 0.296282 0.0766168 1.12245 34 
0.143617 0.295117 0.14982 1.09685 35 
0.204006 0.294009 0.218848 1.07272 36 
0.261462 0.292955 0.284048 1.04993 37 
0.316194 0.291952 0.34573 1.02836 38 
0.368391 0.290994 0.404171 1.00793 39 
-3.95406 0.683056 -18.9408 21.8269 52 
-2.96219 0.545199 -6.97323 7.85527 53 
-2.40388 0.467599 -4.39708 4.84771 54 
-2.04584 0.417836 -3.27285 3.53521 55 
-1.7967 0.383208 -2.64293 2.79981 56 
-1.61333 0.357723 -2.24007 2.32948 57 
-1.47273 0.338181 -1.96024 2.00279 58 
-1.36149 0.32272 -1.75456 1.76266 59 
5.91535 1.01192 170.697 172.563 64 
3.87465 0.746695 11.0106 11.6929 65 
2.8298 0.610898 5.49855 6.14007 66 
2.19482 0.528371 3.57567 4.20293 67 
1.76808 0.472909 2.59734 3.21735 68 
1.46158 0.433074 2.00482 2.62044 69 
1.23077 0.403076 1.60749 2.22016 70 
1.0507 0.379673 1.32253 1.93309 71 
0.906291 0.360904 1.10818 1.71715 72 
0.787905 0.345518 0.941086 1.54882 73 
0.68909 0.332675 0.807175 1.41392 74 
0.605363 0.321793 0.697454 1.30339 75 
0.533514 0.312455 0.605912 1.21116 76 
0.471182 0.304354 0.528376 1.13305 77 
0.416594 0.297259 0.46186 1.06604 78 
0.368391 0.290994 0.404171 1.00793 79 
