-1.1125 -0.0286195 -1.26282 0.880879 0 
-1.18814 -0.0344185 -1.35843 0.966795 1 
-1.2797 -0.0414387 -1.47558 1.07207 2 
-1.39282 -0.050111 -1.62246 1.20407 3 
-1.5361 -0.0610967 -1.81207 1.37446 4 
-1.72349 -0.0754637 -2.0662 1.60283 5 
-1.97904 -0.0950571 -2.42454 1.92484 6 
-2.34823 -0.123363 -2.96771 2.41296 7 
-2.92852 -0.167853 -3.88845 3.24038 8 
-3.97342 -0.247966 -5.7901 4.94928 9 
-6.41353 -0.43505 -12.027 10.554 10 
0.350924 0.105822 0.307737 0.698538 20 
0.391612 0.110293 0.347292 0.740624 21 
0.437567 0.115343 0.392181 0.788384 22 
0.489882 0.121092 0.443562 0.843051 23 
0.549974 0.127696 0.502951 0.906239 24 
0.619718 0.13536 0.572378 0.980108 25 
0.701643 0.144363 0.654626 1.06762 26 
0.799243 0.155089 0.753605 1.17293 27 
0.917496 0.168084 0.874999 1.30209 28 
1.06373 0.184154 1.02739 1.46423 29 
1.24921 0.204537 1.2244 1.67384 30 
1.49219 0.231239 1.48898 1.95535 31 
1.82429 0.267735 1.86308 2.35338 32 
2.30559 0.320627 2.43246 2.95917 33 
3.06574 0.404162 3.40401 3.99287 34 
4.44589 0.555831 5.43649 6.15536 35 
7.72699 0.916401 12.3576 13.5192 36 
-1.1125 -0.0286195 -1.26282 0.880879 40 
-0.998697 -0.0181643 -1.13849 0.866444 41 
-0.890773 -0.00824964 -1.02094 0.852796 42 
-0.788287 0.00116543 -0.909622 0.839872 43 
-0.690839 0.0101177 -0.804054 0.827616 44 
-0.598066 0.0186406 -0.703803 0.815977 45 
-0.509639 0.0267641 -0.608477 0.80491 46 
-0.42526 0.0345158 -0.517723 0.794373 47 
-0.344657 0.0419205 -0.431218 0.78433 48 
-0.267582 0.0490012 -0.348671 0.774746 49 
-0.193809 0.0557785 -0.269817 0.765591 50 
-0.12313 0.0622716 -0.194413 0.756837 51 
-0.0553542 0.068498 -0.122238 0.748458 52 
0.00969374 0.0744737 -0.0530878 0.740429 53 
0.0721752 0.0802137 0.0132226 0.732731 54 
0.132239 0.0857316 0.0768652 0.725342 55 
0.190023 0.0910401 0.137998 0.718244 56 
0.245655 0.0961508 0.196766 0.711422 57 
0.299252 0.101075 0.253304 0.704857 58 
0.350924 0.105822 0.307737 0.698538 59 
