0.354631 -0.0829028 0.302445 0.442546 0 
0.304489 -0.082309 0.256267 0.454123 1 
0.251947 -0.0816868 0.208106 0.466197 2 
0.196828 -0.0810341 0.157832 0.478801 3 
0.138938 -0.0803486 0.105303 0.49197 4 
0.0780621 -0.0796277 0.0503629 0.505744 5 
0.0139637 -0.0788686 -0.00715735 0.520164 6 
-0.0536203 -0.0780683 -0.0674443 0.535278 7 
-0.124982 -0.0772233 -0.130702 0.551137 8 
-0.200448 -0.0763296 -0.197157 0.567798 9 
-0.280381 -0.075383 -0.267056 0.585321 10 
-0.365192 -0.0743787 -0.340675 0.603778 11 
-0.45534 -0.0733112 -0.418319 0.623243 12 
-0.551345 -0.0721743 -0.500327 0.643803 13 
-0.653799 -0.0709611 -0.587079 0.665552 14 
-0.763372 -0.0696635 -0.678996 0.688596 15 
-0.880834 -0.0682725 -0.776557 0.713054 16 
-1.00707 -0.0667777 -0.880295 0.739062 17 
-1.1431 -0.0651669 -0.990818 0.76677 18 
-1.2901 -0.063426 -1.10881 0.796352 19 
0.354631 -0.0829028 0.302445 0.442546 40 
0.399902 -0.0756848 0.340231 0.476924 41 
0.45088 -0.0675571 0.382257 0.515159 42 
0.508716 -0.0583358 0.429279 0.557938 43 
0.574894 -0.0477845 0.482243 0.606124 44 
0.65136 -0.0355931 0.542352 0.66081 45 
0.740713 -0.0213468 0.611156 0.723407 46 
0.846513 -0.00447839 0.690689 0.795765 47 
0.97376 0.0158095 0.783672 0.88036 48 
1.12971 0.0406739 0.893834 0.980583 49 
1.32531 0.0718602 1.02642 1.10121 50 
1.57789 0.112131 1.18905 1.24916 51 
1.91658 0.166131 1.39324 1.43494 52 
2.39448 0.242326 1.65726 1.67514 53 
3.1196 0.357937 2.01192 1.9978 54 
4.35072 0.554223 2.51357 2.45419 55 
6.90128 0.960878 3.27745 3.14916 56 
15.3415 2.30656 4.58199 4.33601 57 
-1.2901 -0.063426 -1.10881 0.796352 60 
-1.38681 -0.0479289 -1.17203 0.886759 61 
-1.50735 -0.0286112 -1.24779 0.995118 62 
-1.66179 -0.00386133 -1.34026 1.12737 63 
-1.86676 0.0289868 -1.45564 1.29238 64 
-2.15192 0.0746855 -1.60364 1.50406 65 
-2.57577 0.142609 -1.8004 1.78547 66 
-3.27198 0.254181 -2.07474 2.17783 67 
-4.62736 0.471389 -2.48383 2.76291 68 
-8.41971 1.07914 -3.15925 3.7289 69 
-79.7177 12.5051 -4.48659 5.62727 70 
