-4 -4 2 1 0.948206 0.168878 
-4 -3.57895 2 1 0.849052 0.157312 
-4 -3.15789 2 1 0.753023 0.146111 
-4 -2.73684 2 1 0.659975 0.135257 
-4 -2.31579 2 1 0.569771 0.124735 
-4 -1.89474 2 1 0.482282 0.11453 
-4 -1.47368 2 1 0.397387 0.104627 
-4 -1.05263 2 1 0.314973 0.0950137 
-4 -0.631579 2 1 0.234933 0.0856772 
-4 -0.210526 2 1 0.157165 0.0766059 
-4 0.210526 2 1 0.0815735 0.0677884 
-4 0.631579 2 1 0.00806934 0.0592144 
-4 1.05263 2 1 -0.0634332 0.0508739 
-4 1.47368 2 1 -0.133015 0.0427575 
-4 1.89474 2 1 -0.200752 0.0348562 
-4 2.31579 2 1 -0.266716 0.0271616 
-4 2.73684 2 1 -0.330978 0.0196658 
-4 3.15789 2 1 -0.3936 0.012361 
-4 3.57895 2 1 -0.454647 0.00524019 
-4 4 2 1 -0.514175 -0.00170361 
-4 -4 2 1 0.948206 0.168878 
-3.57895 -4 2 1 1.018 0.192868 
-3.15789 -4 2 1 1.10215 0.221794 
-2.73684 -4 2 1 1.2056 0.257355 
-2.31579 -4 2 1 1.33585 0.302128 
-1.89474 -4 2 1 1.50487 0.360225 
-1.47368 -4 2 1 1.73298 0.438637 
-1.05263 -4 2 1 2.05775 0.550273 
-0.631579 -4 2 1 2.55712 0.721926 
-0.210526 -4 2 1 3.42366 1.01979 
0.210526 -4 2 1 5.29773 1.66398 
0.631579 -4 2 1 12.3767 4.0973 
-4 4 2 1 -0.514175 -0.00170361 
-3.57895 4 2 1 -0.563966 0.00433321 
-3.15789 4 2 1 -0.621219 0.0112748 
-2.73684 4 2 1 -0.687748 0.0193411 
-2.31579 4 2 1 -0.766007 0.0288294 
-1.89474 4 2 1 -0.859396 0.0401523 
-1.47368 4 2 1 -0.972774 0.0538987 
-1.05263 4 2 1 -1.11333 0.0709398 
-0.631579 4 2 1 -1.29215 0.0926216 
-0.210526 4 2 1 -1.52736 0.121139 
0.210526 4 2 1 -1.85058 0.160327 
0.631579 4 2 1 -2.32261 0.217558 
1.05263 4 2 1 -3.07693 0.309015 
1.47368 4 2 1 -4.47479 0.478497 
1.89474 4 2 1 -7.95239 0.900135 
2.31579 4 2 1 -31.6329 3.77126 
-4 -4 6 1 0.807955 0.912042 
-4 -3.57895 6 1 0.71866 0.890418 
-4 -3.15789 6 1 0.631963 0.869424 
-4 -2.73684 6 1 0.54775 0.849031 
-4 -2.31579 6 1 0.465918 0.829214 
-4 -1.89474 6 1 0.386366 0.80995 
-4 -1.47368 6 1 0.309001 0.791215 
-4 -1.05263 6 1 0.233733 0.772988 
-4 -0.631579 6 1 0.160478 0.755249 
-4 -0.210526 6 1 0.0891576 0.737978 
-4 0.210526 6 1 0.0196949 0.721157 
-4 0.631579 6 1 -0.0479815 0.704768 
-4 1.05263 6 1 -0.113939 0.688796 
-4 1.47368 6 1 -0.178244 0.673224 
-4 1.89474 6 1 -0.240956 0.658038 
-4 2.31579 6 1 -0.302134 0.643223 
-4 2.73684 6 1 -0.361833 0.628766 
-4 3.15789 6 1 -0.420108 0.614654 
-4 3.57895 6 1 -0.477007 0.600875 
-4 4 6 1 -0.53258 0.587418 
-4 -4 6 1 0.807955 0.912042 
-3.57895 -4 6 1 0.859756 0.997281 
-3.15789 -4 6 1 0.921207 1.0984 
-2.73684 -4 6 1 0.995283 1.22029 
-2.31579 -4 6 1 1.08632 1.37009 
-1.89474 -4 6 1 1.20089 1.55862 
-1.47368 -4 6 1 1.34948 1.80313 
-1.05263 -4 6 1 1.54988 2.13289 
-0.631579 -4 6 1 1.83492 2.60193 
-0.210526 -4 6 1 2.27257 3.32208 
0.210526 -4 6 1 3.03017 4.56872 
0.631579 -4 6 1 4.66076 7.25188 
1.05263 -4 6 1 10.7244 17.2297 
-4 4 6 1 -0.53258 0.587418 
-3.57895 4 6 1 -0.580277 0.63141 
-3.15789 4 6 1 -0.634617 0.68153 
-2.73684 4 6 1 -0.697092 0.739152 
-2.31579 4 6 1 -0.769676 0.806099 
-1.89474 4 6 1 -0.85504 0.884833 
-1.47368 4 6 1 -0.956883 0.978766 
-1.05263 4 6 1 -1.08049 1.09277 
-0.631579 4 6 1 -1.23366 1.23405 
-0.210526 4 6 1 -1.42847 1.41372 
0.210526 4 6 1 -1.68453 1.6499 
0.631579 4 6 1 -2.03614 1.9742 
1.05263 4 6 1 -2.54905 2.44727 
1.47368 4 6 1 -3.36728 3.20195 
1.89474 4 6 1 -4.87898 4.59624 
2.31579 4 6 1 -8.61411 8.04128 
2.73684 4 6 1 -33.1117 30.6362 
