4 -4 2 1 -0.325418 -0.27188 
4 -3.57895 2 1 -0.276092 -0.279165 
4 -3.15789 2 1 -0.224031 -0.286854 
4 -2.73684 2 1 -0.169 -0.294982 
4 -2.31579 2 1 -0.110737 -0.303587 
4 -1.89474 2 1 -0.0489496 -0.312712 
4 -1.47368 2 1 0.0166927 -0.322407 
4 -1.05263 2 1 0.086562 -0.332726 
4 -0.631579 2 1 0.16108 -0.343732 
4 -0.210526 2 1 0.240728 -0.355496 
4 0.210526 2 1 0.326052 -0.368097 
4 0.631579 2 1 0.417683 -0.381631 
4 1.05263 2 1 0.516347 -0.396203 
4 1.47368 2 1 0.622886 -0.411938 
4 1.89474 2 1 0.738281 -0.428981 
4 2.31579 2 1 0.863686 -0.447502 
4 2.73684 2 1 1.00046 -0.467703 
4 3.15789 2 1 1.15023 -0.489822 
4 3.57895 2 1 1.31492 -0.514147 
4 4 2 1 1.4969 -0.541024 
-3.15789 -4 2 1 -15.102 -1.99303 
-2.73684 -4 2 1 -6.94702 -1.04315 
-2.31579 -4 2 1 -4.39907 -0.746372 
-1.89474 -4 2 1 -3.15481 -0.601442 
-1.47368 -4 2 1 -2.41749 -0.515561 
-1.05263 -4 2 1 -1.92974 -0.458749 
-0.631579 -4 2 1 -1.58319 -0.418382 
-0.210526 -4 2 1 -1.32427 -0.388224 
0.210526 -4 2 1 -1.12348 -0.364836 
0.631579 -4 2 1 -0.963211 -0.346169 
1.05263 -4 2 1 -0.83233 -0.330924 
1.47368 -4 2 1 -0.723428 -0.318239 
1.89474 -4 2 1 -0.6314 -0.30752 
2.31579 -4 2 1 -0.552604 -0.298342 
2.73684 -4 2 1 -0.484379 -0.290395 
3.15789 -4 2 1 -0.42473 -0.283448 
3.57895 -4 2 1 -0.372137 -0.277322 
4 -4 2 1 -0.325418 -0.27188 
0.631579 4 2 1 10.0275 -3.5254 
1.05263 4 2 1 5.16863 -1.82555 
1.47368 4 2 1 3.58377 -1.2711 
1.89474 4 2 1 2.7977 -0.996098 
2.31579 4 2 1 2.32808 -0.831804 
2.73684 4 2 1 2.01583 -0.722568 
3.15789 4 2 1 1.79321 -0.644684 
3.57895 4 2 1 1.62646 -0.586349 
4 4 2 1 1.4969 -0.541024 
-4 -4 6 1 -30.1686 19.525 
4 -4 6 1 -0.262859 0.288047 
4 -3.57895 6 1 -0.216018 0.295231 
4 -3.15789 6 1 -0.166796 0.302781 
4 -2.73684 6 1 -0.115009 0.310724 
4 -2.31579 6 1 -0.0604487 0.319092 
4 -1.89474 6 1 -0.00288749 0.327921 
4 -1.47368 6 1 0.0579295 0.337249 
4 -1.05263 6 1 0.122287 0.34712 
4 -0.631579 6 1 0.190502 0.357583 
4 -0.210526 6 1 0.262934 0.368692 
4 0.210526 6 1 0.339985 0.38051 
4 0.631579 6 1 0.422112 0.393107 
4 1.05263 6 1 0.509834 0.406561 
4 1.47368 6 1 0.603742 0.420965 
4 1.89474 6 1 0.704515 0.436421 
4 2.31579 6 1 0.812934 0.45305 
4 2.73684 6 1 0.929904 0.470991 
4 3.15789 6 1 1.05648 0.490405 
4 3.57895 6 1 1.19389 0.51148 
4 4 6 1 1.34359 0.534441 
-4 -4 6 1 -30.1686 19.525 
-3.57895 -4 6 1 -9.21781 6.04835 
-3.15789 -4 6 1 -5.28533 3.51876 
-2.73684 -4 6 1 -3.62454 2.45046 
-2.31579 -4 6 1 -2.70814 1.86098 
-1.89474 -4 6 1 -2.12729 1.48735 
-1.47368 -4 6 1 -1.72621 1.22935 
-1.05263 -4 6 1 -1.43263 1.0405 
-0.631579 -4 6 1 -1.20843 0.896289 
-0.210526 -4 6 1 -1.03162 0.782556 
0.210526 -4 6 1 -0.888613 0.690566 
0.631579 -4 6 1 -0.770558 0.614626 
1.05263 -4 6 1 -0.671449 0.550874 
1.47368 -4 6 1 -0.587063 0.496593 
1.89474 -4 6 1 -0.514348 0.449818 
2.31579 -4 6 1 -0.451038 0.409094 
2.73684 -4 6 1 -0.39542 0.373318 
3.15789 -4 6 1 -0.346172 0.341639 
3.57895 -4 6 1 -0.302259 0.313391 
4 -4 6 1 -0.262859 0.288047 
-0.210526 4 6 1 18.2014 14.2332 
0.210526 4 6 1 6.54347 4.75989 
0.631579 4 6 1 4.13258 2.80079 
1.05263 4 6 1 3.09095 1.95436 
1.47368 4 6 1 2.51008 1.48233 
1.89474 4 6 1 2.13961 1.18129 
2.31579 4 6 1 1.88275 0.97257 
2.73684 4 6 1 1.6942 0.81935 
3.15789 4 6 1 1.5499 0.702091 
3.57895 4 6 1 1.43591 0.609462 
4 4 6 1 1.34359 0.534441 
