-4 -4 2 1 3.95633 0.886113 
-4 -3.57895 2 1 3.06924 0.760655 
-4 -3.15789 2 1 2.45429 0.673684 
-4 -2.73684 2 1 2.00291 0.609845 
-4 -2.31579 2 1 1.65748 0.560993 
-4 -1.89474 2 1 1.38464 0.522405 
-4 -1.47368 2 1 1.16366 0.491153 
-4 -1.05263 2 1 0.981053 0.465327 
-4 -0.631579 2 1 0.827616 0.443627 
-4 -0.210526 2 1 0.696878 0.425137 
-4 0.210526 2 1 0.584149 0.409194 
-4 0.631579 2 1 0.485947 0.395306 
-4 1.05263 2 1 0.399634 0.383099 
-4 1.47368 2 1 0.323175 0.372285 
-4 1.89474 2 1 0.254973 0.362639 
-4 2.31579 2 1 0.193759 0.353982 
-4 2.73684 2 1 0.138512 0.346169 
-4 3.15789 2 1 0.0883991 0.339081 
-4 3.57895 2 1 0.0427369 0.332623 
-4 4 2 1 0.000957651 0.326715 
4 1.47368 2 1 -290.214 59.8732 
4 1.89474 2 1 -13.9707 2.88201 
4 2.31579 2 1 -7.60541 1.5688 
4 2.73684 2 1 -5.41797 1.11752 
4 3.15789 2 1 -4.31149 0.889243 
4 3.57895 2 1 -3.64348 0.751425 
4 4 2 1 -3.19639 0.659188 
-4 -4 2 1 3.95633 0.886113 
-3.57895 -4 2 1 4.68406 1.05841 
-3.15789 -4 2 1 5.91115 1.34893 
-2.73684 -4 2 1 8.42007 1.94294 
-2.31579 -4 2 1 16.4153 3.83588 
-4 4 2 1 0.000957651 0.326715 
-3.57895 4 2 1 -0.0440704 0.331397 
-3.15789 4 2 1 -0.0929184 0.336476 
-2.73684 4 2 1 -0.146094 0.342006 
-2.31579 4 2 1 -0.204198 0.348048 
-1.89474 4 2 1 -0.267951 0.354677 
-1.47368 4 2 1 -0.338216 0.361983 
-1.05263 4 2 1 -0.416047 0.370077 
-0.631579 4 2 1 -0.502734 0.379091 
-0.210526 4 2 1 -0.599881 0.389192 
0.210526 4 2 1 -0.709502 0.400591 
0.631579 4 2 1 -0.834164 0.413554 
1.05263 4 2 1 -0.977192 0.428427 
1.47368 4 2 1 -1.14297 0.445665 
1.89474 4 2 1 -1.33738 0.465881 
2.31579 4 2 1 -1.56856 0.48992 
2.73684 4 2 1 -1.84802 0.51898 
3.15789 4 2 1 -2.19266 0.554816 
3.57895 4 2 1 -2.62828 0.600114 
4 4 2 1 -3.19639 0.659188 
-4 -4 6 1 9.28452 8.83692 
-4 -3.57895 6 1 5.77534 5.87041 
-4 -3.15789 6 1 4.05947 4.41989 
-4 -2.73684 6 1 3.04202 3.55978 
-4 -2.31579 6 1 2.36868 2.99057 
-4 -1.89474 6 1 1.89012 2.58601 
-4 -1.47368 6 1 1.53251 2.2837 
-4 -1.05263 6 1 1.25513 2.04923 
-4 -0.631579 6 1 1.03372 1.86205 
-4 -0.210526 6 1 0.852879 1.70918 
-4 0.210526 6 1 0.702398 1.58197 
-4 0.631579 6 1 0.575224 1.47446 
-4 1.05263 6 1 0.466329 1.38241 
-4 1.47368 6 1 0.372039 1.3027 
-4 1.89474 6 1 0.289598 1.23301 
-4 2.31579 6 1 0.216906 1.17156 
-4 2.73684 6 1 0.15233 1.11697 
-4 3.15789 6 1 0.0945822 1.06815 
-4 3.57895 6 1 0.0426343 1.02423 
-4 4 6 1 -0.0043457 0.984519 
4 2.73684 6 1 -37.6638 36.9571 
4 3.15789 6 1 -12.185 11.4508 
4 3.57895 6 1 -7.57887 6.83977 
4 4 6 1 -5.64969 4.90852 
-4 -4 6 1 9.28452 8.83692 
-3.57895 -4 6 1 16.8492 16.8164 
-3.15789 -4 6 1 211.348 221.979 
-4 4 6 1 -0.0043457 0.984519 
-3.57895 4 6 1 -0.0554862 1.02007 
-3.15789 4 6 1 -0.111558 1.05904 
-2.73684 4 6 1 -0.17331 1.10196 
-2.31579 4 6 1 -0.241651 1.14947 
-1.89474 4 6 1 -0.317697 1.20232 
-1.47368 4 6 1 -0.402826 1.2615 
-1.05263 4 6 1 -0.498771 1.32819 
-0.631579 4 6 1 -0.607733 1.40392 
-0.210526 4 6 1 -0.732552 1.49069 
0.210526 4 6 1 -0.876962 1.59106 
0.631579 4 6 1 -1.04597 1.70854 
1.05263 4 6 1 -1.24644 1.84788 
1.47368 4 6 1 -1.48807 2.01584 
1.89474 4 6 1 -1.78498 2.22221 
2.31579 4 6 1 -2.15858 2.4819 
2.73684 4 6 1 -2.64301 2.81862 
3.15789 4 6 1 -3.29617 3.27262 
3.57895 4 6 1 -4.22478 3.91809 
4 4 6 1 -5.64969 4.90852 
