-0.546474 0.0689327 -0.622555 0.773265 0 
-0.590313 0.0598238 -0.679024 0.81807 1 
-0.640564 0.0493824 -0.745114 0.870509 2 
-0.698747 0.0372929 -0.823515 0.932715 3 
-0.7669 0.0231319 -0.918018 1.0077 4 
-0.847825 0.00631683 -1.03415 1.09985 5 
-0.945486 -0.0139755 -1.18031 1.21581 6 
-1.06567 -0.0389479 -1.36985 1.3662 7 
-1.21719 -0.0704308 -1.62547 1.56902 8 
-1.41413 -0.111352 -1.98899 1.85746 9 
-1.68052 -0.166703 -2.54706 2.30026 10 
-2.06095 -0.245751 -3.51287 3.06657 11 
-2.64862 -0.36786 -5.59049 4.71505 12 
-3.67624 -0.581382 -13.3034 10.8348 13 
0.779924 0.0498873 0.907241 0.857071 20 
0.832987 0.0380286 0.981321 0.91689 21 
0.894988 0.0241727 1.07031 0.988743 22 
0.96839 0.00776869 1.17919 1.07667 23 
1.05666 -0.0119575 1.31551 1.18674 24 
1.16482 -0.0361288 1.49109 1.32852 25 
1.30044 -0.0664384 1.72579 1.51803 26 
1.47552 -0.105565 2.05547 1.78425 27 
1.71019 -0.15801 2.55246 2.18556 28 
2.04113 -0.231968 3.38737 2.85974 29 
2.54285 -0.344094 5.08245 4.22848 30 
3.39354 -0.534207 10.379 8.50539 31 
-0.546474 0.0689327 -0.622555 0.773265 40 
-0.484289 0.0680399 -0.552081 0.777126 41 
-0.421345 0.0671361 -0.480624 0.781041 42 
-0.357628 0.0662211 -0.408163 0.78501 43 
-0.293122 0.0652949 -0.334676 0.789036 44 
-0.227815 0.0643572 -0.260142 0.793119 45 
-0.16169 0.0634077 -0.184538 0.797261 46 
-0.094732 0.0624463 -0.107841 0.801463 47 
-0.0269254 0.0614727 -0.0300264 0.805725 48 
0.0417461 0.0604866 0.0489295 0.810051 49 
0.111299 0.0594879 0.129052 0.81444 50 
0.181751 0.0584763 0.210368 0.818895 51 
0.253119 0.0574516 0.292904 0.823416 52 
0.325422 0.0564134 0.376687 0.828006 53 
0.398677 0.0553616 0.461746 0.832666 54 
0.472903 0.0542958 0.54811 0.837397 55 
0.548121 0.0532157 0.63581 0.842201 56 
0.62435 0.0521212 0.724877 0.847081 57 
0.70161 0.0510118 0.815343 0.852037 58 
0.779924 0.0498873 0.907241 0.857071 59 
