0.629515 -0.173975 0.540371 0.475218 0 
0.56359 -0.181472 0.47682 0.473169 1 
0.49657 -0.189093 0.412262 0.471087 2 
0.428427 -0.196841 0.346674 0.468972 3 
0.359134 -0.20472 0.280031 0.466823 4 
0.288661 -0.212734 0.212308 0.464639 5 
0.216977 -0.220885 0.143478 0.462419 6 
0.14405 -0.229178 0.0735135 0.460163 7 
0.069849 -0.237615 0.00238635 0.457869 8 
-0.00566054 -0.246201 -0.0699327 0.455537 9 
-0.0825135 -0.25494 -0.143474 0.453166 10 
-0.160746 -0.263836 -0.218268 0.450754 11 
-0.240395 -0.272893 -0.294348 0.4483 12 
-0.321501 -0.282116 -0.371747 0.445804 13 
-0.404102 -0.291508 -0.4505 0.443265 14 
-0.488242 -0.301076 -0.530643 0.440681 15 
-0.573963 -0.310823 -0.612211 0.43805 16 
-0.66131 -0.320756 -0.695245 0.435372 17 
-0.75033 -0.330878 -0.779784 0.432646 18 
-0.841072 -0.341196 -0.865869 0.42987 19 
0.629515 -0.173975 0.540371 0.475218 40 
0.6856 -0.180937 0.587239 0.515471 41 
0.750906 -0.189044 0.641401 0.561988 42 
0.827912 -0.198603 0.704704 0.616355 43 
0.92007 -0.210043 0.779674 0.680743 44 
1.03234 -0.22398 0.869864 0.758203 45 
1.17211 -0.24133 0.980434 0.853166 46 
1.35091 -0.263525 1.11917 0.97232 47 
1.58771 -0.29292 1.29841 1.12626 48 
1.91622 -0.3337 1.53891 1.33281 49 
2.40251 -0.394065 1.87857 1.62453 50 
3.19617 -0.492586 2.39462 2.06774 51 
4.72327 -0.682151 3.27267 2.82186 52 
8.87374 -1.19737 5.09941 4.39075 53 
63.5712 -7.9872 11.2188 9.64636 54 
-0.841072 -0.341196 -0.865869 0.42987 60 
-0.907849 -0.364804 -0.930838 0.473825 61 
-0.988028 -0.393148 -1.008 0.526033 62 
-1.08609 -0.427816 -1.10116 0.589057 63 
-1.20878 -0.471187 -1.21585 0.666649 64 
-1.36669 -0.527011 -1.36051 0.764519 65 
-1.57753 -0.60155 -1.54866 0.891812 66 
-1.8733 -0.706109 -1.80338 1.06414 67 
-2.31822 -0.863398 -2.16759 1.31055 68 
-3.06318 -1.12675 -2.73122 1.69187 69 
-4.56603 -1.65804 -3.71979 2.36069 70 
-9.18087 -3.28948 -5.90465 3.83886 71 
