-0.656245 0.212574 -0.630761 0.972632 20 
-0.584051 0.206239 -0.553828 0.968407 21 
-0.511407 0.199865 -0.476384 0.964155 22 
-0.438307 0.19345 -0.398424 0.959874 23 
-0.364748 0.186995 -0.319941 0.955564 24 
-0.290726 0.180499 -0.240931 0.951225 25 
-0.216235 0.173963 -0.161389 0.946857 26 
-0.141271 0.167385 -0.0813086 0.94246 27 
-0.0658302 0.160765 -0.00068495 0.938032 28 
0.0100923 0.154102 0.0804876 0.933575 29 
0.0865012 0.147397 0.162215 0.929087 30 
0.163401 0.140649 0.244502 0.924568 31 
0.240797 0.133858 0.327356 0.920018 32 
0.318693 0.127022 0.410781 0.915437 33 
0.397095 0.120142 0.494784 0.910824 34 
0.476008 0.113217 0.579371 0.906179 35 
0.555435 0.106248 0.664548 0.901502 36 
0.635384 0.099232 0.750322 0.896792 37 
0.715858 0.0921703 0.836697 0.892049 38 
0.796862 0.085062 0.923682 0.887272 39 
-6.29487 1.25886 -12.516 16.5375 47 
-3.75933 0.78837 -5.06731 6.78273 48 
-2.67174 0.586563 -3.16295 4.28878 49 
-2.06729 0.474403 -2.29161 3.14768 50 
-1.68255 0.403012 -1.79209 2.49351 51 
-1.41616 0.353581 -1.46824 2.0694 52 
-1.22078 0.317327 -1.24125 1.77213 53 
-1.07136 0.289601 -1.07332 1.55221 54 
-0.953385 0.267711 -0.944053 1.38292 55 
-0.85788 0.249989 -0.841474 1.24858 56 
-0.778981 0.235349 -0.758091 1.13938 57 
-0.712704 0.223051 -0.688979 1.04887 58 
-0.656245 0.212574 -0.630761 0.972632 59 
5.6149 0.107416 11.7177 10.8369 68 
3.55826 0.0978739 5.5465 5.14845 69 
2.61152 0.0934814 3.64495 3.39566 70 
2.06713 0.0909556 2.72088 2.54388 71 
1.71355 0.0893151 2.17469 2.04042 72 
1.46543 0.0881639 1.81395 1.70789 73 
1.2817 0.0873115 1.55791 1.47188 74 
1.14018 0.0866549 1.36676 1.29569 75 
1.02782 0.0861336 1.21861 1.15913 76 
0.936454 0.0857097 1.10042 1.05019 77 
0.860696 0.0853582 1.00394 0.96125 78 
0.796862 0.085062 0.923682 0.887272 79 
