-4 -4 2 1 1.05579 0.155431 
-4 -3.57895 2 1 0.943576 0.142018 
-4 -3.15789 2 1 0.836346 0.1292 
-4 -2.73684 2 1 0.73378 0.11694 
-4 -2.31579 2 1 0.635579 0.105202 
-4 -1.89474 2 1 0.541471 0.0939528 
-4 -1.47368 2 1 0.451205 0.0831631 
-4 -1.05263 2 1 0.36455 0.072805 
-4 -0.631579 2 1 0.281294 0.0628532 
-4 -0.210526 2 1 0.201241 0.0532843 
-4 0.210526 2 1 0.12421 0.0440765 
-4 0.631579 2 1 0.050032 0.0352099 
-4 1.05263 2 1 -0.0214478 0.0266657 
-4 1.47368 2 1 -0.0903742 0.0184267 
-4 1.89474 2 1 -0.156882 0.0104769 
-4 2.31579 2 1 -0.221095 0.00280128 
-4 2.73684 2 1 -0.283132 -0.00461411 
-4 3.15789 2 1 -0.3431 -0.0117823 
-4 3.57895 2 1 -0.401102 -0.0187154 
-4 4 2 1 -0.457232 -0.0254248 
-4 -4 2 1 1.05579 0.155431 
-3.57895 -4 2 1 1.13482 0.175335 
-3.15789 -4 2 1 1.23133 0.199645 
-2.73684 -4 2 1 1.35185 0.230003 
-2.31579 -4 2 1 1.50664 0.26899 
-1.89474 -4 2 1 1.7127 0.320893 
-1.47368 -4 2 1 2.00059 0.393406 
-1.05263 -4 2 1 2.4311 0.501843 
-0.631579 -4 2 1 3.14513 0.681695 
-0.210526 -4 2 1 4.56028 1.03814 
0.210526 -4 2 1 8.70507 2.08213 
0.631579 -4 2 1 237.663 59.752 
-4 4 2 1 -0.457232 -0.0254248 
-3.57895 4 2 1 -0.505499 -0.0241564 
-3.15789 4 2 1 -0.560703 -0.0227057 
-2.73684 4 2 1 -0.624456 -0.0210303 
-2.31579 4 2 1 -0.698911 -0.0190737 
-1.89474 4 2 1 -0.787008 -0.0167586 
-1.47368 4 2 1 -0.892875 -0.0139765 
-1.05263 4 2 1 -1.02249 -0.0105702 
-0.631579 4 2 1 -1.18487 -0.00630324 
-0.210526 4 2 1 -1.3942 -0.000802134 
0.210526 4 2 1 -1.67431 0.00655905 
0.631579 4 2 1 -2.06842 0.0169157 
1.05263 4 2 1 -2.66385 0.0325632 
1.47368 4 2 1 -3.66783 0.0589468 
1.89474 4 2 1 -5.72039 0.112886 
2.31579 4 2 1 -12.2598 0.284736 
-4 -4 6 1 0.916438 0.980265 
-4 -3.57895 6 1 0.813534 0.949913 
-4 -3.15789 6 1 0.714953 0.920836 
-4 -2.73684 6 1 0.620427 0.892955 
-4 -2.31579 6 1 0.529711 0.866198 
-4 -1.89474 6 1 0.44258 0.840498 
-4 -1.47368 6 1 0.358825 0.815795 
-4 -1.05263 6 1 0.278253 0.79203 
-4 -0.631579 6 1 0.200687 0.769151 
-4 -0.210526 6 1 0.125961 0.747111 
-4 0.210526 6 1 0.0539228 0.725863 
-4 0.631579 6 1 -0.0155708 0.705365 
-4 1.05263 6 1 -0.0826522 0.685579 
-4 1.47368 6 1 -0.147445 0.666469 
-4 1.89474 6 1 -0.210064 0.647999 
-4 2.31579 6 1 -0.270616 0.630139 
-4 2.73684 6 1 -0.329204 0.612858 
-4 3.15789 6 1 -0.38592 0.59613 
-4 3.57895 6 1 -0.440853 0.579927 
-4 4 6 1 -0.494085 0.564226 
-4 -4 6 1 0.916438 0.980265 
-3.57895 -4 6 1 0.977473 1.07592 
-3.15789 -4 6 1 1.05108 1.19127 
-2.73684 -4 6 1 1.14158 1.33311 
-2.31579 -4 6 1 1.25556 1.51174 
-1.89474 -4 6 1 1.4035 1.74359 
-1.47368 -4 6 1 1.60324 2.05663 
-1.05263 -4 6 1 1.88777 2.50256 
-0.631579 -4 6 1 2.32564 3.18878 
-0.210526 -4 6 1 3.08646 4.38116 
0.210526 -4 6 1 4.73638 6.96694 
0.631579 -4 6 1 11.0243 16.8214 
-4 4 6 1 -0.494085 0.564226 
-3.57895 4 6 1 -0.542627 0.603263 
-3.15789 4 6 1 -0.597824 0.647651 
-2.73684 4 6 1 -0.661144 0.698572 
-2.31579 4 6 1 -0.734522 0.757583 
-1.89474 4 6 1 -0.820564 0.826777 
-1.47368 4 6 1 -0.922857 0.909039 
-1.05263 4 6 1 -1.04648 1.00846 
-0.631579 4 6 1 -1.19889 1.13103 
-0.210526 4 6 1 -1.39147 1.28589 
0.210526 4 6 1 -1.64249 1.48777 
0.631579 4 6 1 -1.98334 1.76187 
1.05263 4 6 1 -2.47271 2.15542 
1.47368 4 6 1 -3.23476 2.76825 
1.89474 4 6 1 -4.58536 3.85439 
2.31579 4 6 1 -7.63534 6.30715 
2.73684 4 6 1 -21.0325 17.081 
