-0.90866 0.00939715 -1.0202 0.940775 20 
-0.813241 0.0080669 -0.907177 0.924251 21 
-0.720418 0.00677285 -0.79773 0.90825 22 
-0.630086 0.00551354 -0.691692 0.892747 23 
-0.542147 0.00428758 -0.588907 0.87772 24 
-0.456507 0.00309367 -0.489226 0.863147 25 
-0.373077 0.00193056 -0.392513 0.849008 26 
-0.291772 0.000797087 -0.298635 0.835283 27 
-0.212512 -0.000307878 -0.207471 0.821955 28 
-0.135221 -0.00138539 -0.118903 0.809006 29 
-0.0598263 -0.00243647 -0.0328239 0.796421 30 
0.0137406 -0.00346207 0.0508711 0.784185 31 
0.0855456 -0.0044631 0.13228 0.772283 32 
0.155651 -0.00544045 0.211494 0.760702 33 
0.224117 -0.00639493 0.288601 0.749429 34 
0.291 -0.00732735 0.363685 0.738452 35 
0.356355 -0.00823846 0.436823 0.727759 36 
0.420233 -0.00912899 0.508092 0.71734 37 
0.482683 -0.00999961 0.57756 0.707183 38 
0.543754 -0.010851 0.645296 0.69728 39 
-4.46379 -0.844956 -25.345 22.3063 49 
-3.07467 -0.511128 -6.72152 5.94849 50 
-2.3639 -0.340319 -3.93346 3.49962 51 
-1.9321 -0.236552 -2.80886 2.51184 52 
-1.64198 -0.166832 -2.20107 1.97798 53 
-1.43364 -0.116763 -1.82039 1.64362 54 
-1.27676 -0.0790641 -1.55958 1.41453 55 
-1.15439 -0.0496545 -1.36971 1.24776 56 
-1.05625 -0.0260711 -1.22531 1.12093 57 
-0.975804 -0.00673867 -1.11179 1.02122 58 
-0.90866 0.00939715 -1.0202 0.940775 59 
4.52596 -1.13268 19.2285 12.3865 66 
3.10888 -0.733473 6.84453 4.59673 67 
2.34948 -0.519542 4.11326 2.8787 68 
1.87614 -0.386197 2.91387 2.12426 69 
1.55284 -0.295121 2.23985 1.70028 70 
1.318 -0.228965 1.80802 1.42866 71 
1.13969 -0.178733 1.50773 1.23977 72 
0.999688 -0.139292 1.28682 1.10081 73 
0.886845 -0.107503 1.11749 0.994299 74 
0.793957 -0.0813358 0.983561 0.910056 75 
0.716161 -0.05942 0.874984 0.841758 76 
0.650056 -0.0407975 0.785182 0.785271 77 
0.593191 -0.0247779 0.709673 0.737775 78 
0.543754 -0.010851 0.645296 0.69728 79 
