12.1479 -3.80508 3.93853 2.6293 7 
5.38659 -1.77089 2.85097 1.82732 8 
3.49144 -1.20072 2.2456 1.38091 9 
2.59931 -0.93231 1.85993 1.0965 10 
2.08054 -0.776234 1.59272 0.899462 11 
1.74131 -0.674173 1.39666 0.754887 12 
1.50216 -0.602224 1.24668 0.644286 13 
1.3245 -0.548773 1.12823 0.556943 14 
1.18731 -0.5075 1.03233 0.486219 15 
1.07818 -0.474667 0.953082 0.427783 16 
0.989302 -0.447927 0.886506 0.378689 17 
0.915513 -0.425727 0.829785 0.336862 18 
0.853273 -0.407001 0.780882 0.3008 19 
-57.1265 -11.0607 -5.1181 3.97214 24 
-8.55767 -1.83482 -3.31847 2.54344 25 
-4.57459 -1.07822 -2.4392 1.84539 26 
-3.09764 -0.797666 -1.91802 1.43164 27 
-2.32759 -0.651392 -1.5732 1.15789 28 
-1.85493 -0.561609 -1.32817 0.963362 29 
-1.53527 -0.500888 -1.14508 0.818015 30 
-1.30467 -0.457084 -1.00309 0.705292 31 
-1.13045 -0.423992 -0.889758 0.615316 32 
-0.994203 -0.398111 -0.797197 0.541833 33 
-0.884724 -0.377315 -0.720178 0.480689 34 
-0.794832 -0.36024 -0.655091 0.429017 35 
-0.719702 -0.345968 -0.599361 0.384774 36 
-0.655974 -0.333863 -0.551107 0.346466 37 
-0.601235 -0.323465 -0.508918 0.312972 38 
-0.553709 -0.314437 -0.471718 0.28344 39 
0.853273 -0.407001 0.780882 0.3008 60 
0.766176 -0.401271 0.704716 0.299744 61 
0.680767 -0.395652 0.629853 0.298706 62 
0.596998 -0.390141 0.55626 0.297687 63 
0.514822 -0.384735 0.483906 0.296684 64 
0.434194 -0.379431 0.412758 0.295698 65 
0.35507 -0.374225 0.342787 0.294728 66 
0.277409 -0.369116 0.273965 0.293774 67 
0.201171 -0.3641 0.206262 0.292836 68 
0.126317 -0.359176 0.139653 0.291913 69 
0.0528096 -0.35434 0.0741097 0.291005 70 
-0.0193874 -0.34959 0.00960813 0.290111 71 
-0.0903086 -0.344924 -0.0538768 0.289231 72 
-0.159988 -0.34034 -0.116369 0.288365 73 
-0.228456 -0.335835 -0.177891 0.287512 74 
-0.295747 -0.331409 -0.238466 0.286673 75 
-0.361888 -0.327057 -0.298116 0.285846 76 
-0.426911 -0.322779 -0.356861 0.285032 77 
-0.490842 -0.318573 -0.414722 0.28423 78 
-0.553709 -0.314437 -0.471718 0.28344 79 
