-4 -4 2 1 1.68739 -0.021666 
-4 -3.57895 2 1 1.47278 -0.0228499 
-4 -3.15789 2 1 1.28372 -0.0238928 
-4 -2.73684 2 1 1.11591 -0.0248186 
-4 -2.31579 2 1 0.965947 -0.0256458 
-4 -1.89474 2 1 0.831137 -0.0263895 
-4 -1.47368 2 1 0.709291 -0.0270616 
-4 -1.05263 2 1 0.598624 -0.0276721 
-4 -0.631579 2 1 0.497666 -0.028229 
-4 -0.210526 2 1 0.405193 -0.0287391 
-4 0.210526 2 1 0.320178 -0.0292081 
-4 0.631579 2 1 0.241753 -0.0296407 
-4 1.05263 2 1 0.169182 -0.0300411 
-4 1.47368 2 1 0.101832 -0.0304126 
-4 1.89474 2 1 0.0391594 -0.0307583 
-4 2.31579 2 1 -0.0193066 -0.0310809 
-4 2.73684 2 1 -0.0739758 -0.0313824 
-4 3.15789 2 1 -0.125207 -0.031665 
-4 3.57895 2 1 -0.173313 -0.0319304 
-4 4 2 1 -0.218573 -0.0321801 
4 3.57895 2 1 -36.5135 -9.01228 
4 4 2 1 -15.658 -3.63706 
-4 -4 2 1 1.68739 -0.021666 
-3.57895 -4 2 1 1.8298 -0.0444713 
-3.15789 -4 2 1 2.01441 -0.0740326 
-2.73684 -4 2 1 2.26322 -0.113874 
-2.31579 -4 2 1 2.61676 -0.170488 
-1.89474 -4 2 1 3.15881 -0.257287 
-1.47368 -4 2 1 4.09493 -0.407189 
-1.05263 -4 2 1 6.10028 -0.728308 
-0.631579 -4 2 1 13.4459 -1.90458 
-4 4 2 1 -0.218573 -0.0321801 
-3.57895 4 2 1 -0.260817 -0.0420435 
-3.15789 4 2 1 -0.307759 -0.0530037 
-2.73684 4 2 1 -0.360227 -0.0652543 
-2.31579 4 2 1 -0.419259 -0.0790374 
-1.89474 4 2 1 -0.486169 -0.0946599 
-1.47368 4 2 1 -0.562646 -0.112516 
-1.05263 4 2 1 -0.6509 -0.133122 
-0.631579 4 2 1 -0.75388 -0.157167 
-0.210526 4 2 1 -0.875605 -0.185588 
0.210526 4 2 1 -1.02171 -0.2197 
0.631579 4 2 1 -1.20032 -0.261405 
1.05263 4 2 1 -1.42366 -0.313552 
1.47368 4 2 1 -1.71093 -0.380625 
1.89474 4 2 1 -2.09417 -0.470105 
2.31579 4 2 1 -2.6311 -0.59547 
2.73684 4 2 1 -3.43736 -0.783721 
3.15789 4 2 1 -4.78345 -1.09801 
3.57895 4 2 1 -7.48439 -1.72865 
4 4 2 1 -15.658 -3.63706 
-4 -4 6 1 1.82069 1.42312 
-4 -3.57895 6 1 1.56611 1.31738 
-4 -3.15789 6 1 1.34584 1.2259 
-4 -2.73684 6 1 1.15338 1.14596 
-4 -2.31579 6 1 0.983774 1.07552 
-4 -1.89474 6 1 0.833181 1.01298 
-4 -1.47368 6 1 0.698574 0.957071 
-4 -1.05263 6 1 0.577535 0.906801 
-4 -0.631579 6 1 0.468111 0.861354 
-4 -0.210526 6 1 0.368708 0.820069 
-4 0.210526 6 1 0.278008 0.782399 
-4 0.631579 6 1 0.194916 0.747889 
-4 1.05263 6 1 0.118515 0.716157 
-4 1.47368 6 1 0.0480262 0.686881 
-4 1.89474 6 1 -0.01721 0.659787 
-4 2.31579 6 1 -0.07776 0.634639 
-4 2.73684 6 1 -0.134111 0.611235 
-4 3.15789 6 1 -0.186686 0.589399 
-4 3.57895 6 1 -0.235851 0.568979 
-4 4 6 1 -0.281928 0.549842 
-4 -4 6 1 1.82069 1.42312 
-3.57895 -4 6 1 2.00831 1.61541 
-3.15789 -4 6 1 2.26301 1.87646 
-2.73684 -4 6 1 2.62859 2.25116 
-2.31579 -4 6 1 3.19761 2.83437 
-1.89474 -4 6 1 4.20535 3.86725 
-1.47368 -4 6 1 6.47751 6.19607 
-1.05263 -4 6 1 16.4 16.366 
-4 4 6 1 -0.281928 0.549842 
-3.57895 4 6 1 -0.330466 0.571982 
-3.15789 4 6 1 -0.384773 0.596752 
-2.73684 4 6 1 -0.445941 0.624652 
-2.31579 4 6 1 -0.515359 0.656314 
-1.89474 4 6 1 -0.594815 0.692555 
-1.47368 4 6 1 -0.686657 0.734446 
-1.05263 4 6 1 -0.794025 0.783418 
-0.631579 4 6 1 -0.921222 0.841434 
-0.210526 4 6 1 -1.0743 0.911255 
0.210526 4 6 1 -1.26205 0.996889 
0.631579 4 6 1 -1.49775 1.1044 
1.05263 4 6 1 -1.80247 1.24339 
1.47368 4 6 1 -2.21173 1.43005 
1.89474 4 6 1 -2.79045 1.69402 
2.31579 4 6 1 -3.67137 2.09582 
2.73684 4 6 1 -5.17483 2.78157 
3.15789 4 6 1 -8.32139 4.21676 
3.57895 4 6 1 -19.0495 9.11002 
