3.56815 0.906528 7.2418 7.17647 0 
2.82499 0.788445 4.88844 5.1793 1 
2.28971 0.703393 3.58032 4.06917 2 
1.8858 0.639213 2.74761 3.3625 3 
1.57017 0.589062 2.171 2.87316 4 
1.31674 0.548794 1.7481 2.51427 5 
1.10877 0.515749 1.42466 2.23979 6 
0.935031 0.488143 1.1693 2.02307 7 
0.787719 0.464736 0.962559 1.84763 8 
0.661229 0.444638 0.791766 1.70268 9 
0.551437 0.427193 0.648293 1.58093 10 
0.455243 0.411908 0.526071 1.4772 11 
0.370266 0.398406 0.420704 1.38778 12 
0.294654 0.386392 0.328929 1.3099 13 
0.226938 0.375632 0.248277 1.24145 14 
0.165944 0.365941 0.17684 1.18083 15 
0.110718 0.357166 0.113126 1.12676 16 
0.0604778 0.349183 0.0559447 1.07823 17 
0.0145785 0.34189 0.00434149 1.03444 18 
-0.0275195 0.335201 -0.0424621 0.994721 19 
-5.06988 1.03576 -20.3239 18.934 37 
-4.1744 0.847452 -10.1328 9.04255 38 
-3.60205 0.727093 -6.97983 5.98234 39 
3.56815 0.906528 7.2418 7.17647 40 
4.16248 1.06811 11.2296 11.6485 41 
5.12161 1.32886 29.5653 32.2108 42 
-0.0275195 0.335201 -0.0424621 0.994721 60 
-0.072523 0.340135 -0.093982 1.03176 61 
-0.121499 0.345504 -0.150665 1.07251 62 
-0.174996 0.351369 -0.213328 1.11756 63 
-0.233673 0.357802 -0.282971 1.16763 64 
-0.298319 0.36489 -0.360827 1.22361 65 
-0.369895 0.372737 -0.448441 1.2866 66 
-0.449576 0.381473 -0.547771 1.35801 67 
-0.538823 0.391257 -0.661335 1.43966 68 
-0.639468 0.402291 -0.792428 1.53391 69 
-0.753844 0.414831 -0.945448 1.64392 70 
-0.884967 0.429207 -1.1264 1.77402 71 
-1.0368 0.445853 -1.3437 1.93024 72 
-1.21469 0.465355 -1.60951 2.12135 73 
-1.42595 0.488517 -1.94214 2.36049 74 
-1.68094 0.516473 -2.37039 2.66838 75 
-1.99484 0.550887 -2.94242 3.07964 76 
-2.39069 0.594286 -3.74525 3.65683 77 
-2.90542 0.650718 -4.95383 4.52574 78 
-3.60205 0.727093 -6.97983 5.98234 79 
