30.8647 2.42308 9.59403 8.99443 4 
7.54839 0.539534 5.07617 4.7628 5 
4.2661 0.274382 3.43238 3.22315 6 
2.95654 0.168592 2.58195 2.4266 7 
2.25218 0.111693 2.06218 1.93976 8 
1.81224 0.0761528 1.7116 1.6114 9 
1.51135 0.0518462 1.45918 1.37497 10 
1.29258 0.0341738 1.26874 1.1966 11 
1.12635 0.0207456 1.11996 1.05724 12 
0.99577 0.0101967 1.00051 0.945361 13 
0.890474 0.00169056 0.902505 0.853561 14 
0.803769 -0.00531371 0.820636 0.776879 15 
0.73113 -0.0111816 0.751225 0.711865 16 
0.669392 -0.016169 0.691629 0.656045 17 
0.616272 -0.0204602 0.639904 0.607596 18 
0.570083 -0.0241914 0.594586 0.56515 19 
-12.3682 3.41248 -5.29011 7.74703 26 
-5.2787 1.39699 -3.2498 4.67594 27 
-3.37985 0.857152 -2.35965 3.33609 28 
-2.4987 0.606645 -1.86096 2.58546 29 
-1.98999 0.462024 -1.54205 2.10544 30 
-1.6588 0.367867 -1.32055 1.77203 31 
-1.426 0.301684 -1.15774 1.52697 32 
-1.25342 0.252622 -1.03303 1.33925 33 
-1.12038 0.214797 -0.934437 1.19085 34 
-1.01467 0.184746 -0.85454 1.07059 35 
-0.928667 0.160295 -0.78848 0.971154 36 
-0.857324 0.140012 -0.73295 0.887569 37 
-0.797188 0.122916 -0.685617 0.816324 38 
-0.745811 0.10831 -0.644792 0.754873 39 
0.570083 -0.0241914 0.594586 0.56515 60 
0.507695 -0.0179094 0.535497 0.574195 61 
0.444616 -0.0115577 0.475787 0.583336 62 
0.380834 -0.00513532 0.415445 0.592573 63 
0.316337 0.00135908 0.354462 0.601908 64 
0.251113 0.00792667 0.292828 0.611343 65 
0.18515 0.0145687 0.230531 0.620879 66 
0.118435 0.0212864 0.167562 0.630519 67 
0.050955 0.0280811 0.103908 0.640263 68 
-0.0173027 0.0349542 0.0395602 0.650113 69 
-0.0863519 0.041907 -0.0254943 0.660072 70 
-0.156207 0.0489408 -0.0912669 0.67014 71 
-0.226881 0.0560572 -0.15777 0.68032 72 
-0.298389 0.0632576 -0.225014 0.690614 73 
-0.370746 0.0705435 -0.293014 0.701023 74 
-0.443967 0.0779163 -0.361781 0.71155 75 
-0.518068 0.0853778 -0.431329 0.722196 76 
-0.593065 0.0929294 -0.501671 0.732964 77 
-0.668973 0.100573 -0.572821 0.743856 78 
-0.745811 0.10831 -0.644792 0.754873 79 
