61.1257 -17.5328 4.74348 3.39992 7 
8.35148 -2.52215 3.24832 2.21789 8 
4.56329 -1.44467 2.49224 1.62016 9 
3.17674 -1.0503 2.03584 1.25934 10 
2.45766 -0.845768 1.73041 1.01788 11 
2.01758 -0.720596 1.51167 0.844953 12 
1.72051 -0.6361 1.34731 0.715013 13 
1.50648 -0.575224 1.21928 0.613801 14 
1.34494 -0.529278 1.11675 0.532739 15 
1.2187 -0.493369 1.03278 0.466355 16 
1.11731 -0.464533 0.962747 0.410992 17 
1.03411 -0.440867 0.903453 0.364116 18 
0.964597 -0.421096 0.852602 0.323915 19 
-13.4667 -2.97376 -3.83304 2.7538 24 
-5.78891 -1.41457 -2.73706 1.94879 25 
-3.63744 -0.977652 -2.11044 1.48855 26 
-2.62473 -0.771994 -1.70486 1.19064 27 
-2.03587 -0.65241 -1.42089 0.982068 28 
-1.65082 -0.574215 -1.21097 0.82788 29 
-1.37937 -0.519091 -1.04948 0.709261 30 
-1.17772 -0.47814 -0.921381 0.615175 31 
-1.02201 -0.446519 -0.817296 0.538724 32 
-0.898149 -0.421365 -0.731049 0.475376 33 
-0.797268 -0.400878 -0.658417 0.422027 34 
-0.713518 -0.383871 -0.596411 0.376484 35 
-0.642875 -0.369525 -0.542859 0.33715 36 
-0.582486 -0.357261 -0.496142 0.302836 37 
-0.53027 -0.346657 -0.455029 0.272639 38 
-0.484672 -0.337397 -0.418571 0.245859 39 
0.964597 -0.421096 0.852602 0.323915 60 
0.867107 -0.415466 0.769565 0.318816 61 
0.772584 -0.410007 0.688722 0.313852 62 
0.680894 -0.404711 0.60999 0.309017 63 
0.591911 -0.399572 0.533285 0.304307 64 
0.505519 -0.394583 0.458531 0.299717 65 
0.421604 -0.389737 0.385655 0.295242 66 
0.340062 -0.385027 0.314586 0.290878 67 
0.260794 -0.38045 0.245257 0.286621 68 
0.183706 -0.375998 0.177607 0.282467 69 
0.108709 -0.371666 0.111574 0.278413 70 
0.0357192 -0.367451 0.0471019 0.274454 71 
-0.0353428 -0.363347 -0.0158649 0.270587 72 
-0.104552 -0.35935 -0.0773782 0.26681 73 
-0.171981 -0.355456 -0.137488 0.263119 74 
-0.237697 -0.351661 -0.196241 0.259511 75 
-0.301764 -0.347961 -0.253684 0.255984 76 
-0.364244 -0.344352 -0.309859 0.252535 77 
-0.425195 -0.340832 -0.364808 0.249161 78 
-0.484672 -0.337397 -0.418571 0.245859 79 
