-4 -4 2 1 -5.87478 0.0393796 
-4 -3.57895 2 1 -7.40492 0.117345 
-4 -3.15789 2 1 -10.4965 0.274869 
-4 -2.73684 2 1 -20.029 0.760581 
4 -4 2 1 -0.135234 -0.174371 
4 -3.57895 2 1 -0.091992 -0.173763 
4 -3.15789 2 1 -0.0455462 -0.17311 
4 -2.73684 2 1 0.00447345 -0.172406 
4 -2.31579 2 1 0.0584961 -0.171647 
4 -1.89474 2 1 0.117022 -0.170823 
4 -1.47368 2 1 0.180639 -0.169929 
4 -1.05263 2 1 0.250042 -0.168952 
4 -0.631579 2 1 0.326058 -0.167883 
4 -0.210526 2 1 0.409678 -0.166707 
4 0.210526 2 1 0.502104 -0.165407 
4 0.631579 2 1 0.604805 -0.163963 
4 1.05263 2 1 0.719594 -0.162348 
4 1.47368 2 1 0.84874 -0.160532 
4 1.89474 2 1 0.995114 -0.158473 
4 2.31579 2 1 1.16241 -0.15612 
4 2.73684 2 1 1.35547 -0.153405 
4 3.15789 2 1 1.58072 -0.150237 
4 3.57895 2 1 1.84696 -0.146492 
4 4 2 1 2.16649 -0.141998 
-4 -4 2 1 -5.87478 0.0393796 
-3.57895 -4 2 1 -4.21529 -0.0224225 
-3.15789 -4 2 1 -3.21884 -0.0595324 
-2.73684 -4 2 1 -2.55421 -0.0842842 
-2.31579 -4 2 1 -2.07932 -0.10197 
-1.89474 -4 2 1 -1.72307 -0.115237 
-1.47368 -4 2 1 -1.44593 -0.125558 
-1.05263 -4 2 1 -1.22419 -0.133817 
-0.631579 -4 2 1 -1.04275 -0.140574 
-0.210526 -4 2 1 -0.891529 -0.146206 
0.210526 -4 2 1 -0.763564 -0.150971 
0.631579 -4 2 1 -0.653872 -0.155056 
1.05263 -4 2 1 -0.5588 -0.158597 
1.47368 -4 2 1 -0.475607 -0.161695 
1.89474 -4 2 1 -0.402199 -0.164429 
2.31579 -4 2 1 -0.336945 -0.166859 
2.73684 -4 2 1 -0.278557 -0.169034 
3.15789 -4 2 1 -0.226007 -0.170991 
3.57895 -4 2 1 -0.178459 -0.172762 
4 -4 2 1 -0.135234 -0.174371 
1.05263 4 2 1 18.8738 0.651434 
1.47368 4 2 1 7.44596 0.108725 
1.89474 4 2 1 4.8634 -0.0139212 
2.31579 4 2 1 3.72202 -0.0681255 
2.73684 4 2 1 3.07863 -0.0986802 
3.15789 4 2 1 2.66568 -0.118291 
3.57895 4 2 1 2.37818 -0.131945 
4 4 2 1 2.16649 -0.141998 
-4 -4 6 1 -3.24316 2.22406 
-4 -3.57895 6 1 -3.55246 2.61779 
-4 -3.15789 6 1 -3.98224 3.16488 
-4 -2.73684 6 1 -4.6199 3.97659 
-4 -2.31579 6 1 -5.66438 5.30617 
-4 -1.89474 6 1 -7.68739 7.88135 
-4 -1.47368 6 1 -13.2757 14.995 
-4 -1.05263 6 1 -101.764 127.636 
4 -4 6 1 -0.118014 0.331312 
4 -3.57895 6 1 -0.0786248 0.348084 
4 -3.15789 6 1 -0.0366242 0.365967 
4 -2.73684 6 1 0.00825658 0.385077 
4 -2.31579 6 1 0.0563242 0.405544 
4 -1.89474 6 1 0.107931 0.427517 
4 -1.47368 6 1 0.163481 0.45117 
4 -1.05263 6 1 0.223447 0.476703 
4 -0.631579 6 1 0.288375 0.504349 
4 -0.210526 6 1 0.358909 0.534381 
4 0.210526 6 1 0.435807 0.567124 
4 0.631579 6 1 0.519971 0.60296 
4 1.05263 6 1 0.612481 0.64235 
4 1.47368 6 1 0.714646 0.685851 
4 1.89474 6 1 0.828057 0.734141 
4 2.31579 6 1 0.954683 0.788056 
4 2.73684 6 1 1.09697 0.848642 
4 3.15789 6 1 1.25803 0.917218 
4 3.57895 6 1 1.44182 0.995475 
4 4 6 1 1.65353 1.08562 
-4 -4 6 1 -3.24316 2.22406 
-3.57895 -4 6 1 -2.6172 1.84495 
-3.15789 -4 6 1 -2.16006 1.56809 
-2.73684 -4 6 1 -1.81157 1.35702 
-2.31579 -4 6 1 -1.5371 1.19078 
-1.89474 -4 6 1 -1.31533 1.05647 
-1.47368 -4 6 1 -1.13241 0.945687 
-1.05263 -4 6 1 -0.978965 0.85275 
-0.631579 -4 6 1 -0.848392 0.773668 
-0.210526 -4 6 1 -0.735934 0.705557 
0.210526 -4 6 1 -0.638067 0.646283 
0.631579 -4 6 1 -0.552123 0.594231 
1.05263 -4 6 1 -0.476049 0.548157 
1.47368 -4 6 1 -0.408236 0.507086 
1.89474 -4 6 1 -0.347409 0.470246 
2.31579 -4 6 1 -0.292541 0.437015 
2.73684 -4 6 1 -0.242797 0.406887 
3.15789 -4 6 1 -0.197492 0.379448 
3.57895 -4 6 1 -0.156056 0.354352 
4 -4 6 1 -0.118014 0.331312 
0.210526 4 6 1 9.62991 12.8025 
0.631579 4 6 1 5.18757 6.27693 
1.05263 4 6 1 3.71292 4.11075 
1.47368 4 6 1 2.97674 3.02934 
1.89474 4 6 1 2.5354 2.38103 
2.31579 4 6 1 2.24132 1.94905 
2.73684 4 6 1 2.03134 1.6406 
3.15789 4 6 1 1.8739 1.40932 
3.57895 4 6 1 1.75146 1.22948 
4 4 6 1 1.65353 1.08562 
