-4 -1.89474 2 1 40.4988 -4.40015 
-4 -1.47368 2 1 7.76247 -0.953491 
-4 -1.05263 2 1 4.29282 -0.588189 
-4 -0.631579 2 1 2.96685 -0.448583 
-4 -0.210526 2 1 2.26676 -0.374874 
-4 0.210526 2 1 1.83403 -0.329314 
-4 0.631579 2 1 1.54006 -0.298363 
-4 1.05263 2 1 1.32733 -0.275966 
-4 1.47368 2 1 1.16625 -0.259006 
-4 1.89474 2 1 1.04004 -0.245719 
-4 2.31579 2 1 0.938497 -0.235028 
-4 2.73684 2 1 0.855024 -0.226239 
-4 3.15789 2 1 0.785193 -0.218887 
-4 3.57895 2 1 0.725914 -0.212646 
-4 4 2 1 0.674961 -0.207281 
4 -1.89474 2 1 -21.8612 0.787359 
4 -1.47368 2 1 -6.63252 0.143967 
4 -1.05263 2 1 -3.90912 0.0289063 
4 -0.631579 2 1 -2.77113 -0.0191722 
4 -0.210526 2 1 -2.14627 -0.0455721 
4 0.210526 2 1 -1.75132 -0.0622582 
4 0.631579 2 1 -1.47911 -0.0737587 
4 1.05263 2 1 -1.28012 -0.0821658 
4 1.47368 2 1 -1.12831 -0.0885797 
4 1.89474 2 1 -1.00867 -0.0936341 
4 2.31579 2 1 -0.911968 -0.0977197 
4 2.73684 2 1 -0.832176 -0.101091 
4 3.15789 2 1 -0.765217 -0.10392 
4 3.57895 2 1 -0.708225 -0.106328 
4 4 2 1 -0.65913 -0.108402 
-4 4 2 1 0.674961 -0.207281 
-3.57895 4 2 1 0.603819 -0.202008 
-3.15789 4 2 1 0.532782 -0.196743 
-2.73684 4 2 1 0.461848 -0.191486 
-2.31579 4 2 1 0.391018 -0.186236 
-1.89474 4 2 1 0.320292 -0.180994 
-1.47368 4 2 1 0.249669 -0.17576 
-1.05263 4 2 1 0.179149 -0.170533 
-0.631579 4 2 1 0.108732 -0.165314 
-0.210526 4 2 1 0.0384177 -0.160102 
0.210526 4 2 1 -0.0317943 -0.154898 
0.631579 4 2 1 -0.101904 -0.149702 
1.05263 4 2 1 -0.171912 -0.144513 
1.47368 4 2 1 -0.241818 -0.139332 
1.89474 4 2 1 -0.311622 -0.134158 
2.31579 4 2 1 -0.381326 -0.128992 
2.73684 4 2 1 -0.450928 -0.123833 
3.15789 4 2 1 -0.520429 -0.118682 
3.57895 4 2 1 -0.589829 -0.113538 
4 4 2 1 -0.65913 -0.108402 
-4 -2.31579 6 1 19.5163 16.2305 
-4 -1.89474 6 1 6.74314 5.51837 
-4 -1.47368 6 1 4.07582 3.28146 
-4 -1.05263 6 1 2.92065 2.31268 
-4 -0.631579 6 1 2.27572 1.77182 
-4 -0.210526 6 1 1.86413 1.42664 
-4 0.210526 6 1 1.57864 1.18722 
-4 0.631579 6 1 1.369 1.01141 
-4 1.05263 6 1 1.20853 0.876829 
-4 1.47368 6 1 1.08174 0.770499 
-4 1.89474 6 1 0.979036 0.684369 
-4 2.31579 6 1 0.894152 0.613181 
-4 2.73684 6 1 0.822819 0.553359 
-4 3.15789 6 1 0.762032 0.50238 
-4 3.57895 6 1 0.709613 0.45842 
-4 4 6 1 0.663946 0.420122 
4 -2.31579 6 1 -12.1463 13.7043 
4 -1.89474 6 1 -5.1101 5.68699 
4 -1.47368 6 1 -3.23557 3.55106 
4 -1.05263 6 1 -2.36713 2.56152 
4 -0.631579 6 1 -1.86619 1.99072 
4 -0.210526 6 1 -1.54021 1.61928 
4 0.210526 6 1 -1.31115 1.35828 
4 0.631579 6 1 -1.14139 1.16485 
4 1.05263 6 1 -1.01053 1.01575 
4 1.47368 6 1 -0.906583 0.897303 
4 1.89474 6 1 -0.822017 0.800944 
4 2.31579 6 1 -0.751875 0.72102 
4 2.73684 6 1 -0.692755 0.653657 
4 3.15789 6 1 -0.64225 0.596108 
4 3.57895 6 1 -0.598603 0.546376 
4 4 6 1 -0.560508 0.502968 
-4 4 6 1 0.663946 0.420122 
-3.57895 4 6 1 0.598721 0.424535 
-3.15789 4 6 1 0.533584 0.428942 
-2.73684 4 6 1 0.468534 0.433343 
-2.31579 4 6 1 0.403572 0.437739 
-1.89474 4 6 1 0.338697 0.442128 
-1.47368 4 6 1 0.273908 0.446512 
-1.05263 4 6 1 0.209207 0.450889 
-0.631579 4 6 1 0.144592 0.455261 
-0.210526 4 6 1 0.0800633 0.459627 
0.210526 4 6 1 0.015621 0.463987 
0.631579 4 6 1 -0.0487353 0.468342 
1.05263 4 6 1 -0.113006 0.47269 
1.47368 4 6 1 -0.17719 0.477033 
1.89474 4 6 1 -0.241289 0.48137 
2.31579 4 6 1 -0.305303 0.485701 
2.73684 4 6 1 -0.369232 0.490026 
3.15789 4 6 1 -0.433075 0.494346 
3.57895 4 6 1 -0.496834 0.49866 
4 4 6 1 -0.560508 0.502968 
