-4 -4 2 1 -0.187604 0.22318 
-4 -3.57895 2 1 -0.225914 0.234137 
-4 -3.15789 2 1 -0.268641 0.246357 
-4 -2.73684 2 1 -0.316598 0.260072 
-4 -2.31579 2 1 -0.370805 0.275576 
-4 -1.89474 2 1 -0.432571 0.293241 
-4 -1.47368 2 1 -0.503596 0.313554 
-4 -1.05263 2 1 -0.586128 0.337158 
-4 -0.631579 2 1 -0.683213 0.364925 
-4 -0.210526 2 1 -0.79907 0.39806 
-4 0.210526 2 1 -0.939727 0.438288 
-4 0.631579 2 1 -1.1141 0.48816 
-4 1.05263 2 1 -1.33597 0.551615 
-4 1.47368 2 1 -1.6278 0.635077 
-4 1.89474 2 1 -2.02885 0.74978 
-4 2.31579 2 1 -2.6146 0.917304 
-4 2.73684 2 1 -3.55075 1.18505 
-4 3.15789 2 1 -5.28597 1.68132 
-4 3.57895 2 1 -9.60498 2.91656 
-4 4 2 1 -39.0966 11.3512 
4 -4 2 1 1.58049 0.192362 
4 -3.57895 2 1 1.70348 0.212006 
4 -3.15789 2 1 1.85858 0.236778 
4 -2.73684 2 1 2.06023 0.268987 
4 -2.31579 2 1 2.33312 0.312572 
4 -1.89474 2 1 2.72307 0.374854 
4 -1.47368 2 1 3.32598 0.471151 
4 -1.05263 2 1 4.38183 0.639793 
4 -0.631579 2 1 6.70816 1.01135 
4 -0.210526 2 1 16.061 2.50519 
-4 -4 2 1 -0.187604 0.22318 
-3.57895 -4 2 1 -0.139863 0.222348 
-3.15789 -4 2 1 -0.0894673 0.221469 
-2.73684 -4 2 1 -0.0361884 0.220541 
-2.31579 -4 2 1 0.0202279 0.219557 
-1.89474 -4 2 1 0.0800672 0.218514 
-1.47368 -4 2 1 0.143651 0.217406 
-1.05263 -4 2 1 0.211341 0.216226 
-0.631579 -4 2 1 0.28355 0.214968 
-0.210526 -4 2 1 0.360746 0.213622 
0.210526 -4 2 1 0.443462 0.21218 
0.631579 -4 2 1 0.532314 0.210632 
1.05263 -4 2 1 0.62801 0.208964 
1.47368 -4 2 1 0.731374 0.207162 
1.89474 -4 2 1 0.843365 0.20521 
2.31579 -4 2 1 0.965109 0.203088 
2.73684 -4 2 1 1.09794 0.200773 
3.15789 -4 2 1 1.24344 0.198237 
3.57895 -4 2 1 1.40352 0.195447 
4 -4 2 1 1.58049 0.192362 
-4 4 2 1 -39.0966 11.3512 
-4 -4 6 1 -0.141544 0.80308 
-4 -3.57895 6 1 -0.178867 0.847463 
-4 -3.15789 6 1 -0.220689 0.897196 
-4 -2.73684 6 1 -0.267874 0.953307 
-4 -2.31579 6 1 -0.321526 1.01711 
-4 -1.89474 6 1 -0.383071 1.0903 
-4 -1.47368 6 1 -0.45439 1.17511 
-4 -1.05263 6 1 -0.538012 1.27455 
-4 -0.631579 6 1 -0.637421 1.39276 
-4 -0.210526 6 1 -0.757553 1.53562 
-4 0.210526 6 1 -0.905643 1.71172 
-4 0.631579 6 1 -1.09273 1.93421 
-4 1.05263 6 1 -1.33657 2.22417 
-4 1.47368 6 1 -1.66759 2.61781 
-4 1.89474 6 1 -2.14272 3.18282 
-4 2.31579 6 1 -2.88226 4.06226 
-4 2.73684 6 1 -4.19202 5.61977 
-4 3.15789 6 1 -7.14522 9.13163 
-4 3.57895 6 1 -20.0434 24.4697 
4 -4 6 1 1.82521 1.39954 
4 -3.57895 6 1 1.99077 1.57361 
4 -3.15789 6 1 2.20424 1.79803 
4 -2.73684 6 1 2.4899 2.09836 
4 -2.31579 6 1 2.89186 2.52095 
4 -1.89474 6 1 3.49927 3.15954 
4 -1.47368 6 1 4.52373 4.23659 
4 -1.05263 6 1 6.61929 6.43972 
4 -0.631579 6 1 13.3058 13.4695 
-4 -4 6 1 -0.141544 0.80308 
-3.57895 -4 6 1 -0.0905273 0.818552 
-3.15789 -4 6 1 -0.0365525 0.834921 
-2.73684 -4 6 1 0.0206454 0.852267 
-2.31579 -4 6 1 0.081364 0.870682 
-1.89474 -4 6 1 0.145939 0.890266 
-1.47368 -4 6 1 0.214749 0.911134 
-1.05263 -4 6 1 0.288225 0.933417 
-0.631579 -4 6 1 0.366859 0.957265 
-0.210526 -4 6 1 0.451213 0.982848 
0.210526 -4 6 1 0.541936 1.01036 
0.631579 -4 6 1 0.639776 1.04003 
1.05263 -4 6 1 0.745605 1.07213 
1.47368 -4 6 1 0.860444 1.10696 
1.89474 -4 6 1 0.985495 1.14488 
2.31579 -4 6 1 1.12218 1.18633 
2.73684 -4 6 1 1.27221 1.23183 
3.15789 -4 6 1 1.43763 1.282 
3.57895 -4 6 1 1.62094 1.3376 
4 -4 6 1 1.82521 1.39954 
