-4 -4 2 1 5.36418 0.133714 
-4 -3.57895 2 1 3.84897 0.153804 
-4 -3.15789 2 1 2.93545 0.165916 
-4 -2.73684 2 1 2.3246 0.174015 
-4 -2.31579 2 1 1.88738 0.179813 
-4 -1.89474 2 1 1.55896 0.184167 
-4 -1.47368 2 1 1.30323 0.187558 
-4 -1.05263 2 1 1.09847 0.190273 
-4 -0.631579 2 1 0.930806 0.192496 
-4 -0.210526 2 1 0.791005 0.194349 
-4 0.210526 2 1 0.672651 0.195919 
-4 0.631579 2 1 0.57116 0.197264 
-4 1.05263 2 1 0.483169 0.198431 
-4 1.47368 2 1 0.406152 0.199452 
-4 1.89474 2 1 0.338177 0.200353 
-4 2.31579 2 1 0.277739 0.201155 
-4 2.73684 2 1 0.22365 0.201872 
-4 3.15789 2 1 0.174961 0.202517 
-4 3.57895 2 1 0.130901 0.203102 
-4 4 2 1 0.0908392 0.203633 
4 1.05263 2 1 -13.1452 0.737419 
4 1.47368 2 1 -6.70723 0.465937 
4 1.89474 2 1 -4.67125 0.380082 
4 2.31579 2 1 -3.6727 0.337974 
4 2.73684 2 1 -3.07965 0.312966 
4 3.15789 2 1 -2.68679 0.296399 
4 3.57895 2 1 -2.40738 0.284617 
4 4 2 1 -2.19849 0.275808 
-4 -4 2 1 5.36418 0.133714 
-3.57895 -4 2 1 6.65536 0.124199 
-3.15789 -4 2 1 9.18308 0.105572 
-2.73684 -4 2 1 16.3558 0.0527152 
-2.31579 -4 2 1 185.864 -1.19641 
-4 4 2 1 0.0908392 0.203633 
-3.57895 4 2 1 0.0459953 0.205047 
-3.15789 4 2 1 -0.00208999 0.206563 
-2.73684 4 2 1 -0.0537811 0.208192 
-2.31579 4 2 1 -0.1095 0.209949 
-1.89474 4 2 1 -0.169735 0.211848 
-1.47368 4 2 1 -0.23506 0.213907 
-1.05263 4 2 1 -0.306148 0.216149 
-0.631579 4 2 1 -0.383797 0.218597 
-0.210526 4 2 1 -0.468958 0.221281 
0.210526 4 2 1 -0.562779 0.224239 
0.631579 4 2 1 -0.66665 0.227514 
1.05263 4 2 1 -0.782277 0.231159 
1.47368 4 2 1 -0.911776 0.235242 
1.89474 4 2 1 -1.0578 0.239846 
2.31579 4 2 1 -1.22374 0.245077 
2.73684 4 2 1 -1.41395 0.251074 
3.15789 4 2 1 -1.63418 0.258017 
3.57895 4 2 1 -1.89216 0.26615 
4 4 2 1 -2.19849 0.275808 
-4 -4 6 1 23.3007 17.2006 
-4 -3.57895 6 1 9.24613 7.27538 
-4 -3.15789 6 1 5.55868 4.67132 
-4 -2.73684 6 1 3.85834 3.47055 
-4 -2.31579 6 1 2.87981 2.77951 
-4 -1.89474 6 1 2.24393 2.33046 
-4 -1.47368 6 1 1.79755 2.01522 
-4 -1.05263 6 1 1.46694 1.78175 
-4 -0.631579 6 1 1.21223 1.60188 
-4 -0.210526 6 1 1.00998 1.45905 
-4 0.210526 6 1 0.845492 1.34289 
-4 0.631579 6 1 0.709094 1.24656 
-4 1.05263 6 1 0.594157 1.16539 
-4 1.47368 6 1 0.495985 1.09607 
-4 1.89474 6 1 0.41116 1.03616 
-4 2.31579 6 1 0.337133 0.983885 
-4 2.73684 6 1 0.271965 0.937864 
-4 3.15789 6 1 0.214156 0.897039 
-4 3.57895 6 1 0.162526 0.860579 
-4 4 6 1 0.116135 0.827817 
4 1.89474 6 1 -22.2954 21.5714 
4 2.31579 6 1 -8.83032 8.22314 
4 2.73684 6 1 -5.72318 5.14295 
4 3.15789 6 1 -4.34225 3.77401 
4 3.57895 6 1 -3.56174 3.00026 
4 4 6 1 -3.05998 2.50285 
-4 -4 6 1 23.3007 17.2006 
-4 4 6 1 0.116135 0.827817 
-3.57895 4 6 1 0.0667842 0.853844 
-3.15789 4 6 1 0.0134119 0.881992 
-2.73684 4 6 1 -0.0444951 0.912531 
-2.31579 4 6 1 -0.10754 0.94578 
-1.89474 4 6 1 -0.176439 0.982116 
-1.47368 4 6 1 -0.252047 1.02199 
-1.05263 4 6 1 -0.335393 1.06595 
-0.631579 4 6 1 -0.427731 1.11464 
-0.210526 4 6 1 -0.530597 1.16889 
0.210526 4 6 1 -0.645902 1.2297 
0.631579 4 6 1 -0.776047 1.29834 
1.05263 4 6 1 -0.924093 1.37642 
1.47368 4 6 1 -1.09401 1.46603 
1.89474 4 6 1 -1.29102 1.56993 
2.31579 4 6 1 -1.52218 1.69184 
2.73684 4 6 1 -1.7972 1.83688 
3.15789 4 6 1 -2.12988 2.01233 
3.57895 4 6 1 -2.54048 2.22887 
4 4 6 1 -3.05998 2.50285 
