-4 -3.57895 2 1 26.5112 -5.66944 
-4 -3.15789 2 1 8.18787 -1.71932 
-4 -2.73684 2 1 4.71314 -0.970241 
-4 -2.31579 2 1 3.24227 -0.653154 
-4 -1.89474 2 1 2.4298 -0.478003 
-4 -1.47368 2 1 1.91451 -0.366916 
-4 -1.05263 2 1 1.55855 -0.290178 
-4 -0.631579 2 1 1.29792 -0.233992 
-4 -0.210526 2 1 1.09884 -0.191076 
-4 0.210526 2 1 0.941819 -0.157225 
-4 0.631579 2 1 0.814797 -0.129842 
-4 1.05263 2 1 0.709927 -0.107234 
-4 1.47368 2 1 0.62188 -0.0882527 
-4 1.89474 2 1 0.546907 -0.0720902 
-4 2.31579 2 1 0.482299 -0.0581619 
-4 2.73684 2 1 0.426044 -0.0460346 
-4 3.15789 2 1 0.376621 -0.0353801 
-4 3.57895 2 1 0.332857 -0.0259454 
-4 4 2 1 0.293832 -0.0175325 
4 -0.210526 2 1 -10.3404 -0.686445 
4 0.210526 2 1 -5.22269 -0.266916 
4 0.631579 2 1 -3.58082 -0.132322 
4 1.05263 2 1 -2.7714 -0.0659688 
4 1.47368 2 1 -2.28936 -0.0264534 
4 1.89474 2 1 -1.96949 -0.000232204 
4 2.31579 2 1 -1.74175 0.0184376 
4 2.73684 2 1 -1.57133 0.0324074 
4 3.15789 2 1 -1.43902 0.0432537 
4 3.57895 2 1 -1.33332 0.0519186 
4 4 2 1 -1.24693 0.0590001 
-4 4 2 1 0.293832 -0.0175325 
-3.57895 4 2 1 0.244721 -0.0150931 
-3.15789 4 2 1 0.19341 -0.0125444 
-2.73684 4 2 1 0.139747 -0.00987882 
-2.31579 4 2 1 0.0835667 -0.00708826 
-1.89474 4 2 1 0.0246884 -0.00416367 
-1.47368 4 2 1 -0.0370874 -0.00109515 
-1.05263 4 2 1 -0.10198 0.00212818 
-0.631579 4 2 1 -0.170231 0.00551835 
-0.210526 4 2 1 -0.242109 0.00908865 
0.210526 4 2 1 -0.31791 0.0128538 
0.631579 4 2 1 -0.397965 0.0168303 
1.05263 4 2 1 -0.482642 0.0210364 
1.47368 4 2 1 -0.572353 0.0254925 
1.89474 4 2 1 -0.667561 0.0302216 
2.31579 4 2 1 -0.768787 0.0352497 
2.73684 4 2 1 -0.87662 0.040606 
3.15789 4 2 1 -0.991729 0.0463236 
3.57895 4 2 1 -1.11488 0.0524406 
4 4 2 1 -1.24693 0.0590001 
-4 -3.15789 6 1 25.8615 15.3215 
-4 -2.73684 6 1 8.35677 5.19046 
-4 -2.31579 6 1 4.8583 3.16569 
-4 -1.89474 6 1 3.35921 2.29808 
-4 -1.47368 6 1 2.52645 1.81611 
-4 -1.05263 6 1 1.99654 1.50941 
-4 -0.631579 6 1 1.62968 1.29709 
-4 -0.210526 6 1 1.36066 1.14139 
-4 0.210526 6 1 1.15494 1.02233 
-4 0.631579 6 1 0.992536 0.928337 
-4 1.05263 6 1 0.861065 0.852247 
-4 1.47368 6 1 0.75246 0.78939 
-4 1.89474 6 1 0.661231 0.736591 
-4 2.31579 6 1 0.583519 0.691614 
-4 2.73684 6 1 0.516526 0.652841 
-4 3.15789 6 1 0.458177 0.619072 
-4 3.57895 6 1 0.406902 0.589395 
-4 4 6 1 0.361486 0.56311 
4 0.210526 6 1 -9.48247 9.89379 
4 0.631579 6 1 -4.88053 4.95296 
4 1.05263 6 1 -3.37103 3.33229 
4 1.47368 6 1 -2.62078 2.52679 
4 1.89474 6 1 -2.17206 2.04503 
4 2.31579 6 1 -1.87351 1.72449 
4 2.73684 6 1 -1.66055 1.49585 
4 3.15789 6 1 -1.50099 1.32454 
4 3.57895 6 1 -1.37698 1.1914 
4 4 6 1 -1.27783 1.08495 
-4 4 6 1 0.361486 0.56311 
-3.57895 4 6 1 0.31116 0.57913 
-3.15789 4 6 1 0.258449 0.59591 
-2.73684 4 6 1 0.203179 0.613504 
-2.31579 4 6 1 0.145158 0.631973 
-1.89474 4 6 1 0.0841773 0.651385 
-1.47368 4 6 1 0.0200031 0.671813 
-1.05263 4 6 1 -0.0476217 0.69334 
-0.631579 4 6 1 -0.118983 0.716056 
-0.210526 4 6 1 -0.1944 0.740063 
0.210526 4 6 1 -0.274228 0.765474 
0.631579 4 6 1 -0.358865 0.792416 
1.05263 4 6 1 -0.44876 0.821032 
1.47368 4 6 1 -0.544419 0.851483 
1.89474 4 6 1 -0.646414 0.88395 
2.31579 4 6 1 -0.755396 0.918642 
2.73684 4 6 1 -0.872108 0.955795 
3.15789 4 6 1 -0.997404 0.995679 
3.57895 4 6 1 -1.13227 1.03861 
4 4 6 1 -1.27783 1.08495 
