19.3523 -1.23236 6.15999 5.22775 5 
6.4443 -0.494094 3.86564 3.24087 6 
3.85929 -0.346246 2.81359 2.32981 7 
2.75108 -0.282863 2.20982 1.80695 8 
2.13532 -0.247645 1.81813 1.46775 9 
1.74344 -0.225232 1.54348 1.2299 10 
1.47212 -0.209714 1.34022 1.05388 11 
1.27315 -0.198334 1.18372 0.918352 12 
1.12099 -0.189631 1.05951 0.810787 13 
1.00086 -0.18276 0.958526 0.723339 14 
0.903609 -0.177198 0.874817 0.650848 15 
0.823271 -0.172603 0.804297 0.589778 16 
0.755786 -0.168744 0.744076 0.537628 17 
0.698298 -0.165456 0.692052 0.492576 18 
0.648739 -0.162621 0.646659 0.453265 19 
-31.1847 2.99276 -5.79265 6.94229 25 
-7.23655 0.597424 -3.47838 4.10909 26 
-4.10088 0.283788 -2.48874 2.89754 27 
-2.86485 0.160159 -1.9395 2.22514 28 
-2.20354 0.0940135 -1.5902 1.79751 29 
-1.79172 0.0528225 -1.34847 1.50158 30 
-1.51061 0.0247053 -1.17125 1.28462 31 
-1.3065 0.00429 -1.03576 1.11875 32 
-1.15157 -0.0112067 -0.928807 0.987814 33 
-1.02995 -0.0233713 -0.842239 0.881835 34 
-0.931941 -0.0331741 -0.770734 0.794297 35 
-0.851278 -0.0412421 -0.710676 0.720771 36 
-0.78373 -0.0479984 -0.659518 0.658142 37 
-0.726339 -0.0537388 -0.61542 0.604155 38 
-0.676973 -0.0586764 -0.577014 0.557137 39 
0.648739 -0.162621 0.646659 0.453265 60 
0.579875 -0.157222 0.583031 0.458666 61 
0.510911 -0.151815 0.519318 0.464075 62 
0.441847 -0.146399 0.45552 0.46949 63 
0.372682 -0.140976 0.391636 0.474913 64 
0.303417 -0.135546 0.327666 0.480343 65 
0.234051 -0.130107 0.26361 0.485781 66 
0.164584 -0.12466 0.199468 0.491225 67 
0.0950164 -0.119206 0.13524 0.496677 68 
0.0253471 -0.113743 0.0709258 0.502137 69 
-0.0444239 -0.108273 0.00652466 0.507603 70 
-0.114297 -0.102794 -0.0579633 0.513078 71 
-0.184272 -0.0973075 -0.122538 0.518559 72 
-0.254349 -0.091813 -0.1872 0.524048 73 
-0.324529 -0.0863105 -0.25195 0.529544 74 
-0.394811 -0.0807998 -0.316787 0.535048 75 
-0.465197 -0.0752811 -0.381712 0.540559 76 
-0.535685 -0.0697544 -0.446724 0.546078 77 
-0.606277 -0.0642195 -0.511825 0.551604 78 
-0.676973 -0.0586764 -0.577014 0.557137 79 
