-4 -4 2 1 -0.419035 0.0763118 
-4 -3.57895 2 1 -0.460088 0.0700471 
-4 -3.15789 2 1 -0.506643 0.0629428 
-4 -2.73684 2 1 -0.559886 0.0548179 
-4 -2.31579 2 1 -0.62137 0.0454353 
-4 -1.89474 2 1 -0.693169 0.0344787 
-4 -1.47368 2 1 -0.778116 0.0215157 
-4 -1.05263 2 1 -0.880187 0.00593951 
-4 -0.631579 2 1 -1.00514 -0.0131285 
-4 -0.210526 2 1 -1.16164 -0.0370109 
-4 0.210526 2 1 -1.36337 -0.0677942 
-4 0.631579 2 1 -1.63322 -0.108975 
-4 1.05263 2 1 -2.01275 -0.166891 
-4 1.47368 2 1 -2.58584 -0.254345 
-4 1.89474 2 1 -3.55126 -0.40167 
-4 2.31579 2 1 -5.52159 -0.702345 
-4 2.73684 2 1 -11.7686 -1.65565 
4 -4 2 1 0.961446 -0.0212528 
4 -3.57895 2 1 1.02371 -0.0381536 
4 -3.15789 2 1 1.09763 -0.058221 
4 -2.73684 2 1 1.18685 -0.0824369 
4 -2.31579 2 1 1.29662 -0.112236 
4 -1.89474 2 1 1.43501 -0.149801 
4 -1.47368 2 1 1.61487 -0.198623 
4 -1.05263 2 1 1.85812 -0.264652 
4 -0.631579 2 1 2.20545 -0.358933 
4 -0.210526 2 1 2.74182 -0.504531 
4 0.210526 2 1 3.67932 -0.759012 
4 0.631579 2 1 5.73662 -1.31746 
4 1.05263 2 1 13.895 -3.53203 
-4 -4 2 1 -0.419035 0.0763118 
-3.57895 -4 2 1 -0.363886 0.0724141 
-3.15789 -4 2 1 -0.30724 0.0684107 
-2.73684 -4 2 1 -0.249035 0.0642971 
-2.31579 -4 2 1 -0.189207 0.0600688 
-1.89474 -4 2 1 -0.127687 0.0557209 
-1.47368 -4 2 1 -0.064401 0.0512482 
-1.05263 -4 2 1 0.000727041 0.0466453 
-0.631579 -4 2 1 0.067779 0.0419065 
-0.210526 -4 2 1 0.136841 0.0370255 
0.210526 -4 2 1 0.208006 0.031996 
0.631579 -4 2 1 0.281371 0.026811 
1.05263 -4 2 1 0.357039 0.0214632 
1.47368 -4 2 1 0.43512 0.0159449 
1.89474 -4 2 1 0.515733 0.0102476 
2.31579 -4 2 1 0.599001 0.0043627 
2.73684 -4 2 1 0.685059 -0.00171939 
3.15789 -4 2 1 0.774049 -0.00800869 
3.57895 -4 2 1 0.866124 -0.014516 
4 -4 2 1 0.961446 -0.0212528 
-4 -4 6 1 -0.443236 0.728818 
-4 -3.57895 6 1 -0.491248 0.767973 
-4 -3.15789 6 1 -0.54658 0.813097 
-4 -2.73684 6 1 -0.611045 0.865669 
-4 -2.31579 6 1 -0.687107 0.927699 
-4 -1.89474 6 1 -0.778205 1.00199 
-4 -1.47368 6 1 -0.889285 1.09258 
-4 -1.05263 6 1 -1.02773 1.20549 
-4 -0.631579 6 1 -1.20509 1.35012 
-4 -0.210526 6 1 -1.44042 1.54204 
-4 0.210526 6 1 -1.76773 1.80896 
-4 0.631579 6 1 -2.25402 2.20554 
-4 1.05263 6 1 -3.05228 2.85653 
-4 1.47368 6 1 -4.6045 4.12239 
-4 1.89474 6 1 -8.93469 7.65372 
-4 2.31579 6 1 -86.9588 71.2835 
4 -4 6 1 1.15687 0.869993 
4 -3.57895 6 1 1.25031 0.940297 
4 -3.15789 6 1 1.36482 1.02645 
4 -2.73684 6 1 1.50843 1.1345 
4 -2.31579 6 1 1.69384 1.274 
4 -1.89474 6 1 1.94241 1.46103 
4 -1.47368 6 1 2.29306 1.72486 
4 -1.05263 6 1 2.8249 2.12502 
4 -0.631579 6 1 3.72729 2.80398 
4 -0.210526 6 1 5.59456 4.20891 
4 0.210526 6 1 11.7519 8.84173 
-4 -4 6 1 -0.443236 0.728818 
-3.57895 -4 6 1 -0.38177 0.734241 
-3.15789 -4 6 1 -0.318431 0.73983 
-2.73684 -4 6 1 -0.253132 0.745591 
-2.31579 -4 6 1 -0.18578 0.751533 
-1.89474 -4 6 1 -0.116278 0.757665 
-1.47368 -4 6 1 -0.0445205 0.763996 
-1.05263 -4 6 1 0.029604 0.770536 
-0.631579 -4 6 1 0.106215 0.777295 
-0.210526 -4 6 1 0.185439 0.784285 
0.210526 -4 6 1 0.267412 0.791517 
0.631579 -4 6 1 0.35228 0.799005 
1.05263 -4 6 1 0.440199 0.806762 
1.47368 -4 6 1 0.531337 0.814803 
1.89474 -4 6 1 0.625874 0.823144 
2.31579 -4 6 1 0.724003 0.831801 
2.73684 -4 6 1 0.825933 0.840794 
3.15789 -4 6 1 0.931889 0.850143 
3.57895 -4 6 1 1.04212 0.859868 
4 -4 6 1 1.15687 0.869993 
