-4 -0.210526 2 1 10.4324 2.24226 
-4 0.210526 2 1 5.31329 1.00761 
-4 0.631579 2 1 3.66118 0.609142 
-4 1.05263 2 1 2.84494 0.412276 
-4 1.47368 2 1 2.35829 0.294902 
-4 1.89474 2 1 2.03513 0.216961 
-4 2.31579 2 1 1.80493 0.16144 
-4 2.73684 2 1 1.63262 0.11988 
-4 3.15789 2 1 1.4988 0.087605 
-4 3.57895 2 1 1.39187 0.0618151 
-4 4 2 1 1.30446 0.0407344 
4 -3.57895 2 1 -13.6107 1.32645 
4 -3.15789 2 1 -6.36874 0.555327 
4 -2.73684 2 1 -4.05425 0.308881 
4 -2.31579 2 1 -2.9148 0.187553 
4 -1.89474 2 1 -2.23672 0.115351 
4 -1.47368 2 1 -1.78698 0.0674616 
4 -1.05263 2 1 -1.46685 0.0333745 
4 -0.631579 2 1 -1.22736 0.00787419 
4 -0.210526 2 1 -1.04146 -0.011921 
4 0.210526 2 1 -0.892961 -0.027733 
4 0.631579 2 1 -0.771613 -0.0406541 
4 1.05263 2 1 -0.670592 -0.0514109 
4 1.47368 2 1 -0.585185 -0.060505 
4 1.89474 2 1 -0.512032 -0.0682942 
4 2.31579 2 1 -0.448673 -0.0750407 
4 2.73684 2 1 -0.393263 -0.0809407 
4 3.15789 2 1 -0.344396 -0.0861441 
4 3.57895 2 1 -0.300976 -0.0907674 
4 4 2 1 -0.262142 -0.0949025 
-4 4 2 1 1.30446 0.0407344 
-3.57895 4 2 1 1.16716 0.0288466 
-3.15789 4 2 1 1.03964 0.0178062 
-2.73684 4 2 1 0.920902 0.00752565 
-2.31579 4 2 1 0.810063 -0.00207082 
-1.89474 4 2 1 0.706361 -0.0110493 
-1.47368 4 2 1 0.609129 -0.0194677 
-1.05263 4 2 1 0.51778 -0.0273767 
-0.631579 4 2 1 0.431795 -0.0348213 
-0.210526 4 2 1 0.350715 -0.0418412 
0.210526 4 2 1 0.274133 -0.0484717 
0.631579 4 2 1 0.201683 -0.0547444 
1.05263 4 2 1 0.133041 -0.0606875 
1.47368 4 2 1 0.0679139 -0.0663262 
1.89474 4 2 1 0.00603837 -0.0716834 
2.31579 4 2 1 -0.0528231 -0.0767796 
2.73684 4 2 1 -0.108886 -0.0816335 
3.15789 4 2 1 -0.162344 -0.0862619 
3.57895 4 2 1 -0.213376 -0.0906803 
4 4 2 1 -0.262142 -0.0949025 
-4 -1.05263 6 1 9.96401 14.6806 
-4 -0.631579 6 1 4.86806 6.73966 
-4 -0.210526 6 1 3.32328 4.33244 
-4 0.210526 6 1 2.57683 3.16926 
-4 0.631579 6 1 2.13694 2.48377 
-4 1.05263 6 1 1.84692 2.03184 
-4 1.47368 6 1 1.64133 1.71147 
-4 1.89474 6 1 1.48799 1.47252 
-4 2.31579 6 1 1.36922 1.28745 
-4 2.73684 6 1 1.27452 1.13988 
-4 3.15789 6 1 1.19724 1.01946 
-4 3.57895 6 1 1.13299 0.919327 
-4 4 6 1 1.07872 0.834757 
4 -4 6 1 -7.33981 6.30923 
4 -3.57895 6 1 -4.61807 4.04122 
4 -3.15789 6 1 -3.30788 2.94944 
4 -2.73684 6 1 -2.53727 2.30729 
4 -2.31579 6 1 -2.02982 1.88444 
4 -1.89474 6 1 -1.6704 1.58494 
4 -1.47368 6 1 -1.40247 1.36168 
4 -1.05263 6 1 -1.19505 1.18883 
4 -0.631579 6 1 -1.02972 1.05106 
4 -0.210526 6 1 -0.894848 0.938674 
4 0.210526 6 1 -0.782725 0.845242 
4 0.631579 6 1 -0.688045 0.766346 
4 1.05263 6 1 -0.60703 0.698837 
4 1.47368 6 1 -0.536922 0.640416 
4 1.89474 6 1 -0.475657 0.589364 
4 2.31579 6 1 -0.421661 0.54437 
4 2.73684 6 1 -0.373712 0.504415 
4 3.15789 6 1 -0.33085 0.468697 
4 3.57895 6 1 -0.292304 0.436578 
4 4 6 1 -0.257455 0.407538 
2.31579 -4 6 1 -54.6856 69.6097 
2.73684 -4 6 1 -17.7797 20.2671 
3.15789 -4 6 1 -11.4195 11.7637 
3.57895 -4 6 1 -8.78258 8.23818 
4 -4 6 1 -7.33981 6.30923 
-4 4 6 1 1.07872 0.834757 
-3.57895 4 6 1 0.968356 0.799471 
-3.15789 4 6 1 0.864763 0.766349 
-2.73684 4 6 1 0.767332 0.735197 
-2.31579 4 6 1 0.675531 0.705845 
-1.89474 4 6 1 0.588884 0.678141 
-1.47368 4 6 1 0.50697 0.651951 
-1.05263 4 6 1 0.429411 0.627152 
-0.631579 4 6 1 0.355868 0.603638 
-0.210526 4 6 1 0.286038 0.581311 
0.210526 4 6 1 0.219646 0.560084 
0.631579 4 6 1 0.156445 0.539876 
1.05263 4 6 1 0.0962097 0.520617 
1.47368 4 6 1 0.0387363 0.502241 
1.89474 4 6 1 -0.0161609 0.484688 
2.31579 4 6 1 -0.0686513 0.467905 
2.73684 4 6 1 -0.11889 0.451842 
3.15789 4 6 1 -0.167018 0.436454 
3.57895 4 6 1 -0.213167 0.421699 
4 4 6 1 -0.257455 0.407538 
