1.49725 -0.0905419 1.49519 1.12169 0 
1.31964 -0.0925154 1.30489 1.05386 1 
1.15914 -0.0942989 1.13416 0.993003 2 
1.01337 -0.0959186 0.980135 0.938101 3 
0.880401 -0.0973961 0.840469 0.888319 4 
0.758618 -0.0987493 0.713247 0.842973 5 
0.646665 -0.0999932 0.596877 0.801495 6 
0.543398 -0.101141 0.490027 0.763409 7 
0.447845 -0.102202 0.391575 0.728318 8 
0.359171 -0.103188 0.300568 0.69588 9 
0.27666 -0.104105 0.216192 0.665805 10 
0.19969 -0.10496 0.137749 0.637845 11 
0.127723 -0.10576 0.0646337 0.611784 12 
0.0602847 -0.106509 -0.00367903 0.587435 13 
-0.00303845 -0.107213 -0.0676471 0.564635 14 
-0.0626122 -0.107874 -0.127672 0.54324 15 
-0.11876 -0.108498 -0.184108 0.523124 16 
-0.171769 -0.109087 -0.237267 0.504176 17 
-0.221895 -0.109644 -0.287427 0.486297 18 
-0.269368 -0.110172 -0.334835 0.4694 19 
1.49725 -0.0905419 1.49519 1.12169 40 
1.6184 -0.114545 1.62652 1.25386 41 
1.77264 -0.145106 1.79728 1.42573 42 
1.9757 -0.185336 2.02838 1.65832 43 
2.25508 -0.240689 2.35865 1.99072 44 
2.66378 -0.321664 2.86939 2.50476 45 
3.31864 -0.451408 3.76408 3.40523 46 
4.53784 -0.692966 5.73649 5.39038 47 
7.60331 -1.30032 13.6827 13.3879 48 
-0.269368 -0.110172 -0.334835 0.4694 60 
-0.312099 -0.122528 -0.383047 0.490475 61 
-0.359931 -0.13636 -0.437251 0.514171 62 
-0.413837 -0.151948 -0.498639 0.541006 63 
-0.475051 -0.16965 -0.56874 0.57165 64 
-0.545167 -0.189925 -0.649549 0.606976 65 
-0.62628 -0.213381 -0.743725 0.648145 66 
-0.721198 -0.240829 -0.854883 0.696737 67 
-0.833772 -0.273382 -0.98807 0.754959 68 
-0.969433 -0.312611 -1.15056 0.825989 69 
-1.13609 -0.360805 -1.3532 0.914576 70 
-1.34576 -0.421433 -1.613 1.02815 71 
-1.61752 -0.50002 -1.9581 1.17901 72 
-1.98378 -0.605932 -2.43876 1.38912 73 
-2.50419 -0.756421 -3.15436 1.70194 74 
-3.30201 -0.987127 -4.3329 2.21714 75 
-4.67964 -1.3855 -6.63837 3.22497 76 
-7.62996 -2.23865 -13.1679 6.07934 77 
-18.4273 -5.36094 -162.292 71.2684 78 
