12.3718 -2.55874 3.54809 2.82191 8 
5.57219 -1.23811 2.66974 2.01636 9 
3.65924 -0.86657 2.16072 1.54952 10 
2.75765 -0.691461 1.82855 1.24488 11 
2.23307 -0.589575 1.59471 1.03041 12 
1.88991 -0.522925 1.42116 0.871249 13 
1.64793 -0.475928 1.28725 0.748438 14 
1.46814 -0.441007 1.18079 0.650802 15 
1.32928 -0.414039 1.09413 0.57132 16 
1.21882 -0.392584 1.02221 0.505359 17 
1.12884 -0.375108 0.961565 0.44974 18 
1.05413 -0.360599 0.909737 0.402207 19 
-24.3666 -3.86768 -4.47975 3.32013 23 
-7.38231 -1.33987 -3.09834 2.2905 24 
-4.26675 -0.876173 -2.3416 1.72646 25 
-2.95769 -0.681342 -1.86395 1.37045 26 
-2.23706 -0.57409 -1.53504 1.12529 27 
-1.78092 -0.506201 -1.29475 0.946191 28 
-1.46623 -0.459366 -1.11152 0.809618 29 
-1.23603 -0.425105 -0.967175 0.702032 30 
-1.06032 -0.398953 -0.85053 0.615091 31 
-0.921799 -0.378337 -0.754309 0.543372 32 
-0.809792 -0.361667 -0.673578 0.483199 33 
-0.717351 -0.347909 -0.604876 0.431992 34 
-0.63976 -0.336361 -0.545701 0.387886 35 
-0.573708 -0.32653 -0.4942 0.349499 36 
-0.516798 -0.31806 -0.44897 0.315787 37 
-0.467256 -0.310687 -0.408933 0.285945 38 
-0.423737 -0.30421 -0.373242 0.259343 39 
1.05413 -0.360599 0.909737 0.402207 60 
0.947764 -0.35654 0.820893 0.392314 61 
0.845651 -0.352644 0.735112 0.382762 62 
0.747545 -0.348901 0.652237 0.373534 63 
0.653213 -0.345301 0.572125 0.364613 64 
0.562443 -0.341838 0.494639 0.355985 65 
0.475036 -0.338503 0.419652 0.347634 66 
0.390809 -0.335289 0.347045 0.339549 67 
0.309591 -0.33219 0.276706 0.331717 68 
0.231224 -0.3292 0.208531 0.324125 69 
0.155561 -0.326313 0.142422 0.316764 70 
0.0824631 -0.323524 0.0782862 0.309622 71 
0.0118031 -0.320828 0.0160362 0.30269 72 
-0.0565393 -0.31822 -0.0444099 0.29596 73 
-0.122676 -0.315697 -0.103129 0.289421 74 
-0.186713 -0.313253 -0.160195 0.283066 75 
-0.248748 -0.310886 -0.215675 0.276889 76 
-0.308873 -0.308592 -0.269636 0.27088 77 
-0.367176 -0.306368 -0.322139 0.265033 78 
-0.423737 -0.30421 -0.373242 0.259343 79 
