-4 -4 2 1 -1.1787 -0.158223 
-4 -3.57895 2 1 -1.25925 -0.173919 
-4 -3.15789 2 1 -1.35743 -0.19305 
-4 -2.73684 2 1 -1.47973 -0.216883 
-4 -2.31579 2 1 -1.6363 -0.247394 
-4 -1.89474 2 1 -1.84389 -0.287846 
-4 -1.47368 2 1 -2.13228 -0.344044 
-4 -1.05263 2 1 -2.56005 -0.427402 
-4 -0.631579 2 1 -3.26044 -0.563886 
-4 -0.210526 2 1 -4.61596 -0.828034 
-4 0.210526 2 1 -8.35342 -1.55634 
-4 0.631579 2 1 -66.1903 -12.8269 
4 -4 2 1 0.320811 0.0195928 
4 -3.57895 2 1 0.361032 0.0206934 
4 -3.15789 2 1 0.406289 0.0219316 
4 -2.73684 2 1 0.457588 0.0233353 
4 -2.31579 2 1 0.516226 0.0249397 
4 -1.89474 2 1 0.583901 0.0267914 
4 -1.47368 2 1 0.662876 0.0289523 
4 -1.05263 2 1 0.756237 0.0315068 
4 -0.631579 2 1 0.868311 0.0345733 
4 -0.210526 2 1 1.00535 0.0383229 
4 0.210526 2 1 1.17674 0.0430125 
4 0.631579 2 1 1.39725 0.049046 
4 1.05263 2 1 1.69152 0.0570978 
4 1.47368 2 1 2.10402 0.0683843 
4 1.89474 2 1 2.72387 0.0853445 
4 2.31579 2 1 3.75993 0.113693 
4 2.73684 2 1 5.84327 0.170696 
4 3.15789 2 1 12.1846 0.344205 
-4 -4 2 1 -1.1787 -0.158223 
-3.57895 -4 2 1 -1.0553 -0.143589 
-3.15789 -4 2 1 -0.939392 -0.129845 
-2.73684 -4 2 1 -0.830314 -0.11691 
-2.31579 -4 2 1 -0.72748 -0.104716 
-1.89474 -4 2 1 -0.630369 -0.0932001 
-1.47368 -4 2 1 -0.538516 -0.082308 
-1.05263 -4 2 1 -0.451505 -0.07199 
-0.631579 -4 2 1 -0.368964 -0.0622021 
-0.210526 -4 2 1 -0.290556 -0.0529043 
0.210526 -4 2 1 -0.215978 -0.0440608 
0.631579 -4 2 1 -0.144958 -0.035639 
1.05263 -4 2 1 -0.0772449 -0.0276095 
1.47368 -4 2 1 -0.0126145 -0.0199455 
1.89474 -4 2 1 0.0491394 -0.0126225 
2.31579 -4 2 1 0.108205 -0.00561844 
2.73684 -4 2 1 0.164753 0.00108722 
3.15789 -4 2 1 0.218943 0.00751311 
3.57895 -4 2 1 0.270917 0.0136764 
4 -4 2 1 0.320811 0.0195928 
-4 -4 6 1 -1.31101 0.769334 
-4 -3.57895 6 1 -1.40814 0.847984 
-4 -3.15789 6 1 -1.52741 0.944571 
-4 -2.73684 6 1 -1.67738 1.06602 
-4 -2.31579 6 1 -1.87166 1.22334 
-4 -1.89474 6 1 -2.13328 1.4352 
-4 -1.47368 6 1 -2.50458 1.73588 
-4 -1.05263 6 1 -3.07286 2.19607 
-4 -0.631579 6 1 -4.05142 2.9885 
-4 -0.210526 6 1 -6.13561 4.67627 
-4 0.210526 6 1 -13.6323 10.7471 
4 -4 6 1 0.271231 0.590578 
4 -3.57895 6 1 0.309359 0.626078 
4 -3.15789 6 1 0.352372 0.666126 
4 -2.73684 6 1 0.401273 0.711656 
4 -2.31579 6 1 0.457359 0.763877 
4 -1.89474 6 1 0.522341 0.824379 
4 -1.47368 6 1 0.598517 0.895304 
4 -1.05263 6 1 0.689051 0.979597 
4 -0.631579 6 1 0.798426 1.08143 
4 -0.210526 6 1 0.933205 1.20692 
4 0.210526 6 1 1.1034 1.36539 
4 0.631579 6 1 1.3251 1.5718 
4 1.05263 6 1 1.62581 1.85179 
4 1.47368 6 1 2.05698 2.25323 
4 1.89474 6 1 2.72699 2.87705 
4 2.31579 6 1 3.9103 3.9788 
4 2.73684 6 1 6.56309 6.44871 
4 3.15789 6 1 17.9059 17.0096 
-4 -4 6 1 -1.31101 0.769334 
-3.57895 -4 6 1 -1.17925 0.754448 
-3.15789 -4 6 1 -1.05575 0.740495 
-2.73684 -4 6 1 -0.939745 0.727389 
-2.31579 -4 6 1 -0.830584 0.715057 
-1.89474 -4 6 1 -0.727677 0.703431 
-1.47368 -4 6 1 -0.6305 0.692452 
-1.05263 -4 6 1 -0.538588 0.682068 
-0.631579 -4 6 1 -0.451525 0.672232 
-0.210526 -4 6 1 -0.368936 0.662902 
0.210526 -4 6 1 -0.290485 0.654039 
0.631579 -4 6 1 -0.215869 0.645609 
1.05263 -4 6 1 -0.144813 0.637581 
1.47368 -4 6 1 -0.0770685 0.629928 
1.89474 -4 6 1 -0.0124094 0.622623 
2.31579 -4 6 1 0.0493706 0.615643 
2.73684 -4 6 1 0.10846 0.608967 
3.15789 -4 6 1 0.165029 0.602576 
3.57895 -4 6 1 0.219238 0.596452 
4 -4 6 1 0.271231 0.590578 
