0.964502 0.171789 0.823788 0.926783 0 
0.863407 0.159781 0.732525 0.903759 1 
0.765706 0.148176 0.644099 0.881451 2 
0.671231 0.136955 0.55838 0.859826 3 
0.579824 0.126098 0.475245 0.838853 4 
0.491339 0.115588 0.394579 0.818503 5 
0.405639 0.105408 0.316274 0.798748 6 
0.322592 0.0955444 0.240228 0.779563 7 
0.242079 0.0859812 0.166344 0.760924 8 
0.163984 0.0767053 0.0945308 0.742807 9 
0.0882013 0.0677039 0.0247033 0.725191 10 
0.0146286 0.0589651 -0.0432199 0.708055 11 
-0.0568291 0.0504775 -0.109316 0.691381 12 
-0.126262 0.0422305 -0.173657 0.675149 13 
-0.193754 0.0342139 -0.236313 0.659342 14 
-0.259386 0.0264182 -0.297348 0.643944 15 
-0.323234 0.0188345 -0.356825 0.628939 16 
-0.38537 0.0114542 -0.414803 0.614313 17 
-0.445861 0.00426915 -0.471337 0.60005 18 
-0.504772 -0.0027282 -0.526481 0.586138 19 
0.964502 0.171789 0.823788 0.926783 40 
1.03559 0.195643 0.876804 1.01392 41 
1.12147 0.224463 0.939852 1.11754 42 
1.22731 0.259979 1.01608 1.24282 43 
1.36098 0.304833 1.11009 1.39734 44 
1.5351 0.363263 1.22896 1.59268 45 
1.77134 0.442534 1.384 1.84751 46 
2.11011 0.556215 1.59474 2.19386 47 
2.6367 0.73292 1.89772 2.69182 48 
3.56721 1.04517 2.37049 3.46883 49 
5.65545 1.74591 3.21134 4.85079 50 
14.6192 4.75383 5.12411 7.99447 51 
-0.504772 -0.0027282 -0.526481 0.586138 60 
-0.554309 0.00270974 -0.574336 0.629476 61 
-0.611219 0.008957 -0.628837 0.678833 62 
-0.67728 0.0162088 -0.691472 0.735556 63 
-0.754891 0.0247286 -0.76421 0.801429 64 
-0.847373 0.0348808 -0.84971 0.878859 65 
-0.959453 0.0471842 -0.951653 0.971179 66 
-1.0981 0.0624039 -1.07529 1.08314 67 
-1.27402 0.0817158 -1.22836 1.22177 68 
-1.50459 0.107027 -1.4228 1.39786 69 
-1.81996 0.141646 -1.67801 1.62898 70 
-2.27745 0.191867 -2.02775 1.94571 71 
-3.00105 0.2713 -2.53648 2.40642 72 
-4.3182 0.41589 -3.34448 3.13816 73 
-7.467 0.761549 -4.82593 4.47978 74 
-24.9867 2.68477 -8.42428 7.73849 75 
