4 -4 2 1 -0.363606 -0.198457 
4 -3.57895 2 1 -0.312774 -0.204995 
4 -3.15789 2 1 -0.25943 -0.211856 
4 -2.73684 2 1 -0.203382 -0.219064 
4 -2.31579 2 1 -0.144418 -0.226648 
4 -1.89474 2 1 -0.0823066 -0.234637 
4 -1.47368 2 1 -0.0167874 -0.243063 
4 -1.05263 2 1 0.0524277 -0.251965 
4 -0.631579 2 1 0.12566 -0.261384 
4 -0.210526 2 1 0.203271 -0.271366 
4 0.210526 2 1 0.285664 -0.281963 
4 0.631579 2 1 0.373295 -0.293234 
4 1.05263 2 1 0.466682 -0.305245 
4 1.47368 2 1 0.566409 -0.318071 
4 1.89474 2 1 0.673145 -0.331799 
4 2.31579 2 1 0.787656 -0.346527 
4 2.73684 2 1 0.910824 -0.362368 
4 3.15789 2 1 1.04367 -0.379454 
4 3.57895 2 1 1.18738 -0.397937 
4 4 2 1 1.34334 -0.417996 
-3.15789 -4 2 1 -40.203 -2.46272 
-2.73684 -4 2 1 -9.58013 -0.722276 
-2.31579 -4 2 1 -5.28921 -0.478403 
-1.89474 -4 2 1 -3.57859 -0.38118 
-1.47368 -4 2 1 -2.65884 -0.328906 
-1.05263 -4 2 1 -2.08448 -0.296263 
-0.631579 -4 2 1 -1.69171 -0.273939 
-0.210526 -4 2 1 -1.40616 -0.257711 
0.210526 -4 2 1 -1.18921 -0.24538 
0.631579 -4 2 1 -1.01878 -0.235694 
1.05263 -4 2 1 -0.881369 -0.227884 
1.47368 -4 2 1 -0.768218 -0.221453 
1.89474 -4 2 1 -0.673428 -0.216066 
2.31579 -4 2 1 -0.592864 -0.211487 
2.73684 -4 2 1 -0.523547 -0.207547 
3.15789 -4 2 1 -0.463276 -0.204122 
3.57895 -4 2 1 -0.410388 -0.201116 
4 -4 2 1 -0.363606 -0.198457 
0.210526 4 2 1 16.1789 -4.55397 
0.631579 4 2 1 6.14269 -1.756 
1.05263 4 2 1 3.91013 -1.13359 
1.47368 4 2 1 2.92755 -0.859654 
1.89474 4 2 1 2.37477 -0.705547 
2.31579 4 2 1 2.0204 -0.606753 
2.73684 4 2 1 1.77387 -0.538023 
3.15789 4 2 1 1.59246 -0.487447 
3.57895 4 2 1 1.45337 -0.44867 
4 4 2 1 1.34334 -0.417996 
4 -4 6 1 -0.295302 0.365306 
4 -3.57895 6 1 -0.246465 0.371877 
4 -3.15789 6 1 -0.195384 0.378751 
4 -2.73684 6 1 -0.141902 0.385947 
4 -2.31579 6 1 -0.0858459 0.39349 
4 -1.89474 6 1 -0.0270245 0.401404 
4 -1.47368 6 1 0.0347716 0.409719 
4 -1.05263 6 1 0.0997739 0.418466 
4 -0.631579 6 1 0.168239 0.427678 
4 -0.210526 6 1 0.24045 0.437395 
4 0.210526 6 1 0.316725 0.447658 
4 0.631579 6 1 0.397415 0.458515 
4 1.05263 6 1 0.482915 0.47002 
4 1.47368 6 1 0.57367 0.482232 
4 1.89474 6 1 0.670178 0.495217 
4 2.31579 6 1 0.773005 0.509053 
4 2.73684 6 1 0.882792 0.523826 
4 3.15789 6 1 1.00027 0.539634 
4 3.57895 6 1 1.12628 0.556589 
4 4 6 1 1.26178 0.574821 
-3.57895 -4 6 1 -21.6094 16.3128 
-3.15789 -4 6 1 -7.74359 5.93821 
-2.73684 -4 6 1 -4.59604 3.58317 
-2.31579 -4 6 1 -3.2033 2.54111 
-1.89474 -4 6 1 -2.41778 1.95337 
-1.47368 -4 6 1 -1.91343 1.57601 
-1.05263 -4 6 1 -1.56221 1.31323 
-0.631579 -4 6 1 -1.30358 1.11971 
-0.210526 -4 6 1 -1.10517 0.971262 
0.210526 -4 6 1 -0.948161 0.853783 
0.631579 -4 6 1 -0.820809 0.758496 
1.05263 -4 6 1 -0.715438 0.679656 
1.47368 -4 6 1 -0.626809 0.613343 
1.89474 -4 6 1 -0.551226 0.556791 
2.31579 -4 6 1 -0.486006 0.507993 
2.73684 -4 6 1 -0.429154 0.465455 
3.15789 -4 6 1 -0.379157 0.428047 
3.57895 -4 6 1 -0.334846 0.394893 
4 -4 6 1 -0.295302 0.365306 
-0.210526 4 6 1 11.5979 9.33048 
0.210526 4 6 1 5.49093 4.1573 
0.631579 4 6 1 3.69436 2.63544 
1.05263 4 6 1 2.83506 1.90754 
1.47368 4 6 1 2.33132 1.48082 
1.89474 4 6 1 2.00028 1.2004 
2.31579 4 6 1 1.76612 1.00205 
2.73684 4 6 1 1.59175 0.854336 
3.15789 4 6 1 1.45686 0.74007 
3.57895 4 6 1 1.3494 0.649043 
4 4 6 1 1.26178 0.574821 
