-1.30108 0.281182 -1.65789 1.65221 20 
-1.15399 0.279624 -1.45799 1.58794 21 
-1.01723 0.278175 -1.27548 1.52926 22 
-0.889747 0.276825 -1.10818 1.47547 23 
-0.770635 0.275563 -0.95426 1.42598 24 
-0.659093 0.274382 -0.812184 1.3803 25 
-0.554422 0.273274 -0.680632 1.338 26 
-0.456006 0.272231 -0.558478 1.29873 27 
-0.3633 0.271249 -0.444749 1.26216 28 
-0.275822 0.270323 -0.338602 1.22804 29 
-0.193141 0.269447 -0.239304 1.19611 30 
-0.114873 0.268618 -0.146212 1.16618 31 
-0.0406749 0.267832 -0.0587625 1.13806 32 
0.0297637 0.267086 0.0235426 1.1116 33 
0.0967211 0.266377 0.101144 1.08665 34 
0.160449 0.265702 0.174434 1.06309 35 
0.221176 0.265059 0.243763 1.04079 36 
0.279109 0.264445 0.309442 1.01968 37 
0.334436 0.263859 0.371753 0.999644 38 
0.38733 0.263299 0.430948 0.980611 39 
-3.56313 0.492052 -12.6922 14.2507 52 
-2.73558 0.414908 -5.88865 6.48272 53 
-2.24972 0.369614 -3.92857 4.24478 54 
-1.93013 0.339822 -2.99757 3.18181 55 
-1.70393 0.318736 -2.45373 2.56087 56 
-1.53541 0.303026 -2.09712 2.15371 57 
-1.405 0.290869 -1.84525 1.86614 58 
-1.30108 0.281182 -1.65789 1.65221 59 
4.08847 0.589412 13.4292 13.5329 65 
2.94519 0.488676 6.06577 6.4221 66 
2.26758 0.428971 3.82356 4.25682 67 
1.81927 0.38947 2.73843 3.20892 68 
1.50072 0.361401 2.09841 2.59086 69 
1.2627 0.340429 1.67625 2.18319 70 
1.07811 0.324165 1.37689 1.8941 71 
0.930772 0.311183 1.15355 1.67842 72 
0.810443 0.30058 0.980541 1.51135 73 
0.71032 0.291758 0.842566 1.37811 74 
0.625708 0.284303 0.729964 1.26937 75 
0.553261 0.27792 0.636326 1.17894 76 
0.490531 0.272392 0.557233 1.10256 77 
0.435688 0.26756 0.48954 1.03719 78 
0.38733 0.263299 0.430948 0.980611 79 
