-0.668718 0.20163 -0.64793 0.970386 20 
-0.595576 0.195226 -0.569636 0.965466 21 
-0.522089 0.188792 -0.490949 0.960522 22 
-0.448256 0.182328 -0.411865 0.955552 23 
-0.374074 0.175833 -0.33238 0.950558 24 
-0.29954 0.169308 -0.252492 0.945538 25 
-0.224652 0.162751 -0.172198 0.940493 26 
-0.149408 0.156163 -0.0914943 0.935421 27 
-0.0738044 0.149544 -0.0103781 0.930324 28 
0.00216102 0.142893 0.0711539 0.925201 29 
0.0784908 0.13621 0.153105 0.920052 30 
0.155188 0.129495 0.235478 0.914875 31 
0.232254 0.122748 0.318276 0.909673 32 
0.309693 0.115968 0.401504 0.904443 33 
0.387506 0.109155 0.485163 0.899186 34 
0.465698 0.102309 0.569258 0.893902 35 
0.54427 0.0954301 0.653792 0.88859 36 
0.623225 0.0885173 0.738768 0.88325 37 
0.702567 0.0815708 0.82419 0.877883 38 
0.782297 0.0745902 0.910061 0.872487 39 
-6.6718 1.15959 -15.8234 20.4342 47 
-3.89375 0.716272 -5.54709 7.25397 48 
-2.74226 0.532521 -3.35077 4.437 49 
-2.1123 0.431993 -2.39403 3.2099 50 
-1.71497 0.368588 -1.85842 2.52294 51 
-1.4415 0.324948 -1.51605 2.08382 52 
-1.24178 0.293078 -1.27832 1.77891 53 
-1.08953 0.268782 -1.10362 1.55484 54 
-0.969612 0.249646 -0.969809 1.38322 55 
-0.872722 0.234185 -0.864044 1.24757 56 
-0.792807 0.221432 -0.778341 1.13765 57 
-0.725765 0.210734 -0.707487 1.04677 58 
-0.668718 0.20163 -0.64793 0.970386 59 
5.27404 -0.0101511 11.0249 9.98107 68 
3.41711 0.0248819 5.38174 4.8993 69 
2.53268 0.0415675 3.56879 3.26671 70 
2.01532 0.0513281 2.67456 2.46144 71 
1.67578 0.0577338 2.14188 1.98176 72 
1.43582 0.0622608 1.78835 1.6634 73 
1.25725 0.0656297 1.53661 1.4367 74 
1.11917 0.0682347 1.34823 1.26706 75 
1.00922 0.070309 1.20195 1.13534 76 
0.919598 0.0719999 1.08509 1.0301 77 
0.845139 0.0734046 0.989582 0.944096 78 
0.782297 0.0745902 0.910061 0.872487 79 
