-4 -4 2 1 0.864576 0.10905 
-4 -3.57895 2 1 0.775186 0.100644 
-4 -3.15789 2 1 0.687589 0.0924059 
-4 -2.73684 2 1 0.601732 0.0843318 
-4 -2.31579 2 1 0.517563 0.0764164 
-4 -1.89474 2 1 0.435032 0.0686551 
-4 -1.47368 2 1 0.354094 0.0610435 
-4 -1.05263 2 1 0.274701 0.0535772 
-4 -0.631579 2 1 0.19681 0.0462522 
-4 -0.210526 2 1 0.120379 0.0390645 
-4 0.210526 2 1 0.0453671 0.0320103 
-4 0.631579 2 1 -0.0282648 0.0250858 
-4 1.05263 2 1 -0.100555 0.0182875 
-4 1.47368 2 1 -0.171538 0.0116121 
-4 1.89474 2 1 -0.241251 0.00505615 
-4 2.31579 2 1 -0.309727 -0.00138345 
-4 2.73684 2 1 -0.376999 -0.0077098 
-4 3.15789 2 1 -0.443098 -0.0139259 
-4 3.57895 2 1 -0.508055 -0.0200345 
-4 4 2 1 -0.571898 -0.0260384 
-4 -4 2 1 0.864576 0.10905 
-3.57895 -4 2 1 0.928703 0.129911 
-3.15789 -4 2 1 1.00523 0.154805 
-2.73684 -4 2 1 1.09814 0.185028 
-2.31579 -4 2 1 1.21332 0.222497 
-1.89474 -4 2 1 1.35988 0.270171 
-1.47368 -4 2 1 1.55264 0.332877 
-1.05263 -4 2 1 1.81756 0.419056 
-0.631579 -4 2 1 2.20449 0.544922 
-0.210526 -4 2 1 2.82291 0.746092 
0.210526 -4 2 1 3.96923 1.11899 
0.631579 -4 2 1 6.8228 2.04725 
1.05263 -4 2 1 26.3203 8.38976 
-4 4 2 1 -0.571898 -0.0260384 
-3.57895 4 2 1 -0.623494 -0.0186506 
-3.15789 4 2 1 -0.683189 -0.0101033 
-2.73684 4 2 1 -0.753051 -0.000100221 
-2.31579 4 2 1 -0.835918 0.0117651 
-1.89474 4 2 1 -0.935797 0.0260661 
-1.47368 4 2 1 -1.05852 0.0436386 
-1.05263 4 2 1 -1.21295 0.0657501 
-0.631579 4 2 1 -1.41318 0.0944201 
-0.210526 4 2 1 -1.68315 0.133075 
0.210526 4 2 1 -2.06695 0.188029 
0.631579 4 2 1 -2.65584 0.272348 
1.05263 4 2 1 -3.67412 0.41815 
1.47368 4 2 1 -5.8609 0.731262 
1.89474 4 2 1 -13.935 1.88734 
-4 -4 6 1 0.730144 0.797816 
-4 -3.57895 6 1 0.650509 0.783899 
-4 -3.15789 6 1 0.572321 0.770235 
-4 -2.73684 6 1 0.495541 0.756817 
-4 -2.31579 6 1 0.420129 0.743638 
-4 -1.89474 6 1 0.346051 0.730692 
-4 -1.47368 6 1 0.273272 0.717973 
-4 -1.05263 6 1 0.201756 0.705475 
-4 -0.631579 6 1 0.131473 0.693193 
-4 -0.210526 6 1 0.0623897 0.68112 
-4 0.210526 6 1 -0.00552389 0.669251 
-4 0.631579 6 1 -0.0722972 0.657582 
-4 1.05263 6 1 -0.137959 0.646107 
-4 1.47368 6 1 -0.202536 0.634821 
-4 1.89474 6 1 -0.266056 0.623721 
-4 2.31579 6 1 -0.328544 0.6128 
-4 2.73684 6 1 -0.390025 0.602056 
-4 3.15789 6 1 -0.450523 0.591484 
-4 3.57895 6 1 -0.510062 0.581079 
-4 4 6 1 -0.568664 0.570837 
-4 -4 6 1 0.730144 0.797816 
-3.57895 -4 6 1 0.776991 0.870927 
-3.15789 -4 6 1 0.831877 0.956582 
-2.73684 -4 6 1 0.897062 1.05831 
-2.31579 -4 6 1 0.975747 1.18111 
-1.89474 -4 6 1 1.07261 1.33228 
-1.47368 -4 6 1 1.19477 1.52293 
-1.05263 -4 6 1 1.35364 1.77086 
-0.631579 -4 6 1 1.56867 2.10644 
-0.210526 -4 6 1 1.87604 2.58613 
0.210526 -4 6 1 2.35151 3.32816 
0.631579 -4 6 1 3.18485 4.6287 
1.05263 -4 6 1 5.02396 7.49886 
1.47368 -4 6 1 12.4603 19.1043 
-4 4 6 1 -0.568664 0.570837 
-3.57895 4 6 1 -0.615542 0.617221 
-3.15789 4 6 1 -0.66909 0.670204 
-2.73684 4 6 1 -0.73084 0.731303 
-2.31579 4 6 1 -0.802833 0.802536 
-1.89474 4 6 1 -0.887847 0.886654 
-1.47368 4 6 1 -0.989769 0.9875 
-1.05263 4 6 1 -1.1142 1.11062 
-0.631579 4 6 1 -1.26951 1.26429 
-0.210526 4 6 1 -1.46884 1.46152 
0.210526 4 6 1 -1.73399 1.72387 
0.631579 4 6 1 -2.10399 2.08997 
1.05263 4 6 1 -2.6564 2.63655 
1.47368 4 6 1 -3.57019 3.5407 
1.89474 4 6 1 -5.3724 5.3239 
2.31579 4 6 1 -10.5842 10.4807 
2.73684 4 6 1 -198.246 196.163 
