-4 0.631579 2 1 12.7101 2.48757 
-4 1.05263 2 1 6.29326 1.1313 
-4 1.47368 2 1 4.336 0.717606 
-4 1.89474 2 1 3.38821 0.517279 
-4 2.31579 2 1 2.82903 0.399091 
-4 2.73684 2 1 2.46013 0.321117 
-4 3.15789 2 1 2.1985 0.265818 
-4 3.57895 2 1 2.00329 0.224558 
-4 4 2 1 1.85205 0.192593 
4 -4 2 1 -6.7925 -0.0615136 
4 -3.57895 2 1 -4.47497 -0.0608003 
4 -3.15789 2 1 -3.25684 -0.0604254 
4 -2.73684 2 1 -2.50578 -0.0601942 
4 -2.31579 2 1 -1.99638 -0.0600375 
4 -1.89474 2 1 -1.62816 -0.0599241 
4 -1.47368 2 1 -1.34958 -0.0598384 
4 -1.05263 2 1 -1.13145 -0.0597713 
4 -0.631579 2 1 -0.956027 -0.0597173 
4 -0.210526 2 1 -0.811885 -0.0596729 
4 0.210526 2 1 -0.691341 -0.0596358 
4 0.631579 2 1 -0.58904 -0.0596043 
4 1.05263 2 1 -0.501131 -0.0595773 
4 1.47368 2 1 -0.424777 -0.0595538 
4 1.89474 2 1 -0.357839 -0.0595332 
4 2.31579 2 1 -0.298678 -0.059515 
4 2.73684 2 1 -0.246013 -0.0594988 
4 3.15789 2 1 -0.198829 -0.0594842 
4 3.57895 2 1 -0.156313 -0.0594712 
4 4 2 1 -0.117805 -0.0594593 
2.73684 -4 2 1 -45.0286 1.24257 
3.15789 -4 2 1 -14.2365 0.192374 
3.57895 -4 2 1 -8.97171 0.0128108 
4 -4 2 1 -6.7925 -0.0615136 
-4 4 2 1 1.85205 0.192593 
-3.57895 4 2 1 1.62118 0.163051 
-3.15789 4 2 1 1.41976 0.13728 
-2.73684 4 2 1 1.24251 0.1146 
-2.31579 4 2 1 1.08533 0.0944869 
-1.89474 4 2 1 0.944976 0.0765284 
-1.47368 4 2 1 0.818895 0.0603957 
-1.05263 4 2 1 0.705012 0.0458239 
-0.631579 4 2 1 0.60164 0.032597 
-0.210526 4 2 1 0.507387 0.0205369 
0.210526 4 2 1 0.421097 0.00949571 
0.631579 4 2 1 0.341803 -0.000650364 
1.05263 4 2 1 0.268686 -0.010006 
1.47368 4 2 1 0.201053 -0.01866 
1.89474 4 2 1 0.138307 -0.0266886 
2.31579 4 2 1 0.0799385 -0.0341571 
2.73684 4 2 1 0.0255043 -0.0411222 
3.15789 4 2 1 -0.0253803 -0.0476332 
3.57895 4 2 1 -0.0730517 -0.0537329 
4 4 2 1 -0.117805 -0.0594593 
-4 -0.210526 6 1 54.5762 83.3241 
-4 0.210526 6 1 8.22148 11.634 
-4 0.631579 6 1 4.72613 6.22823 
-4 1.05263 6 1 3.44086 4.24048 
-4 1.47368 6 1 2.77305 3.20767 
-4 1.89474 6 1 2.36392 2.57494 
-4 2.31579 6 1 2.08756 2.14753 
-4 2.73684 6 1 1.88836 1.83946 
-4 3.15789 6 1 1.73796 1.60686 
-4 3.57895 6 1 1.6204 1.42504 
-4 4 6 1 1.52596 1.279 
4 -4 6 1 -4.56564 3.18521 
4 -3.57895 6 1 -3.40458 2.46444 
4 -3.15789 6 1 -2.66562 2.0057 
4 -2.73684 6 1 -2.15399 1.68809 
4 -2.31579 6 1 -1.77876 1.45515 
4 -1.89474 6 1 -1.49182 1.27702 
4 -1.47368 6 1 -1.26527 1.13638 
4 -1.05263 6 1 -1.08187 1.02253 
4 -0.631579 6 1 -0.93036 0.928476 
4 -0.210526 6 1 -0.803091 0.849468 
4 0.210526 6 1 -0.694674 0.782165 
4 0.631579 6 1 -0.60121 0.724144 
4 1.05263 6 1 -0.519805 0.673608 
4 1.47368 6 1 -0.448267 0.629198 
4 1.89474 6 1 -0.384903 0.589863 
4 2.31579 6 1 -0.32839 0.55478 
4 2.73684 6 1 -0.277672 0.523295 
4 3.15789 6 1 -0.231902 0.494881 
4 3.57895 6 1 -0.190389 0.469111 
4 4 6 1 -0.152566 0.445631 
1.89474 -4 6 1 -43.2399 46.9078 
2.31579 -4 6 1 -13.2751 13.0316 
2.73684 -4 6 1 -8.36671 7.48245 
3.15789 -4 6 1 -6.35258 5.20541 
3.57895 -4 6 1 -5.25567 3.96531 
4 -4 6 1 -4.56564 3.18521 
-4 4 6 1 1.52596 1.279 
-3.57895 4 6 1 1.34212 1.18772 
-3.15789 4 6 1 1.1791 1.10678 
-2.73684 4 6 1 1.03357 1.03453 
-2.31579 4 6 1 0.902844 0.969626 
-1.89474 4 6 1 0.784783 0.91101 
-1.47368 4 6 1 0.677627 0.857809 
-1.05263 4 6 1 0.579933 0.809305 
-0.631579 4 6 1 0.490501 0.764904 
-0.210526 4 6 1 0.408324 0.724104 
0.210526 4 6 1 0.332555 0.686486 
0.631579 4 6 1 0.262472 0.651691 
1.05263 4 6 1 0.197459 0.619413 
1.47368 4 6 1 0.136983 0.589388 
1.89474 4 6 1 0.0805872 0.561388 
2.31579 4 6 1 0.0278711 0.535215 
2.73684 4 6 1 -0.0215139 0.510696 
3.15789 4 6 1 -0.0678739 0.487679 
3.57895 4 6 1 -0.111478 0.46603 
4 4 6 1 -0.152566 0.445631 
