-4 -4 2 1 -0.571668 0.0852134 
-4 -3.57895 2 1 -0.6165 0.0770461 
-4 -3.15789 2 1 -0.668024 0.0676596 
-4 -2.73684 2 1 -0.72786 0.0567589 
-4 -2.31579 2 1 -0.798195 0.0439455 
-4 -1.89474 2 1 -0.882059 0.0286675 
-4 -1.47368 2 1 -0.98377 0.0101382 
-4 -1.05263 2 1 -1.1097 -0.0128039 
-4 -0.631579 2 1 -1.26968 -0.0419481 
-4 -0.210526 2 1 -1.47967 -0.0802027 
-4 0.210526 2 1 -1.76746 -0.132631 
-4 0.631579 2 1 -2.18611 -0.2089 
-4 1.05263 2 1 -2.85118 -0.33006 
-4 1.47368 2 1 -4.07092 -0.552267 
-4 1.89474 2 1 -7.03556 -1.09235 
-4 2.31579 2 1 -24.8957 -4.34604 
4 -4 2 1 0.755847 0.0810464 
4 -3.57895 2 1 0.808299 0.0716822 
4 -3.15789 2 1 0.869491 0.0607576 
4 -2.73684 2 1 0.941806 0.0478473 
4 -2.31579 2 1 1.02858 0.0323557 
4 -1.89474 2 1 1.13463 0.0134225 
4 -1.47368 2 1 1.26719 -0.0102424 
4 -1.05263 2 1 1.4376 -0.040666 
4 -0.631579 2 1 1.66479 -0.0812261 
4 -0.210526 2 1 1.98281 -0.138001 
4 0.210526 2 1 2.45972 -0.223144 
4 0.631579 2 1 3.25429 -0.364997 
4 1.05263 2 1 4.84232 -0.648507 
4 1.47368 2 1 9.59764 -1.49747 
4 1.89474 2 1 3448.97 -615.525 
-4 -4 2 1 -0.571668 0.0852134 
-3.57895 -4 2 1 -0.507825 0.085013 
-3.15789 -4 2 1 -0.443368 0.0848107 
-2.73684 -4 2 1 -0.378287 0.0846064 
-2.31579 -4 2 1 -0.312573 0.0844001 
-1.89474 -4 2 1 -0.246217 0.0841918 
-1.47368 -4 2 1 -0.179209 0.0839815 
-1.05263 -4 2 1 -0.11154 0.0837691 
-0.631579 -4 2 1 -0.0432003 0.0835546 
-0.210526 -4 2 1 0.0258206 0.0833379 
0.210526 -4 2 1 0.0955329 0.0831191 
0.631579 -4 2 1 0.165947 0.0828981 
1.05263 -4 2 1 0.237073 0.0826748 
1.47368 -4 2 1 0.308923 0.0824493 
1.89474 -4 2 1 0.381507 0.0822214 
2.31579 -4 2 1 0.454837 0.0819912 
2.73684 -4 2 1 0.528924 0.0817587 
3.15789 -4 2 1 0.60378 0.0815237 
3.57895 -4 2 1 0.679417 0.0812863 
4 -4 2 1 0.755847 0.0810464 
-4 -4 6 1 -0.657328 0.804567 
-4 -3.57895 6 1 -0.715961 0.852824 
-4 -3.15789 6 1 -0.784818 0.909495 
-4 -2.73684 6 1 -0.866827 0.976991 
-4 -2.31579 6 1 -0.966157 1.05874 
-4 -1.89474 6 1 -1.08894 1.1598 
-4 -1.47368 6 1 -1.2446 1.28791 
-4 -1.05263 6 1 -1.44837 1.45562 
-4 -0.631579 6 1 -1.72665 1.68465 
-4 -0.210526 6 1 -2.12944 2.01615 
-4 0.210526 6 1 -2.76437 2.53872 
-4 0.631579 6 1 -3.91342 3.48442 
-4 1.05263 6 1 -6.62574 5.71673 
-4 1.47368 6 1 -20.8786 17.4473 
4 -4 6 1 0.872256 0.88286 
4 -3.57895 6 1 0.944351 0.944265 
4 -3.15789 6 1 1.03076 1.01786 
4 -2.73684 6 1 1.13621 1.10768 
4 -2.31579 6 1 1.26778 1.21974 
4 -1.89474 6 1 1.43654 1.36348 
4 -1.47368 6 1 1.66086 1.55454 
4 -1.05263 6 1 1.97359 1.82091 
4 -0.631579 6 1 2.43982 2.21801 
4 -0.210526 6 1 3.20931 2.87341 
4 0.210526 6 1 4.72056 4.1606 
4 0.631579 6 1 9.04407 7.8431 
4 1.05263 6 1 129.034 110.043 
-4 -4 6 1 -0.657328 0.804567 
-3.57895 -4 6 1 -0.584767 0.808281 
-3.15789 -4 6 1 -0.511406 0.812036 
-2.73684 -4 6 1 -0.437232 0.815833 
-2.31579 -4 6 1 -0.362231 0.819672 
-1.89474 -4 6 1 -0.28639 0.823554 
-1.47368 -4 6 1 -0.209693 0.82748 
-1.05263 -4 6 1 -0.132127 0.83145 
-0.631579 -4 6 1 -0.0536769 0.835465 
-0.210526 -4 6 1 0.0256729 0.839527 
0.210526 -4 6 1 0.105938 0.843635 
0.631579 -4 6 1 0.187134 0.847791 
1.05263 -4 6 1 0.269277 0.851996 
1.47368 -4 6 1 0.352384 0.85625 
1.89474 -4 6 1 0.436473 0.860554 
2.31579 -4 6 1 0.521559 0.864909 
2.73684 -4 6 1 0.607663 0.869316 
3.15789 -4 6 1 0.694801 0.873776 
3.57895 -4 6 1 0.782992 0.878291 
4 -4 6 1 0.872256 0.88286 
