-4 -4 2 1 -1.35907 -0.395381 
-4 -3.57895 2 1 -1.45703 -0.431448 
-4 -3.15789 2 1 -1.57877 -0.47627 
-4 -2.73684 2 1 -1.73415 -0.533475 
-4 -2.31579 2 1 -1.93933 -0.609017 
-4 -1.89474 2 1 -2.22284 -0.713396 
-4 -1.47368 2 1 -2.6401 -0.867019 
-4 -1.05263 2 1 -3.315 -1.11549 
-4 -0.631579 2 1 -4.59267 -1.58589 
-4 -0.210526 2 1 -7.93238 -2.81547 
-4 0.210526 2 1 -39.1911 -14.324 
4 -4 2 1 0.264386 -0.121567 
4 -3.57895 2 1 0.304432 -0.124879 
4 -3.15789 2 1 0.349207 -0.128582 
4 -2.73684 2 1 0.3996 -0.132751 
4 -2.31579 2 1 0.45674 -0.137477 
4 -1.89474 2 1 0.52208 -0.142881 
4 -1.47368 2 1 0.597519 -0.149121 
4 -1.05263 2 1 0.685598 -0.156406 
4 -0.631579 2 1 0.789781 -0.165024 
4 -0.210526 2 1 0.91493 -0.175375 
4 0.210526 2 1 1.06808 -0.188043 
4 0.631579 2 1 1.25982 -0.203902 
4 1.05263 2 1 1.50684 -0.224333 
4 1.47368 2 1 1.83704 -0.251646 
4 1.89474 2 1 2.30099 -0.29002 
4 2.31579 2 1 3.00056 -0.347884 
4 2.73684 2 1 4.17633 -0.445135 
4 3.15789 2 1 6.56543 -0.642745 
4 3.57895 2 1 14.0481 -1.26166 
-4 -4 2 1 -1.35907 -0.395381 
-3.57895 -4 2 1 -1.2078 -0.369867 
-3.15789 -4 2 1 -1.06894 -0.346448 
-2.73684 -4 2 1 -0.941038 -0.324875 
-2.31579 -4 2 1 -0.822835 -0.304939 
-1.89474 -4 2 1 -0.713271 -0.28646 
-1.47368 -4 2 1 -0.611433 -0.269283 
-1.05263 -4 2 1 -0.516531 -0.253277 
-0.631579 -4 2 1 -0.42788 -0.238325 
-0.210526 -4 2 1 -0.344881 -0.224326 
0.210526 -4 2 1 -0.267012 -0.211193 
0.631579 -4 2 1 -0.193811 -0.198847 
1.05263 -4 2 1 -0.124869 -0.187219 
1.47368 -4 2 1 -0.059827 -0.176249 
1.89474 -4 2 1 0.00163813 -0.165882 
2.31579 -4 2 1 0.0598132 -0.15607 
2.73684 -4 2 1 0.114956 -0.14677 
3.15789 -4 2 1 0.167296 -0.137942 
3.57895 -4 2 1 0.217044 -0.129551 
4 -4 2 1 0.264386 -0.121567 
-4 -4 6 1 -1.43615 0.609602 
-4 -3.57895 6 1 -1.54049 0.680963 
-4 -3.15789 6 1 -1.66963 0.769287 
-4 -2.73684 6 1 -1.8336 0.881438 
-4 -2.31579 6 1 -2.04872 1.02856 
-4 -1.89474 6 1 -2.34331 1.23004 
-4 -1.47368 6 1 -2.77139 1.52283 
-4 -1.05263 6 1 -3.45029 1.98715 
-4 -0.631579 6 1 -4.69178 2.83625 
-4 -0.210526 6 1 -7.68989 4.88678 
-4 0.210526 6 1 -25.1893 16.8553 
4 -4 6 1 0.207588 0.423509 
4 -3.57895 6 1 0.244113 0.450323 
4 -3.15789 6 1 0.284907 0.48027 
4 -2.73684 6 1 0.330764 0.513935 
4 -2.31579 6 1 0.382691 0.552055 
4 -1.89474 6 1 0.441976 0.595578 
4 -1.47368 6 1 0.510304 0.645739 
4 -1.05263 6 1 0.589915 0.704182 
4 -0.631579 6 1 0.683854 0.773144 
4 -0.210526 6 1 0.796372 0.855746 
4 0.210526 6 1 0.933586 0.956477 
4 0.631579 6 1 1.10463 1.08204 
4 1.05263 6 1 1.32377 1.24292 
4 1.47368 6 1 1.61461 1.45643 
4 1.89474 6 1 2.01924 1.75347 
4 2.31579 6 1 2.62065 2.19498 
4 2.73684 6 1 3.60852 2.92019 
4 3.15789 6 1 5.53174 4.33206 
4 3.57895 6 1 10.9129 8.28248 
4 4 6 1 112.095 82.5616 
-4 -4 6 1 -1.43615 0.609602 
-3.57895 -4 6 1 -1.28405 0.592383 
-3.15789 -4 6 1 -1.14425 0.576556 
-2.73684 -4 6 1 -1.01531 0.561958 
-2.31579 -4 6 1 -0.896016 0.548452 
-1.89474 -4 6 1 -0.785318 0.535919 
-1.47368 -4 6 1 -0.682322 0.524259 
-1.05263 -4 6 1 -0.586251 0.513382 
-0.631579 -4 6 1 -0.496429 0.503213 
-0.210526 -4 6 1 -0.412267 0.493685 
0.210526 -4 6 1 -0.333244 0.484739 
0.631579 -4 6 1 -0.258906 0.476322 
1.05263 -4 6 1 -0.188846 0.468391 
1.47368 -4 6 1 -0.122707 0.460903 
1.89474 -4 6 1 -0.0601669 0.453822 
2.31579 -4 6 1 -0.000941027 0.447117 
2.73684 -4 6 1 0.0552277 0.440758 
3.15789 -4 6 1 0.10857 0.434719 
3.57895 -4 6 1 0.159294 0.428976 
4 -4 6 1 0.207588 0.423509 
4 4 6 1 112.095 82.5616 
