-4 -4 2 1 15.1353 -4.0061 
-4 -3.57895 2 1 6.96441 -1.81942 
-4 -3.15789 2 1 4.40162 -1.13358 
-4 -2.73684 2 1 3.1484 -0.79819 
-4 -2.31579 2 1 2.40524 -0.599308 
-4 -1.89474 2 1 1.91341 -0.467684 
-4 -1.47368 2 1 1.56385 -0.374135 
-4 -1.05263 2 1 1.30263 -0.304227 
-4 -0.631579 2 1 1.10002 -0.250005 
-4 -0.210526 2 1 0.938279 -0.206721 
-4 0.210526 2 1 0.80618 -0.171369 
-4 0.631579 2 1 0.696257 -0.141951 
-4 1.05263 2 1 0.603357 -0.11709 
-4 1.47368 2 1 0.523811 -0.0958016 
-4 1.89474 2 1 0.454933 -0.0773684 
-4 2.31579 2 1 0.39471 -0.0612518 
-4 2.73684 2 1 0.341609 -0.0470409 
-4 3.15789 2 1 0.294436 -0.0344166 
-4 3.57895 2 1 0.252252 -0.0231272 
-4 4 2 1 0.214304 -0.0129716 
4 -0.210526 2 1 -42.8018 -8.98384 
4 0.210526 2 1 -8.47665 -1.5481 
4 0.631579 2 1 -4.90488 -0.774357 
4 1.05263 2 1 -3.54317 -0.479375 
4 1.47368 2 1 -2.82495 -0.323788 
4 1.89474 2 1 -2.38126 -0.227674 
4 2.31579 2 1 -2.07995 -0.162403 
4 2.73684 2 1 -1.86197 -0.115183 
4 3.15789 2 1 -1.69695 -0.0794339 
4 3.57895 2 1 -1.56767 -0.0514296 
4 4 2 1 -1.46366 -0.0288989 
-4 -4 2 1 15.1353 -4.0061 
-3.57895 -4 2 1 31.7019 -9.05885 
-4 4 2 1 0.214304 -0.0129716 
-3.57895 4 2 1 0.167734 -0.0134137 
-3.15789 4 2 1 0.118653 -0.0138795 
-2.73684 4 2 1 0.0668508 -0.0143712 
-2.31579 4 2 1 0.0120954 -0.014891 
-1.89474 4 2 1 -0.0458733 -0.0154412 
-1.47368 4 2 1 -0.107347 -0.0160247 
-1.05263 4 2 1 -0.172652 -0.0166446 
-0.631579 4 2 1 -0.242161 -0.0173044 
-0.210526 4 2 1 -0.31629 -0.018008 
0.210526 4 2 1 -0.395518 -0.01876 
0.631579 4 2 1 -0.480389 -0.0195656 
1.05263 4 2 1 -0.571528 -0.0204307 
1.47368 4 2 1 -0.669655 -0.0213622 
1.89474 4 2 1 -0.775608 -0.0223679 
2.31579 4 2 1 -0.890361 -0.0234571 
2.73684 4 2 1 -1.01506 -0.0246407 
3.15789 4 2 1 -1.15105 -0.0259315 
3.57895 4 2 1 -1.29994 -0.0273448 
4 4 2 1 -1.46366 -0.0288989 
-4 -3.57895 6 1 36.5055 18.5503 
-4 -3.15789 6 1 9.7965 5.29199 
-4 -2.73684 6 1 5.47902 3.1488 
-4 -2.31579 6 1 3.71201 2.27166 
-4 -1.89474 6 1 2.75081 1.79452 
-4 -1.47368 6 1 2.14656 1.49457 
-4 -1.05263 6 1 1.73157 1.28857 
-4 -0.631579 6 1 1.42895 1.13835 
-4 -0.210526 6 1 1.19851 1.02396 
-4 0.210526 6 1 1.01718 0.933944 
-4 0.631579 6 1 0.870761 0.861264 
-4 1.05263 6 1 0.750064 0.80135 
-4 1.47368 6 1 0.648858 0.751111 
-4 1.89474 6 1 0.562773 0.708379 
-4 2.31579 6 1 0.488657 0.671587 
-4 2.73684 6 1 0.424174 0.639579 
-4 3.15789 6 1 0.367563 0.611477 
-4 3.57895 6 1 0.317464 0.586607 
-4 4 6 1 0.272814 0.564444 
4 0.631579 6 1 -14.4907 12.6533 
4 1.05263 6 1 -6.28202 5.33258 
4 1.47368 6 1 -4.14494 3.42668 
4 1.89474 6 1 -3.1618 2.5499 
4 2.31579 6 1 -2.59667 2.0459 
4 2.73684 6 1 -2.22969 1.71862 
4 3.15789 6 1 -1.97219 1.48898 
4 3.57895 6 1 -1.78155 1.31895 
4 4 6 1 -1.6347 1.188 
-4 4 6 1 0.272814 0.564444 
-3.57895 4 6 1 0.223931 0.580423 
-3.15789 4 6 1 0.172179 0.59734 
-2.73684 4 6 1 0.117299 0.61528 
-2.31579 4 6 1 0.0589967 0.634339 
-1.89474 4 6 1 -0.00305682 0.654624 
-1.47368 4 6 1 -0.0692361 0.676257 
-1.05263 4 6 1 -0.139967 0.699378 
-0.631579 4 6 1 -0.215735 0.724146 
-0.210526 4 6 1 -0.297099 0.750744 
0.210526 4 6 1 -0.384702 0.77938 
0.631579 4 6 1 -0.47929 0.810301 
1.05263 4 6 1 -0.581735 0.843789 
1.47368 4 6 1 -0.693056 0.880179 
1.89474 4 6 1 -0.81446 0.919865 
2.31579 4 6 1 -0.947382 0.963316 
2.73684 4 6 1 -1.09354 1.01109 
3.15789 4 6 1 -1.25502 1.06388 
3.57895 4 6 1 -1.43436 1.12251 
4 4 6 1 -1.6347 1.188 
