-4 -4 2 1 -0.251892 0.234718 
-4 -3.57895 2 1 -0.291201 0.243824 
-4 -3.15789 2 1 -0.335313 0.254042 
-4 -2.73684 2 1 -0.385167 0.26559 
-4 -2.31579 2 1 -0.44196 0.278746 
-4 -1.89474 2 1 -0.50725 0.29387 
-4 -1.47368 2 1 -0.583099 0.311439 
-4 -1.05263 2 1 -0.672291 0.3321 
-4 -0.631579 2 1 -0.77869 0.356746 
-4 -0.210526 2 1 -0.907805 0.386655 
-4 0.210526 2 1 -1.06778 0.423711 
-4 0.631579 2 1 -1.27118 0.470827 
-4 1.05263 2 1 -1.53846 0.532741 
-4 1.47368 2 1 -1.90534 0.617724 
-4 1.89474 2 1 -2.4402 0.741621 
-4 2.31579 2 1 -3.29271 0.939097 
-4 2.73684 2 1 -4.86532 1.30338 
-4 3.15789 2 1 -8.73748 2.20033 
-4 3.57895 2 1 -33.6685 7.97537 
4 -4 2 1 1.38256 0.176729 
4 -3.57895 2 1 1.48402 0.187405 
4 -3.15789 2 1 1.60968 0.200629 
4 -2.73684 2 1 1.7694 0.217437 
4 -2.31579 2 1 1.97918 0.239513 
4 -1.89474 2 1 2.26693 0.269794 
4 -1.47368 2 1 2.68605 0.3139 
4 -1.05263 2 1 3.35311 0.384097 
4 -0.631579 2 1 4.58051 0.513261 
4 -0.210526 2 1 7.58565 0.829502 
4 0.210526 2 1 26.3712 2.80638 
-4 -4 2 1 -0.251892 0.234718 
-3.57895 -4 2 1 -0.202135 0.232953 
-3.15789 -4 2 1 -0.149992 0.231103 
-2.73684 -4 2 1 -0.0952856 0.229162 
-2.31579 -4 2 1 -0.0378233 0.227123 
-1.89474 -4 2 1 0.0226091 0.224979 
-1.47368 -4 2 1 0.0862477 0.222721 
-1.05263 -4 2 1 0.153355 0.22034 
-0.631579 -4 2 1 0.224222 0.217826 
-0.210526 -4 2 1 0.299175 0.215167 
0.210526 -4 2 1 0.378576 0.21235 
0.631579 -4 2 1 0.462834 0.20936 
1.05263 -4 2 1 0.552409 0.206182 
1.47368 -4 2 1 0.647821 0.202797 
1.89474 -4 2 1 0.749658 0.199184 
2.31579 -4 2 1 0.858594 0.195319 
2.73684 -4 2 1 0.975396 0.191175 
3.15789 -4 2 1 1.10095 0.18672 
3.57895 -4 2 1 1.23628 0.181919 
4 -4 2 1 1.38256 0.176729 
-4 -4 6 1 -0.219154 0.847077 
-4 -3.57895 6 1 -0.259243 0.8946 
-4 -3.15789 6 1 -0.304602 0.948371 
-4 -2.73684 6 1 -0.356344 1.00971 
-4 -2.31579 6 1 -0.415918 1.08033 
-4 -1.89474 6 1 -0.485248 1.16251 
-4 -1.47368 6 1 -0.566943 1.25936 
-4 -1.05263 6 1 -0.664635 1.37517 
-4 -0.631579 6 1 -0.783535 1.51611 
-4 -0.210526 6 1 -0.931388 1.69138 
-4 0.210526 6 1 -1.12024 1.91525 
-4 0.631579 6 1 -1.36987 2.21118 
-4 1.05263 6 1 -1.71527 2.62063 
-4 1.47368 6 1 -2.22464 3.22445 
-4 1.89474 6 1 -3.05104 4.20409 
-4 2.31579 6 1 -4.62419 6.06896 
-4 2.73684 6 1 -8.79055 11.0079 
-4 3.15789 6 1 -52.0238 62.258 
4 -4 6 1 1.64815 1.31192 
4 -3.57895 6 1 1.79613 1.46209 
4 -3.15789 6 1 1.98506 1.65382 
4 -2.73684 6 1 2.23468 1.90714 
4 -2.31579 6 1 2.57982 2.25739 
4 -1.89474 6 1 3.08829 2.77338 
4 -1.47368 6 1 3.91195 3.60924 
4 -1.05263 6 1 5.47551 5.19594 
4 -0.631579 6 1 9.58886 9.3702 
4 -0.210526 6 1 50.0369 50.4171 
-4 -4 6 1 -0.219154 0.847077 
-3.57895 -4 6 1 -0.165157 0.860519 
-3.15789 -4 6 1 -0.108388 0.874651 
-2.73684 -4 6 1 -0.0486262 0.889528 
-2.31579 -4 6 1 0.01437 0.905211 
-1.89474 -4 6 1 0.080871 0.921765 
-1.47368 -4 6 1 0.151178 0.939267 
-1.05263 -4 6 1 0.225626 0.957801 
-0.631579 -4 6 1 0.304594 0.977459 
-0.210526 -4 6 1 0.388505 0.998348 
0.210526 -4 6 1 0.477838 1.02059 
0.631579 -4 6 1 0.573137 1.04431 
1.05263 -4 6 1 0.675021 1.06967 
1.47368 -4 6 1 0.784195 1.09685 
1.89474 -4 6 1 0.901471 1.12605 
2.31579 -4 6 1 1.02779 1.15749 
2.73684 -4 6 1 1.16423 1.19146 
3.15789 -4 6 1 1.31206 1.22826 
3.57895 -4 6 1 1.47278 1.26827 
4 -4 6 1 1.64815 1.31192 
