-4 -4 2 1 -0.127291 0.118323 
-4 -3.57895 2 1 -0.165174 0.126534 
-4 -3.15789 2 1 -0.207109 0.135624 
-4 -2.73684 2 1 -0.253784 0.145742 
-4 -2.31579 2 1 -0.30605 0.157071 
-4 -1.89474 2 1 -0.364975 0.169843 
-4 -1.47368 2 1 -0.431919 0.184354 
-4 -1.05263 2 1 -0.508638 0.200984 
-4 -0.631579 2 1 -0.597442 0.220233 
-4 -0.210526 2 1 -0.701431 0.242773 
-4 0.210526 2 1 -0.824863 0.269528 
-4 0.631579 2 1 -0.973753 0.301802 
-4 1.05263 2 1 -1.15688 0.341497 
-4 1.47368 2 1 -1.3876 0.391508 
-4 1.89474 2 1 -1.68722 0.456454 
-4 2.31579 2 1 -2.09204 0.544201 
-4 2.73684 2 1 -2.66924 0.669315 
-4 3.15789 2 1 -3.55871 0.862117 
-4 3.57895 2 1 -5.10787 1.19791 
-4 4 2 1 -8.48311 1.92953 
4 -4 2 1 1.82288 0.0386818 
4 -3.57895 2 1 1.97497 0.0490528 
4 -3.15789 2 1 2.17104 0.0624228 
4 -2.73684 2 1 2.4334 0.0803127 
4 -2.31579 2 1 2.80249 0.105481 
4 -1.89474 2 1 3.36008 0.143502 
4 -1.47368 2 1 4.30008 0.207599 
4 -1.05263 2 1 6.22119 0.338597 
4 -0.631579 2 1 12.336 0.755559 
-4 -4 2 1 -0.127291 0.118323 
-3.57895 -4 2 1 -0.0817076 0.116461 
-3.15789 -4 2 1 -0.0332191 0.114481 
-2.73684 -4 2 1 0.0184615 0.112371 
-2.31579 -4 2 1 0.0736601 0.110116 
-1.89474 -4 2 1 0.132749 0.107703 
-1.47368 -4 2 1 0.196153 0.105114 
-1.05263 -4 2 1 0.264365 0.102328 
-0.631579 -4 2 1 0.337952 0.0993233 
-0.210526 -4 2 1 0.417575 0.0960716 
0.210526 -4 2 1 0.50401 0.0925418 
0.631579 -4 2 1 0.598168 0.0886966 
1.05263 -4 2 1 0.701135 0.0844916 
1.47368 -4 2 1 0.814206 0.079874 
1.89474 -4 2 1 0.938946 0.0747798 
2.31579 -4 2 1 1.07726 0.0691314 
2.73684 -4 2 1 1.23149 0.0628329 
3.15789 -4 2 1 1.40455 0.0557655 
3.57895 -4 2 1 1.60011 0.047779 
4 -4 2 1 1.82288 0.0386818 
-4 4 2 1 -8.48311 1.92953 
-3.57895 4 2 1 -12.445 2.93784 
-3.15789 4 2 1 -27.166 6.68436 
-4 -4 6 1 -0.0743344 0.662282 
-4 -3.57895 6 1 -0.109899 0.698487 
-4 -3.15789 6 1 -0.149309 0.738608 
-4 -2.73684 6 1 -0.193226 0.783316 
-4 -2.31579 6 1 -0.242469 0.833445 
-4 -1.89474 6 1 -0.298069 0.890047 
-4 -1.47368 6 1 -0.361343 0.95446 
-4 -1.05263 6 1 -0.433996 1.02842 
-4 -0.631579 6 1 -0.518281 1.11422 
-4 -0.210526 6 1 -0.617234 1.21496 
-4 0.210526 6 1 -0.735051 1.3349 
-4 0.631579 6 1 -0.877692 1.48011 
-4 1.05263 6 1 -1.05393 1.65952 
-4 1.47368 6 1 -1.27721 1.88682 
-4 1.89474 6 1 -1.56928 2.18415 
-4 2.31579 6 1 -1.96772 2.58977 
-4 2.73684 6 1 -2.54356 3.17598 
-4 3.15789 6 1 -3.44922 4.09795 
-4 3.57895 6 1 -5.08177 5.7599 
-4 4 6 1 -8.90292 9.64986 
4 -4 6 1 1.9933 1.31637 
4 -3.57895 6 1 2.17153 1.49271 
4 -3.15789 6 1 2.40288 1.7216 
4 -2.73684 6 1 2.71524 2.03063 
4 -2.31579 6 1 3.1602 2.47085 
4 -1.89474 6 1 3.84494 3.14831 
4 -1.47368 6 1 5.03477 4.32548 
4 -1.05263 6 1 7.61511 6.87836 
4 -0.631579 6 1 17.4502 16.6087 
-4 -4 6 1 -0.0743344 0.662282 
-3.57895 -4 6 1 -0.0266289 0.677374 
-3.15789 -4 6 1 0.0241493 0.693438 
-2.73684 -4 6 1 0.0783071 0.71057 
-2.31579 -4 6 1 0.136193 0.728882 
-1.89474 -4 6 1 0.198207 0.7485 
-1.47368 -4 6 1 0.264806 0.769569 
-1.05263 -4 6 1 0.336518 0.792255 
-0.631579 -4 6 1 0.413956 0.816752 
-0.210526 -4 6 1 0.497833 0.843286 
0.210526 -4 6 1 0.588988 0.872123 
0.631579 -4 6 1 0.688412 0.903576 
1.05263 -4 6 1 0.797281 0.938016 
1.47368 -4 6 1 0.917011 0.975892 
1.89474 -4 6 1 1.04931 1.01775 
2.31579 -4 6 1 1.19627 1.06424 
2.73684 -4 6 1 1.36047 1.11618 
3.15789 -4 6 1 1.54512 1.1746 
3.57895 -4 6 1 1.75432 1.24077 
4 -4 6 1 1.9933 1.31637 
-4 4 6 1 -8.90292 9.64986 
-3.57895 4 6 1 -14.0942 16.3855 
-3.15789 4 6 1 -44.8497 56.2908 
