45.4698 5.82371 4.26342 5.19001 8 
8.24644 0.862884 3.047 3.50466 9 
4.69073 0.389007 2.41131 2.62392 10 
3.34957 0.210268 2.02063 2.08262 11 
2.64535 0.116416 1.75619 1.71625 12 
2.21141 0.0585835 1.56532 1.4518 13 
1.91719 0.0193727 1.42106 1.25193 14 
1.70458 -0.00896313 1.3082 1.09556 15 
1.54375 -0.0303972 1.21749 0.969886 16 
1.41784 -0.0471775 1.143 0.866675 17 
1.31659 -0.060671 1.08073 0.780399 18 
1.2334 -0.0717575 1.0279 0.707206 19 
-44.7955 2.27404 -5.61868 4.77271 21 
-9.40978 0.348086 -3.77442 3.24951 22 
-5.10819 0.113961 -2.79707 2.44231 23 
-3.4321 0.0227357 -2.19171 1.94233 24 
-2.53983 -0.0258288 -1.77992 1.60222 25 
-1.98574 -0.0559864 -1.48165 1.35587 26 
-1.6082 -0.0765347 -1.25564 1.16921 27 
-1.33443 -0.0914354 -1.07848 1.02289 28 
-1.12682 -0.102735 -0.93587 0.905107 29 
-0.96396 -0.111599 -0.818601 0.808253 30 
-0.832797 -0.118738 -0.720471 0.727206 31 
-0.724898 -0.124611 -0.637147 0.658388 32 
-0.634576 -0.129527 -0.565514 0.599225 33 
-0.55786 -0.133702 -0.503273 0.547819 34 
-0.491891 -0.137293 -0.44869 0.502738 35 
-0.434558 -0.140413 -0.400433 0.462882 36 
-0.384271 -0.14315 -0.357464 0.427393 37 
-0.339804 -0.145571 -0.318958 0.39559 38 
-0.300204 -0.147726 -0.284254 0.366928 39 
1.2334 -0.0717575 1.0279 0.707206 60 
1.10604 -0.0780664 0.924751 0.680457 61 
0.986603 -0.0839828 0.827108 0.655135 62 
0.874372 -0.0895423 0.734542 0.63113 63 
0.768714 -0.0947761 0.646667 0.608342 64 
0.669069 -0.0997121 0.563135 0.58668 65 
0.574936 -0.104375 0.483632 0.566062 66 
0.485872 -0.108787 0.407873 0.546416 67 
0.401477 -0.112968 0.335599 0.527673 68 
0.321393 -0.116935 0.266577 0.509774 69 
0.245299 -0.120704 0.20059 0.492661 70 
0.172904 -0.12429 0.137444 0.476286 71 
0.103944 -0.127706 0.0769583 0.4606 72 
0.0381798 -0.130964 0.0189686 0.445562 73 
-0.0246048 -0.134074 -0.0366766 0.431131 74 
-0.0846081 -0.137046 -0.0901166 0.417273 75 
-0.142011 -0.13989 -0.14148 0.403953 76 
-0.196979 -0.142613 -0.190885 0.391141 77 
-0.249663 -0.145222 -0.238443 0.378808 78 
-0.300204 -0.147726 -0.284254 0.366928 79 
