0.705954 0.0142432 0.62923 0.714383 0 
0.632542 0.00682634 0.556388 0.708124 1 
0.558899 -0.000613821 0.483319 0.701845 2 
0.485024 -0.0080774 0.410022 0.695547 3 
0.410916 -0.0155645 0.336496 0.689229 4 
0.336574 -0.0230752 0.262741 0.682891 5 
0.261997 -0.0306097 0.188754 0.676534 6 
0.187184 -0.0381681 0.114536 0.670156 7 
0.112134 -0.0457504 0.0400838 0.663758 8 
0.0368454 -0.0533568 -0.0346023 0.657341 9 
-0.0386829 -0.0609874 -0.109524 0.650903 10 
-0.114452 -0.0686424 -0.184682 0.644444 11 
-0.190463 -0.0763218 -0.260077 0.637966 12 
-0.266717 -0.0840257 -0.335712 0.631466 13 
-0.343215 -0.0917543 -0.411586 0.624947 14 
-0.419958 -0.0995077 -0.487702 0.618406 15 
-0.496949 -0.107286 -0.564059 0.611845 16 
-0.574186 -0.115089 -0.64066 0.605263 17 
-0.651673 -0.122918 -0.717505 0.598659 18 
-0.72941 -0.130772 -0.794596 0.592035 19 
0.705954 0.0142432 0.62923 0.714383 40 
0.764578 0.0166341 0.681123 0.772754 41 
0.83351 0.0194455 0.74204 0.841275 42 
0.915729 0.0227987 0.814558 0.922845 43 
1.01549 0.0268674 0.90234 1.02159 44 
1.13907 0.0319076 1.01077 1.14355 45 
1.29617 0.0383147 1.14812 1.29804 46 
1.50255 0.0467319 1.32771 1.50005 47 
1.78573 0.058281 1.57259 1.77549 48 
2.19835 0.0751098 1.92626 2.17332 49 
2.8555 0.101911 2.48194 2.79836 50 
4.06603 0.151282 3.48188 3.92312 51 
7.03732 0.272464 5.81363 6.54594 52 
25.8553 1.03995 17.4424 19.6263 53 
-0.72941 -0.130772 -0.794596 0.592035 60 
-0.788681 -0.140409 -0.858633 0.642217 61 
-0.858752 -0.151802 -0.934205 0.701437 62 
-0.942869 -0.165479 -1.02474 0.77238 63 
-1.04573 -0.182204 -1.13515 0.858909 64 
-1.17437 -0.203121 -1.27283 0.966793 65 
-1.33989 -0.230035 -1.44926 1.10505 66 
-1.5608 -0.265954 -1.6835 1.28861 67 
-1.87048 -0.316307 -2.00954 1.54411 68 
-2.3359 -0.391983 -2.49449 1.92413 69 
-3.11399 -0.518499 -3.29194 2.54904 70 
-4.67922 -0.773001 -4.84755 3.76807 71 
-9.44856 -1.54848 -9.22227 7.19626 72 
