3.82504 0.902516 8.53632 8.2516 0 
2.98802 0.777812 5.46814 5.6469 1 
2.40021 0.690238 3.89839 4.31428 2 
1.96475 0.62536 2.94481 3.50475 3 
1.6292 0.575368 2.30412 2.96085 4 
1.36271 0.535665 1.84403 2.57027 5 
1.14595 0.503371 1.49762 2.27618 6 
0.966191 0.47659 1.22737 2.04676 7 
0.814703 0.45402 1.01067 1.86279 8 
0.685303 0.434742 0.833029 1.71199 9 
0.573488 0.418083 0.684762 1.58612 10 
0.475901 0.403544 0.55914 1.47947 11 
0.389989 0.390744 0.451342 1.38796 12 
0.313776 0.379389 0.357827 1.30857 13 
0.245706 0.369248 0.275932 1.23905 14 
0.184541 0.360135 0.203618 1.17766 15 
0.12928 0.351902 0.139296 1.12305 16 
0.0791093 0.344428 0.081712 1.07417 17 
0.0333552 0.337611 0.0298587 1.03015 18 
-0.00854057 0.331369 -0.0170784 0.9903 19 
-5.79596 1.20614 -66.6942 65.4356 36 
-4.54772 0.943733 -14.1963 13.3273 37 
-3.81168 0.789001 -8.31917 7.49383 38 
-3.32626 0.686953 -6.05638 5.24783 39 
3.82504 0.902516 8.53632 8.2516 40 
4.50649 1.07359 14.5903 14.7804 41 
5.63879 1.35784 73.0497 77.8258 42 
-0.00854057 0.331369 -0.0170784 0.9903 60 
-0.0535708 0.336195 -0.0683639 1.02645 61 
-0.102474 0.341437 -0.124662 1.06614 62 
-0.155772 0.347149 -0.186745 1.10991 63 
-0.214084 0.353399 -0.255553 1.15842 64 
-0.278155 0.360266 -0.332242 1.21248 65 
-0.348881 0.367846 -0.418247 1.27311 66 
-0.427356 0.376257 -0.515376 1.34159 67 
-0.514926 0.385642 -0.625937 1.41953 68 
-0.613271 0.396183 -0.752922 1.50905 69 
-0.72451 0.408105 -0.900284 1.61293 70 
-0.851356 0.4217 -1.07336 1.73495 71 
-0.997342 0.437346 -1.27952 1.88028 72 
-1.16715 0.455546 -1.52924 2.05633 73 
-1.36714 0.47698 -1.83799 2.27399 74 
-1.60613 0.502594 -2.22947 2.54998 75 
-1.89676 0.533744 -2.74211 2.91137 76 
-2.25781 0.57244 -3.44241 3.40506 77 
-2.7184 0.621805 -4.45655 4.12 78 
-3.32626 0.686953 -6.05638 5.24783 79 
