0.108347 -0.246709 0.127441 0.27577 0 
0.0656435 -0.247074 0.0891034 0.293429 1 
0.0195926 -0.247468 0.0480313 0.312349 2 
-0.0302152 -0.247894 0.00392113 0.332668 3 
-0.084259 -0.248356 -0.0435773 0.354547 4 
-0.143103 -0.248859 -0.0948698 0.378175 5 
-0.207418 -0.249409 -0.15043 0.403768 6 
-0.278002 -0.250013 -0.210814 0.431583 7 
-0.355819 -0.250678 -0.276677 0.461923 8 
-0.442042 -0.251415 -0.348803 0.495146 9 
-0.538111 -0.252237 -0.428127 0.531686 10 
-0.645812 -0.253158 -0.515784 0.572065 11 
-0.767397 -0.254197 -0.613161 0.61692 12 
-0.905734 -0.25538 -0.721969 0.667041 13 
-1.06454 -0.256738 -0.844345 0.723413 14 
-1.24873 -0.258313 -0.982998 0.787282 15 
-1.4649 -0.260161 -1.14141 0.86025 16 
-1.72218 -0.262361 -1.32411 0.944412 17 
-2.03355 -0.265024 -1.53717 1.04256 18 
-2.41803 -0.268311 -1.78884 1.15849 19 
5.53555 -0.975973 3.54102 1.69082 20 
6.94244 -1.21803 3.95367 2.03665 21 
9.72009 -1.69594 4.54672 2.53367 22 
17.7747 -3.08176 5.47158 3.30877 23 
331.303 -57.0252 7.1149 4.68597 24 
0.108347 -0.246709 0.127441 0.27577 40 
0.152396 -0.252628 0.168451 0.29277 41 
0.200788 -0.259131 0.213135 0.311293 42 
0.254199 -0.266308 0.262011 0.331554 43 
0.313454 -0.27427 0.315696 0.353808 44 
0.379566 -0.283154 0.374937 0.378366 45 
0.453799 -0.293128 0.440644 0.405604 46 
0.537747 -0.304409 0.513937 0.435987 47 
0.633451 -0.317269 0.59621 0.470092 48 
0.743567 -0.332065 0.689221 0.508648 49 
0.871614 -0.349271 0.795218 0.552587 50 
1.02236 -0.369527 0.917125 0.603123 51 
1.20243 -0.393723 1.05882 0.661859 52 
1.4213 -0.423133 1.22553 0.730969 53 
1.69302 -0.459646 1.42455 0.813467 54 
2.03938 -0.506186 1.66625 0.913661 55 
2.49601 -0.567544 1.96602 1.03793 56 
3.12554 -0.652136 2.34766 1.19613 57 
4.04912 -0.776239 2.84999 1.40436 58 
5.53555 -0.975973 3.54102 1.69082 59 
-2.41803 -0.268311 -1.78884 1.15849 60 
-2.68753 -0.29334 -1.90975 1.31964 61 
-3.06712 -0.328592 -2.06551 1.52724 62 
-3.64157 -0.381942 -2.27372 1.80477 63 
-4.61275 -0.472136 -2.56627 2.19469 64 
-6.60841 -0.657474 -3.00739 2.78264 65 
-13.0589 -1.25654 -3.74878 3.77082 66 
