-4 -4 2 1 -4.44325 0.214685 
-4 -3.57895 2 1 -5.24688 0.320735 
-4 -3.15789 2 1 -6.58702 0.497585 
-4 -2.73684 2 1 -9.27019 0.851666 
-4 -2.31579 2 1 -17.3428 1.91696 
4 -4 2 1 -0.0996725 -0.124147 
4 -3.57895 2 1 -0.0576694 -0.120998 
4 -3.15789 2 1 -0.0124306 -0.117606 
4 -2.73684 2 1 0.0364328 -0.113943 
4 -2.31579 2 1 0.0893744 -0.109973 
4 -1.89474 2 1 0.146927 -0.105658 
4 -1.47368 2 1 0.209721 -0.10095 
4 -1.05263 2 1 0.278505 -0.095793 
4 -0.631579 2 1 0.354181 -0.0901192 
4 -0.210526 2 1 0.437839 -0.0838469 
4 0.210526 2 1 0.530811 -0.0768762 
4 0.631579 2 1 0.634745 -0.0690837 
4 1.05263 2 1 0.751702 -0.0603148 
4 1.47368 2 1 0.884291 -0.0503738 
4 1.89474 2 1 1.03587 -0.0390088 
4 2.31579 2 1 1.21084 -0.0258904 
4 2.73684 2 1 1.41506 -0.0105787 
4 3.15789 2 1 1.65654 0.00752631 
4 3.57895 2 1 1.9465 0.0292659 
4 4 2 1 2.30115 0.0558567 
-4 -4 2 1 -4.44325 0.214685 
-3.57895 -4 2 1 -3.41295 0.134313 
-3.15789 -4 2 1 -2.71864 0.0801519 
-2.73684 -4 2 1 -2.21901 0.0411771 
-2.31579 -4 2 1 -1.84225 0.0117868 
-1.89474 -4 2 1 -1.54799 -0.0111673 
-1.47368 -4 2 1 -1.31182 -0.0295908 
-1.05263 -4 2 1 -1.11807 -0.0447045 
-0.631579 -4 2 1 -0.956261 -0.0573269 
-0.210526 -4 2 1 -0.819094 -0.0680269 
0.210526 -4 2 1 -0.701338 -0.0772128 
0.631579 -4 2 1 -0.599145 -0.0851846 
1.05263 -4 2 1 -0.509621 -0.0921682 
1.47368 -4 2 1 -0.430547 -0.0983365 
1.89474 -4 2 1 -0.360195 -0.103824 
2.31579 -4 2 1 -0.297198 -0.108739 
2.73684 -4 2 1 -0.240458 -0.113165 
3.15789 -4 2 1 -0.189088 -0.117172 
3.57895 -4 2 1 -0.14236 -0.120817 
4 -4 2 1 -0.0996725 -0.124147 
1.05263 4 2 1 26.8841 4.33933 
1.47368 4 2 1 8.47683 1.13194 
1.89474 4 2 1 5.31619 0.581214 
2.31579 4 2 1 4.0068 0.353058 
2.73684 4 2 1 3.29061 0.228266 
3.15789 4 2 1 2.83897 0.149568 
3.57895 4 2 1 2.52814 0.095408 
4 4 2 1 2.30115 0.0558567 
-4 -4 6 1 -2.78042 1.99393 
-4 -3.57895 6 1 -3.00121 2.30809 
-4 -3.15789 6 1 -3.29544 2.72675 
-4 -2.73684 6 1 -3.70708 3.31247 
-4 -2.31579 6 1 -4.3239 4.19015 
-4 -1.89474 6 1 -5.35025 5.65055 
-4 -1.47368 6 1 -7.39667 8.56242 
-4 -1.05263 6 1 -13.4861 17.2271 
-4 -0.631579 6 1 -1007.99 1432.31 
4 -4 6 1 -0.0925629 0.369021 
4 -3.57895 6 1 -0.0545491 0.388303 
4 -3.15789 6 1 -0.0139118 0.408917 
4 -2.73684 6 1 0.0296304 0.431004 
4 -2.31579 6 1 0.0764004 0.454728 
4 -1.89474 6 1 0.126771 0.480278 
4 -1.47368 6 1 0.181174 0.507875 
4 -1.05263 6 1 0.240115 0.537773 
4 -0.631579 6 1 0.304186 0.570273 
4 -0.210526 6 1 0.374088 0.60573 
4 0.210526 6 1 0.450652 0.644568 
4 0.631579 6 1 0.534882 0.687294 
4 1.05263 6 1 0.627987 0.734522 
4 1.47368 6 1 0.731449 0.787003 
4 1.89474 6 1 0.847098 0.845667 
4 2.31579 6 1 0.977222 0.911672 
4 2.73684 6 1 1.12472 0.986491 
4 3.15789 6 1 1.29332 1.07201 
4 3.57895 6 1 1.4879 1.17072 
4 4 6 1 1.71497 1.2859 
-4 -4 6 1 -2.78042 1.99393 
-3.57895 -4 6 1 -2.30515 1.70661 
-3.15789 -4 6 1 -1.94004 1.48589 
-2.73684 -4 6 1 -1.65078 1.31102 
-2.31579 -4 6 1 -1.41594 1.16905 
-1.89474 -4 6 1 -1.2215 1.0515 
-1.47368 -4 6 1 -1.05785 0.952571 
-1.05263 -4 6 1 -0.918216 0.868158 
-0.631579 -4 6 1 -0.797673 0.795285 
-0.210526 -4 6 1 -0.692557 0.731739 
0.210526 -4 6 1 -0.600083 0.675835 
0.631579 -4 6 1 -0.518101 0.626274 
1.05263 -4 6 1 -0.444921 0.582034 
1.47368 -4 6 1 -0.379197 0.542301 
1.89474 -4 6 1 -0.319845 0.506421 
2.31579 -4 6 1 -0.265982 0.473859 
2.73684 -4 6 1 -0.216879 0.444174 
3.15789 -4 6 1 -0.171933 0.417003 
3.57895 -4 6 1 -0.130637 0.392038 
4 -4 6 1 -0.0925629 0.369021 
0.210526 4 6 1 10.3161 15.9576 
0.631579 4 6 1 5.35794 7.49998 
1.05263 4 6 1 3.80723 4.85483 
1.47368 4 6 1 3.04969 3.56264 
1.89474 4 6 1 2.60072 2.79678 
2.31579 4 6 1 2.30367 2.29009 
2.73684 4 6 1 2.0926 1.93005 
3.15789 4 6 1 1.93489 1.66104 
3.57895 4 6 1 1.81259 1.45242 
4 4 6 1 1.71497 1.2859 
