-1.88434 0.200879 -2.47017 1.99397 20 
-1.63011 0.204763 -2.10686 1.83774 21 
-1.41067 0.208116 -1.80341 1.70726 22 
-1.21934 0.211039 -1.54615 1.59663 23 
-1.05104 0.21361 -1.32527 1.50166 24 
-0.901849 0.215889 -1.13358 1.41923 25 
-0.768689 0.217924 -0.965642 1.34701 26 
-0.649107 0.219751 -0.8173 1.28323 27 
-0.541127 0.2214 -0.685315 1.22647 28 
-0.443138 0.222897 -0.567122 1.17565 29 
-0.353816 0.224262 -0.460666 1.12987 30 
-0.272059 0.225511 -0.364283 1.08843 31 
-0.196945 0.226659 -0.276606 1.05073 32 
-0.127696 0.227717 -0.196508 1.01629 33 
-0.0636508 0.228695 -0.123046 0.984696 34 
-0.00424436 0.229603 -0.0554284 0.955621 35 
0.0510098 0.230447 0.00701545 0.928769 36 
0.102532 0.231234 0.0648576 0.903897 37 
0.150689 0.23197 0.118589 0.880793 38 
0.195799 0.232659 0.168632 0.859274 39 
-5.57991 0.52333 -27.6046 28.2307 53 
-3.93927 0.380179 -8.81642 8.61855 54 
-3.11785 0.308507 -5.4619 5.11691 55 
-2.62465 0.265473 -4.0607 3.65425 56 
-2.2957 0.236771 -3.29142 2.85123 57 
-2.06066 0.216263 -2.80524 2.34373 58 
-1.88434 0.200879 -2.47017 1.99397 59 
7.56653 1.44998 30.0376 28.8421 61 
4.88474 1.00706 9.48161 9.58416 62 
3.52288 0.782146 5.41765 5.77683 63 
2.69894 0.646066 3.68072 4.14958 64 
2.14676 0.554872 2.71699 3.24671 65 
1.75093 0.489498 2.10416 2.67258 66 
1.45328 0.44034 1.6801 2.2753 67 
1.22131 0.402028 1.36923 1.98406 68 
1.03544 0.371331 1.13157 1.76141 69 
0.883176 0.346183 0.943984 1.58567 70 
0.756152 0.325204 0.792151 1.44342 71 
0.648575 0.307438 0.666739 1.32593 72 
0.556297 0.292197 0.561406 1.22725 73 
0.476271 0.27898 0.471685 1.14319 74 
0.406208 0.267409 0.394346 1.07074 75 
0.344358 0.257194 0.326991 1.00763 76 
0.289355 0.24811 0.267803 0.952183 77 
0.240123 0.239979 0.215383 0.903073 78 
0.195799 0.232659 0.168632 0.859274 79 
