-0.301464 0.200527 -0.282555 0.829911 0 
-0.34148 0.205801 -0.324968 0.876411 1 
-0.386548 0.21174 -0.373253 0.929348 2 
-0.437688 0.21848 -0.42872 0.990159 3 
-0.496216 0.226193 -0.493101 1.06074 4 
-0.563859 0.235108 -0.568732 1.14366 5 
-0.642924 0.245528 -0.658843 1.24245 6 
-0.736573 0.25787 -0.768035 1.36217 7 
-0.84925 0.272719 -0.903084 1.51023 8 
-0.98741 0.290927 -1.07441 1.69806 9 
-1.1608 0.313778 -1.2989 1.94417 10 
-1.38486 0.343307 -1.60583 2.28068 11 
-1.68562 0.382943 -2.05084 2.76857 12 
-2.11057 0.438947 -2.75417 3.53966 13 
-2.75666 0.524094 -4.03267 4.94134 14 
-3.85721 0.669135 -7.07997 8.28224 15 
-6.15188 0.971546 -23.8043 26.618 16 
1.24357 0.112921 1.50077 1.17778 20 
1.33065 0.113043 1.63189 1.30167 21 
1.43708 0.113192 1.79748 1.45814 22 
1.5701 0.113378 2.01321 1.66198 23 
1.7411 0.113618 2.30591 1.93856 24 
1.96909 0.113937 2.72574 2.33526 25 
2.28822 0.114384 3.37847 2.95203 26 
2.7668 0.115054 4.5323 4.0423 27 
3.56412 0.116171 7.12377 6.491 28 
5.15763 0.118403 18.2797 17.0323 29 
-0.301464 0.200527 -0.282555 0.829911 40 
-0.250288 0.197625 -0.226509 0.840844 41 
-0.19696 0.194602 -0.167896 0.852278 42 
-0.141341 0.191448 -0.106537 0.864247 43 
-0.0832803 0.188156 -0.0422336 0.87679 44 
-0.0226141 0.184716 0.0252313 0.88995 45 
0.0408375 0.181118 0.0960967 0.903774 46 
0.107271 0.177351 0.170626 0.918312 47 
0.176901 0.173403 0.249112 0.933622 48 
0.249964 0.16926 0.331877 0.949767 49 
0.326721 0.164908 0.419282 0.966817 50 
0.407459 0.16033 0.511727 0.98485 51 
0.492496 0.155508 0.609662 1.00395 52 
0.582185 0.150423 0.713591 1.02423 53 
0.676917 0.145051 0.824081 1.04578 54 
0.777132 0.139369 0.941774 1.06874 55 
0.883319 0.133348 1.0674 1.09324 56 
0.996028 0.126957 1.20178 1.11946 57 
1.11588 0.120161 1.34588 1.14757 58 
1.24357 0.112921 1.50077 1.17778 59 
