-0.179244 0.215078 -0.13187 0.790053 0 
-0.217444 0.22594 -0.168881 0.833604 1 
-0.260009 0.238043 -0.210294 0.882335 2 
-0.307733 0.251613 -0.256944 0.937227 3 
-0.361613 0.266933 -0.30989 0.999529 4 
-0.422925 0.284366 -0.370501 1.07085 5 
-0.493317 0.304382 -0.440569 1.1533 6 
-0.57497 0.327599 -0.522496 1.2497 7 
-0.670821 0.354852 -0.619571 1.36393 8 
-0.784924 0.387296 -0.736423 1.50143 9 
-0.923042 0.426569 -0.879781 1.67012 10 
-1.09365 0.475079 -1.05982 1.88196 11 
-1.30973 0.53652 -1.29268 2.15597 12 
-1.59228 0.616859 -1.6056 2.52418 13 
-1.97752 0.726398 -2.04844 3.04527 14 
-2.53389 0.884593 -2.72333 3.83941 15 
-3.40793 1.13312 -3.87738 5.19737 16 
-4.98049 1.58026 -6.30176 8.05012 17 
-8.64616 2.62255 -14.6614 17.8869 18 
1.609 0.183981 1.84736 1.39942 20 
1.7352 0.203804 2.01477 1.57514 21 
1.89474 0.228864 2.23081 1.8019 22 
2.10284 0.261553 2.52028 2.10574 23 
2.38568 0.305981 2.92829 2.53401 24 
2.7923 0.369853 3.54641 3.1828 25 
3.42675 0.469512 4.59318 4.28153 26 
4.555 0.646737 6.7512 6.54667 27 
7.12085 1.04978 13.7918 13.9368 28 
-0.179244 0.215078 -0.13187 0.790053 40 
-0.131789 0.214253 -0.0812832 0.805628 41 
-0.0816464 0.213381 -0.0277201 0.822119 42 
-0.0285803 0.212458 0.02909 0.83961 43 
0.0276724 0.21148 0.0894514 0.858194 44 
0.0874078 0.210441 0.153708 0.877978 45 
0.15096 0.209336 0.222249 0.89908 46 
0.218705 0.208158 0.295518 0.921638 47 
0.291075 0.2069 0.374022 0.945808 48 
0.368558 0.205552 0.458343 0.971769 49 
0.451716 0.204106 0.549151 0.999727 50 
0.541197 0.20255 0.647226 1.02992 51 
0.63775 0.200871 0.753476 1.06264 52 
0.742248 0.199054 0.868968 1.09819 53 
0.855714 0.197081 0.994962 1.13698 54 
0.979354 0.19493 1.13296 1.17947 55 
1.1146 0.192579 1.28476 1.22621 56 
1.26317 0.189995 1.45255 1.27787 57 
1.42713 0.187144 1.63898 1.33527 58 
1.609 0.183981 1.84736 1.39942 59 
