-4 -1.05263 2 1 14.2895 -4.51484 
-4 -0.631579 2 1 5.77066 -1.91229 
-4 -0.210526 2 1 3.65223 -1.2651 
-4 0.210526 2 1 2.69079 -0.971378 
-4 0.631579 2 1 2.14181 -0.803663 
-4 1.05263 2 1 1.78675 -0.695191 
-4 1.47368 2 1 1.53829 -0.619283 
-4 1.89474 2 1 1.35468 -0.56319 
-4 2.31579 2 1 1.21346 -0.520048 
-4 2.73684 2 1 1.10148 -0.485837 
-4 3.15789 2 1 1.0105 -0.458043 
-4 3.57895 2 1 0.935125 -0.435015 
-4 4 2 1 0.871656 -0.415625 
4 -2.31579 2 1 -38.8306 -7.92679 
4 -1.89474 2 1 -8.00971 -1.80622 
4 -1.47368 2 1 -4.41401 -1.09216 
4 -1.05263 2 1 -3.02146 -0.815624 
4 -0.631579 2 1 -2.28205 -0.668789 
4 -0.210526 2 1 -1.82357 -0.577741 
4 0.210526 2 1 -1.51147 -0.515762 
4 0.631579 2 1 -1.2853 -0.470848 
4 1.05263 2 1 -1.11386 -0.436803 
4 1.47368 2 1 -0.979435 -0.410108 
4 1.89474 2 1 -0.871202 -0.388615 
4 2.31579 2 1 -0.782187 -0.370938 
4 2.73684 2 1 -0.707688 -0.356143 
4 3.15789 2 1 -0.644423 -0.34358 
4 3.57895 2 1 -0.590028 -0.332778 
4 4 2 1 -0.54276 -0.323391 
-4 4 2 1 0.871656 -0.415625 
-3.57895 4 2 1 0.782874 -0.409835 
-3.15789 4 2 1 0.695973 -0.404169 
-2.73684 4 2 1 0.610892 -0.398621 
-2.31579 4 2 1 0.527575 -0.393187 
-1.89474 4 2 1 0.445969 -0.387866 
-1.47368 4 2 1 0.36602 -0.382652 
-1.05263 4 2 1 0.287679 -0.377544 
-0.631579 4 2 1 0.210897 -0.372537 
-0.210526 4 2 1 0.13563 -0.367629 
0.210526 4 2 1 0.0618314 -0.362816 
0.631579 4 2 1 -0.0105402 -0.358097 
1.05263 4 2 1 -0.0815261 -0.353468 
1.47368 4 2 1 -0.151166 -0.348927 
1.89474 4 2 1 -0.219497 -0.344471 
2.31579 4 2 1 -0.286556 -0.340098 
2.73684 4 2 1 -0.352379 -0.335806 
3.15789 4 2 1 -0.416999 -0.331592 
3.57895 4 2 1 -0.480449 -0.327454 
4 4 2 1 -0.54276 -0.323391 
-4 -1.89474 6 1 22.5814 16.4045 
-4 -1.47368 6 1 6.82626 4.75898 
-4 -1.05263 6 1 4.06544 2.71831 
-4 -0.631579 6 1 2.91681 1.8693 
-4 -0.210526 6 1 2.28735 1.40403 
-4 0.210526 6 1 1.88995 1.11029 
-4 0.631579 6 1 1.61625 0.907982 
-4 1.05263 6 1 1.41628 0.760172 
-4 1.47368 6 1 1.26378 0.647451 
-4 1.89474 6 1 1.14364 0.558649 
-4 2.31579 6 1 1.04655 0.486884 
-4 2.73684 6 1 0.966456 0.427682 
-4 3.15789 6 1 0.899254 0.378009 
-4 3.57895 6 1 0.842063 0.335736 
-4 4 6 1 0.792802 0.299325 
4 -3.15789 6 1 -373.334 290.148 
4 -2.73684 6 1 -9.7255 7.47344 
4 -2.31579 6 1 -4.86292 3.69321 
4 -1.89474 6 1 -3.21303 2.41057 
4 -1.47368 6 1 -2.38253 1.76493 
4 -1.05263 6 1 -1.88244 1.37615 
4 -0.631579 6 1 -1.5483 1.11638 
4 -0.210526 6 1 -1.30926 0.930547 
4 0.210526 6 1 -1.12977 0.791014 
4 0.631579 6 1 -0.990055 0.682396 
4 1.05263 6 1 -0.878205 0.595442 
4 1.47368 6 1 -0.786641 0.52426 
4 1.89474 6 1 -0.710304 0.464914 
4 2.31579 6 1 -0.645686 0.414679 
4 2.73684 6 1 -0.590282 0.371607 
4 3.15789 6 1 -0.542252 0.334268 
4 3.57895 6 1 -0.500215 0.301588 
4 4 6 1 -0.463116 0.272746 
-4 4 6 1 0.792802 0.299325 
-3.57895 4 6 1 0.715511 0.297689 
-3.15789 4 6 1 0.63966 0.296084 
-2.73684 4 6 1 0.565209 0.294508 
-2.31579 4 6 1 0.492121 0.292962 
-1.89474 4 6 1 0.420357 0.291443 
-1.47368 4 6 1 0.349883 0.289952 
-1.05263 4 6 1 0.280663 0.288487 
-0.631579 4 6 1 0.212665 0.287048 
-0.210526 4 6 1 0.145857 0.285634 
0.210526 4 6 1 0.0802072 0.284245 
0.631579 4 6 1 0.0156862 0.282879 
1.05263 4 6 1 -0.0477349 0.281537 
1.47368 4 6 1 -0.110084 0.280217 
1.89474 4 6 1 -0.171388 0.27892 
2.31579 4 6 1 -0.231673 0.277644 
2.73684 4 6 1 -0.290965 0.27639 
3.15789 4 6 1 -0.349287 0.275155 
3.57895 4 6 1 -0.406663 0.273941 
4 4 6 1 -0.463116 0.272746 
