-4 -4 2 1 -0.867481 0.275413 
-4 -3.57895 2 1 -0.929161 0.286231 
-4 -3.15789 2 1 -1.00223 0.299047 
-4 -2.73684 2 1 -1.09015 0.314468 
-4 -2.31579 2 1 -1.19798 0.33338 
-4 -1.89474 2 1 -1.33333 0.35712 
-4 -1.47368 2 1 -1.50828 0.387806 
-4 -1.05263 2 1 -1.7432 0.429009 
-4 -0.631579 2 1 -2.07528 0.487256 
-4 -0.210526 2 1 -2.58054 0.575876 
-4 0.210526 2 1 -3.44221 0.727009 
-4 0.631579 2 1 -5.24289 1.04284 
-4 1.05263 2 1 -11.3552 2.11491 
4 -4 2 1 0.527217 0.336571 
4 -3.57895 2 1 0.57391 0.349862 
4 -3.15789 2 1 0.627658 0.36516 
4 -2.73684 2 1 0.690192 0.38296 
4 -2.31579 2 1 0.763857 0.403928 
4 -1.89474 2 1 0.851917 0.428993 
4 -1.47368 2 1 0.959046 0.459487 
4 -1.05263 2 1 1.09219 0.497385 
4 -0.631579 2 1 1.26214 0.545759 
4 -0.210526 2 1 1.4866 0.609649 
4 0.210526 2 1 1.7968 0.697946 
4 0.631579 2 1 2.25349 0.827936 
4 1.05263 2 1 2.99246 1.03828 
4 1.47368 2 1 4.39257 1.4368 
4 1.89474 2 1 8.05912 2.48045 
4 2.31579 2 1 42.8634 12.3871 
-4 -4 2 1 -0.867481 0.275413 
-3.57895 -4 2 1 -0.781198 0.279196 
-3.15789 -4 2 1 -0.696581 0.282907 
-2.73684 -4 2 1 -0.613581 0.286546 
-2.31579 -4 2 1 -0.532154 0.290117 
-1.89474 -4 2 1 -0.452254 0.293621 
-1.47368 -4 2 1 -0.373839 0.297059 
-1.05263 -4 2 1 -0.296869 0.300434 
-0.631579 -4 2 1 -0.221303 0.303748 
-0.210526 -4 2 1 -0.147103 0.307002 
0.210526 -4 2 1 -0.074233 0.310197 
0.631579 -4 2 1 -0.00265737 0.313336 
1.05263 -4 2 1 0.0676582 0.316419 
1.47368 -4 2 1 0.136747 0.319449 
1.89474 -4 2 1 0.20464 0.322426 
2.31579 -4 2 1 0.271368 0.325352 
2.73684 -4 2 1 0.336962 0.328228 
3.15789 -4 2 1 0.40145 0.331056 
3.57895 -4 2 1 0.464859 0.333837 
4 -4 2 1 0.527217 0.336571 
-4 -4 6 1 -1.03511 1.15408 
-4 -3.57895 6 1 -1.12189 1.25141 
-4 -3.15789 6 1 -1.22725 1.36957 
-4 -2.73684 6 1 -1.35786 1.51605 
-4 -2.31579 6 1 -1.52405 1.70243 
-4 -1.89474 6 1 -1.74263 1.94758 
-4 -1.47368 6 1 -2.04303 2.28448 
-4 -1.05263 6 1 -2.48175 2.77651 
-4 -0.631579 6 1 -3.18291 3.56286 
-4 -0.210526 6 1 -4.48246 5.02033 
-4 0.210526 6 1 -7.71667 8.64753 
-4 0.631579 6 1 -29.7848 33.3972 
4 -4 6 1 0.540254 1.06842 
4 -3.57895 6 1 0.593436 1.1407 
4 -3.15789 6 1 0.655674 1.22528 
4 -2.73684 6 1 0.729499 1.32561 
4 -2.31579 6 1 0.818477 1.44653 
4 -1.89474 6 1 0.927808 1.59512 
4 -1.47368 6 1 1.06538 1.78207 
4 -1.05263 6 1 1.24374 2.02448 
4 -0.631579 6 1 1.48422 2.35129 
4 -0.210526 6 1 1.82608 2.81589 
4 0.210526 6 1 2.35058 3.5287 
4 0.631579 6 1 3.25742 4.7611 
4 1.05263 6 1 5.20439 7.40707 
4 1.47368 6 1 12.3874 17.1689 
-4 -4 6 1 -1.03511 1.15408 
-3.57895 -4 6 1 -0.935756 1.14868 
-3.15789 -4 6 1 -0.838569 1.14339 
-2.73684 -4 6 1 -0.743477 1.13822 
-2.31579 -4 6 1 -0.650413 1.13316 
-1.89474 -4 6 1 -0.559312 1.12821 
-1.47368 -4 6 1 -0.470113 1.12336 
-1.05263 -4 6 1 -0.382757 1.11861 
-0.631579 -4 6 1 -0.297187 1.11396 
-0.210526 -4 6 1 -0.21335 1.1094 
0.210526 -4 6 1 -0.131193 1.10493 
0.631579 -4 6 1 -0.0506666 1.10055 
1.05263 -4 6 1 0.0282779 1.09626 
1.47368 -4 6 1 0.105686 1.09205 
1.89474 -4 6 1 0.181603 1.08792 
2.31579 -4 6 1 0.256071 1.08387 
2.73684 -4 6 1 0.329132 1.0799 
3.15789 -4 6 1 0.400824 1.076 
3.57895 -4 6 1 0.471186 1.07218 
4 -4 6 1 0.540254 1.06842 
