109.045 -8.21111 18.7123 18.6865 12 
12.0987 -0.815365 7.62457 7.11681 13 
6.78079 -0.409672 5.02863 4.40803 14 
4.87607 -0.264366 3.87033 3.19938 15 
3.89686 -0.189664 3.21439 2.51493 16 
3.30044 -0.144165 2.79224 2.07443 17 
2.89906 -0.113544 2.4978 1.76719 18 
2.61048 -0.0915296 2.28072 1.54067 19 
-3.91928 -0.950996 -3.76407 1.80214 20 
-2.99796 -0.758776 -2.95066 1.49175 21 
-2.3752 -0.628847 -2.38127 1.27447 22 
-1.92611 -0.535151 -1.9604 1.11386 23 
-1.58693 -0.464387 -1.63665 0.99032 24 
-1.32172 -0.409054 -1.37988 0.892337 25 
-1.10865 -0.364601 -1.17126 0.812725 26 
-0.93373 -0.328106 -0.998394 0.746761 27 
-0.787549 -0.297607 -0.852825 0.691211 28 
-0.663564 -0.27174 -0.728557 0.643791 29 
-0.557077 -0.249523 -0.621235 0.602837 30 
-0.464628 -0.230235 -0.527613 0.56711 31 
-0.383612 -0.213332 -0.445226 0.535671 32 
-0.312032 -0.198398 -0.372165 0.507791 33 
-0.24833 -0.185107 -0.306932 0.482898 34 
-0.191273 -0.173203 -0.248333 0.460537 35 
-0.139874 -0.162479 -0.195404 0.440339 36 
-0.0933296 -0.152769 -0.147361 0.422006 37 
-0.0509842 -0.143934 -0.103558 0.40529 38 
-0.0122936 -0.135862 -0.0634554 0.389987 39 
-15.6385 -4.34774 -10.565 6.944 55 
-8.17049 -2.18318 -6.84304 4.12999 56 
-5.78836 -1.49274 -5.23406 2.91353 57 
-4.61643 -1.15306 -4.33656 2.23497 58 
-3.91928 -0.950996 -3.76407 1.80214 59 
2.61048 -0.0915296 2.28072 1.54067 60 
2.2087 -0.0983209 1.93542 1.37118 61 
1.88403 -0.103809 1.65286 1.23248 62 
1.61621 -0.108336 1.41737 1.11688 63 
1.39151 -0.112134 1.21809 1.01906 64 
1.2003 -0.115366 1.04726 0.935205 65 
1.03561 -0.118149 0.899198 0.862525 66 
0.892274 -0.120572 0.769635 0.798927 67 
0.766398 -0.1227 0.655308 0.742807 68 
0.654973 -0.124583 0.553679 0.692921 69 
0.555646 -0.126262 0.462744 0.648283 70 
0.466547 -0.127768 0.380899 0.608108 71 
0.386175 -0.129127 0.306847 0.571758 72 
0.313306 -0.130358 0.239524 0.538711 73 
0.246938 -0.13148 0.178053 0.508537 74 
0.186237 -0.132506 0.121704 0.480877 75 
0.130507 -0.133448 0.0698606 0.455428 76 
0.079162 -0.134316 0.0220045 0.431937 77 
0.0317035 -0.135118 -0.0223076 0.410186 78 
-0.0122936 -0.135862 -0.0634554 0.389987 79 
