-4 1.05263 2 1 50.3179 -2.82059 
-4 1.47368 2 1 10.7269 -0.536694 
-4 1.89474 2 1 6.32775 -0.282917 
-4 2.31579 2 1 4.63575 -0.18531 
-4 2.73684 2 1 3.73998 -0.133635 
-4 3.15789 2 1 3.18545 -0.101646 
-4 3.57895 2 1 2.80837 -0.0798934 
-4 4 2 1 2.53532 -0.0641415 
4 -4 2 1 -4.08918 -0.929859 
4 -3.57895 2 1 -3.09918 -0.735768 
4 -3.15789 2 1 -2.44098 -0.606725 
4 -2.73684 2 1 -1.97171 -0.514723 
4 -2.31579 2 1 -1.62023 -0.445815 
4 -1.89474 2 1 -1.34714 -0.392275 
4 -1.47368 2 1 -1.12885 -0.349478 
4 -1.05263 2 1 -0.950363 -0.314486 
4 -0.631579 2 1 -0.801706 -0.285341 
4 -0.210526 2 1 -0.675975 -0.260691 
4 0.210526 2 1 -0.568248 -0.239571 
4 0.631579 2 1 -0.474915 -0.221273 
4 1.05263 2 1 -0.393273 -0.205266 
4 1.47368 2 1 -0.321254 -0.191147 
4 1.89474 2 1 -0.257252 -0.178599 
4 2.31579 2 1 -0.199998 -0.167374 
4 2.73684 2 1 -0.148479 -0.157274 
4 3.15789 2 1 -0.101874 -0.148137 
4 3.57895 2 1 -0.059512 -0.139832 
4 4 2 1 -0.0208389 -0.13225 
2.31579 -4 2 1 -18.6048 -4.77921 
2.73684 -4 2 1 -8.91486 -2.20956 
3.15789 -4 2 1 -6.15576 -1.47789 
3.57895 -4 2 1 -4.85028 -1.13169 
4 -4 2 1 -4.08918 -0.929859 
-4 4 2 1 2.53532 -0.0641415 
-3.57895 4 2 1 2.15277 -0.0743344 
-3.15789 4 2 1 1.8413 -0.0826335 
-2.73684 4 2 1 1.58278 -0.0895216 
-2.31579 4 2 1 1.36477 -0.0953304 
-1.89474 4 2 1 1.17844 -0.100295 
-1.47368 4 2 1 1.01735 -0.104587 
-1.05263 4 2 1 0.876699 -0.108335 
-0.631579 4 2 1 0.752827 -0.111636 
-0.210526 4 2 1 0.642901 -0.114565 
0.210526 4 2 1 0.544691 -0.117181 
0.631579 4 2 1 0.45642 -0.119533 
1.05263 4 2 1 0.376651 -0.121659 
1.47368 4 2 1 0.304212 -0.123589 
1.89474 4 2 1 0.238138 -0.125349 
2.31579 4 2 1 0.177624 -0.126962 
2.73684 4 2 1 0.121998 -0.128444 
3.15789 4 2 1 0.0706894 -0.129811 
3.57895 4 2 1 0.0232153 -0.131076 
4 4 2 1 -0.0208389 -0.13225 
-4 1.05263 6 1 13.857 14.0801 
-4 1.47368 6 1 6.70423 6.36868 
-4 1.89474 6 1 4.62177 4.12359 
-4 2.31579 6 1 3.6292 3.05349 
-4 2.73684 6 1 3.04835 2.42729 
-4 3.15789 6 1 2.66707 2.01623 
-4 3.57895 6 1 2.39757 1.72568 
-4 4 6 1 2.19699 1.50944 
4 -4 6 1 -3.83822 1.89064 
4 -3.57895 6 1 -2.99566 1.55551 
4 -3.15789 6 1 -2.41081 1.32287 
4 -2.73684 6 1 -1.98111 1.15195 
4 -2.31579 6 1 -1.65205 1.02107 
4 -1.89474 6 1 -1.39198 0.917621 
4 -1.47368 6 1 -1.18127 0.833807 
4 -1.05263 6 1 -1.00708 0.76452 
4 -0.631579 6 1 -0.860675 0.706285 
4 -0.210526 6 1 -0.735895 0.656653 
4 0.210526 6 1 -0.628281 0.613847 
4 0.631579 6 1 -0.534517 0.576552 
4 1.05263 6 1 -0.452092 0.543766 
4 1.47368 6 1 -0.379066 0.514719 
4 1.89474 6 1 -0.313917 0.488805 
4 2.31579 6 1 -0.255438 0.465544 
4 2.73684 6 1 -0.202653 0.444548 
4 3.15789 6 1 -0.154769 0.425502 
4 3.57895 6 1 -0.111134 0.408146 
4 4 6 1 -0.071207 0.392264 
1.89474 -4 6 1 -30.9296 22.9853 
2.31579 -4 6 1 -10.9356 7.41696 
2.73684 -4 6 1 -7.02083 4.36877 
3.15789 -4 6 1 -5.35148 3.06894 
3.57895 -4 6 1 -4.42622 2.34849 
4 -4 6 1 -3.83822 1.89064 
-4 4 6 1 2.19699 1.50944 
-3.57895 4 6 1 1.87207 1.3494 
-3.15789 4 6 1 1.60389 1.21731 
-2.73684 4 6 1 1.37877 1.10643 
-2.31579 4 6 1 1.18712 1.01204 
-1.89474 4 6 1 1.02198 0.930701 
-1.47368 4 6 1 0.878215 0.85989 
-1.05263 4 6 1 0.751922 0.797686 
-0.631579 4 6 1 0.6401 0.74261 
-0.210526 4 6 1 0.540397 0.693502 
0.210526 4 6 1 0.450943 0.649443 
0.631579 4 6 1 0.370236 0.609691 
1.05263 4 6 1 0.297052 0.573645 
1.47368 4 6 1 0.230386 0.54081 
1.89474 4 6 1 0.169405 0.510775 
2.31579 4 6 1 0.113412 0.483196 
2.73684 4 6 1 0.0618173 0.457784 
3.15789 4 6 1 0.0141236 0.434293 
3.57895 4 6 1 -0.0300957 0.412513 
4 4 6 1 -0.071207 0.392264 
