-4 -0.210526 2 1 34.7323 11.3465 
-4 0.210526 2 1 8.07754 2.40295 
-4 0.631579 2 1 4.76983 1.29312 
-4 1.05263 2 1 3.47696 0.859321 
-4 1.47368 2 1 2.78776 0.628074 
-4 1.89474 2 1 2.35946 0.484365 
-4 2.31579 2 1 2.06748 0.386399 
-4 2.73684 2 1 1.85569 0.315334 
-4 3.15789 2 1 1.69503 0.261427 
-4 3.57895 2 1 1.56898 0.219135 
-4 4 2 1 1.46745 0.185067 
4 -4 2 1 -14.5289 1.74757 
4 -3.57895 2 1 -6.86335 0.790887 
4 -3.15789 2 1 -4.37055 0.479776 
4 -2.73684 2 1 -3.13553 0.325641 
4 -2.31579 2 1 -2.39811 0.233609 
4 -1.89474 2 1 -1.90799 0.17244 
4 -1.47368 2 1 -1.55863 0.128839 
4 -1.05263 2 1 -1.29701 0.0961873 
4 -0.631579 2 1 -1.09376 0.0708211 
4 -0.210526 2 1 -0.931308 0.0505465 
4 0.210526 2 1 -0.79849 0.0339704 
4 0.631579 2 1 -0.687876 0.0201653 
4 1.05263 2 1 -0.594326 0.00849 
4 1.47368 2 1 -0.514176 -0.00151307 
4 1.89474 2 1 -0.444738 -0.0101792 
4 2.31579 2 1 -0.383999 -0.0177596 
4 2.73684 2 1 -0.330422 -0.0244462 
4 3.15789 2 1 -0.282809 -0.0303885 
4 3.57895 2 1 -0.240218 -0.035704 
4 4 2 1 -0.201894 -0.040487 
3.57895 -4 2 1 -28.6069 4.02144 
4 -4 2 1 -14.5289 1.74757 
-4 4 2 1 1.46745 0.185067 
-3.57895 4 2 1 1.30493 0.163109 
-3.15789 4 2 1 1.15706 0.14313 
-2.73684 4 2 1 1.02196 0.124875 
-2.31579 4 2 1 0.89802 0.108129 
-1.89474 4 2 1 0.783928 0.0927132 
-1.47368 4 2 1 0.678551 0.0784751 
-1.05263 4 2 1 0.580927 0.0652845 
-0.631579 4 2 1 0.49023 0.05303 
-0.210526 4 2 1 0.405749 0.0416153 
0.210526 4 2 1 0.326867 0.0309569 
0.631579 4 2 1 0.253043 0.0209822 
1.05263 4 2 1 0.183807 0.0116273 
1.47368 4 2 1 0.118744 0.00283626 
1.89474 4 2 1 0.0574878 -0.00544044 
2.31579 4 2 1 -0.000286288 -0.0132466 
2.73684 4 2 1 -0.054867 -0.0206214 
3.15789 4 2 1 -0.106512 -0.0275994 
3.57895 4 2 1 -0.155452 -0.034212 
4 4 2 1 -0.201894 -0.040487 
-4 -1.05263 6 1 660.874 1143.92 
-4 -0.631579 6 1 8.57681 13.8188 
-4 -0.210526 6 1 4.57554 6.88657 
-4 0.210526 6 1 3.23085 4.5569 
-4 0.631579 6 1 2.55644 3.38849 
-4 1.05263 6 1 2.15113 2.68628 
-4 1.47368 6 1 1.88065 2.21767 
-4 1.89474 6 1 1.68731 1.88271 
-4 2.31579 6 1 1.54223 1.63136 
-4 2.73684 6 1 1.42934 1.43579 
-4 3.15789 6 1 1.33901 1.27928 
-4 3.57895 6 1 1.26508 1.1512 
-4 4 6 1 1.20346 1.04445 
4 -4 6 1 -5.43564 4.5779 
4 -3.57895 6 1 -3.82156 3.3027 
4 -3.15789 6 1 -2.89537 2.57097 
4 -2.73684 6 1 -2.29457 2.09631 
4 -2.31579 6 1 -1.8733 1.76349 
4 -1.89474 6 1 -1.56156 1.5172 
4 -1.47368 6 1 -1.32154 1.32757 
4 -1.05263 6 1 -1.13105 1.17707 
4 -0.631579 6 1 -0.976183 1.05472 
4 -0.210526 6 1 -0.847808 0.9533 
4 0.210526 6 1 -0.739661 0.867858 
4 0.631579 6 1 -0.64731 0.794897 
4 1.05263 6 1 -0.56753 0.731867 
4 1.47368 6 1 -0.497918 0.67687 
4 1.89474 6 1 -0.436646 0.628462 
4 2.31579 6 1 -0.3823 0.585526 
4 2.73684 6 1 -0.333769 0.547185 
4 3.15789 6 1 -0.290167 0.512737 
4 3.57895 6 1 -0.250779 0.481618 
4 4 6 1 -0.215022 0.453369 
1.89474 -4 6 1 -66.0946 89.7348 
2.31579 -4 6 1 -16.2055 19.6973 
2.73684 -4 6 1 -9.97842 10.9553 
3.15789 -4 6 1 -7.5423 7.53537 
3.57895 -4 6 1 -6.24317 5.71156 
4 -4 6 1 -5.43564 4.5779 
-4 4 6 1 1.20346 1.04445 
-3.57895 4 6 1 1.07413 0.990552 
-3.15789 4 6 1 0.954903 0.940872 
-2.73684 4 6 1 0.844653 0.894931 
-2.31579 4 6 1 0.742398 0.852322 
-1.89474 4 6 1 0.6473 0.812695 
-1.47368 4 6 1 0.558633 0.775748 
-1.05263 4 6 1 0.475765 0.741217 
-0.631579 4 6 1 0.398146 0.708874 
-0.210526 4 6 1 0.325293 0.678516 
0.210526 4 6 1 0.256778 0.649966 
0.631579 4 6 1 0.192227 0.623068 
1.05263 4 6 1 0.131305 0.597682 
1.47368 4 6 1 0.0737136 0.573684 
1.89474 4 6 1 0.0191877 0.550963 
2.31579 4 6 1 -0.0325113 0.529421 
2.73684 4 6 1 -0.0815977 0.508966 
3.15789 4 6 1 -0.128265 0.48952 
3.57895 4 6 1 -0.172687 0.47101 
4 4 6 1 -0.215022 0.453369 
