-4 -4 2 1 1.1172 0.123384 
-4 -3.57895 2 1 0.997212 0.110015 
-4 -3.15789 2 1 0.883398 0.0973342 
-4 -2.73684 2 1 0.775295 0.0852896 
-4 -2.31579 2 1 0.672483 0.0738346 
-4 -1.89474 2 1 0.574584 0.0629269 
-4 -1.47368 2 1 0.481253 0.0525282 
-4 -1.05263 2 1 0.392178 0.0426037 
-4 -0.631579 2 1 0.307074 0.0331217 
-4 -0.210526 2 1 0.225682 0.0240532 
-4 0.210526 2 1 0.147764 0.0153717 
-4 0.631579 2 1 0.0731018 0.00705308 
-4 1.05263 2 1 0.00149593 -0.000925066 
-4 1.47368 2 1 -0.0672377 -0.00858319 
-4 1.89474 2 1 -0.133268 -0.0159402 
-4 2.31579 2 1 -0.196753 -0.0230134 
-4 2.73684 2 1 -0.257835 -0.029819 
-4 3.15789 2 1 -0.316649 -0.0363719 
-4 3.57895 2 1 -0.373318 -0.0426859 
-4 4 2 1 -0.427959 -0.0487738 
-4 -4 2 1 1.1172 0.123384 
-3.57895 -4 2 1 1.20197 0.138283 
-3.15789 -4 2 1 1.3062 0.156603 
-2.73684 -4 2 1 1.43748 0.179677 
-2.31579 -4 2 1 1.6079 0.20963 
-1.89474 -4 2 1 1.83804 0.250079 
-1.47368 -4 2 1 2.16594 0.307712 
-1.05263 -4 2 1 2.6707 0.39643 
-0.631579 -4 2 1 3.54827 0.550673 
-0.210526 -4 2 1 5.45347 0.885534 
0.210526 -4 2 1 12.741 2.16641 
-4 4 2 1 -0.427959 -0.0487738 
-3.57895 4 2 1 -0.47539 -0.0505813 
-3.15789 4 2 1 -0.529489 -0.0526429 
-2.73684 4 2 1 -0.591767 -0.0550162 
-2.31579 4 2 1 -0.664231 -0.0577776 
-1.89474 4 2 1 -0.749604 -0.061031 
-1.47368 4 2 1 -0.851671 -0.0649206 
-1.05263 4 2 1 -0.975861 -0.0696531 
-0.631579 4 2 1 -1.13024 -0.0755361 
-0.210526 4 2 1 -1.32734 -0.0830471 
0.210526 4 2 1 -1.58773 -0.0929701 
0.631579 4 2 1 -1.94775 -0.10669 
1.05263 4 2 1 -2.47808 -0.126899 
1.47368 4 2 1 -3.33704 -0.159632 
1.89474 4 2 1 -4.96719 -0.221754 
2.31579 4 2 1 -9.25315 -0.385082 
2.73684 4 2 1 -51.1992 -1.98355 
-4 -4 6 1 0.982786 0.997211 
-4 -3.57895 6 1 0.871322 0.962318 
-4 -3.15789 6 1 0.765355 0.929147 
-4 -2.73684 6 1 0.664489 0.897572 
-4 -2.31579 6 1 0.568365 0.867481 
-4 -1.89474 6 1 0.476655 0.838772 
-4 -1.47368 6 1 0.389062 0.811352 
-4 -1.05263 6 1 0.305315 0.785136 
-4 -0.631579 6 1 0.225166 0.760047 
-4 -0.210526 6 1 0.148389 0.736013 
-4 0.210526 6 1 0.0747747 0.712969 
-4 0.631579 6 1 0.00413165 0.690855 
-4 1.05263 6 1 -0.0637163 0.669616 
-4 1.47368 6 1 -0.128932 0.649201 
-4 1.89474 6 1 -0.191665 0.629563 
-4 2.31579 6 1 -0.252056 0.610658 
-4 2.73684 6 1 -0.310232 0.592447 
-4 3.15789 6 1 -0.366314 0.574891 
-4 3.57895 6 1 -0.420412 0.557956 
-4 4 6 1 -0.47263 0.54161 
-4 -4 6 1 0.982786 0.997211 
-3.57895 -4 6 1 1.05029 1.09707 
-3.15789 -4 6 1 1.13248 1.21864 
-2.73684 -4 6 1 1.23471 1.36987 
-2.31579 -4 6 1 1.36534 1.56312 
-1.89474 -4 6 1 1.53812 1.81871 
-1.47368 -4 6 1 1.77738 2.17263 
-1.05263 -4 6 1 2.13059 2.69513 
-0.631579 -4 6 1 2.70465 3.54432 
-0.210526 -4 6 1 3.80086 5.16592 
0.210526 -4 6 1 6.72592 9.49291 
0.631579 -4 6 1 39.0788 57.3518 
-4 4 6 1 -0.47263 0.54161 
-3.57895 4 6 1 -0.521422 0.577419 
-3.15789 4 6 1 -0.576844 0.618093 
-2.73684 4 6 1 -0.640346 0.664698 
-2.31579 4 6 1 -0.713833 0.718631 
-1.89474 4 6 1 -0.799863 0.781769 
-1.47368 4 6 1 -0.901945 0.856689 
-1.05263 4 6 1 -1.02504 0.947026 
-0.631579 4 6 1 -1.17636 1.05809 
-0.210526 4 6 1 -1.3669 1.19792 
0.210526 4 6 1 -1.61416 1.37939 
0.631579 4 6 1 -1.9479 1.62432 
1.05263 4 6 1 -2.42309 1.97308 
1.47368 4 6 1 -3.15387 2.50941 
1.89474 4 6 1 -4.4223 3.44032 
2.31579 4 6 1 -7.16696 5.45465 
2.73684 4 6 1 -17.5519 13.0763 
