-2.62211 0.0765063 -2.07122 1.401 0 
-2.89609 0.123877 -2.20834 1.59154 1 
-3.27406 0.189226 -2.38198 1.83282 2 
-3.82907 0.285185 -2.60896 2.14821 3 
-4.72357 0.439839 -2.91833 2.57809 4 
-6.40623 0.730765 -3.36488 3.19859 5 
-10.7392 1.47992 -4.06587 4.17262 6 
-47.1945 7.78287 -5.32535 5.92271 7 
0.0144676 -0.0606809 -0.0106307 0.424093 20 
0.0537683 -0.0538445 0.0242532 0.449255 21 
0.0965815 -0.0463971 0.061971 0.476461 22 
0.1434 -0.0382529 0.102883 0.50597 23 
0.194814 -0.0293094 0.147412 0.53809 24 
0.251534 -0.0194428 0.196062 0.57318 25 
0.314428 -0.00850248 0.24943 0.611675 26 
0.384559 0.00369703 0.308239 0.654094 27 
0.463255 0.0173863 0.373366 0.70107 28 
0.552187 0.0328561 0.445886 0.753379 29 
0.653489 0.0504778 0.527134 0.811984 30 
0.769937 0.0707341 0.618786 0.878093 31 
0.905201 0.0942634 0.722978 0.953247 32 
1.06424 0.121929 0.842473 1.03944 33 
1.25394 0.154926 0.980908 1.13929 34 
1.48409 0.194961 1.14317 1.25634 35 
1.76918 0.244554 1.33601 1.39542 36 
2.13157 0.307592 1.56894 1.56344 37 
2.6076 0.390398 1.85592 1.77044 38 
3.26068 0.504003 2.21826 2.03179 39 
-2.62211 0.0765063 -2.07122 1.401 40 
-2.20807 0.0549629 -1.79393 1.26954 41 
-1.87623 0.0376965 -1.56079 1.15901 42 
-1.60432 0.0235484 -1.36203 1.06478 43 
-1.37745 0.011744 -1.19056 0.98349 44 
-1.18529 0.00174532 -1.04114 0.912647 45 
-1.02044 -0.00683246 -0.909752 0.850359 46 
-0.877453 -0.0142721 -0.79333 0.795165 47 
-0.752262 -0.0207862 -0.689453 0.745917 48 
-0.641735 -0.0265371 -0.596196 0.701705 49 
-0.543439 -0.0316517 -0.512009 0.661793 50 
-0.45545 -0.03623 -0.435632 0.625582 51 
-0.376227 -0.0403522 -0.366024 0.592582 52 
-0.304523 -0.0440831 -0.302325 0.562383 53 
-0.239315 -0.047476 -0.243813 0.534643 54 
-0.17976 -0.0505748 -0.189879 0.509073 55 
-0.125152 -0.0534162 -0.140006 0.485428 56 
-0.0748998 -0.0560309 -0.0937514 0.4635 57 
-0.0285023 -0.0584451 -0.0507359 0.443106 58 
0.0144676 -0.0606809 -0.0106307 0.424093 59 
14.1934 3.70788 3.78363 5.1394 74 
7.57219 1.76751 3.1898 3.96052 75 
5.40636 1.1328 2.81347 3.21343 76 
4.33102 0.817671 2.55365 2.69762 77 
3.68822 0.629295 2.36347 2.32008 78 
3.26068 0.504003 2.21826 2.03179 79 
