-4 -4 2 1 -0.179244 0.215078 
-4 -3.57895 2 1 -0.217444 0.22594 
-4 -3.15789 2 1 -0.260009 0.238043 
-4 -2.73684 2 1 -0.307733 0.251613 
-4 -2.31579 2 1 -0.361613 0.266933 
-4 -1.89474 2 1 -0.422925 0.284366 
-4 -1.47368 2 1 -0.493317 0.304382 
-4 -1.05263 2 1 -0.57497 0.327599 
-4 -0.631579 2 1 -0.670821 0.354852 
-4 -0.210526 2 1 -0.784924 0.387296 
-4 0.210526 2 1 -0.923042 0.426569 
-4 0.631579 2 1 -1.09365 0.475079 
-4 1.05263 2 1 -1.30973 0.53652 
-4 1.47368 2 1 -1.59228 0.616859 
-4 1.89474 2 1 -1.97752 0.726398 
-4 2.31579 2 1 -2.53389 0.884593 
-4 2.73684 2 1 -3.40793 1.13312 
-4 3.15789 2 1 -4.98049 1.58026 
-4 3.57895 2 1 -8.64616 2.62255 
-4 4 2 1 -26.8985 7.81238 
4 -4 2 1 1.609 0.183981 
4 -3.57895 2 1 1.7352 0.203804 
4 -3.15789 2 1 1.89474 0.228864 
4 -2.73684 2 1 2.10284 0.261553 
4 -2.31579 2 1 2.38568 0.305981 
4 -1.89474 2 1 2.7923 0.369853 
4 -1.47368 2 1 3.42675 0.469512 
4 -1.05263 2 1 4.555 0.646737 
4 -0.631579 2 1 7.12085 1.04978 
4 -0.210526 2 1 18.6955 2.86793 
-4 -4 2 1 -0.179244 0.215078 
-3.57895 -4 2 1 -0.131789 0.214253 
-3.15789 -4 2 1 -0.0816464 0.213381 
-2.73684 -4 2 1 -0.0285803 0.212458 
-2.31579 -4 2 1 0.0276724 0.21148 
-1.89474 -4 2 1 0.0874078 0.210441 
-1.47368 -4 2 1 0.15096 0.209336 
-1.05263 -4 2 1 0.218705 0.208158 
-0.631579 -4 2 1 0.291075 0.2069 
-0.210526 -4 2 1 0.368558 0.205552 
0.210526 -4 2 1 0.451716 0.204106 
0.631579 -4 2 1 0.541197 0.20255 
1.05263 -4 2 1 0.63775 0.200871 
1.47368 -4 2 1 0.742248 0.199054 
1.89474 -4 2 1 0.855714 0.197081 
2.31579 -4 2 1 0.979354 0.19493 
2.73684 -4 2 1 1.1146 0.192579 
3.15789 -4 2 1 1.26317 0.189995 
3.57895 -4 2 1 1.42713 0.187144 
4 -4 2 1 1.609 0.183981 
-4 4 2 1 -26.8985 7.81238 
-4 -4 6 1 -0.13187 0.790053 
-4 -3.57895 6 1 -0.168881 0.833604 
-4 -3.15789 6 1 -0.210294 0.882335 
-4 -2.73684 6 1 -0.256944 0.937227 
-4 -2.31579 6 1 -0.30989 0.999529 
-4 -1.89474 6 1 -0.370501 1.07085 
-4 -1.47368 6 1 -0.440569 1.1533 
-4 -1.05263 6 1 -0.522496 1.2497 
-4 -0.631579 6 1 -0.619571 1.36393 
-4 -0.210526 6 1 -0.736423 1.50143 
-4 0.210526 6 1 -0.879781 1.67012 
-4 0.631579 6 1 -1.05982 1.88196 
-4 1.05263 6 1 -1.29268 2.15597 
-4 1.47368 6 1 -1.6056 2.52418 
-4 1.89474 6 1 -2.04844 3.04527 
-4 2.31579 6 1 -2.72333 3.83941 
-4 2.73684 6 1 -3.87738 5.19737 
-4 3.15789 6 1 -6.30176 8.05012 
-4 3.57895 6 1 -14.6614 17.8869 
4 -4 6 1 1.84736 1.39942 
4 -3.57895 6 1 2.01477 1.57514 
4 -3.15789 6 1 2.23081 1.8019 
4 -2.73684 6 1 2.52028 2.10574 
4 -2.31579 6 1 2.92829 2.53401 
4 -1.89474 6 1 3.54641 3.1828 
4 -1.47368 6 1 4.59318 4.28153 
4 -1.05263 6 1 6.7512 6.54667 
4 -0.631579 6 1 13.7918 13.9368 
-4 -4 6 1 -0.13187 0.790053 
-3.57895 -4 6 1 -0.0812832 0.805628 
-3.15789 -4 6 1 -0.0277201 0.822119 
-2.73684 -4 6 1 0.02909 0.83961 
-2.31579 -4 6 1 0.0894514 0.858194 
-1.89474 -4 6 1 0.153708 0.877978 
-1.47368 -4 6 1 0.222249 0.89908 
-1.05263 -4 6 1 0.295518 0.921638 
-0.631579 -4 6 1 0.374022 0.945808 
-0.210526 -4 6 1 0.458343 0.971769 
0.210526 -4 6 1 0.549151 0.999727 
0.631579 -4 6 1 0.647226 1.02992 
1.05263 -4 6 1 0.753476 1.06264 
1.47368 -4 6 1 0.868968 1.09819 
1.89474 -4 6 1 0.994962 1.13698 
2.31579 -4 6 1 1.13296 1.17947 
2.73684 -4 6 1 1.28476 1.22621 
3.15789 -4 6 1 1.45255 1.27787 
3.57895 -4 6 1 1.63898 1.33527 
4 -4 6 1 1.84736 1.39942 
