-0.703506 0.194854 -0.833722 0.997114 0 
-0.755163 0.195305 -0.905192 1.06879 1 
-0.815375 0.19583 -0.990573 1.15442 2 
-0.886456 0.196451 -1.09437 1.25851 3 
-0.971642 0.197194 -1.22324 1.38776 4 
-1.07559 0.198101 -1.38755 1.55254 5 
-1.20528 0.199233 -1.60423 1.76984 6 
-1.37161 0.200685 -1.90305 2.06953 7 
-1.59266 0.202614 -2.34168 2.50942 8 
-1.90077 0.205303 -3.04816 3.21794 9 
-2.35996 0.209311 -4.3757 4.54931 10 
-3.11744 0.215922 -7.78552 7.96897 11 
-4.60375 0.228894 -35.9862 36.2511 12 
0.65074 0.241046 0.717347 1.02469 20 
0.701096 0.244911 0.781189 1.09628 21 
0.759524 0.249396 0.856995 1.18129 22 
0.828135 0.254662 0.948474 1.28388 23 
0.909842 0.260934 1.06105 1.41012 24 
1.00879 0.268529 1.20297 1.56927 25 
1.13109 0.277916 1.38742 1.77612 26 
1.28611 0.289814 1.6369 2.05589 27 
1.48899 0.305387 1.99315 2.4554 28 
1.76596 0.326646 2.54338 3.07245 29 
2.16667 0.357403 3.5053 4.15117 30 
2.7979 0.405853 5.61712 6.51942 31 
3.93886 0.493429 14.0042 15.9249 32 
-0.703506 0.194854 -0.833722 0.997114 40 
-0.630324 0.19735 -0.749583 0.998609 41 
-0.557359 0.199839 -0.665731 1.0001 42 
-0.48461 0.20232 -0.582164 1.00159 43 
-0.412076 0.204794 -0.49888 1.00307 44 
-0.339757 0.207261 -0.415877 1.00454 45 
-0.267651 0.209721 -0.333155 1.00601 46 
-0.195757 0.212173 -0.250712 1.00748 47 
-0.124075 0.214618 -0.168547 1.00894 48 
-0.0526029 0.217056 -0.0866577 1.01039 49 
0.0186594 0.219487 -0.0050432 1.01184 50 
0.0897131 0.22191 0.0762979 1.01329 51 
0.160559 0.224327 0.157367 1.01473 52 
0.231198 0.226736 0.238165 1.01617 53 
0.301631 0.229138 0.318694 1.0176 54 
0.37186 0.231534 0.398955 1.01903 55 
0.441884 0.233922 0.47895 1.02045 56 
0.511705 0.236304 0.558679 1.02187 57 
0.581323 0.238679 0.638144 1.02328 58 
0.65074 0.241046 0.717347 1.02469 59 
