4 -4 2 1 -1.21544 0.214531 
4 -3.57895 2 1 -1.08062 0.214515 
4 -3.15789 2 1 -0.954103 0.2145 
4 -2.73684 2 1 -0.835138 0.214485 
4 -2.31579 2 1 -0.723071 0.214472 
4 -1.89474 2 1 -0.617317 0.214459 
4 -1.47368 2 1 -0.517359 0.214446 
4 -1.05263 2 1 -0.422732 0.214435 
4 -0.631579 2 1 -0.333021 0.214424 
4 -0.210526 2 1 -0.247853 0.214414 
4 0.210526 2 1 -0.16689 0.214404 
4 0.631579 2 1 -0.0898303 0.214394 
4 1.05263 2 1 -0.0163968 0.214386 
4 1.47368 2 1 0.0536602 0.214377 
4 1.89474 2 1 0.120568 0.214369 
4 2.31579 2 1 0.184535 0.214361 
4 2.73684 2 1 0.245751 0.214354 
4 3.15789 2 1 0.304389 0.214346 
4 3.57895 2 1 0.360609 0.21434 
4 4 2 1 0.414557 0.214333 
-0.210526 -4 2 1 -34.2401 0.717466 
0.210526 -4 2 1 -7.42008 0.309022 
0.631579 -4 2 1 -4.29443 0.261422 
1.05263 -4 2 1 -3.08411 0.24299 
1.47368 -4 2 1 -2.44151 0.233203 
1.89474 -4 2 1 -2.04306 0.227135 
2.31579 -4 2 1 -1.77183 0.223005 
2.73684 -4 2 1 -1.57529 0.220012 
3.15789 -4 2 1 -1.42631 0.217743 
3.57895 -4 2 1 -1.30949 0.215964 
4 -4 2 1 -1.21544 0.214531 
-2.73684 4 2 1 18.8559 0.532032 
-2.31579 4 2 1 7.27749 0.332565 
-1.89474 4 2 1 4.41034 0.283171 
-1.47368 4 2 1 3.11069 0.260781 
-1.05263 4 2 1 2.36903 0.248004 
-0.631579 4 2 1 1.88952 0.239743 
-0.210526 4 2 1 1.55405 0.233964 
0.210526 4 2 1 1.30619 0.229694 
0.631579 4 2 1 1.11558 0.22641 
1.05263 4 2 1 0.964441 0.223806 
1.47368 4 2 1 0.841664 0.221691 
1.89474 4 2 1 0.73995 0.219939 
2.31579 4 2 1 0.654307 0.218463 
2.73684 4 2 1 0.581204 0.217204 
3.15789 4 2 1 0.518076 0.216116 
3.57895 4 2 1 0.463011 0.215168 
4 4 2 1 0.414557 0.214333 
4 -4 6 1 -1.51977 1.48485 
4 -3.57895 6 1 -1.34106 1.43494 
4 -3.15789 6 1 -1.17586 1.38881 
4 -2.73684 6 1 -1.02269 1.34603 
4 -2.31579 6 1 -0.880278 1.30626 
4 -1.89474 6 1 -0.747535 1.26919 
4 -1.47368 6 1 -0.623507 1.23456 
4 -1.05263 6 1 -0.507363 1.20212 
4 -0.631579 6 1 -0.398374 1.17169 
4 -0.210526 6 1 -0.295898 1.14307 
4 0.210526 6 1 -0.19937 1.11611 
4 0.631579 6 1 -0.108285 1.09067 
4 1.05263 6 1 -0.0221957 1.06663 
4 1.47368 6 1 0.0592976 1.04387 
4 1.89474 6 1 0.136553 1.0223 
4 2.31579 6 1 0.209894 1.00182 
4 2.73684 6 1 0.27961 0.982349 
4 3.15789 6 1 0.345963 0.963819 
4 3.57895 6 1 0.409191 0.946162 
4 4 6 1 0.469509 0.929317 
0.631579 -4 6 1 -41.8084 45.4735 
1.05263 -4 6 1 -8.19164 8.76945 
1.47368 -4 6 1 -4.678 4.93313 
1.89474 -4 6 1 -3.33768 3.46971 
2.31579 -4 6 1 -2.63056 2.69766 
2.73684 -4 6 1 -2.19368 2.22065 
3.15789 -4 6 1 -1.89697 1.89669 
3.57895 -4 6 1 -1.68229 1.6623 
4 -4 6 1 -1.51977 1.48485 
-1.89474 4 6 1 18.612 17.1631 
-1.47368 4 6 1 6.96727 6.74347 
-1.05263 4 6 1 4.18502 4.25393 
-0.631579 4 6 1 2.93658 3.13684 
-0.210526 4 6 1 2.22767 2.50251 
0.210526 4 6 1 1.7707 2.09361 
0.631579 4 6 1 1.45161 1.8081 
1.05263 4 6 1 1.21619 1.59744 
1.47368 4 6 1 1.03534 1.43562 
1.89474 4 6 1 0.892062 1.30741 
2.31579 4 6 1 0.775744 1.20333 
2.73684 4 6 1 0.679433 1.11716 
3.15789 4 6 1 0.598376 1.04463 
3.57895 4 6 1 0.529215 0.982741 
4 4 6 1 0.469509 0.929317 
