4 -4 2 1 -0.356418 -0.216092 
4 -3.57895 2 1 -0.305904 -0.222831 
4 -3.15789 2 1 -0.25283 -0.229913 
4 -2.73684 2 1 -0.196998 -0.237362 
4 -2.31579 2 1 -0.138186 -0.245209 
4 -1.89474 2 1 -0.0761498 -0.253486 
4 -1.47368 2 1 -0.0106163 -0.26223 
4 -1.05263 2 1 0.0587186 -0.271481 
4 -0.631579 2 1 0.132196 -0.281285 
4 -0.210526 2 1 0.210197 -0.291692 
4 0.210526 2 1 0.293155 -0.302761 
4 0.631579 2 1 0.381557 -0.314556 
4 1.05263 2 1 0.475956 -0.327151 
4 1.47368 2 1 0.576985 -0.340631 
4 1.89474 2 1 0.685367 -0.355092 
4 2.31579 2 1 0.801936 -0.370645 
4 2.73684 2 1 0.927656 -0.387419 
4 3.15789 2 1 1.06365 -0.405564 
4 3.57895 2 1 1.21122 -0.425255 
4 4 2 1 1.37193 -0.446697 
-3.15789 -4 2 1 -30.3654 -2.38677 
-2.73684 -4 2 1 -8.92758 -0.836079 
-2.31579 -4 2 1 -5.09283 -0.558696 
-1.89474 -4 2 1 -3.49038 -0.442784 
-1.47368 -4 2 1 -2.61046 -0.379136 
-1.05263 -4 2 1 -2.0543 -0.338906 
-0.631579 -4 2 1 -1.67097 -0.311179 
-0.210526 -4 2 1 -1.39075 -0.290909 
0.210526 -4 2 1 -1.17696 -0.275445 
0.631579 -4 2 1 -1.00849 -0.263259 
1.05263 -4 2 1 -0.872308 -0.253408 
1.47368 -4 2 1 -0.759942 -0.24528 
1.89474 -4 2 1 -0.665647 -0.238459 
2.31579 -4 2 1 -0.585389 -0.232654 
2.73684 -4 2 1 -0.51625 -0.227653 
3.15789 -4 2 1 -0.45607 -0.2233 
3.57895 -4 2 1 -0.403213 -0.219476 
4 -4 2 1 -0.356418 -0.216092 
0.210526 4 2 1 20.6062 -6.18613 
0.631579 4 2 1 6.66857 -2.02719 
1.05263 4 2 1 4.11394 -1.2649 
1.47368 4 2 1 3.04075 -0.944667 
1.89474 4 2 1 2.45002 -0.768395 
2.31579 4 2 1 2.07612 -0.656824 
2.73684 4 2 1 1.81817 -0.579854 
3.15789 4 2 1 1.62949 -0.523551 
3.57895 4 2 1 1.48547 -0.480576 
4 4 2 1 1.37193 -0.446697 
4 -4 6 1 -0.289029 0.346906 
4 -3.57895 6 1 -0.24061 0.353558 
4 -3.15789 6 1 -0.189919 0.360523 
4 -2.73684 6 1 -0.136792 0.367822 
4 -2.31579 6 1 -0.081049 0.37548 
4 -1.89474 6 1 -0.0224924 0.383525 
4 -1.47368 6 1 0.0390965 0.391987 
4 -1.05263 6 1 0.103959 0.400898 
4 -0.631579 6 1 0.172365 0.410296 
4 -0.210526 6 1 0.244611 0.420222 
4 0.210526 6 1 0.32103 0.430721 
4 0.631579 6 1 0.401996 0.441845 
4 1.05263 6 1 0.487925 0.45365 
4 1.47368 6 1 0.579289 0.466203 
4 1.89474 6 1 0.676621 0.479575 
4 2.31579 6 1 0.780524 0.49385 
4 2.73684 6 1 0.891688 0.509123 
4 3.15789 6 1 1.0109 0.525501 
4 3.57895 6 1 1.13907 0.54311 
4 4 6 1 1.27724 0.562093 
-3.57895 -4 6 1 -16.9725 12.4098 
-3.15789 -4 6 1 -7.07813 5.25574 
-2.73684 -4 6 1 -4.3612 3.29127 
-2.31579 -4 6 1 -3.09056 2.37254 
-1.89474 -4 6 1 -2.35414 1.84007 
-1.47368 -4 6 1 -1.87354 1.49258 
-1.05263 -4 6 1 -1.5352 1.24794 
-0.631579 -4 6 1 -1.28409 1.06638 
-0.210526 -4 6 1 -1.09033 0.926284 
0.210526 -4 6 1 -0.936288 0.814904 
0.631579 -4 6 1 -0.810886 0.724232 
1.05263 -4 6 1 -0.706815 0.648985 
1.47368 -4 6 1 -0.619061 0.585534 
1.89474 -4 6 1 -0.544064 0.531308 
2.31579 -4 6 1 -0.479231 0.484431 
2.73684 -4 6 1 -0.422628 0.443504 
3.15789 -4 6 1 -0.37278 0.407462 
3.57895 -4 6 1 -0.328546 0.375479 
4 -4 6 1 -0.289029 0.346906 
-0.210526 4 6 1 12.5019 9.94297 
0.210526 4 6 1 5.67275 4.23559 
0.631579 4 6 1 3.77397 2.64871 
1.05263 4 6 1 2.88244 1.90362 
1.47368 4 6 1 2.36469 1.47092 
1.89474 4 6 1 2.0264 1.1882 
2.31579 4 6 1 1.78805 0.988993 
2.73684 4 6 1 1.61104 0.841063 
3.15789 4 6 1 1.4744 0.726867 
3.57895 4 6 1 1.36573 0.636048 
4 4 6 1 1.27724 0.562093 
