-4 4 2 1 38.4675 7.93729 
4 -4 2 1 -1.80672 0.303047 
4 -3.57895 2 1 -1.57032 0.300411 
4 -3.15789 2 1 -1.36381 0.298108 
4 -2.73684 2 1 -1.18185 0.296079 
4 -2.31579 2 1 -1.02031 0.294277 
4 -1.89474 2 1 -0.875938 0.292667 
4 -1.47368 2 1 -0.74613 0.291219 
4 -1.05263 2 1 -0.62879 0.289911 
4 -0.631579 2 1 -0.522205 0.288722 
4 -0.210526 2 1 -0.424959 0.287638 
4 0.210526 2 1 -0.335878 0.286644 
4 0.631579 2 1 -0.253975 0.285731 
4 1.05263 2 1 -0.178415 0.284888 
4 1.47368 2 1 -0.108489 0.284108 
4 1.89474 2 1 -0.0435899 0.283384 
4 2.31579 2 1 0.0168059 0.282711 
4 2.73684 2 1 0.0731513 0.282083 
4 3.15789 2 1 0.125841 0.281495 
4 3.57895 2 1 0.175218 0.280944 
4 4 2 1 0.221587 0.280427 
0.631579 -4 2 1 -56.7332 8.93391 
1.05263 -4 2 1 -8.95537 1.42635 
1.47368 -4 2 1 -5.11658 0.823143 
1.89474 -4 2 1 -3.69613 0.599941 
2.31579 -4 2 1 -2.95618 0.483669 
2.73684 -4 2 1 -2.50222 0.412335 
3.15789 -4 2 1 -2.19529 0.364106 
3.57895 -4 2 1 -1.97392 0.329322 
4 -4 2 1 -1.80672 0.303047 
-4 4 2 1 38.4675 7.93729 
-3.57895 4 2 1 10.7874 2.39571 
-3.15789 4 2 1 6.06265 1.44981 
-2.73684 4 2 1 4.10768 1.05843 
-2.31579 4 2 1 3.03898 0.844472 
-1.89474 4 2 1 2.36525 0.709589 
-1.47368 4 2 1 1.90167 0.616781 
-1.05263 4 2 1 1.56319 0.549017 
-0.631579 4 2 1 1.30519 0.497365 
-0.210526 4 2 1 1.10201 0.456689 
0.210526 4 2 1 0.937863 0.423826 
0.631579 4 2 1 0.802484 0.396723 
1.05263 4 2 1 0.68892 0.373987 
1.47368 4 2 1 0.592291 0.354642 
1.89474 4 2 1 0.509071 0.337982 
2.31579 4 2 1 0.436652 0.323483 
2.73684 4 2 1 0.373057 0.310752 
3.15789 4 2 1 0.316768 0.299482 
3.57895 4 2 1 0.266593 0.289437 
4 4 2 1 0.221587 0.280427 
4 -4 6 1 -2.38959 2.0821 
4 -3.57895 6 1 -2.04778 1.93004 
4 -3.15789 6 1 -1.75873 1.80144 
4 -2.73684 6 1 -1.51111 1.69128 
4 -2.31579 6 1 -1.2966 1.59585 
4 -1.89474 6 1 -1.10897 1.51237 
4 -1.47368 6 1 -0.94348 1.43875 
4 -1.05263 6 1 -0.79642 1.37332 
4 -0.631579 6 1 -0.664876 1.3148 
4 -0.210526 6 1 -0.546514 1.26214 
4 0.210526 6 1 -0.439449 1.21451 
4 0.631579 6 1 -0.342137 1.17122 
4 1.05263 6 1 -0.253303 1.1317 
4 1.47368 6 1 -0.171885 1.09548 
4 1.89474 6 1 -0.0969917 1.06216 
4 2.31579 6 1 -0.0278694 1.03141 
4 2.73684 6 1 0.0361244 1.00294 
4 3.15789 6 1 0.09554 0.976505 
4 3.57895 6 1 0.150852 0.951898 
4 4 6 1 0.202471 0.928933 
1.47368 -4 6 1 -24.6884 26.6953 
1.89474 -4 6 1 -8.41323 8.73092 
2.31579 -4 6 1 -5.26511 5.25606 
2.73684 -4 6 1 -3.92644 3.77846 
3.15789 -4 6 1 -3.18544 2.96055 
3.57895 -4 6 1 -2.7149 2.44117 
4 -4 6 1 -2.38959 2.0821 
-3.15789 4 6 1 19.4078 20.2503 
-2.73684 4 6 1 7.74789 8.51993 
-2.31579 4 6 1 4.67233 5.42579 
-1.89474 4 6 1 3.25183 3.99671 
-1.47368 4 6 1 2.43367 3.17362 
-1.05263 4 6 1 1.90176 2.63849 
-0.631579 4 6 1 1.52824 2.26271 
-0.210526 4 6 1 1.25152 1.98432 
0.210526 4 6 1 1.0383 1.76981 
0.631579 4 6 1 0.868968 1.59946 
1.05263 4 6 1 0.731237 1.46089 
1.47368 4 6 1 0.617016 1.34598 
1.89474 4 6 1 0.520759 1.24914 
2.31579 4 6 1 0.438538 1.16643 
2.73684 4 6 1 0.36749 1.09495 
3.15789 4 6 1 0.305484 1.03257 
3.57895 4 6 1 0.250896 0.977651 
4 4 6 1 0.202471 0.928933 
