-4 -4 2 1 0.820527 0.0345328 
-4 -3.57895 2 1 0.736079 0.0282582 
-4 -3.15789 2 1 0.652734 0.0220657 
-4 -2.73684 2 1 0.570471 0.0159535 
-4 -2.31579 2 1 0.489269 0.00992016 
-4 -1.89474 2 1 0.409108 0.00396415 
-4 -1.47368 2 1 0.329967 -0.00191602 
-4 -1.05263 2 1 0.251828 -0.00772178 
-4 -0.631579 2 1 0.174672 -0.0134545 
-4 -0.210526 2 1 0.0984795 -0.0191157 
-4 0.210526 2 1 0.0232333 -0.0247065 
-4 0.631579 2 1 -0.0510842 -0.0302283 
-4 1.05263 2 1 -0.12449 -0.0356824 
-4 1.47368 2 1 -0.197001 -0.04107 
-4 1.89474 2 1 -0.268634 -0.0463923 
-4 2.31579 2 1 -0.339403 -0.0516505 
-4 2.73684 2 1 -0.409326 -0.0568458 
-4 3.15789 2 1 -0.478416 -0.0619792 
-4 3.57895 2 1 -0.546689 -0.0670519 
-4 4 2 1 -0.614159 -0.072065 
-4 -4 2 1 0.820527 0.0345328 
-3.57895 -4 2 1 0.882659 0.0503439 
-3.15789 -4 2 1 0.956423 0.0691152 
-2.73684 -4 2 1 1.04542 0.0917638 
-2.31579 -4 2 1 1.15493 0.11963 
-1.89474 -4 2 1 1.29293 0.15475 
-1.47368 -4 2 1 1.47225 0.200381 
-1.05263 -4 2 1 1.71467 0.262073 
-0.631579 -4 2 1 2.06065 0.350116 
-0.210526 -4 2 1 2.59453 0.485976 
0.210526 -4 2 1 3.52646 0.723132 
0.631579 -4 2 1 5.56624 1.24221 
1.05263 -4 2 1 13.584 3.28256 
-4 4 2 1 -0.614159 -0.072065 
-3.57895 4 2 1 -0.667545 -0.0661819 
-3.15789 4 2 1 -0.729628 -0.0593404 
-2.73684 4 2 1 -0.80272 -0.0512856 
-2.31579 4 2 1 -0.890036 -0.0416635 
-1.89474 4 2 1 -0.996174 -0.029967 
-1.47368 4 2 1 -1.12796 -0.0154445 
-1.05263 4 2 1 -1.29596 0.00306898 
-0.631579 4 2 1 -1.51748 0.0274807 
-0.210526 4 2 1 -1.82295 0.0611434 
0.210526 4 2 1 -2.27124 0.110545 
0.631579 4 2 1 -2.99307 0.190091 
1.05263 4 2 1 -4.34875 0.339487 
1.47368 4 2 1 -7.82659 0.722743 
1.89474 4 2 1 -36.3568 3.86676 
-4 -4 6 1 0.691823 0.70242 
-4 -3.57895 6 1 0.616937 0.692865 
-4 -3.15789 6 1 0.542929 0.683422 
-4 -2.73684 6 1 0.469783 0.674089 
-4 -2.31579 6 1 0.397484 0.664864 
-4 -1.89474 6 1 0.326016 0.655746 
-4 -1.47368 6 1 0.255367 0.646732 
-4 -1.05263 6 1 0.185522 0.63782 
-4 -0.631579 6 1 0.116466 0.629009 
-4 -0.210526 6 1 0.0481882 0.620297 
-4 0.210526 6 1 -0.019326 0.611683 
-4 0.631579 6 1 -0.086089 0.603164 
-4 1.05263 6 1 -0.152113 0.59474 
-4 1.47368 6 1 -0.217411 0.586409 
-4 1.89474 6 1 -0.281994 0.578169 
-4 2.31579 6 1 -0.345875 0.570018 
-4 2.73684 6 1 -0.409063 0.561956 
-4 3.15789 6 1 -0.471572 0.55398 
-4 3.57895 6 1 -0.533411 0.54609 
-4 4 6 1 -0.594591 0.538284 
-4 -4 6 1 0.691823 0.70242 
-3.57895 -4 6 1 0.737169 0.767165 
-3.15789 -4 6 1 0.789968 0.842552 
-2.73684 -4 6 1 0.852223 0.931439 
-2.31579 -4 6 1 0.926722 1.03781 
-1.89474 -4 6 1 1.01747 1.16738 
-1.47368 -4 6 1 1.13044 1.32868 
-1.05263 -4 6 1 1.27493 1.53498 
-0.631579 -4 6 1 1.46627 1.80817 
-0.210526 -4 6 1 1.73164 2.18707 
0.210526 -4 6 1 2.12434 2.74777 
0.631579 -4 6 1 2.76492 3.66239 
1.05263 -4 6 1 3.99631 5.42056 
1.47368 -4 6 1 7.33538 10.1881 
1.89474 -4 6 1 50.3128 71.5512 
-4 4 6 1 -0.594591 0.538284 
-3.57895 4 6 1 -0.641278 0.584916 
-3.15789 4 6 1 -0.694749 0.638324 
-2.73684 4 6 1 -0.756599 0.700101 
-2.31579 4 6 1 -0.828964 0.772381 
-1.89474 4 6 1 -0.914775 0.858092 
-1.47368 4 6 1 -1.01816 0.961359 
-1.05263 4 6 1 -1.14515 1.08819 
-0.631579 4 6 1 -1.30484 1.2477 
-0.210526 4 6 1 -1.51176 1.45438 
0.210526 4 6 1 -1.79048 1.73277 
0.631579 4 6 1 -2.18621 2.12804 
1.05263 4 6 1 -2.79224 2.73335 
1.47368 4 6 1 -3.83682 3.77671 
1.89474 4 6 1 -6.06595 6.00322 
2.31579 4 6 1 -14.1328 14.0606 
