1.05579 0.155431 0.916438 0.980265 0 
0.943576 0.142018 0.813534 0.949913 1 
0.836346 0.1292 0.714953 0.920836 2 
0.73378 0.11694 0.620427 0.892955 3 
0.635579 0.105202 0.529711 0.866198 4 
0.541471 0.0939528 0.44258 0.840498 5 
0.451205 0.0831631 0.358825 0.815795 6 
0.36455 0.072805 0.278253 0.79203 7 
0.281294 0.0628532 0.200687 0.769151 8 
0.201241 0.0532843 0.125961 0.747111 9 
0.12421 0.0440765 0.0539228 0.725863 10 
0.050032 0.0352099 -0.0155708 0.705365 11 
-0.0214478 0.0266657 -0.0826522 0.685579 12 
-0.0903742 0.0184267 -0.147445 0.666469 13 
-0.156882 0.0104769 -0.210064 0.647999 14 
-0.221095 0.00280128 -0.270616 0.630139 15 
-0.283132 -0.00461411 -0.329204 0.612858 16 
-0.3431 -0.0117823 -0.38592 0.59613 17 
-0.401102 -0.0187154 -0.440853 0.579927 18 
-0.457232 -0.0254248 -0.494085 0.564226 19 
1.05579 0.155431 0.916438 0.980265 40 
1.13482 0.175335 0.977473 1.07592 41 
1.23133 0.199645 1.05108 1.19127 42 
1.35185 0.230003 1.14158 1.33311 43 
1.50664 0.26899 1.25556 1.51174 44 
1.7127 0.320893 1.4035 1.74359 45 
2.00059 0.393406 1.60324 2.05663 46 
2.4311 0.501843 1.88777 2.50256 47 
3.14513 0.681695 2.32564 3.18878 48 
4.56028 1.03814 3.08646 4.38116 49 
8.70507 2.08213 4.73638 6.96694 50 
237.663 59.752 11.0243 16.8214 51 
-0.457232 -0.0254248 -0.494085 0.564226 60 
-0.505499 -0.0241564 -0.542627 0.603263 61 
-0.560703 -0.0227057 -0.597824 0.647651 62 
-0.624456 -0.0210303 -0.661144 0.698572 63 
-0.698911 -0.0190737 -0.734522 0.757583 64 
-0.787008 -0.0167586 -0.820564 0.826777 65 
-0.892875 -0.0139765 -0.922857 0.909039 66 
-1.02249 -0.0105702 -1.04648 1.00846 67 
-1.18487 -0.00630324 -1.19889 1.13103 68 
-1.3942 -0.000802134 -1.39147 1.28589 69 
-1.67431 0.00655905 -1.64249 1.48777 70 
-2.06842 0.0169157 -1.98334 1.76187 71 
-2.66385 0.0325632 -2.47271 2.15542 72 
-3.66783 0.0589468 -3.23476 2.76825 73 
-5.72039 0.112886 -4.58536 3.85439 74 
-12.2598 0.284736 -7.63534 6.30715 75 
