4 -4 2 1 -0.656245 0.212574 
4 -3.57895 2 1 -0.584051 0.206239 
4 -3.15789 2 1 -0.511407 0.199865 
4 -2.73684 2 1 -0.438307 0.19345 
4 -2.31579 2 1 -0.364748 0.186995 
4 -1.89474 2 1 -0.290726 0.180499 
4 -1.47368 2 1 -0.216235 0.173963 
4 -1.05263 2 1 -0.141271 0.167385 
4 -0.631579 2 1 -0.0658302 0.160765 
4 -0.210526 2 1 0.0100923 0.154102 
4 0.210526 2 1 0.0865012 0.147397 
4 0.631579 2 1 0.163401 0.140649 
4 1.05263 2 1 0.240797 0.133858 
4 1.47368 2 1 0.318693 0.127022 
4 1.89474 2 1 0.397095 0.120142 
4 2.31579 2 1 0.476008 0.113217 
4 2.73684 2 1 0.555435 0.106248 
4 3.15789 2 1 0.635384 0.099232 
4 3.57895 2 1 0.715858 0.0921703 
4 4 2 1 0.796862 0.085062 
-1.47368 -4 2 1 -18.9276 3.60295 
-1.05263 -4 2 1 -6.29487 1.25886 
-0.631579 -4 2 1 -3.75933 0.78837 
-0.210526 -4 2 1 -2.67174 0.586563 
0.210526 -4 2 1 -2.06729 0.474403 
0.631579 -4 2 1 -1.68255 0.403012 
1.05263 -4 2 1 -1.41616 0.353581 
1.47368 -4 2 1 -1.22078 0.317327 
1.89474 -4 2 1 -1.07136 0.289601 
2.31579 -4 2 1 -0.953385 0.267711 
2.73684 -4 2 1 -0.85788 0.249989 
3.15789 -4 2 1 -0.778981 0.235349 
3.57895 -4 2 1 -0.712704 0.223051 
4 -4 2 1 -0.656245 0.212574 
-1.05263 4 2 1 13.4977 0.14399 
-0.631579 4 2 1 5.6149 0.107416 
-0.210526 4 2 1 3.55826 0.0978739 
0.210526 4 2 1 2.61152 0.0934814 
0.631579 4 2 1 2.06713 0.0909556 
1.05263 4 2 1 1.71355 0.0893151 
1.47368 4 2 1 1.46543 0.0881639 
1.89474 4 2 1 1.2817 0.0873115 
2.31579 4 2 1 1.14018 0.0866549 
2.73684 4 2 1 1.02782 0.0861336 
3.15789 4 2 1 0.936454 0.0857097 
3.57895 4 2 1 0.860696 0.0853582 
4 4 2 1 0.796862 0.085062 
4 -4 6 1 -0.630761 0.972632 
4 -3.57895 6 1 -0.553828 0.968407 
4 -3.15789 6 1 -0.476384 0.964155 
4 -2.73684 6 1 -0.398424 0.959874 
4 -2.31579 6 1 -0.319941 0.955564 
4 -1.89474 6 1 -0.240931 0.951225 
4 -1.47368 6 1 -0.161389 0.946857 
4 -1.05263 6 1 -0.0813086 0.94246 
4 -0.631579 6 1 -0.00068495 0.938032 
4 -0.210526 6 1 0.0804876 0.933575 
4 0.210526 6 1 0.162215 0.929087 
4 0.631579 6 1 0.244502 0.924568 
4 1.05263 6 1 0.327356 0.920018 
4 1.47368 6 1 0.410781 0.915437 
4 1.89474 6 1 0.494784 0.910824 
4 2.31579 6 1 0.579371 0.906179 
4 2.73684 6 1 0.664548 0.901502 
4 3.15789 6 1 0.750322 0.896792 
4 3.57895 6 1 0.836697 0.892049 
4 4 6 1 0.923682 0.887272 
-1.05263 -4 6 1 -12.516 16.5375 
-0.631579 -4 6 1 -5.06731 6.78273 
-0.210526 -4 6 1 -3.16295 4.28878 
0.210526 -4 6 1 -2.29161 3.14768 
0.631579 -4 6 1 -1.79209 2.49351 
1.05263 -4 6 1 -1.46824 2.0694 
1.47368 -4 6 1 -1.24125 1.77213 
1.89474 -4 6 1 -1.07332 1.55221 
2.31579 -4 6 1 -0.944053 1.38292 
2.73684 -4 6 1 -0.841474 1.24858 
3.15789 -4 6 1 -0.758091 1.13938 
3.57895 -4 6 1 -0.688979 1.04887 
4 -4 6 1 -0.630761 0.972632 
-0.631579 4 6 1 11.7177 10.8369 
-0.210526 4 6 1 5.5465 5.14845 
0.210526 4 6 1 3.64495 3.39566 
0.631579 4 6 1 2.72088 2.54388 
1.05263 4 6 1 2.17469 2.04042 
1.47368 4 6 1 1.81395 1.70789 
1.89474 4 6 1 1.55791 1.47188 
2.31579 4 6 1 1.36676 1.29569 
2.73684 4 6 1 1.21861 1.15913 
3.15789 4 6 1 1.10042 1.05019 
3.57895 4 6 1 1.00394 0.96125 
4 4 6 1 0.923682 0.887272 
