-4 -4 2 1 -0.351113 0.147006 
-4 -3.57895 2 1 -0.39164 0.147285 
-4 -3.15789 2 1 -0.437418 0.147601 
-4 -2.73684 2 1 -0.489538 0.147959 
-4 -2.31579 2 1 -0.549418 0.148372 
-4 -1.89474 2 1 -0.618928 0.14885 
-4 -1.47368 2 1 -0.700595 0.149412 
-4 -1.05263 2 1 -0.797915 0.150082 
-4 -0.631579 2 1 -0.915864 0.150894 
-4 -0.210526 2 1 -1.06178 0.151898 
-4 0.210526 2 1 -1.24694 0.153173 
-4 0.631579 2 1 -1.48966 0.154844 
-4 1.05263 2 1 -1.82169 0.157129 
-4 1.47368 2 1 -2.30344 0.160445 
-4 1.89474 2 1 -3.06568 0.165692 
-4 2.31579 2 1 -4.45397 0.175248 
-4 2.73684 2 1 -7.77699 0.198122 
-4 3.15789 2 1 -26.3744 0.326136 
4 -4 2 1 1.11405 0.0412999 
4 -3.57895 2 1 1.18874 0.0318481 
4 -3.15789 2 1 1.27883 0.0204472 
4 -2.73684 2 1 1.38964 0.00642493 
4 -2.31579 2 1 1.52924 -0.0112401 
4 -1.89474 2 1 1.71051 -0.0341793 
4 -1.47368 2 1 1.95541 -0.0651692 
4 -1.05263 2 1 2.30454 -0.10935 
4 -0.631579 2 1 2.84246 -0.177421 
4 -0.210526 2 1 3.77904 -0.29594 
4 0.210526 2 1 5.81836 -0.554004 
4 0.631579 2 1 13.6955 -1.55081 
-4 -4 2 1 -0.351113 0.147006 
-3.57895 -4 2 1 -0.29846 0.143208 
-3.15789 -4 2 1 -0.243917 0.139273 
-2.73684 -4 2 1 -0.187381 0.135194 
-2.31579 -4 2 1 -0.128742 0.130963 
-1.89474 -4 2 1 -0.0678799 0.126572 
-1.47368 -4 2 1 -0.00466524 0.122011 
-1.05263 -4 2 1 0.0610408 0.117271 
-0.631579 -4 2 1 0.129388 0.11234 
-0.210526 -4 2 1 0.20054 0.107207 
0.210526 -4 2 1 0.274672 0.101858 
0.631579 -4 2 1 0.351976 0.0962809 
1.05263 -4 2 1 0.432659 0.0904599 
1.47368 -4 2 1 0.516948 0.0843787 
1.89474 -4 2 1 0.605091 0.0780195 
2.31579 -4 2 1 0.697358 0.0713628 
2.73684 -4 2 1 0.794045 0.0643871 
3.15789 -4 2 1 0.895477 0.0570691 
3.57895 -4 2 1 1.00201 0.0493829 
4 -4 2 1 1.11405 0.0412999 
-4 -4 6 1 -0.348873 0.787343 
-4 -3.57895 6 1 -0.393616 0.830812 
-4 -3.15789 6 1 -0.444826 0.880564 
-4 -2.73684 6 1 -0.504015 0.938068 
-4 -2.31579 6 1 -0.573205 1.00529 
-4 -1.89474 6 1 -0.655166 1.08491 
-4 -1.47368 6 1 -0.753791 1.18073 
-4 -1.05263 6 1 -0.874738 1.29824 
-4 -0.631579 6 1 -1.02655 1.44573 
-4 -0.210526 6 1 -1.22278 1.63637 
-4 0.210526 6 1 -1.48626 1.89235 
-4 0.631579 6 1 -1.85869 2.25417 
-4 1.05263 6 1 -2.42527 2.80462 
-4 1.47368 6 1 -3.39137 3.74322 
-4 1.89474 6 1 -5.40964 5.70403 
-4 2.31579 6 1 -12.2542 12.3537 
4 -4 6 1 1.34948 1.0286 
4 -3.57895 6 1 1.46317 1.12598 
4 -3.15789 6 1 1.60493 1.24741 
4 -2.73684 6 1 1.78662 1.40304 
4 -2.31579 6 1 2.02788 1.6097 
4 -1.89474 6 1 2.36375 1.89741 
4 -1.47368 6 1 2.86347 2.32546 
4 -1.05263 6 1 3.68559 3.02968 
4 -0.631579 6 1 5.29072 4.40462 
4 -0.210526 6 1 9.81447 8.27961 
4 0.210526 6 1 104.882 89.7139 
-4 -4 6 1 -0.348873 0.787343 
-3.57895 -4 6 1 -0.290757 0.795598 
-3.15789 -4 6 1 -0.230337 0.804181 
-2.73684 -4 6 1 -0.167473 0.813111 
-2.31579 -4 6 1 -0.102015 0.822409 
-1.89474 -4 6 1 -0.0337973 0.832099 
-1.47368 -4 6 1 0.0373571 0.842207 
-1.05263 -4 6 1 0.111642 0.852759 
-0.631579 -4 6 1 0.18927 0.863786 
-0.210526 -4 6 1 0.270471 0.875321 
0.210526 -4 6 1 0.355497 0.887399 
0.631579 -4 6 1 0.444625 0.90006 
1.05263 -4 6 1 0.53816 0.913346 
1.47368 -4 6 1 0.636437 0.927307 
1.89474 -4 6 1 0.739825 0.941993 
2.31579 -4 6 1 0.848734 0.957464 
2.73684 -4 6 1 0.963619 0.973783 
3.15789 -4 6 1 1.08498 0.991023 
3.57895 -4 6 1 1.2134 1.00926 
4 -4 6 1 1.34948 1.0286 
