-4 -1.05263 2 1 27.7115 -8.50865 
-4 -0.631579 2 1 7.17353 -2.31149 
-4 -0.210526 2 1 4.18035 -1.40832 
-4 0.210526 2 1 2.97885 -1.04578 
-4 0.631579 2 1 2.33089 -0.850264 
-4 1.05263 2 1 1.92555 -0.727957 
-4 1.47368 2 1 1.64805 -0.644226 
-4 1.89474 2 1 1.44616 -0.583306 
-4 2.31579 2 1 1.29267 -0.536993 
-4 2.73684 2 1 1.17205 -0.500595 
-4 3.15789 2 1 1.07475 -0.471237 
-4 3.57895 2 1 0.994615 -0.447057 
-4 4 2 1 0.927464 -0.426795 
4 -2.31579 2 1 -18.7573 -4.1515 
4 -1.89474 2 1 -6.58273 -1.6073 
4 -1.47368 2 1 -3.94068 -1.05518 
4 -1.05263 2 1 -2.78531 -0.81373 
4 -0.631579 2 1 -2.13731 -0.678313 
4 -0.210526 2 1 -1.72264 -0.591658 
4 0.210526 2 1 -1.4345 -0.531444 
4 0.631579 2 1 -1.22265 -0.487172 
4 1.05263 2 1 -1.06033 -0.453251 
4 1.47368 2 1 -0.931986 -0.42643 
4 1.89474 2 1 -0.827963 -0.404692 
4 2.31579 2 1 -0.741947 -0.386717 
4 2.73684 2 1 -0.669634 -0.371605 
4 3.15789 2 1 -0.607991 -0.358723 
4 3.57895 2 1 -0.554818 -0.347611 
4 4 2 1 -0.508483 -0.337928 
-4 4 2 1 0.927464 -0.426795 
-3.57895 4 2 1 0.833499 -0.420979 
-3.15789 4 2 1 0.74204 -0.415319 
-2.73684 4 2 1 0.652989 -0.409808 
-2.31579 4 2 1 0.566251 -0.40444 
-1.89474 4 2 1 0.481739 -0.39921 
-1.47368 4 2 1 0.399366 -0.394112 
-1.05263 4 2 1 0.319053 -0.389142 
-0.631579 4 2 1 0.240724 -0.384294 
-0.210526 4 2 1 0.164306 -0.379565 
0.210526 4 2 1 0.0897297 -0.37495 
0.631579 4 2 1 0.0169296 -0.370444 
1.05263 4 2 1 -0.0541571 -0.366045 
1.47368 4 2 1 -0.12359 -0.361748 
1.89474 4 2 1 -0.191427 -0.35755 
2.31579 4 2 1 -0.257721 -0.353447 
2.73684 4 2 1 -0.322525 -0.349437 
3.15789 4 2 1 -0.385889 -0.345515 
3.57895 4 2 1 -0.44786 -0.34168 
4 4 2 1 -0.508483 -0.337928 
-4 -1.89474 6 1 50.5782 38.1708 
-4 -1.47368 6 1 8.09165 5.83514 
-4 -1.05263 6 1 4.46687 3.07639 
-4 -0.631579 6 1 3.11714 2.04914 
-4 -0.210526 6 1 2.41221 1.51262 
-4 0.210526 6 1 1.97911 1.183 
-4 0.631579 6 1 1.68602 0.959933 
-4 1.05263 6 1 1.47449 0.798947 
-4 1.47368 6 1 1.31465 0.677291 
-4 1.89474 6 1 1.1896 0.58212 
-4 2.31579 6 1 1.0891 0.505635 
-4 2.73684 6 1 1.00658 0.442825 
-4 3.15789 6 1 0.937592 0.390322 
-4 3.57895 6 1 0.87907 0.345783 
-4 4 6 1 0.828799 0.307522 
4 -3.15789 6 1 -26.0658 19.3226 
4 -2.73684 6 1 -7.32439 5.3767 
4 -2.31579 6 1 -4.203 3.054 
4 -1.89474 6 1 -2.9179 2.09773 
4 -1.47368 6 1 -2.21699 1.57616 
4 -1.05263 6 1 -1.77568 1.24778 
4 -0.631579 6 1 -1.4723 1.02202 
4 -0.210526 6 1 -1.25091 0.85728 
4 0.210526 6 1 -1.08223 0.731766 
4 0.631579 6 1 -0.94945 0.632957 
4 1.05263 6 1 -0.842201 0.553151 
4 1.47368 6 1 -0.753769 0.487347 
4 1.89474 6 1 -0.6796 0.432156 
4 2.31579 6 1 -0.616502 0.385203 
4 2.73684 6 1 -0.562167 0.344771 
4 3.15789 6 1 -0.514889 0.309591 
4 3.57895 6 1 -0.473377 0.278701 
4 4 6 1 -0.436637 0.251361 
-4 4 6 1 0.828799 0.307522 
-3.57895 4 6 1 0.748075 0.30394 
-3.15789 4 6 1 0.66923 0.300441 
-2.73684 4 6 1 0.592201 0.297022 
-2.31579 4 6 1 0.516924 0.293681 
-1.89474 4 6 1 0.443341 0.290415 
-1.47368 4 6 1 0.371395 0.287222 
-1.05263 4 6 1 0.301032 0.2841 
-0.631579 4 6 1 0.232201 0.281045 
-0.210526 4 6 1 0.164852 0.278056 
0.210526 4 6 1 0.098937 0.27513 
0.631579 4 6 1 0.0344118 0.272267 
1.05263 4 6 1 -0.0287677 0.269463 
1.47368 4 6 1 -0.0906429 0.266717 
1.89474 4 6 1 -0.151254 0.264027 
2.31579 4 6 1 -0.210639 0.261391 
2.73684 4 6 1 -0.268835 0.258808 
3.15789 4 6 1 -0.325878 0.256277 
3.57895 4 6 1 -0.381801 0.253795 
4 4 6 1 -0.436637 0.251361 
