-0.718491 0.149128 -0.718932 0.950378 20 
-0.641458 0.142813 -0.634912 0.942793 21 
-0.564548 0.136509 -0.551039 0.935222 22 
-0.48776 0.130215 -0.467312 0.927663 23 
-0.411095 0.123931 -0.38373 0.920118 24 
-0.334552 0.117656 -0.300293 0.912585 25 
-0.258131 0.111392 -0.217001 0.905066 26 
-0.181831 0.105138 -0.133853 0.89756 27 
-0.105652 0.0988934 -0.0508496 0.890067 28 
-0.0295944 0.092659 0.0320106 0.882586 29 
0.0463428 0.0864344 0.114728 0.875119 30 
0.12216 0.0802197 0.197302 0.867665 31 
0.197856 0.0740149 0.279733 0.860223 32 
0.273433 0.0678198 0.362023 0.852794 33 
0.348891 0.0616346 0.44417 0.845378 34 
0.424229 0.0554591 0.526177 0.837975 35 
0.499449 0.0492934 0.608042 0.830585 36 
0.57455 0.0431374 0.689767 0.823207 37 
0.649532 0.0369911 0.771351 0.815842 38 
0.724397 0.0308545 0.852796 0.808489 39 
-8.46469 0.514186 -425.154 494.7 47 
-4.45606 0.32527 -8.45801 9.95332 48 
-3.02422 0.257791 -4.27203 5.08373 49 
-2.28891 0.223137 -2.85795 3.43872 50 
-1.84131 0.202043 -2.14735 2.61207 51 
-1.5402 0.187853 -1.71983 2.11474 52 
-1.32377 0.177653 -1.43434 1.78262 53 
-1.16071 0.169968 -1.23019 1.54512 54 
-1.03343 0.16397 -1.07694 1.36685 55 
-0.931338 0.159159 -0.95767 1.22811 56 
-0.847618 0.155213 -0.862207 1.11705 57 
-0.777724 0.151919 -0.784069 1.02615 58 
-0.718491 0.149128 -0.718932 0.950378 59 
7.36793 -0.742605 47.5576 38.7222 67 
4.17849 -0.37128 8.55569 7.06149 68 
2.91594 -0.224291 4.70023 3.93173 69 
2.2392 -0.145503 3.23991 2.74629 70 
1.81733 -0.0963884 2.47179 2.12275 71 
1.52917 -0.0628397 1.998 1.73814 72 
1.31984 -0.0384692 1.67657 1.47721 73 
1.16089 -0.0199638 1.44419 1.28856 74 
1.03609 -0.0054336 1.26835 1.14582 75 
0.935493 0.00627808 1.13065 1.03405 76 
0.852685 0.0159188 1.01991 0.944147 77 
0.78333 0.0239933 0.928905 0.870273 78 
0.724397 0.0308545 0.852796 0.808489 79 
