-0.261683 0.230261 -0.231441 0.846548 0 
-0.301144 0.238745 -0.271985 0.894079 1 
-0.345461 0.248274 -0.317917 0.947929 2 
-0.39559 0.259051 -0.370391 1.00945 3 
-0.452754 0.271342 -0.430909 1.0804 4 
-0.518546 0.285487 -0.501476 1.16313 5 
-0.595077 0.301941 -0.584821 1.26084 6 
-0.685213 0.32132 -0.68476 1.37801 7 
-0.792934 0.34448 -0.806797 1.52108 8 
-0.923942 0.372647 -0.959172 1.69972 9 
-1.0867 0.407641 -1.1548 1.92907 10 
-1.29436 0.452287 -1.41516 2.23431 11 
-1.56844 0.511215 -1.77873 2.66054 12 
-1.94692 0.592587 -2.32205 3.29752 13 
-2.50343 0.712238 -3.22223 4.35286 14 
-3.40227 0.905489 -5.00272 6.44027 15 
-5.09957 1.27041 -10.1905 12.5223 16 
-9.50944 2.21853 -245.404 288.28 17 
1.3544 0.166164 1.6197 1.28843 20 
1.45288 0.174826 1.76451 1.43371 21 
1.57454 0.185526 1.94903 1.61883 22 
1.72865 0.199081 2.19222 1.86281 23 
1.9302 0.216808 2.52732 2.199 24 
2.20506 0.240983 3.0186 2.69188 25 
2.60215 0.275909 3.80841 3.48425 26 
3.22631 0.330807 5.2876 4.96826 27 
4.35025 0.429663 9.05775 8.75067 28 
6.97513 0.660534 38.7097 38.4991 29 
-0.261683 0.230261 -0.231441 0.846548 40 
-0.211642 0.228276 -0.17703 0.859536 41 
-0.159258 0.226199 -0.119882 0.873178 42 
-0.104363 0.224022 -0.0597862 0.887523 43 
-0.0467727 0.221737 0.0034922 0.902628 44 
0.0137175 0.219338 0.0702127 0.918555 45 
0.0773319 0.216815 0.140664 0.935372 46 
0.144319 0.214158 0.215168 0.953157 47 
0.214954 0.211357 0.294085 0.971995 48 
0.289544 0.208398 0.377818 0.991982 49 
0.36843 0.20527 0.466823 1.01323 50 
0.451994 0.201955 0.561614 1.03586 51 
0.540666 0.198438 0.662773 1.06 52 
0.634928 0.1947 0.770966 1.08583 53 
0.735325 0.190718 0.88695 1.11352 54 
0.842479 0.186468 1.0116 1.14327 55 
0.957093 0.181922 1.14593 1.17534 56 
1.07998 0.177048 1.2911 1.20999 57 
1.21206 0.17181 1.44849 1.24756 58 
1.3544 0.166164 1.6197 1.28843 59 
