-4 -4 2 1 13.0648 -3.38019 
-4 -3.57895 2 1 6.50093 -1.65794 
-4 -3.15789 2 1 4.21429 -1.05797 
-4 -2.73684 2 1 3.05152 -0.752875 
-4 -2.31579 2 1 2.34751 -0.568154 
-4 -1.89474 2 1 1.87549 -0.444304 
-4 -1.47368 2 1 1.53701 -0.355494 
-4 -1.05263 2 1 1.28243 -0.288695 
-4 -0.631579 2 1 1.08399 -0.236628 
-4 -0.210526 2 1 0.924962 -0.194902 
-4 0.210526 2 1 0.79467 -0.160716 
-4 0.631579 2 1 0.685968 -0.132194 
-4 1.05263 2 1 0.593901 -0.108037 
-4 1.47368 2 1 0.514922 -0.0873143 
-4 1.89474 2 1 0.446425 -0.0693418 
-4 2.31579 2 1 0.386453 -0.0536062 
-4 2.73684 2 1 0.333508 -0.0397144 
-4 3.15789 2 1 0.286424 -0.0273601 
-4 3.57895 2 1 0.244277 -0.0163016 
-4 4 2 1 0.206331 -0.00634513 
4 -0.210526 2 1 -73.3893 -15.6978 
4 0.210526 2 1 -9.21675 -1.71239 
4 0.631579 2 1 -5.14313 -0.824612 
4 1.05263 2 1 -3.66784 -0.503098 
4 1.47368 2 1 -2.90602 -0.337071 
4 1.89474 2 1 -2.44088 -0.235702 
4 2.31579 2 1 -2.12736 -0.167376 
4 2.73684 2 1 -1.90172 -0.1182 
4 3.15789 2 1 -1.73155 -0.0811141 
4 3.57895 2 1 -1.59863 -0.052147 
4 4 2 1 -1.49194 -0.0288958 
-4 -4 2 1 13.0648 -3.38019 
-3.57895 -4 2 1 23.7105 -6.63051 
-3.15789 -4 2 1 506.613 -154.069 
-4 4 2 1 0.206331 -0.00634513 
-3.57895 4 2 1 0.159983 -0.00696057 
-3.15789 4 2 1 0.111087 -0.00760984 
-2.73684 4 2 1 0.0594271 -0.00829581 
-2.31579 4 2 1 0.00476281 -0.00902167 
-1.89474 4 2 1 -0.0531761 -0.00979102 
-1.47368 4 2 1 -0.114693 -0.0106079 
-1.05263 4 2 1 -0.18013 -0.0114768 
-0.631579 4 2 1 -0.249874 -0.0124029 
-0.210526 4 2 1 -0.324365 -0.013392 
0.210526 4 2 1 -0.404104 -0.0144508 
0.631579 4 2 1 -0.489666 -0.015587 
1.05263 4 2 1 -0.581714 -0.0168092 
1.47368 4 2 1 -0.681013 -0.0181278 
1.89474 4 2 1 -0.788457 -0.0195545 
2.31579 4 2 1 -0.905089 -0.0211032 
2.73684 4 2 1 -1.03214 -0.0227903 
3.15789 4 2 1 -1.17107 -0.0246351 
3.57895 4 2 1 -1.32364 -0.026661 
4 4 2 1 -1.49194 -0.0288958 
-4 -3.57895 6 1 29.4017 15.065 
-4 -3.15789 6 1 9.21657 5.02505 
-4 -2.73684 6 1 5.29516 3.07457 
-4 -2.31579 6 1 3.62599 2.24434 
-4 -1.89474 6 1 2.70161 1.78456 
-4 -1.47368 6 1 2.11446 1.49252 
-4 -1.05263 6 1 1.70847 1.29058 
-4 -0.631579 6 1 1.411 1.14262 
-4 -0.210526 6 1 1.18367 1.02955 
-4 0.210526 6 1 1.00429 0.940328 
-4 0.631579 6 1 0.85913 0.868129 
-4 1.05263 6 1 0.739257 0.808505 
-4 1.47368 6 1 0.638592 0.758435 
-4 1.89474 6 1 0.552859 0.715792 
-4 2.31579 6 1 0.478966 0.679038 
-4 2.73684 6 1 0.414619 0.647033 
-4 3.15789 6 1 0.35808 0.618911 
-4 3.57895 6 1 0.308008 0.594006 
-4 4 6 1 0.263356 0.571796 
4 0.631579 6 1 -18.6976 16.2866 
4 1.05263 6 1 -6.95754 5.88794 
4 1.47368 6 1 -4.43053 3.64966 
4 1.89474 6 1 -3.32776 2.67289 
4 2.31579 6 1 -2.70988 2.1256 
4 2.73684 6 1 -2.31471 1.77559 
4 3.15789 6 1 -2.04023 1.53247 
4 3.57895 6 1 -1.83848 1.35377 
4 4 6 1 -1.68393 1.21687 
-4 4 6 1 0.263356 0.571796 
-3.57895 4 6 1 0.214572 0.587956 
-3.15789 4 6 1 0.162862 0.605086 
-2.73684 4 6 1 0.107956 0.623275 
-2.31579 4 6 1 0.049547 0.642624 
-1.89474 4 6 1 -0.0127109 0.663248 
-1.47368 4 6 1 -0.0792112 0.685278 
-1.05263 4 6 1 -0.150403 0.708862 
-0.631579 4 6 1 -0.2268 0.73417 
-0.210526 4 6 1 -0.308996 0.761399 
0.210526 4 6 1 -0.397676 0.790776 
0.631579 4 6 1 -0.49364 0.822566 
1.05263 4 6 1 -0.597824 0.857079 
1.47368 4 6 1 -0.71133 0.89468 
1.89474 4 6 1 -0.835468 0.935803 
2.31579 4 6 1 -0.971807 0.980968 
2.73684 4 6 1 -1.12224 1.0308 
3.15789 4 6 1 -1.28906 1.08607 
3.57895 4 6 1 -1.47512 1.1477 
4 4 6 1 -1.68393 1.21687 
