4 -4 2 1 -0.607053 0.242619 
4 -3.57895 2 1 -0.538557 0.236824 
4 -3.15789 2 1 -0.469223 0.230959 
4 -2.73684 2 1 -0.399035 0.225021 
4 -2.31579 2 1 -0.327978 0.219009 
4 -1.89474 2 1 -0.256036 0.212923 
4 -1.47368 2 1 -0.18319 0.20676 
4 -1.05263 2 1 -0.109426 0.200519 
4 -0.631579 2 1 -0.0347244 0.194199 
4 -0.210526 2 1 0.0409321 0.187799 
4 0.210526 2 1 0.117562 0.181316 
4 0.631579 2 1 0.195184 0.174749 
4 1.05263 2 1 0.273818 0.168096 
4 1.47368 2 1 0.353483 0.161357 
4 1.89474 2 1 0.4342 0.154528 
4 2.31579 2 1 0.515991 0.147608 
4 2.73684 2 1 0.598875 0.140596 
4 3.15789 2 1 0.682877 0.133489 
4 3.57895 2 1 0.768018 0.126286 
4 4 2 1 0.854321 0.118985 
-1.47368 -4 2 1 -10.7505 3.01057 
-1.05263 -4 2 1 -5.02336 1.44775 
-0.631579 -4 2 1 -3.25588 0.965432 
-0.210526 -4 2 1 -2.39648 0.73092 
0.210526 -4 2 1 -1.88838 0.592269 
0.631579 -4 2 1 -1.55273 0.500676 
1.05263 -4 2 1 -1.31447 0.43566 
1.47368 -4 2 1 -1.13659 0.387119 
1.89474 -4 2 1 -0.998709 0.349495 
2.31579 -4 2 1 -0.888706 0.319477 
2.73684 -4 2 1 -0.7989 0.29497 
3.15789 -4 2 1 -0.724197 0.274585 
3.57895 -4 2 1 -0.661082 0.257363 
4 -4 2 1 -0.607053 0.242619 
-1.05263 4 2 1 31.7164 2.80043 
-0.631579 4 2 1 7.33877 0.682385 
-0.210526 4 2 1 4.18332 0.408225 
0.210526 4 2 1 2.94179 0.300354 
0.631579 4 2 1 2.27807 0.242687 
1.05263 4 2 1 1.86493 0.206791 
1.47368 4 2 1 1.583 0.182296 
1.89474 4 2 1 1.37834 0.164514 
2.31579 4 2 1 1.22301 0.151019 
2.73684 4 2 1 1.1011 0.140426 
3.15789 4 2 1 1.00286 0.131891 
3.57895 4 2 1 0.922018 0.124867 
4 4 2 1 0.854321 0.118985 
4 -4 6 1 -0.565365 0.966038 
4 -3.57895 6 1 -0.493603 0.964581 
4 -3.15789 6 1 -0.420924 0.963105 
4 -2.73684 6 1 -0.34731 0.96161 
4 -2.31579 6 1 -0.272743 0.960096 
4 -1.89474 6 1 -0.197206 0.958562 
4 -1.47368 6 1 -0.120678 0.957009 
4 -1.05263 6 1 -0.0431402 0.955434 
4 -0.631579 6 1 0.0354277 0.953839 
4 -0.210526 6 1 0.115046 0.952222 
4 0.210526 6 1 0.195737 0.950584 
4 0.631579 6 1 0.277521 0.948923 
4 1.05263 6 1 0.360422 0.94724 
4 1.47368 6 1 0.444461 0.945533 
4 1.89474 6 1 0.529664 0.943803 
4 2.31579 6 1 0.616053 0.942049 
4 2.73684 6 1 0.703654 0.94027 
4 3.15789 6 1 0.792494 0.938467 
4 3.57895 6 1 0.882597 0.936637 
4 4 6 1 0.973992 0.934781 
-1.47368 -4 6 1 -27.7674 38.9099 
-1.05263 -4 6 1 -6.55077 9.31503 
-0.631579 -4 6 1 -3.67988 5.31045 
-0.210526 -4 6 1 -2.54211 3.72338 
0.210526 -4 6 1 -1.93194 2.87227 
0.631579 -4 6 1 -1.55147 2.34154 
1.05263 -4 6 1 -1.29153 1.97895 
1.47368 -4 6 1 -1.10268 1.71553 
1.89474 -4 6 1 -0.959262 1.51548 
2.31579 -4 6 1 -0.846646 1.35839 
2.73684 -4 6 1 -0.75587 1.23177 
3.15789 -4 6 1 -0.681142 1.12753 
3.57895 -4 6 1 -0.618552 1.04023 
4 -4 6 1 -0.565365 0.966038 
-0.631579 4 6 1 14.5318 14.4586 
-0.210526 4 6 1 6.12341 6.07128 
0.210526 4 6 1 3.90311 3.85655 
0.631579 4 6 1 2.8773 2.83331 
1.05263 4 6 1 2.28637 2.24386 
1.47368 4 6 1 1.90214 1.8606 
1.89474 4 6 1 1.63231 1.59145 
2.31579 4 6 1 1.43241 1.39205 
2.73684 4 6 1 1.27836 1.23839 
3.15789 4 6 1 1.15603 1.11636 
3.57895 4 6 1 1.05652 1.0171 
4 4 6 1 0.973992 0.934781 
