-4 -3.57895 2 1 13.3752 -3.33324 
-4 -3.15789 2 1 6.29075 -1.54618 
-4 -2.73684 2 1 4.01272 -0.971544 
-4 -2.31579 2 1 2.88873 -0.688016 
-4 -1.89474 2 1 2.21907 -0.519094 
-4 -1.47368 2 1 1.77458 -0.406971 
-4 -1.05263 2 1 1.45804 -0.327124 
-4 -0.631579 2 1 1.22116 -0.26737 
-4 -0.210526 2 1 1.03722 -0.220971 
-4 0.210526 2 1 0.890265 -0.183901 
-4 0.631579 2 1 0.770154 -0.153603 
-4 1.05263 2 1 0.670149 -0.128377 
-4 1.47368 2 1 0.585592 -0.107047 
-4 1.89474 2 1 0.513159 -0.0887757 
-4 2.31579 2 1 0.450417 -0.0729491 
-4 2.73684 2 1 0.395544 -0.0591072 
-4 3.15789 2 1 0.347146 -0.0468988 
-4 3.57895 2 1 0.304142 -0.0360509 
-4 4 2 1 0.265677 -0.0263479 
4 -0.210526 2 1 -13.5804 -1.80801 
4 0.210526 2 1 -5.95484 -0.674342 
4 0.631579 2 1 -3.92558 -0.372661 
4 1.05263 2 1 -2.9858 -0.232948 
4 1.47368 2 1 -2.44379 -0.15237 
4 1.89474 2 1 -2.09112 -0.0999407 
4 2.31579 2 1 -1.84333 -0.0631031 
4 2.73684 2 1 -1.6597 -0.0358025 
4 3.15789 2 1 -1.51815 -0.0147598 
4 3.57895 2 1 -1.40572 0.00195542 
4 4 2 1 -1.31425 0.0155537 
-4 4 2 1 0.265677 -0.0263479 
-3.57895 4 2 1 0.217508 -0.0250704 
-3.15789 4 2 1 0.167034 -0.0237318 
-2.73684 4 2 1 0.114085 -0.0223275 
-2.31579 4 2 1 0.0584737 -0.0208527 
-1.89474 4 2 1 -5.36687e-06 -0.0193017 
-1.47368 4 2 1 -0.06158 -0.0176687 
-1.05263 4 2 1 -0.126503 -0.0159468 
-0.631579 4 2 1 -0.195054 -0.0141288 
-0.210526 4 2 1 -0.267547 -0.0122062 
0.210526 4 2 1 -0.344332 -0.0101697 
0.631579 4 2 1 -0.425802 -0.00800906 
1.05263 4 2 1 -0.512398 -0.00571242 
1.47368 4 2 1 -0.60462 -0.00326657 
1.89474 4 2 1 -0.703036 -0.000656465 
2.31579 4 2 1 -0.80829 0.00213501 
2.73684 4 2 1 -0.921121 0.00512743 
3.15789 4 2 1 -1.04238 0.00834331 
3.57895 4 2 1 -1.17304 0.0118087 
4 4 2 1 -1.31425 0.0155537 
-4 -3.15789 6 1 16.6479 9.27386 
-4 -2.73684 6 1 7.09729 4.16864 
-4 -2.31579 6 1 4.39891 2.72624 
-4 -1.89474 6 1 3.12538 2.04548 
-4 -1.47368 6 1 2.38387 1.6491 
-4 -1.05263 6 1 1.8986 1.3897 
-4 -0.631579 6 1 1.55631 1.20674 
-4 -0.210526 6 1 1.30193 1.07076 
-4 0.210526 6 1 1.10545 0.965729 
-4 0.631579 6 1 0.949111 0.882161 
-4 1.05263 6 1 0.821761 0.814087 
-4 1.47368 6 1 0.716018 0.757562 
-4 1.89474 6 1 0.626813 0.709878 
-4 2.31579 6 1 0.550548 0.669111 
-4 2.73684 6 1 0.484598 0.633858 
-4 3.15789 6 1 0.427002 0.603071 
-4 3.57895 6 1 0.376269 0.575951 
-4 4 6 1 0.331239 0.551881 
4 0.210526 6 1 -16.6677 16.2023 
4 0.631579 6 1 -6.28805 5.94311 
4 1.05263 6 1 -4.00204 3.68363 
4 1.47368 6 1 -2.99855 2.69178 
4 1.89474 6 1 -2.43471 2.13449 
4 2.31579 6 1 -2.07351 1.77748 
4 2.73684 6 1 -1.82236 1.52924 
4 3.15789 6 1 -1.6376 1.34663 
4 3.57895 6 1 -1.49599 1.20666 
4 4 6 1 -1.38398 1.09596 
-4 4 6 1 0.331239 0.551881 
-3.57895 4 6 1 0.281485 0.567663 
-3.15789 4 6 1 0.229187 0.584252 
-2.73684 4 6 1 0.174143 0.601712 
-2.31579 4 6 1 0.116131 0.620114 
-1.89474 4 6 1 0.0549064 0.639534 
-1.47368 4 6 1 -0.00980709 0.660062 
-1.05263 4 6 1 -0.0783159 0.681793 
-0.631579 4 6 1 -0.150964 0.704837 
-0.210526 4 6 1 -0.228138 0.729317 
0.210526 4 6 1 -0.310276 0.755371 
0.631579 4 6 1 -0.39787 0.783157 
1.05263 4 6 1 -0.491485 0.812851 
1.47368 4 6 1 -0.591762 0.84466 
1.89474 4 6 1 -0.699439 0.878815 
2.31579 4 6 1 -0.815367 0.915588 
2.73684 4 6 1 -0.940532 0.95529 
3.15789 4 6 1 -1.07608 0.998288 
3.57895 4 6 1 -1.22337 1.04501 
4 4 6 1 -1.38398 1.09596 
