-4 -4 2 1 -0.271559 0.224495 
-4 -3.57895 2 1 -0.311168 0.232278 
-4 -3.15789 2 1 -0.355685 0.241026 
-4 -2.73684 2 1 -0.406083 0.250929 
-4 -2.31579 2 1 -0.463608 0.262233 
-4 -1.89474 2 1 -0.529888 0.275257 
-4 -1.47368 2 1 -0.607087 0.290427 
-4 -1.05263 2 1 -0.698144 0.308319 
-4 -0.631579 2 1 -0.807159 0.329741 
-4 -0.210526 2 1 -0.940026 0.35585 
-4 0.210526 2 1 -1.10553 0.388372 
-4 0.631579 2 1 -1.3174 0.430004 
-4 1.05263 2 1 -1.59826 0.485194 
-4 1.47368 2 1 -1.98838 0.561854 
-4 1.89474 2 1 -2.56693 0.675539 
-4 2.31579 2 1 -3.51385 0.861611 
-4 2.73684 2 1 -5.34533 1.2215 
-4 3.15789 2 1 -10.387 2.2122 
-4 3.57895 2 1 -86.9294 17.2529 
4 -4 2 1 1.32636 0.154232 
4 -3.57895 2 1 1.42191 0.160797 
4 -3.15789 2 1 1.53963 0.168887 
4 -2.73684 2 1 1.68825 0.1791 
4 -2.31579 2 1 1.88178 0.192399 
4 -1.89474 2 1 2.1442 0.210432 
4 -1.47368 2 1 2.52027 0.236274 
4 -1.05263 2 1 3.1042 0.276401 
4 -0.631579 2 1 4.13415 0.347177 
4 -0.210526 2 1 6.43694 0.505419 
4 0.210526 2 1 16.1875 1.17546 
-4 -4 2 1 -0.271559 0.224495 
-3.57895 -4 2 1 -0.221234 0.222282 
-3.15789 -4 2 1 -0.168612 0.219968 
-2.73684 -4 2 1 -0.113533 0.217546 
-2.31579 -4 2 1 -0.055819 0.215008 
-1.89474 -4 2 1 0.00472267 0.212346 
-1.47368 -4 2 1 0.0683052 0.20955 
-1.05263 -4 2 1 0.135163 0.206611 
-0.631579 -4 2 1 0.205558 0.203515 
-0.210526 -4 2 1 0.279775 0.200252 
0.210526 -4 2 1 0.358137 0.196806 
0.631579 -4 2 1 0.441 0.193163 
1.05263 -4 2 1 0.528764 0.189303 
1.47368 -4 2 1 0.621875 0.185209 
1.89474 -4 2 1 0.72084 0.180858 
2.31579 -4 2 1 0.826226 0.176224 
2.73684 -4 2 1 0.938682 0.171279 
3.15789 -4 2 1 1.05894 0.165991 
3.57895 -4 2 1 1.18785 0.160323 
4 -4 2 1 1.32636 0.154232 
-4 -4 6 1 -0.243954 0.844455 
-4 -3.57895 6 1 -0.284959 0.891884 
-4 -3.15789 6 1 -0.331474 0.945685 
-4 -2.73684 6 1 -0.384688 1.00724 
-4 -2.31579 6 1 -0.446164 1.07834 
-4 -1.89474 6 1 -0.517984 1.16141 
-4 -1.47368 6 1 -0.603002 1.25975 
-4 -1.05263 6 1 -0.705222 1.37798 
-4 -0.631579 6 1 -0.830452 1.52283 
-4 -0.210526 6 1 -0.98745 1.70443 
-4 0.210526 6 1 -1.19006 1.93877 
-4 0.631579 6 1 -1.46153 2.25277 
-4 1.05263 6 1 -1.84415 2.69534 
-4 1.47368 6 1 -2.42379 3.36577 
-4 1.89474 6 1 -3.40533 4.50108 
-4 2.31579 6 1 -5.42861 6.84133 
-4 2.73684 6 1 -12.0273 14.4737 
4 -4 6 1 1.59064 1.26293 
4 -3.57895 6 1 1.73214 1.40307 
4 -3.15789 6 1 1.9121 1.58129 
4 -2.73684 6 1 2.14862 1.81553 
4 -2.31579 6 1 2.47337 2.13715 
4 -1.89474 6 1 2.94703 2.60625 
4 -1.47368 6 1 3.70248 3.35441 
4 -1.05263 6 1 5.09766 4.73615 
4 -0.631579 6 1 8.5419 8.14719 
4 -0.210526 6 1 31.0272 30.4158 
-4 -4 6 1 -0.243954 0.844455 
-3.57895 -4 6 1 -0.189131 0.85696 
-3.15789 -4 6 1 -0.131611 0.870081 
-2.73684 -4 6 1 -0.0711884 0.883863 
-2.31579 -4 6 1 -0.00763891 0.898359 
-1.89474 -4 6 1 0.0592868 0.913625 
-1.47368 -4 6 1 0.129865 0.929724 
-1.05263 -4 6 1 0.204404 0.946727 
-0.631579 -4 6 1 0.283245 0.964711 
-0.210526 -4 6 1 0.366773 0.983763 
0.210526 -4 6 1 0.455418 1.00398 
0.631579 -4 6 1 0.549666 1.02548 
1.05263 -4 6 1 0.650065 1.04838 
1.47368 -4 6 1 0.757237 1.07283 
1.89474 -4 6 1 0.871892 1.09898 
2.31579 -4 6 1 0.994842 1.12703 
2.73684 -4 6 1 1.12702 1.15718 
3.15789 -4 6 1 1.26951 1.18968 
3.57895 -4 6 1 1.42356 1.22482 
4 -4 6 1 1.59064 1.26293 
