-4 -4 2 1 0.724327 0.0665466 
-4 -3.57895 2 1 0.648841 0.0589727 
-4 -3.15789 2 1 0.573355 0.0513988 
-4 -2.73684 2 1 0.497868 0.0438249 
-4 -2.31579 2 1 0.422382 0.036251 
-4 -1.89474 2 1 0.346896 0.0286771 
-4 -1.47368 2 1 0.271409 0.0211032 
-4 -1.05263 2 1 0.195923 0.0135293 
-4 -0.631579 2 1 0.120437 0.00595544 
-4 -0.210526 2 1 0.0449504 -0.00161846 
-4 0.210526 2 1 -0.030536 -0.00919235 
-4 0.631579 2 1 -0.106022 -0.0167662 
-4 1.05263 2 1 -0.181509 -0.0243401 
-4 1.47368 2 1 -0.256995 -0.031914 
-4 1.89474 2 1 -0.332481 -0.0394879 
-4 2.31579 2 1 -0.407968 -0.0470618 
-4 2.73684 2 1 -0.483454 -0.0546357 
-4 3.15789 2 1 -0.55894 -0.0622096 
-4 3.57895 2 1 -0.634427 -0.0697835 
-4 4 2 1 -0.709913 -0.0773574 
-4 -4 2 1 0.724327 0.0665466 
-3.57895 -4 2 1 0.78379 0.0720096 
-3.15789 -4 2 1 0.853888 0.0784499 
-2.73684 -4 2 1 0.937757 0.0861552 
-2.31579 -4 2 1 1.0399 0.095539 
-1.89474 -4 2 1 1.167 0.107217 
-1.47368 -4 2 1 1.32951 0.122147 
-1.05263 -4 2 1 1.5446 0.141908 
-0.631579 -4 2 1 1.84271 0.169296 
-0.210526 -4 2 1 2.28342 0.209786 
0.210526 -4 2 1 3.00119 0.27573 
0.631579 -4 2 1 4.3771 0.40214 
1.05263 -4 2 1 8.08257 0.742576 
1.47368 -4 2 1 52.6761 4.83954 
-4 4 2 1 -0.709913 -0.0773574 
-3.57895 4 2 1 -0.768192 -0.0837079 
-3.15789 4 2 1 -0.836896 -0.0911944 
-2.73684 4 2 1 -0.919095 -0.100151 
-2.31579 4 2 1 -1.0192 -0.11106 
-1.89474 4 2 1 -1.14378 -0.124635 
-1.47368 4 2 1 -1.30305 -0.14199 
-1.05263 4 2 1 -1.51386 -0.164961 
-0.631579 4 2 1 -1.80604 -0.1968 
-0.210526 4 2 1 -2.23798 -0.243867 
0.210526 4 2 1 -2.94147 -0.320524 
0.631579 4 2 1 -4.28999 -0.467469 
1.05263 4 2 1 -7.92173 -0.863211 
1.47368 4 2 1 -51.6278 -5.62575 
-4 -4 6 1 0.652375 0.783667 
-4 -3.57895 6 1 0.576889 0.776093 
-4 -3.15789 6 1 0.501403 0.768519 
-4 -2.73684 6 1 0.425916 0.760945 
-4 -2.31579 6 1 0.35043 0.753371 
-4 -1.89474 6 1 0.274944 0.745797 
-4 -1.47368 6 1 0.199457 0.738223 
-4 -1.05263 6 1 0.123971 0.730649 
-4 -0.631579 6 1 0.0484847 0.723076 
-4 -0.210526 6 1 -0.0270016 0.715502 
-4 0.210526 6 1 -0.102488 0.707928 
-4 0.631579 6 1 -0.177974 0.700354 
-4 1.05263 6 1 -0.253461 0.69278 
-4 1.47368 6 1 -0.328947 0.685206 
-4 1.89474 6 1 -0.404433 0.677632 
-4 2.31579 6 1 -0.47992 0.670058 
-4 2.73684 6 1 -0.555406 0.662484 
-4 3.15789 6 1 -0.630892 0.65491 
-4 3.57895 6 1 -0.706379 0.647337 
-4 4 6 1 -0.781865 0.639763 
-4 -4 6 1 0.652375 0.783667 
-3.57895 -4 6 1 0.705931 0.848001 
-3.15789 -4 6 1 0.769066 0.923842 
-2.73684 -4 6 1 0.844604 1.01458 
-2.31579 -4 6 1 0.936596 1.12509 
-1.89474 -4 6 1 1.05108 1.26261 
-1.47368 -4 6 1 1.19744 1.43843 
-1.05263 -4 6 1 1.39116 1.67114 
-0.631579 -4 6 1 1.65966 1.99367 
-0.210526 -4 6 1 2.05659 2.47048 
0.210526 -4 6 1 2.70306 3.24706 
0.631579 -4 6 1 3.94229 4.73568 
1.05263 -4 6 1 7.27968 8.74473 
1.47368 -4 6 1 47.4434 56.9915 
-4 4 6 1 -0.781865 0.639763 
-3.57895 4 6 1 -0.846051 0.692283 
-3.15789 4 6 1 -0.921718 0.754198 
-2.73684 4 6 1 -1.01225 0.828275 
-2.31579 4 6 1 -1.1225 0.918488 
-1.89474 4 6 1 -1.2597 1.03076 
-1.47368 4 6 1 -1.43512 1.17429 
-1.05263 4 6 1 -1.66729 1.36427 
-0.631579 4 6 1 -1.98909 1.62757 
-0.210526 4 6 1 -2.4648 2.01683 
0.210526 4 6 1 -3.23959 2.6508 
0.631579 4 6 1 -4.72479 3.86607 
1.05263 4 6 1 -8.72462 7.13894 
1.47368 4 6 1 -56.8605 46.5262 
