-4 -4 2 1 0.153972 -0.193122 
-4 -3.57895 2 1 0.110642 -0.191411 
-4 -3.15789 2 1 0.064166 -0.189576 
-4 -2.73684 2 1 0.0141872 -0.187603 
-4 -2.31579 2 1 -0.0397053 -0.185475 
-4 -1.89474 2 1 -0.0979901 -0.183173 
-4 -1.47368 2 1 -0.161227 -0.180676 
-4 -1.05263 2 1 -0.230075 -0.177957 
-4 -0.631579 2 1 -0.305315 -0.174986 
-4 -0.210526 2 1 -0.387882 -0.171726 
-4 0.210526 2 1 -0.478899 -0.168132 
-4 0.631579 2 1 -0.579736 -0.16415 
-4 1.05263 2 1 -0.69207 -0.159715 
-4 1.47368 2 1 -0.817988 -0.154742 
-4 1.89474 2 1 -0.960111 -0.14913 
-4 2.31579 2 1 -1.12178 -0.142746 
-4 2.73684 2 1 -1.30734 -0.135419 
-4 3.15789 2 1 -1.52248 -0.126924 
-4 3.57895 2 1 -1.77492 -0.116956 
-4 4 2 1 -2.07526 -0.105096 
4 -4 2 1 7.09726 -0.502764 
4 -3.57895 2 1 9.48631 -0.61195 
4 -3.15789 2 1 15.3161 -0.878391 
4 -2.73684 2 1 51.145 -2.51587 
-4 -4 2 1 0.153972 -0.193122 
-3.57895 -4 2 1 0.197942 -0.195083 
-3.15789 -4 2 1 0.24643 -0.197246 
-2.73684 -4 2 1 0.300171 -0.199642 
-2.31579 -4 2 1 0.360067 -0.202313 
-1.89474 -4 2 1 0.42724 -0.205309 
-1.47368 -4 2 1 0.503102 -0.208692 
-1.05263 -4 2 1 0.589454 -0.212543 
-0.631579 -4 2 1 0.688637 -0.216966 
-0.210526 -4 2 1 0.803736 -0.222099 
0.210526 -4 2 1 0.938919 -0.228128 
0.631579 -4 2 1 1.09995 -0.235309 
1.05263 -4 2 1 1.29501 -0.244008 
1.47368 -4 2 1 1.53617 -0.254763 
1.89474 -4 2 1 1.84198 -0.2684 
2.31579 -4 2 1 2.24243 -0.286259 
2.73684 -4 2 1 2.78951 -0.310656 
3.15789 -4 2 1 3.5818 -0.345989 
3.57895 -4 2 1 4.83181 -0.401735 
4 -4 2 1 7.09726 -0.502764 
-4 4 2 1 -2.07526 -0.105096 
-3.57895 4 2 1 -2.27495 -0.0979014 
-3.15789 4 2 1 -2.54524 -0.0881629 
-2.73684 4 2 1 -2.93159 -0.0742427 
-2.31579 4 2 1 -3.52919 -0.052711 
-1.89474 4 2 1 -4.57651 -0.0149762 
-1.47368 4 2 1 -6.88739 0.0682852 
-1.05263 4 2 1 -16.2254 0.404733 
-4 -4 6 1 0.160578 0.321221 
-4 -3.57895 6 1 0.121545 0.339093 
-4 -3.15789 6 1 0.0799528 0.358136 
-4 -2.73684 6 1 0.0355423 0.37847 
-4 -2.31579 6 1 -0.0119835 0.40023 
-4 -1.89474 6 1 -0.0629641 0.423571 
-4 -1.47368 6 1 -0.117791 0.448674 
-4 -1.05263 6 1 -0.176915 0.475745 
-4 -0.631579 6 1 -0.240864 0.505024 
-4 -0.210526 6 1 -0.310252 0.536794 
-4 0.210526 6 1 -0.385805 0.571387 
-4 0.631579 6 1 -0.468382 0.609195 
-4 1.05263 6 1 -0.559011 0.65069 
-4 1.47368 6 1 -0.658929 0.696439 
-4 1.89474 6 1 -0.769642 0.747129 
-4 2.31579 6 1 -0.893 0.80361 
-4 2.73684 6 1 -1.0313 0.866931 
-4 3.15789 6 1 -1.18743 0.938416 
-4 3.57895 6 1 -1.36508 1.01975 
-4 4 6 1 -1.56902 1.11313 
4 -4 6 1 3.88673 2.27089 
4 -3.57895 6 1 4.35235 2.73964 
4 -3.15789 6 1 5.03153 3.42337 
4 -2.73684 6 1 6.11489 4.51398 
4 -2.31579 6 1 8.11604 6.52854 
4 -1.89474 6 1 13.0584 11.504 
4 -1.47368 6 1 45.398 44.0603 
-4 -4 6 1 0.160578 0.321221 
-3.57895 -4 6 1 0.200642 0.342184 
-3.15789 -4 6 1 0.244413 0.365087 
-2.73684 -4 6 1 0.292429 0.390211 
-2.31579 -4 6 1 0.345338 0.417895 
-1.89474 -4 6 1 0.403931 0.448553 
-1.47368 -4 6 1 0.469174 0.482691 
-1.05263 -4 6 1 0.542267 0.520936 
-0.631579 -4 6 1 0.624718 0.564078 
-0.210526 -4 6 1 0.718447 0.613121 
0.210526 -4 6 1 0.825939 0.669365 
0.631579 -4 6 1 0.950464 0.734521 
1.05263 -4 6 1 1.09642 0.810891 
1.47368 -4 6 1 1.26986 0.901641 
1.89474 -4 6 1 1.47935 1.01126 
2.31579 -4 6 1 1.73744 1.1463 
2.73684 -4 6 1 2.06325 1.31678 
3.15789 -4 6 1 2.48748 1.53875 
3.57895 -4 6 1 3.06265 1.8397 
4 -4 6 1 3.88673 2.27089 
-4 4 6 1 -1.56902 1.11313 
-3.57895 4 6 1 -1.66239 1.25673 
-3.15789 4 6 1 -1.77966 1.43707 
-2.73684 4 6 1 -1.93132 1.67032 
-2.31579 4 6 1 -2.13513 1.98376 
-1.89474 4 6 1 -2.42356 2.42734 
-1.47368 4 6 1 -2.86312 3.10334 
-1.05263 4 6 1 -3.61475 4.25926 
-0.631579 4 6 1 -5.19366 6.68748 
-0.210526 4 6 1 -10.6374 15.0594 
