-0.171122 0.205406 -0.122574 0.775505 0 
-0.209226 0.216091 -0.159299 0.81815 1 
-0.251645 0.227986 -0.200333 0.865799 2 
-0.299153 0.241308 -0.246482 0.919388 3 
-0.352727 0.25633 -0.298765 0.9801 4 
-0.413607 0.273402 -0.358494 1.04946 5 
-0.483397 0.292972 -0.42738 1.12945 6 
-0.564206 0.315632 -0.507703 1.22272 7 
-0.65887 0.342176 -0.602572 1.33288 8 
-0.771284 0.373699 -0.716328 1.46498 9 
-0.906959 0.411744 -0.855238 1.62629 10 
-1.07395 0.458569 -1.02868 1.82769 11 
-1.2845 0.51761 -1.25136 2.08627 12 
-1.55823 0.594366 -1.54771 2.4304 13 
-1.92857 0.698216 -1.96155 2.91095 14 
-2.45767 0.846581 -2.57999 3.62909 15 
-3.27543 1.07589 -3.60462 4.81891 16 
-4.70668 1.47723 -5.63126 7.17228 17 
-7.85624 2.3604 -11.5362 14.0292 18 
-20.4655 5.8962 -279.143 324.778 19 
1.63775 0.17256 1.86891 1.39608 20 
1.76722 0.192211 2.03803 1.573 21 
1.93131 0.217116 2.25646 1.80152 22 
2.14606 0.249711 2.54948 2.10806 23 
2.43921 0.294205 2.96315 2.54082 24 
2.86328 0.358572 3.59129 3.19796 25 
3.53121 0.459949 4.6591 4.31506 26 
4.73818 0.643144 6.8767 6.63502 27 
7.57823 1.07421 14.2671 14.3666 28 
-0.171122 0.205406 -0.122574 0.775505 40 
-0.123951 0.20455 -0.0724152 0.791135 41 
-0.0740602 0.203644 -0.0192633 0.807698 42 
-0.021206 0.202684 0.0371576 0.825279 43 
0.0348831 0.201666 0.0971586 0.843976 44 
0.0945135 0.200583 0.161092 0.863899 45 
0.158032 0.199429 0.229356 0.885171 46 
0.22583 0.198198 0.302408 0.907935 47 
0.298358 0.196881 0.38077 0.932354 48 
0.376126 0.195469 0.465041 0.958614 49 
0.459725 0.193951 0.555916 0.986932 50 
0.549835 0.192315 0.654204 1.01756 51 
0.647249 0.190546 0.760851 1.05079 52 
0.752891 0.188628 0.876969 1.08698 53 
0.867851 0.18654 1.00388 1.12652 54 
0.993417 0.18426 1.14316 1.16993 55 
1.13113 0.18176 1.29671 1.21777 56 
1.28284 0.179005 1.46685 1.27079 57 
1.45079 0.175955 1.6564 1.32986 58 
1.63775 0.17256 1.86891 1.39608 59 
-20.4655 5.8962 -279.143 324.778 60 
