60.36 19.9942 4.93611 7.51642 9 
8.91619 2.69286 3.39652 4.84151 10 
5.04254 1.39009 2.65534 3.55378 11 
3.61836 0.911118 2.21938 2.79634 12 
2.8784 0.662261 1.93229 2.29756 13 
2.42509 0.509807 1.72895 1.94427 14 
2.1189 0.406828 1.57737 1.68091 15 
1.89819 0.332602 1.46002 1.47702 16 
1.73157 0.276563 1.36648 1.31451 17 
1.60131 0.232755 1.29017 1.18193 18 
1.49669 0.197569 1.22674 1.07172 19 
-12.8851 1.47816 -5.29879 4.41652 20 
-6.47884 0.71312 -3.75836 3.21799 21 
-4.2119 0.442402 -2.86124 2.51998 22 
-3.05205 0.303892 -2.27406 2.06312 23 
-2.34747 0.21975 -1.85985 1.74085 24 
-1.87407 0.163216 -1.552 1.50132 25 
-1.53411 0.122619 -1.3142 1.3163 26 
-1.27814 0.0920505 -1.12499 1.16908 27 
-1.07846 0.0682043 -0.970846 1.04915 28 
-0.918338 0.0490822 -0.842857 0.949571 29 
-0.787077 0.033407 -0.734883 0.865561 30 
-0.677521 0.0203238 -0.642569 0.793736 31 
-0.584698 0.00923871 -0.56274 0.731624 32 
-0.505045 -0.000273492 -0.493022 0.67738 33 
-0.435945 -0.00852541 -0.43161 0.629598 34 
-0.375432 -0.015752 -0.377102 0.587188 35 
-0.321998 -0.022133 -0.328396 0.549292 36 
-0.27447 -0.0278089 -0.284613 0.515227 37 
-0.23192 -0.0328902 -0.245042 0.484438 38 
-0.193605 -0.0374658 -0.209103 0.456476 39 
-243.063 38.3527 -7.32298 7.23152 57 
-22.8938 3.08155 -6.07743 5.49937 58 
-12.8851 1.47816 -5.29879 4.41652 59 
1.49669 0.197569 1.22674 1.07172 60 
1.32938 0.174306 1.09372 1.01472 61 
1.17769 0.153212 0.971491 0.962345 62 
1.03951 0.133999 0.858776 0.914049 63 
0.913122 0.116425 0.754511 0.869372 64 
0.797077 0.100289 0.657779 0.827924 65 
0.690155 0.085421 0.567793 0.789366 66 
0.59132 0.071678 0.48387 0.753406 67 
0.499689 0.0589367 0.405418 0.71979 68 
0.414502 0.0470914 0.331919 0.688297 69 
0.335101 0.0360508 0.262917 0.658731 70 
0.260918 0.0257355 0.198013 0.63092 71 
0.191453 0.0160765 0.136852 0.604713 72 
0.126271 0.00701287 0.0791193 0.579975 73 
0.064987 -0.00150864 0.0245343 0.556586 74 
0.00726204 -0.00953531 -0.0271535 0.534439 75 
-0.0472054 -0.017109 -0.0761687 0.513436 76 
-0.0986835 -0.024267 -0.122714 0.493492 77 
-0.147412 -0.0310427 -0.16697 0.474529 78 
-0.193605 -0.0374658 -0.209103 0.456476 79 
