-4 2.31579 2 1 56.9602 -0.275532 
-4 2.73684 2 1 14.4336 0.0863708 
-4 3.15789 2 1 8.72769 0.134929 
-4 3.57895 2 1 6.46951 0.154146 
-4 4 2 1 5.25923 0.164446 
4 -4 2 1 -2.18899 -0.299938 
4 -3.57895 2 1 -1.85418 -0.251454 
4 -3.15789 2 1 -1.57873 -0.211565 
4 -2.73684 2 1 -1.34813 -0.178173 
4 -2.31579 2 1 -1.15226 -0.149809 
4 -1.89474 2 1 -0.983822 -0.125417 
4 -1.47368 2 1 -0.837427 -0.104217 
4 -1.05263 2 1 -0.709016 -0.085622 
4 -0.631579 2 1 -0.595466 -0.0691788 
4 -0.210526 2 1 -0.494339 -0.0545345 
4 0.210526 2 1 -0.403701 -0.0414092 
4 0.631579 2 1 -0.322001 -0.0295783 
4 1.05263 2 1 -0.24798 -0.0188592 
4 1.47368 2 1 -0.180603 -0.00910227 
4 1.89474 2 1 -0.119014 -0.000183539 
4 2.31579 2 1 -0.0624978 0.00800057 
4 2.73684 2 1 -0.0104527 0.0155372 
4 3.15789 2 1 0.0376317 0.0225004 
4 3.57895 2 1 0.0821911 0.028953 
4 4 2 1 0.123599 0.0349494 
1.05263 -4 2 1 -29.4723 -6.4196 
1.47368 -4 2 1 -8.33406 -1.67828 
1.89474 -4 2 1 -5.13673 -0.961117 
2.31579 -4 2 1 -3.84459 -0.67129 
2.73684 -4 2 1 -3.14566 -0.51452 
3.15789 -4 2 1 -2.7077 -0.416286 
3.57895 -4 2 1 -2.40755 -0.34896 
4 -4 2 1 -2.18899 -0.299938 
-4 4 2 1 5.25923 0.164446 
-3.57895 4 2 1 3.88721 0.12985 
-3.15789 4 2 1 3.02183 0.108029 
-2.73684 4 2 1 2.42621 0.0930103 
-2.31579 4 2 1 1.99121 0.0820418 
-1.89474 4 2 1 1.65959 0.0736798 
-1.47368 4 2 1 1.39841 0.067094 
-1.05263 4 2 1 1.18737 0.0617727 
-0.631579 4 2 1 1.01331 0.0573836 
-0.210526 4 2 1 0.867281 0.0537015 
0.210526 4 2 1 0.743024 0.0505683 
0.631579 4 2 1 0.636005 0.0478698 
1.05263 4 2 1 0.542871 0.0455214 
1.47368 4 2 1 0.461083 0.0434591 
1.89474 4 2 1 0.388688 0.0416337 
2.31579 4 2 1 0.324155 0.0400064 
2.73684 4 2 1 0.266269 0.0385468 
3.15789 4 2 1 0.214054 0.0372302 
3.57895 4 2 1 0.166715 0.0360365 
4 4 2 1 0.123599 0.0349494 
-4 2.73684 6 1 746.005 653.328 
-4 3.15789 6 1 18.3432 15.186 
-4 3.57895 6 1 9.89742 7.77926 
-4 4 6 1 7.03842 5.27198 
4 -4 6 1 -2.71463 1.55692 
4 -3.57895 6 1 -2.2735 1.4059 
4 -3.15789 6 1 -1.92064 1.2851 
4 -2.73684 6 1 -1.63196 1.18628 
4 -2.31579 6 1 -1.39142 1.10393 
4 -1.89474 6 1 -1.1879 1.03426 
4 -1.47368 6 1 -1.01347 0.974539 
4 -1.05263 6 1 -0.8623 0.922787 
4 -0.631579 6 1 -0.730034 0.877507 
4 -0.210526 6 1 -0.613334 0.837555 
4 0.210526 6 1 -0.509604 0.802044 
4 0.631579 6 1 -0.416795 0.770271 
4 1.05263 6 1 -0.333271 0.741677 
4 1.47368 6 1 -0.257702 0.715807 
4 1.89474 6 1 -0.189006 0.692289 
4 2.31579 6 1 -0.126284 0.670817 
4 2.73684 6 1 -0.0687904 0.651134 
4 3.15789 6 1 -0.0158971 0.633026 
4 3.57895 6 1 0.0329266 0.616312 
4 4 6 1 0.0781331 0.600836 
1.47368 -4 6 1 -36.8303 29.0875 
1.89474 -4 6 1 -9.87691 7.33672 
2.31579 -4 6 1 -5.99243 4.20203 
2.73684 -4 6 1 -4.43624 2.94622 
3.15789 -4 6 1 -3.59772 2.26955 
3.57895 -4 6 1 -3.07344 1.84647 
4 -4 6 1 -2.71463 1.55692 
-4 4 6 1 7.03842 5.27198 
-3.57895 4 6 1 4.73067 3.72322 
-3.15789 4 6 1 3.47274 2.879 
-2.73684 4 6 1 2.68102 2.34767 
-2.31579 4 6 1 2.13684 1.98246 
-1.89474 4 6 1 1.73981 1.71601 
-1.47368 4 6 1 1.43736 1.51303 
-1.05263 4 6 1 1.19928 1.35325 
-0.631579 4 6 1 1.00699 1.22421 
-0.210526 4 6 1 0.848458 1.11781 
0.210526 4 6 1 0.715499 1.02858 
0.631579 4 6 1 0.602389 0.952671 
1.05263 4 6 1 0.504994 0.887308 
1.47368 4 6 1 0.42025 0.830435 
1.89474 4 6 1 0.345842 0.780499 
2.31579 4 6 1 0.27999 0.736304 
2.73684 4 6 1 0.221296 0.696914 
3.15789 4 6 1 0.168654 0.661586 
3.57895 4 6 1 0.121175 0.629722 
4 4 6 1 0.0781331 0.600836 
