-4 -4 2 1 -0.0122562 -0.225259 
-4 -3.57895 2 1 -0.0527461 -0.227335 
-4 -3.15789 2 1 -0.0969466 -0.229601 
-4 -2.73684 2 1 -0.145392 -0.232085 
-4 -2.31579 2 1 -0.198726 -0.23482 
-4 -1.89474 2 1 -0.257726 -0.237844 
-4 -1.47368 2 1 -0.323346 -0.241209 
-4 -1.05263 2 1 -0.396767 -0.244973 
-4 -0.631579 2 1 -0.479468 -0.249213 
-4 -0.210526 2 1 -0.573327 -0.254025 
-4 0.210526 2 1 -0.680765 -0.259534 
-4 0.631579 2 1 -0.804959 -0.265901 
-4 1.05263 2 1 -0.95016 -0.273346 
-4 1.47368 2 1 -1.12219 -0.282166 
-4 1.89474 2 1 -1.32925 -0.292782 
-4 2.31579 2 1 -1.58323 -0.305804 
-4 2.73684 2 1 -1.90214 -0.322155 
-4 3.15789 2 1 -2.31453 -0.343298 
-4 3.57895 2 1 -2.86853 -0.371702 
-4 4 2 1 -3.65222 -0.411882 
4 -4 2 1 2.97121 -0.839479 
4 -3.57895 2 1 3.35596 -0.963087 
4 -3.15789 2 1 3.91751 -1.14349 
4 -2.73684 2 1 4.81406 -1.43153 
4 -2.31579 2 1 6.47286 -1.96445 
4 -1.89474 2 1 10.5847 -3.28547 
4 -1.47368 2 1 38.0316 -12.1033 
-4 -4 2 1 -0.0122562 -0.225259 
-3.57895 -4 2 1 0.0312941 -0.234225 
-3.15789 -4 2 1 0.0784875 -0.243941 
-2.73684 -4 2 1 0.129801 -0.254505 
-2.31579 -4 2 1 0.185799 -0.266034 
-1.89474 -4 2 1 0.247154 -0.278665 
-1.47368 -4 2 1 0.314672 -0.292565 
-1.05263 -4 2 1 0.389332 -0.307936 
-0.631579 -4 2 1 0.47233 -0.325023 
-0.210526 -4 2 1 0.565146 -0.344131 
0.210526 -4 2 1 0.66963 -0.365642 
0.631579 -4 2 1 0.788132 -0.390039 
1.05263 -4 2 1 0.923674 -0.417943 
1.47368 -4 2 1 1.08022 -0.450171 
1.89474 -4 2 1 1.26305 -0.487812 
2.31579 -4 2 1 1.47941 -0.532355 
2.73684 -4 2 1 1.73944 -0.585888 
3.15789 -4 2 1 2.05785 -0.65144 
3.57895 -4 2 1 2.45678 -0.733571 
4 -4 2 1 2.97121 -0.839479 
-4 4 2 1 -3.65222 -0.411882 
-3.57895 4 2 1 -4.25403 -0.508434 
-3.15789 4 2 1 -5.22665 -0.664478 
-2.73684 4 2 1 -7.06543 -0.959483 
-2.31579 4 2 1 -11.856 -1.72806 
-1.89474 4 2 1 -55.6148 -8.74855 
-4 -4 6 1 0.0332495 0.298604 
-4 -3.57895 6 1 -0.00323244 0.318388 
-4 -3.15789 6 1 -0.0428751 0.339886 
-4 -2.73684 6 1 -0.086108 0.363331 
-4 -2.31579 6 1 -0.133442 0.389001 
-4 -1.89474 6 1 -0.185489 0.417226 
-4 -1.47368 6 1 -0.242992 0.448409 
-4 -1.05263 6 1 -0.306853 0.483042 
-4 -0.631579 6 1 -0.378191 0.521728 
-4 -0.210526 6 1 -0.458399 0.565225 
-4 0.210526 6 1 -0.549243 0.61449 
-4 0.631579 6 1 -0.652986 0.67075 
-4 1.05263 6 1 -0.772588 0.73561 
-4 1.47368 6 1 -0.911985 0.811206 
-4 1.89474 6 1 -1.07653 0.900441 
-4 2.31579 6 1 -1.27372 1.00738 
-4 2.73684 6 1 -1.51432 1.13785 
-4 3.15789 6 1 -1.81444 1.30061 
-4 3.57895 6 1 -2.1993 1.50932 
-4 4 6 1 -2.71068 1.78664 
4 -4 6 1 2.62729 0.988363 
4 -3.57895 6 1 2.88671 1.16473 
4 -3.15789 6 1 3.23857 1.40395 
4 -2.73684 6 1 3.743 1.74688 
4 -2.31579 6 1 4.52669 2.27968 
4 -1.89474 6 1 5.91031 3.22036 
4 -1.47368 6 1 9.01001 5.32771 
4 -1.05263 6 1 22.2302 14.3156 
-4 -4 6 1 0.0332495 0.298604 
-3.57895 -4 6 1 0.0762603 0.31004 
-3.15789 -4 6 1 0.122674 0.322382 
-2.73684 -4 6 1 0.172911 0.33574 
-2.31579 -4 6 1 0.227465 0.350246 
-1.89474 -4 6 1 0.286916 0.366054 
-1.47368 -4 6 1 0.351954 0.383348 
-1.05263 -4 6 1 0.423407 0.402347 
-0.631579 -4 6 1 0.502273 0.423317 
-0.210526 -4 6 1 0.589768 0.446583 
0.210526 -4 6 1 0.687391 0.472541 
0.631579 -4 6 1 0.797008 0.501688 
1.05263 -4 6 1 0.920974 0.53465 
1.47368 -4 6 1 1.0623 0.57223 
1.89474 -4 6 1 1.22492 0.61547 
2.31579 -4 6 1 1.41402 0.665753 
2.73684 -4 6 1 1.63666 0.724953 
3.15789 -4 6 1 1.90262 0.795671 
3.57895 -4 6 1 2.22591 0.881634 
4 -4 6 1 2.62729 0.988363 
-4 4 6 1 -2.71068 1.78664 
-3.57895 4 6 1 -2.998 2.1051 
-3.15789 4 6 1 -3.4098 2.56154 
-2.73684 4 6 1 -4.04935 3.27042 
-2.31579 4 6 1 -5.17781 4.52119 
-1.89474 4 6 1 -7.70266 7.31972 
-1.47368 4 6 1 -18.4216 19.2006 
