-4 -4 2 1 1.29295 -0.00402459 
-4 -3.57895 2 1 1.14882 -0.0134025 
-4 -3.15789 2 1 1.015 -0.0221095 
-4 -2.73684 2 1 0.890426 -0.0302152 
-4 -2.31579 2 1 0.774167 -0.0377797 
-4 -1.89474 2 1 0.665418 -0.0448556 
-4 -1.47368 2 1 0.563474 -0.0514887 
-4 -1.05263 2 1 0.467717 -0.0577192 
-4 -0.631579 2 1 0.3776 -0.0635828 
-4 -0.210526 2 1 0.292638 -0.0691109 
-4 0.210526 2 1 0.212402 -0.0743316 
-4 0.631579 2 1 0.136507 -0.0792698 
-4 1.05263 2 1 0.0646117 -0.0839477 
-4 1.47368 2 1 -0.00359303 -0.0883856 
-4 1.89474 2 1 -0.068384 -0.0926013 
-4 2.31579 2 1 -0.130011 -0.0966111 
-4 2.73684 2 1 -0.188701 -0.10043 
-4 3.15789 2 1 -0.244658 -0.104071 
-4 3.57895 2 1 -0.29807 -0.107546 
-4 4 2 1 -0.349105 -0.110867 
-4 -4 2 1 1.29295 -0.00402459 
-3.57895 -4 2 1 1.39461 -0.0091068 
-3.15789 -4 2 1 1.52181 -0.0154653 
-2.73684 -4 2 1 1.68554 -0.0236499 
-2.31579 -4 2 1 1.90417 -0.0345791 
-1.89474 -4 2 1 2.21089 -0.0499117 
-1.47368 -4 2 1 2.67235 -0.07298 
-1.05263 -4 2 1 3.44519 -0.111614 
-0.631579 -4 2 1 5.00502 -0.189588 
-0.210526 -4 2 1 9.80076 -0.429323 
-4 4 2 1 -0.349105 -0.110867 
-3.57895 4 2 1 -0.394052 -0.120241 
-3.15789 4 2 1 -0.444891 -0.130844 
-2.73684 4 2 1 -0.502862 -0.142935 
-2.31579 4 2 1 -0.569579 -0.156849 
-1.89474 4 2 1 -0.647182 -0.173035 
-1.47368 4 2 1 -0.738572 -0.192095 
-1.05263 4 2 1 -0.847782 -0.214872 
-0.631579 4 2 1 -0.980587 -0.242571 
-0.210526 4 2 1 -1.14556 -0.276978 
0.210526 4 2 1 -1.356 -0.320867 
0.631579 4 2 1 -1.6337 -0.378785 
1.05263 4 2 1 -2.01705 -0.458738 
1.47368 4 2 1 -2.5805 -0.576253 
1.89474 4 2 1 -3.48993 -0.765926 
2.31579 4 2 1 -5.2052 -1.12367 
2.73684 4 2 1 -9.64942 -2.05057 
3.15789 4 2 1 -48.6663 -10.1881 
-4 -4 6 1 1.19495 1.01548 
-4 -3.57895 6 1 1.05401 0.968133 
-4 -3.15789 6 1 0.923183 0.924184 
-4 -2.73684 6 1 0.801417 0.88328 
-4 -2.31579 6 1 0.687804 0.845115 
-4 -1.89474 6 1 0.58155 0.809421 
-4 -1.47368 6 1 0.481964 0.775968 
-4 -1.05263 6 1 0.388437 0.74455 
-4 -0.631579 6 1 0.300432 0.714987 
-4 -0.210526 6 1 0.217474 0.687119 
-4 0.210526 6 1 0.139141 0.660805 
-4 0.631579 6 1 0.0650573 0.635918 
-4 1.05263 6 1 -0.00511437 0.612346 
-4 1.47368 6 1 -0.0716758 0.589986 
-4 1.89474 6 1 -0.134898 0.568748 
-4 2.31579 6 1 -0.195028 0.548549 
-4 2.73684 6 1 -0.252285 0.529315 
-4 3.15789 6 1 -0.306871 0.510978 
-4 3.57895 6 1 -0.358969 0.493477 
-4 4 6 1 -0.408744 0.476757 
-4 -4 6 1 1.19495 1.01548 
-3.57895 -4 6 1 1.28602 1.12453 
-3.15789 -4 6 1 1.40005 1.26108 
-2.73684 -4 6 1 1.54699 1.43703 
-2.31579 -4 6 1 1.74348 1.67231 
-1.89474 -4 6 1 2.01965 2.00302 
-1.47368 -4 6 1 2.43633 2.50198 
-1.05263 -4 6 1 3.13733 3.34139 
-0.631579 -4 6 1 4.5643 5.05013 
-0.210526 -4 6 1 9.05621 10.429 
-4 4 6 1 -0.408744 0.476757 
-3.57895 4 6 1 -0.457459 0.503582 
-3.15789 4 6 1 -0.512572 0.533932 
-2.73684 4 6 1 -0.575436 0.568549 
-2.31579 4 6 1 -0.647806 0.608401 
-1.89474 4 6 1 -0.732017 0.654774 
-1.47368 4 6 1 -0.831233 0.70941 
-1.05263 4 6 1 -0.949858 0.774733 
-0.631579 4 6 1 -1.0942 0.85422 
-0.210526 4 6 1 -1.27365 0.953036 
0.210526 4 6 1 -1.50278 1.07921 
0.631579 4 6 1 -1.80553 1.24593 
1.05263 4 6 1 -2.22418 1.47647 
1.47368 4 6 1 -2.84105 1.81616 
1.89474 4 6 1 -3.84058 2.36657 
2.31579 4 6 1 -5.73888 3.41191 
2.73684 4 6 1 -10.7385 6.16506 
3.15789 4 6 1 -60.3388 33.4786 
