-4 -4 2 1 0.602537 -0.208905 
-4 -3.57895 2 1 0.538683 -0.216404 
-4 -3.15789 2 1 0.473496 -0.224059 
-4 -2.73684 2 1 0.406933 -0.231875 
-4 -2.31579 2 1 0.33895 -0.239858 
-4 -1.89474 2 1 0.269501 -0.248014 
-4 -1.47368 2 1 0.198538 -0.256347 
-4 -1.05263 2 1 0.126012 -0.264864 
-4 -0.631579 2 1 0.0518687 -0.273571 
-4 -0.210526 2 1 -0.0239449 -0.282473 
-4 0.210526 2 1 -0.101486 -0.291579 
-4 0.631579 2 1 -0.180816 -0.300895 
-4 1.05263 2 1 -0.261995 -0.310428 
-4 1.47368 2 1 -0.34509 -0.320186 
-4 1.89474 2 1 -0.43017 -0.330177 
-4 2.31579 2 1 -0.517306 -0.340409 
-4 2.73684 2 1 -0.606573 -0.350892 
-4 3.15789 2 1 -0.698051 -0.361634 
-4 3.57895 2 1 -0.791824 -0.372646 
-4 4 2 1 -0.887978 -0.383937 
-4 -4 2 1 0.602537 -0.208905 
-3.57895 -4 2 1 0.657779 -0.216782 
-3.15789 -4 2 1 0.721907 -0.225925 
-2.73684 -4 2 1 0.797251 -0.236667 
-2.31579 -4 2 1 0.887036 -0.249468 
-1.89474 -4 2 1 0.995854 -0.264983 
-1.47368 -4 2 1 1.13047 -0.284177 
-1.05263 -4 2 1 1.30131 -0.308534 
-0.631579 -4 2 1 1.52524 -0.340461 
-0.210526 -4 2 1 1.83158 -0.384138 
0.210526 -4 2 1 2.27608 -0.447513 
0.631579 -4 2 1 2.97941 -0.547791 
1.05263 -4 2 1 4.2605 -0.730443 
1.47368 -4 2 1 7.32745 -1.16772 
1.89474 -4 2 1 24.5055 -3.6169 
-4 4 2 1 -0.887978 -0.383937 
-3.57895 4 2 1 -0.958384 -0.41036 
-3.15789 4 2 1 -1.04341 -0.442271 
-2.73684 4 2 1 -1.14815 -0.481578 
-2.31579 4 2 1 -1.28035 -0.53119 
-1.89474 4 2 1 -1.45243 -0.595769 
-1.47368 4 2 1 -1.68565 -0.683294 
-1.05263 4 2 1 -2.01963 -0.808635 
-0.631579 4 2 1 -2.53768 -1.00305 
-0.210526 4 2 1 -3.44983 -1.34537 
0.210526 4 2 1 -5.48186 -2.10797 
0.631579 4 2 1 -13.9749 -5.29533 
-4 -4 6 1 0.512442 0.428025 
-4 -3.57895 6 1 0.451362 0.427162 
-4 -3.15789 6 1 0.38908 0.426282 
-4 -2.73684 6 1 0.325559 0.425385 
-4 -2.31579 6 1 0.260763 0.42447 
-4 -1.89474 6 1 0.194654 0.423536 
-4 -1.47368 6 1 0.127189 0.422583 
-4 -1.05263 6 1 0.0583288 0.42161 
-4 -0.631579 6 1 -0.0119722 0.420617 
-4 -0.210526 6 1 -0.0837592 0.419603 
-4 0.210526 6 1 -0.15708 0.418567 
-4 0.631579 6 1 -0.231984 0.417509 
-4 1.05263 6 1 -0.308523 0.416427 
-4 1.47368 6 1 -0.386751 0.415322 
-4 1.89474 6 1 -0.466725 0.414193 
-4 2.31579 6 1 -0.548504 0.413037 
-4 2.73684 6 1 -0.632149 0.411856 
-4 3.15789 6 1 -0.717726 0.410647 
-4 3.57895 6 1 -0.805302 0.40941 
-4 4 6 1 -0.894948 0.408143 
-4 -4 6 1 0.512442 0.428025 
-3.57895 -4 6 1 0.558038 0.465163 
-3.15789 -4 6 1 0.61049 0.507885 
-2.73684 -4 6 1 0.671469 0.557553 
-2.31579 -4 6 1 0.743241 0.616012 
-1.89474 -4 6 1 0.828947 0.68582 
-1.47368 -4 6 1 0.933082 0.770638 
-1.05263 -4 6 1 1.06231 0.875892 
-0.631579 -4 6 1 1.22693 1.00998 
-0.210526 -4 6 1 1.44381 1.18662 
0.210526 -4 6 1 1.7425 1.42992 
0.631579 -4 6 1 2.18009 1.78633 
1.05263 -4 6 1 2.8828 2.35869 
1.47368 -4 6 1 4.19625 3.42851 
1.89474 -4 6 1 7.52865 6.14276 
2.31579 -4 6 1 32.9937 26.8842 
-4 4 6 1 -0.894948 0.408143 
-3.57895 4 6 1 -0.960654 0.452616 
-3.15789 4 6 1 -1.03888 0.505563 
-2.73684 4 6 1 -1.13358 0.569663 
-2.31579 4 6 1 -1.25058 0.648852 
-1.89474 4 6 1 -1.3988 0.749172 
-1.47368 4 6 1 -1.59265 0.880381 
-1.05263 4 6 1 -1.85706 1.05934 
-0.631579 4 6 1 -2.2391 1.31792 
-0.210526 4 6 1 -2.83972 1.72445 
0.210526 4 6 1 -3.92173 2.4568 
0.631579 4 6 1 -6.4508 4.16859 
1.05263 4 6 1 -19.189 12.7903 
