-1.3874 -0.418362 -1.45512 0.600046 0 
-1.48849 -0.456597 -1.56079 0.671625 1 
-1.61449 -0.504257 -1.69175 0.760329 2 
-1.77591 -0.565314 -1.85831 0.87314 3 
-1.99013 -0.646342 -2.07724 1.02143 4 
-2.28813 -0.759057 -2.37788 1.22506 5 
-2.73098 -0.926562 -2.81645 1.52212 6 
-3.45821 -1.20163 -3.51614 1.99604 7 
-4.87332 -1.73689 -4.80898 2.87172 8 
-8.82804 -3.23274 -8.00418 5.03592 9 
-81.9023 -30.8727 -28.99 19.2502 10 
0.257117 -0.134055 0.199915 0.408969 20 
0.297171 -0.13761 0.236308 0.435135 21 
0.341922 -0.141582 0.276907 0.464326 22 
0.392247 -0.146049 0.322488 0.497099 23 
0.449258 -0.151109 0.374027 0.534157 24 
0.514382 -0.156889 0.432775 0.576396 25 
0.589482 -0.163554 0.500357 0.624988 26 
0.677041 -0.171326 0.578928 0.681481 27 
0.780441 -0.180503 0.671406 0.747973 28 
0.904408 -0.191506 0.781841 0.827376 29 
1.05576 -0.204938 0.916025 0.923855 30 
1.24468 -0.221706 1.08254 1.04358 31 
1.48716 -0.243228 1.29468 1.19611 32 
1.80974 -0.271858 1.57417 1.39707 33 
2.25993 -0.311815 1.95913 1.67385 34 
2.93217 -0.371479 2.52314 2.07938 35 
4.04447 -0.470202 3.42899 2.73069 36 
6.23925 -0.665 5.12257 3.94838 37 
12.5943 -1.22904 9.42188 7.03961 38 
249.539 -22.259 42.3938 30.7465 39 
-1.3874 -0.418362 -1.45512 0.600046 40 
-1.23159 -0.391425 -1.29988 0.582124 41 
-1.08904 -0.36678 -1.15757 0.565695 42 
-0.958127 -0.344148 -1.02665 0.550579 43 
-0.837486 -0.323292 -0.905784 0.536625 44 
-0.725952 -0.30401 -0.793869 0.523704 45 
-0.622532 -0.28613 -0.689945 0.511706 46 
-0.52637 -0.269506 -0.593184 0.500534 47 
-0.436729 -0.254008 -0.50287 0.490107 48 
-0.352967 -0.239528 -0.418381 0.480353 49 
-0.274525 -0.225966 -0.339169 0.471208 50 
-0.20091 -0.21324 -0.264757 0.462617 51 
-0.131691 -0.201273 -0.194719 0.454531 52 
-0.066486 -0.19 -0.128682 0.446906 53 
-0.00495458 -0.179363 -0.0663128 0.439706 54 
0.0532047 -0.169308 -0.00731318 0.432894 55 
0.108262 -0.15979 0.0485824 0.426441 56 
0.160458 -0.150766 0.101613 0.420318 57 
0.210011 -0.142199 0.151992 0.414502 58 
0.257117 -0.134055 0.199915 0.408969 59 
249.539 -22.259 42.3938 30.7465 79 
