6.50093 -1.65794 29.4017 15.065 1 
4.21429 -1.05797 9.21657 5.02505 2 
3.05152 -0.752875 5.29516 3.07457 3 
2.34751 -0.568154 3.62599 2.24434 4 
1.87549 -0.444304 2.70161 1.78456 5 
1.53701 -0.355494 2.11446 1.49252 6 
1.28243 -0.288695 1.70847 1.29058 7 
1.08399 -0.236628 1.411 1.14262 8 
0.924962 -0.194902 1.18367 1.02955 9 
0.79467 -0.160716 1.00429 0.940328 10 
0.685968 -0.132194 0.85913 0.868129 11 
0.593901 -0.108037 0.739257 0.808505 12 
0.514922 -0.0873143 0.638592 0.758435 13 
0.446425 -0.0693418 0.552859 0.715792 14 
0.386453 -0.0536062 0.478966 0.679038 15 
0.333508 -0.0397144 0.414619 0.647033 16 
0.286424 -0.0273601 0.35808 0.618911 17 
0.244277 -0.0163016 0.308008 0.594006 18 
0.206331 -0.00634513 0.263356 0.571796 19 
-5.14313 -0.824612 -18.6976 16.2866 31 
-3.66784 -0.503098 -6.95754 5.88794 32 
-2.90602 -0.337071 -4.43053 3.64966 33 
-2.44088 -0.235702 -3.32776 2.67289 34 
-2.12736 -0.167376 -2.70988 2.1256 35 
-1.90172 -0.1182 -2.31471 1.77559 36 
-1.73155 -0.0811141 -2.04023 1.53247 37 
-1.59863 -0.052147 -1.83848 1.35377 38 
-1.49194 -0.0288958 -1.68393 1.21687 39 
0.206331 -0.00634513 0.263356 0.571796 60 
0.159983 -0.00696057 0.214572 0.587956 61 
0.111087 -0.00760984 0.162862 0.605086 62 
0.0594271 -0.00829581 0.107956 0.623275 63 
0.00476281 -0.00902167 0.049547 0.642624 64 
-0.0531761 -0.00979102 -0.0127109 0.663248 65 
-0.114693 -0.0106079 -0.0792112 0.685278 66 
-0.18013 -0.0114768 -0.150403 0.708862 67 
-0.249874 -0.0124029 -0.2268 0.73417 68 
-0.324365 -0.013392 -0.308996 0.761399 69 
-0.404104 -0.0144508 -0.397676 0.790776 70 
-0.489666 -0.015587 -0.49364 0.822566 71 
-0.581714 -0.0168092 -0.597824 0.857079 72 
-0.681013 -0.0181278 -0.71133 0.89468 73 
-0.788457 -0.0195545 -0.835468 0.935803 74 
-0.905089 -0.0211032 -0.971807 0.980968 75 
-1.03214 -0.0227903 -1.12224 1.0308 76 
-1.17107 -0.0246351 -1.28906 1.08607 77 
-1.32364 -0.026661 -1.47512 1.1477 78 
-1.49194 -0.0288958 -1.68393 1.21687 79 
