0.0446357 -0.275258 0.0790702 0.251758 0 
0.00288251 -0.277742 0.0416297 0.269532 1 
-0.0424455 -0.28044 0.00122315 0.288713 2 
-0.0918278 -0.283379 -0.0425164 0.309476 3 
-0.145834 -0.286593 -0.0900191 0.332026 4 
-0.205145 -0.290123 -0.141792 0.356603 5 
-0.270584 -0.294017 -0.198439 0.383494 6 
-0.34315 -0.298336 -0.260682 0.413041 7 
-0.424077 -0.303152 -0.329392 0.445658 8 
-0.514897 -0.308557 -0.405634 0.481851 9 
-0.617542 -0.314666 -0.490718 0.52224 10 
-0.734484 -0.321625 -0.586275 0.567602 11 
-0.868931 -0.329627 -0.694368 0.618915 12 
-1.02513 -0.338923 -0.817636 0.67743 13 
-1.20884 -0.349856 -0.959515 0.744781 14 
-1.428 -0.362899 -1.12456 0.823131 15 
-1.694 -0.378729 -1.31897 0.915415 16 
-2.02363 -0.398346 -1.55131 1.02571 17 
-2.44283 -0.423295 -1.83391 1.15986 18 
-2.99385 -0.456088 -2.18506 1.32655 19 
3.98995 -1.10209 3.06263 1.16768 20 
4.69944 -1.3171 3.39536 1.39757 21 
5.8627 -1.66961 3.86083 1.71916 22 
8.11966 -2.35356 4.55825 2.20101 23 
14.3813 -4.25109 5.71855 3.00266 24 
119.117 -35.9903 8.0314 4.60061 25 
0.0446357 -0.275258 0.0790702 0.251758 40 
0.088457 -0.284441 0.121135 0.264672 41 
0.136296 -0.294467 0.166767 0.27868 42 
0.188731 -0.305456 0.216439 0.293929 43 
0.246459 -0.317555 0.270713 0.310591 44 
0.310324 -0.330939 0.330261 0.328871 45 
0.381358 -0.345826 0.395889 0.349018 46 
0.460842 -0.362483 0.468579 0.371334 47 
0.550377 -0.381248 0.549536 0.396187 48 
0.652 -0.402545 0.640255 0.424036 49 
0.768335 -0.426926 0.742615 0.45546 50 
0.902826 -0.455112 0.85901 0.491192 51 
1.06008 -0.488069 0.99254 0.532184 52 
1.24642 -0.527121 1.14729 0.579691 53 
1.47074 -0.57413 1.32875 0.635397 54 
1.74594 -0.631806 1.54449 0.701629 55 
2.09158 -0.704243 1.80525 0.781678 56 
2.53866 -0.797939 2.12675 0.880374 57 
3.13951 -0.923862 2.533 1.00509 58 
3.98995 -1.10209 3.06263 1.16768 59 
-2.99385 -0.456088 -2.18506 1.32655 60 
-3.40385 -0.53459 -2.36743 1.53301 61 
-4.02025 -0.652614 -2.61331 1.81134 62 
-5.05139 -0.850047 -2.96285 2.20703 63 
-7.12802 -1.24766 -3.49912 2.81408 64 
-13.4751 -2.46294 -4.42626 3.86362 65 
