-4 -4 2 1 -0.511354 0.0534991 
-4 -3.57895 2 1 -0.554044 0.0437687 
-4 -3.15789 2 1 -0.602811 0.0326532 
-4 -2.73684 2 1 -0.659052 0.0198341 
-4 -2.31579 2 1 -0.724628 0.00488726 
-4 -1.89474 2 1 -0.802073 -0.0127649 
-4 -1.47368 2 1 -0.89493 -0.0339301 
-4 -1.05263 2 1 -1.00831 -0.0597727 
-4 -0.631579 2 1 -1.14986 -0.0920362 
-4 -0.210526 2 1 -1.33156 -0.133453 
-4 0.210526 2 1 -1.57334 -0.188561 
-4 0.631579 2 1 -1.91088 -0.265497 
-4 1.05263 2 1 -2.41511 -0.380427 
-4 1.47368 2 1 -3.25002 -0.570729 
-4 1.89474 2 1 -4.89959 -0.946718 
-4 2.31579 2 1 -9.69206 -2.03907 
-4 2.73684 2 1 -207.304 -47.0811 
4 -4 2 1 0.818186 0.0115681 
4 -3.57895 2 1 0.872502 -0.00332349 
4 -3.15789 2 1 0.936143 -0.0207717 
4 -2.73684 2 1 1.01174 -0.0414968 
4 -2.31579 2 1 1.103 -0.0665175 
4 -1.89474 2 1 1.21536 -0.0973237 
4 -1.47368 2 1 1.3571 -0.136184 
4 -1.05263 2 1 1.54148 -0.186734 
4 -0.631579 2 1 1.79112 -0.255178 
4 -0.210526 2 1 2.14816 -0.353064 
4 0.210526 2 1 2.70086 -0.504596 
4 0.631579 2 1 3.67078 -0.770514 
4 1.05263 2 1 5.81676 -1.35887 
4 1.47368 2 1 14.5715 -3.75913 
-4 -4 2 1 -0.511354 0.0534991 
-3.57895 -4 2 1 -0.451371 0.0516074 
-3.15789 -4 2 1 -0.390429 0.0496854 
-2.73684 -4 2 1 -0.328504 0.0477324 
-2.31579 -4 2 1 -0.265573 0.0457477 
-1.89474 -4 2 1 -0.20161 0.0437304 
-1.47368 -4 2 1 -0.136591 0.0416798 
-1.05263 -4 2 1 -0.070488 0.0395951 
-0.631579 -4 2 1 -0.00327477 0.0374753 
-0.210526 -4 2 1 0.0650772 0.0353196 
0.210526 -4 2 1 0.134597 0.0331271 
0.631579 -4 2 1 0.205315 0.0308968 
1.05263 -4 2 1 0.277263 0.0286277 
1.47368 -4 2 1 0.350472 0.0263189 
1.89474 -4 2 1 0.424977 0.0239691 
2.31579 -4 2 1 0.500811 0.0215775 
2.73684 -4 2 1 0.578011 0.0191427 
3.15789 -4 2 1 0.656614 0.0166638 
3.57895 -4 2 1 0.736659 0.0141393 
4 -4 2 1 0.818186 0.0115681 
-4 -4 6 1 -0.573582 0.738855 
-4 -3.57895 6 1 -0.627289 0.779927 
-4 -3.15789 6 1 -0.689858 0.827776 
-4 -2.73684 6 1 -0.763678 0.88423 
-4 -2.31579 6 1 -0.852086 0.95184 
-4 -1.89474 6 1 -0.959879 1.03427 
-4 -1.47368 6 1 -1.09422 1.13701 
-4 -1.05263 6 1 -1.26629 1.2686 
-4 -0.631579 6 1 -1.49457 1.44318 
-4 -0.210526 6 1 -1.81201 1.68594 
-4 0.210526 6 1 -2.28351 2.04651 
-4 0.631579 6 1 -3.05712 2.63813 
-4 1.05263 6 1 -4.56013 3.78755 
-4 1.47368 6 1 -8.74413 6.98725 
-4 1.89474 6 1 -81.9514 62.9723 
4 -4 6 1 0.961966 0.830376 
4 -3.57895 6 1 1.03946 0.88918 
4 -3.15789 6 1 1.13291 0.960083 
4 -2.73684 6 1 1.24778 1.04725 
4 -2.31579 6 1 1.3924 1.15699 
4 -1.89474 6 1 1.58007 1.29938 
4 -1.47368 6 1 1.83334 1.49156 
4 -1.05263 6 1 2.19391 1.76516 
4 -0.631579 6 1 2.74828 2.18581 
4 -0.210526 6 1 3.71013 2.91565 
4 0.210526 6 1 5.78979 4.49367 
4 0.631579 6 1 13.6386 10.4492 
-4 -4 6 1 -0.573582 0.738855 
-3.57895 -4 6 1 -0.505896 0.74289 
-3.15789 -4 6 1 -0.436976 0.746997 
-2.73684 -4 6 1 -0.366789 0.75118 
-2.31579 -4 6 1 -0.2953 0.755441 
-1.89474 -4 6 1 -0.222471 0.759782 
-1.47368 -4 6 1 -0.148266 0.764205 
-1.05263 -4 6 1 -0.0726443 0.768712 
-0.631579 -4 6 1 0.00443479 0.773306 
-0.210526 -4 6 1 0.0830137 0.777989 
0.210526 -4 6 1 0.163137 0.782765 
0.631579 -4 6 1 0.24485 0.787635 
1.05263 -4 6 1 0.328201 0.792603 
1.47368 -4 6 1 0.413239 0.797671 
1.89474 -4 6 1 0.500017 0.802843 
2.31579 -4 6 1 0.588588 0.808122 
2.73684 -4 6 1 0.679009 0.813511 
3.15789 -4 6 1 0.771338 0.819014 
3.57895 -4 6 1 0.865636 0.824635 
4 -4 6 1 0.961966 0.830376 
