-4 -4 2 1 30.9059 -8.30731 
-4 -3.57895 2 1 9.04831 -2.4043 
-4 -3.15789 2 1 5.1424 -1.34944 
-4 -2.73684 2 1 3.51058 -0.908736 
-4 -2.31579 2 1 2.61461 -0.666765 
-4 -1.89474 2 1 2.04833 -0.513833 
-4 -1.47368 2 1 1.65805 -0.408431 
-4 -1.05263 2 1 1.37275 -0.331381 
-4 -0.631579 2 1 1.1551 -0.2726 
-4 -0.210526 2 1 0.983585 -0.226279 
-4 0.210526 2 1 0.844941 -0.188836 
-4 0.631579 2 1 0.730546 -0.157942 
-4 1.05263 2 1 0.63455 -0.132016 
-4 1.47368 2 1 0.552844 -0.10995 
-4 1.89474 2 1 0.482458 -0.0909415 
-4 2.31579 2 1 0.421193 -0.0743957 
-4 2.73684 2 1 0.367383 -0.0598634 
-4 3.15789 2 1 0.319745 -0.0469981 
-4 3.57895 2 1 0.277276 -0.0355285 
-4 4 2 1 0.239177 -0.0252393 
4 -0.210526 2 1 -20.0647 -3.65715 
4 0.210526 2 1 -6.9424 -1.09877 
4 0.631579 2 1 -4.34422 -0.592217 
4 1.05263 2 1 -3.23337 -0.375641 
4 1.47368 2 1 -2.61692 -0.255455 
4 1.89474 2 1 -2.22489 -0.179023 
4 2.31579 2 1 -1.95359 -0.126131 
4 2.73684 2 1 -1.75471 -0.0873551 
4 3.15789 2 1 -1.60265 -0.0577097 
4 3.57895 2 1 -1.48263 -0.0343096 
4 4 2 1 -1.38548 -0.0153693 
-4 -4 2 1 30.9059 -8.30731 
-4 4 2 1 0.239177 -0.0252393 
-3.57895 4 2 1 0.191862 -0.0249518 
-3.15789 4 2 1 0.14214 -0.0246498 
-2.73684 4 2 1 0.0898203 -0.0243319 
-2.31579 4 2 1 0.0346956 -0.023997 
-1.89474 4 2 1 -0.0234664 -0.0236437 
-1.47368 4 2 1 -0.0849238 -0.0232703 
-1.05263 4 2 1 -0.149965 -0.0228752 
-0.631579 4 2 1 -0.218912 -0.0224563 
-0.210526 4 2 1 -0.292129 -0.0220115 
0.210526 4 2 1 -0.370025 -0.0215383 
0.631579 4 2 1 -0.453062 -0.0210338 
1.05263 4 2 1 -0.541768 -0.020495 
1.47368 4 2 1 -0.636743 -0.019918 
1.89474 4 2 1 -0.738676 -0.0192987 
2.31579 4 2 1 -0.848361 -0.0186324 
2.73684 4 2 1 -0.966718 -0.0179133 
3.15789 4 2 1 -1.09482 -0.0171351 
3.57895 4 2 1 -1.23391 -0.0162901 
4 4 2 1 -1.38548 -0.0153693 
-4 -3.57895 6 1 157.213 79.9869 
-4 -3.15789 6 1 12.2549 6.60288 
-4 -2.73684 6 1 6.1631 3.51895 
-4 -2.31579 6 1 4.0171 2.43255 
-4 -1.89474 6 1 2.92107 1.8777 
-4 -1.47368 6 1 2.25589 1.54095 
-4 -1.05263 6 1 1.80924 1.31484 
-4 -0.631579 6 1 1.48863 1.15253 
-4 -0.210526 6 1 1.2473 1.03036 
-4 0.210526 6 1 1.05908 0.935079 
-4 0.631579 6 1 0.908177 0.858686 
-4 1.05263 6 1 0.784494 0.796073 
-4 1.47368 6 1 0.681276 0.743819 
-4 1.89474 6 1 0.593831 0.699551 
-4 2.31579 6 1 0.5188 0.661567 
-4 2.73684 6 1 0.453715 0.628618 
-4 3.15789 6 1 0.396721 0.599765 
-4 3.57895 6 1 0.346398 0.57429 
-4 4 6 1 0.30164 0.551631 
4 0.210526 6 1 -65.3489 60.3214 
4 0.631579 6 1 -8.74605 7.84366 
4 1.05263 6 1 -4.88697 4.26583 
4 1.47368 6 1 -3.48096 2.96229 
4 1.89474 6 1 -2.75314 2.28751 
4 2.31579 6 1 -2.30817 1.87497 
4 2.73684 6 1 -2.00799 1.59667 
4 3.15789 6 1 -1.79183 1.39626 
4 3.57895 6 1 -1.62873 1.24505 
4 4 6 1 -1.5013 1.1269 
-4 4 6 1 0.30164 0.551631 
-3.57895 4 6 1 0.252375 0.56735 
-3.15789 4 6 1 0.200406 0.583932 
-2.73684 4 6 1 0.145503 0.60145 
-2.31579 4 6 1 0.087412 0.619986 
-1.89474 4 6 1 0.0258461 0.63963 
-1.47368 4 6 1 -0.0395161 0.660485 
-1.05263 4 6 1 -0.109037 0.682667 
-0.631579 4 6 1 -0.183126 0.706307 
-0.210526 4 6 1 -0.262249 0.731553 
0.210526 4 6 1 -0.346937 0.758575 
0.631579 4 6 1 -0.437799 0.787566 
1.05263 4 6 1 -0.535535 0.818751 
1.47368 4 6 1 -0.640956 0.852388 
1.89474 4 6 1 -0.755005 0.888779 
2.31579 4 6 1 -0.878788 0.928274 
2.73684 4 6 1 -1.0136 0.971291 
3.15789 4 6 1 -1.161 1.01832 
3.57895 4 6 1 -1.32282 1.06995 
4 4 6 1 -1.5013 1.1269 
