-0.331366 0.169514 -0.322178 0.806055 0 
-0.371714 0.171852 -0.365997 0.850883 1 
-0.417239 0.17449 -0.416047 0.902086 2 
-0.469005 0.17749 -0.473759 0.961127 3 
-0.52839 0.180931 -0.541038 1.02996 4 
-0.597211 0.184918 -0.620477 1.11123 5 
-0.677909 0.189594 -0.715703 1.20864 6 
-0.77385 0.195153 -0.831939 1.32756 7 
-0.889803 0.201872 -0.977001 1.47596 8 
-1.03276 0.210156 -1.16313 1.66638 9 
-1.21339 0.220622 -1.41064 1.91959 10 
-1.44886 0.234266 -1.75589 2.27279 11 
-1.7686 0.252793 -2.27101 2.79978 12 
-2.22772 0.279396 -3.12231 3.67068 13 
-2.94273 0.320826 -4.79823 5.38521 14 
-4.21025 0.394271 -9.62233 10.3204 15 
-7.07388 0.5602 -163.596 167.841 16 
1.1642 0.0688981 1.40949 1.08723 20 
1.24353 0.0629609 1.53 1.19481 21 
1.33972 0.0557625 1.68107 1.32965 22 
1.45877 0.0468532 1.87597 1.50363 23 
1.60993 0.0355407 2.13704 1.73667 24 
1.80822 0.0207012 2.50487 2.06501 25 
2.07976 0.000380684 3.06175 2.5621 26 
2.4743 -0.0291456 4.00385 3.40305 27 
3.09992 -0.0759651 5.94226 5.13334 28 
4.24371 -0.161562 12.2308 10.7467 29 
-0.331366 0.169514 -0.322178 0.806055 40 
-0.279319 0.166013 -0.264904 0.815355 41 
-0.225276 0.162377 -0.205215 0.825047 42 
-0.169118 0.158599 -0.142956 0.835156 43 
-0.11072 0.15467 -0.0779561 0.84571 44 
-0.0499452 0.150581 -0.0100314 0.856739 45 
0.0133553 0.146323 0.0610205 0.868276 46 
0.0793419 0.141883 0.135421 0.880357 47 
0.148189 0.137252 0.213411 0.893021 48 
0.220088 0.132414 0.295259 0.90631 49 
0.295245 0.127358 0.381256 0.920274 50 
0.373887 0.122067 0.471728 0.934964 51 
0.456262 0.116525 0.567033 0.950439 52 
0.542643 0.110714 0.667568 0.966764 53 
0.633328 0.104613 0.773777 0.984009 54 
0.728649 0.0982002 0.886152 1.00226 55 
0.828969 0.0914511 1.00525 1.02159 56 
0.934693 0.0843383 1.13169 1.04212 57 
1.04627 0.0768319 1.26617 1.06396 58 
1.1642 0.0688981 1.40949 1.08723 59 
