4 -4 2 1 -0.281298 -0.302381 
4 -3.57895 2 1 -0.233389 -0.309411 
4 -3.15789 2 1 -0.182554 -0.31687 
4 -2.73684 2 1 -0.128515 -0.324798 
4 -2.31579 2 1 -0.0709611 -0.333243 
4 -1.89474 2 1 -0.00953675 -0.342256 
4 -1.47368 2 1 0.0561619 -0.351896 
4 -1.05263 2 1 0.126597 -0.36223 
4 -0.631579 2 1 0.2023 -0.373338 
4 -0.210526 2 1 0.283884 -0.385309 
4 0.210526 2 1 0.372064 -0.398247 
4 0.631579 2 1 0.467671 -0.412276 
4 1.05263 2 1 0.571687 -0.427538 
4 1.47368 2 1 0.685271 -0.444203 
4 1.89474 2 1 0.809808 -0.462476 
4 2.31579 2 1 0.946961 -0.482601 
4 2.73684 2 1 1.09875 -0.504872 
4 3.15789 2 1 1.26765 -0.529654 
4 3.57895 2 1 1.45673 -0.557397 
4 4 2 1 1.66983 -0.588665 
-3.57895 -4 2 1 -23.6282 -3.27959 
-3.15789 -4 2 1 -8.79012 -1.38743 
-2.73684 -4 2 1 -5.24274 -0.935066 
-2.31579 -4 2 1 -3.65071 -0.73205 
-1.89474 -4 2 1 -2.74662 -0.616761 
-1.47368 -4 2 1 -2.1638 -0.542438 
-1.05263 -4 2 1 -1.75683 -0.490542 
-0.631579 -4 2 1 -1.45656 -0.452251 
-0.210526 -4 2 1 -1.22589 -0.422836 
0.210526 -4 2 1 -1.04314 -0.399531 
0.631579 -4 2 1 -0.894775 -0.380612 
1.05263 -4 2 1 -0.771928 -0.364946 
1.47368 -4 2 1 -0.668537 -0.351762 
1.89474 -4 2 1 -0.580319 -0.340512 
2.31579 -4 2 1 -0.504162 -0.330801 
2.73684 -4 2 1 -0.437751 -0.322332 
3.15789 -4 2 1 -0.379327 -0.314882 
3.57895 -4 2 1 -0.327532 -0.308277 
4 -4 2 1 -0.281298 -0.302381 
0.631579 4 2 1 22.2951 -7.67292 
1.05263 4 2 1 7.18997 -2.48469 
1.47368 4 2 1 4.46274 -1.54796 
1.89474 4 2 1 3.3208 -1.15573 
2.31579 4 2 1 2.69318 -0.94016 
2.73684 4 2 1 2.29627 -0.803832 
3.15789 4 2 1 2.02261 -0.709838 
3.57895 4 2 1 1.82251 -0.641109 
4 4 2 1 1.66983 -0.588665 
-4 -4 6 1 -10.2043 6.1407 
-4 -3.57895 6 1 -15.081 9.78413 
-4 -3.15789 6 1 -33.8254 23.7883 
4 -4 6 1 -0.227402 0.250885 
4 -3.57895 6 1 -0.182424 0.259396 
4 -3.15789 6 1 -0.134956 0.268378 
4 -2.73684 6 1 -0.0847857 0.277871 
4 -2.31579 6 1 -0.0316767 0.28792 
4 -1.89474 6 1 0.0246377 0.298576 
4 -1.47368 6 1 0.0844566 0.309894 
4 -1.05263 6 1 0.148118 0.32194 
4 -0.631579 6 1 0.216003 0.334785 
4 -0.210526 6 1 0.288548 0.348512 
4 0.210526 6 1 0.36625 0.363215 
4 0.631579 6 1 0.449678 0.379001 
4 1.05263 6 1 0.53949 0.395995 
4 1.47368 6 1 0.636447 0.414341 
4 1.89474 6 1 0.741437 0.434207 
4 2.31579 6 1 0.855503 0.455791 
4 2.73684 6 1 0.979873 0.479324 
4 3.15789 6 1 1.11601 0.505084 
4 3.57895 6 1 1.26567 0.533402 
4 4 6 1 1.43097 0.564679 
-4 -4 6 1 -10.2043 6.1407 
-3.57895 -4 6 1 -5.82056 3.55277 
-3.15789 -4 6 1 -3.97847 2.46531 
-2.73684 -4 6 1 -2.96438 1.86664 
-2.31579 -4 6 1 -2.32246 1.48769 
-1.89474 -4 6 1 -1.87961 1.22626 
-1.47368 -4 6 1 -1.55565 1.03501 
-1.05263 -4 6 1 -1.30837 0.889028 
-0.631579 -4 6 1 -1.11343 0.773945 
-0.210526 -4 6 1 -0.955797 0.680889 
0.210526 -4 6 1 -0.825702 0.604087 
0.631579 -4 6 1 -0.716506 0.539624 
1.05263 -4 6 1 -0.623548 0.484747 
1.47368 -4 6 1 -0.543456 0.437465 
1.89474 -4 6 1 -0.473733 0.396305 
2.31579 -4 6 1 -0.412487 0.360148 
2.73684 -4 6 1 -0.35826 0.328136 
3.15789 -4 6 1 -0.309913 0.299594 
3.57895 -4 6 1 -0.266536 0.273987 
4 -4 6 1 -0.227402 0.250885 
-0.210526 4 6 1 35.7041 29.7152 
0.210526 4 6 1 7.83069 6.00786 
0.631579 4 6 1 4.6045 3.26388 
1.05263 4 6 1 3.35649 2.2024 
1.47368 4 6 1 2.69415 1.63905 
1.89474 4 6 1 2.28356 1.28984 
2.31579 4 6 1 2.00412 1.05216 
2.73684 4 6 1 1.80163 0.879943 
3.15789 4 6 1 1.64817 0.749416 
3.57895 4 6 1 1.52784 0.647074 
4 4 6 1 1.43097 0.564679 
