-4 -4 2 1 -1.02746 0.140815 
-4 -3.57895 2 1 -1.09805 0.146617 
-4 -3.15789 2 1 -1.18284 0.153586 
-4 -2.73684 2 1 -1.28658 0.162113 
-4 -2.31579 2 1 -1.41642 0.172784 
-4 -1.89474 2 1 -1.58363 0.186528 
-4 -1.47368 2 1 -1.80705 0.204891 
-4 -1.05263 2 1 -2.12077 0.230676 
-4 -0.631579 2 1 -2.59337 0.26952 
-4 -0.210526 2 1 -3.3865 0.334708 
-4 0.210526 2 1 -4.99355 0.466794 
-4 0.631579 2 1 -9.98771 0.877271 
4 -4 2 1 0.403459 0.228785 
4 -3.57895 2 1 0.445593 0.238486 
4 -3.15789 2 1 0.493493 0.249516 
4 -2.73684 2 1 0.548429 0.262165 
4 -2.31579 2 1 0.612074 0.27682 
4 -1.89474 2 1 0.686677 0.293998 
4 -1.47368 2 1 0.775335 0.314412 
4 -1.05263 2 1 0.882434 0.339073 
4 -0.631579 2 1 1.01439 0.369457 
4 -0.210526 2 1 1.18101 0.407822 
4 0.210526 2 1 1.39799 0.457784 
4 0.631579 2 1 1.69225 0.52554 
4 1.05263 2 1 2.11402 0.622655 
4 1.47368 2 1 2.76907 0.773487 
4 1.89474 2 1 3.92499 1.03965 
4 2.31579 2 1 6.51172 1.63526 
4 2.73684 2 1 17.5005 4.16552 
-4 -4 2 1 -1.02746 0.140815 
-3.57895 -4 2 1 -0.924841 0.147124 
-3.15789 -4 2 1 -0.826277 0.153183 
-2.73684 -4 2 1 -0.73153 0.159008 
-2.31579 -4 2 1 -0.640382 0.164612 
-1.89474 -4 2 1 -0.552633 0.170006 
-1.47368 -4 2 1 -0.468094 0.175203 
-1.05263 -4 2 1 -0.386595 0.180214 
-0.631579 -4 2 1 -0.307972 0.185047 
-0.210526 -4 2 1 -0.232078 0.189713 
0.210526 -4 2 1 -0.158771 0.19422 
0.631579 -4 2 1 -0.0879225 0.198576 
1.05263 -4 2 1 -0.0194104 0.202788 
1.47368 -4 2 1 0.0468791 0.206863 
1.89474 -4 2 1 0.111052 0.210808 
2.31579 -4 2 1 0.173209 0.214629 
2.73684 -4 2 1 0.233443 0.218332 
3.15789 -4 2 1 0.291841 0.221923 
3.57895 -4 2 1 0.348487 0.225405 
4 -4 2 1 0.403459 0.228785 
-4 -4 6 1 -1.19555 1.04085 
-4 -3.57895 6 1 -1.28984 1.1374 
-4 -3.15789 6 1 -1.40514 1.25546 
-4 -2.73684 6 1 -1.54934 1.40311 
-4 -2.31579 6 1 -1.73486 1.59307 
-4 -1.89474 6 1 -1.98243 1.84656 
-4 -1.47368 6 1 -2.32944 2.20187 
-4 -1.05263 6 1 -2.85085 2.73575 
-4 -0.631579 6 1 -3.72224 3.62799 
-4 -0.210526 6 1 -5.47403 5.42169 
-4 0.210526 6 1 -10.8026 10.8777 
4 -4 6 1 0.374159 0.865814 
4 -3.57895 6 1 0.417081 0.919652 
4 -3.15789 6 1 0.466294 0.98138 
4 -2.73684 6 1 0.52329 1.05287 
4 -2.31579 6 1 0.590074 1.13664 
4 -1.89474 6 1 0.669404 1.23614 
4 -1.47368 6 1 0.765181 1.35628 
4 -1.05263 6 1 0.883113 1.5042 
4 -0.631579 6 1 1.03189 1.69081 
4 -0.210526 6 1 1.22544 1.93358 
4 0.210526 6 1 1.48754 2.26234 
4 0.631579 6 1 1.86247 2.73261 
4 1.05263 6 1 2.44304 3.46083 
4 1.47368 6 1 3.46238 4.73939 
4 1.89474 6 1 5.72001 7.57115 
4 2.31579 6 1 14.9633 19.1651 
-4 -4 6 1 -1.19555 1.04085 
-3.57895 -4 6 1 -1.08039 1.028 
-3.15789 -4 6 1 -0.970166 1.01571 
-2.73684 -4 6 1 -0.864564 1.00394 
-2.31579 -4 6 1 -0.763298 0.992647 
-1.89474 -4 6 1 -0.666107 0.98181 
-1.47368 -4 6 1 -0.57275 0.9714 
-1.05263 -4 6 1 -0.483005 0.961393 
-0.631579 -4 6 1 -0.396665 0.951765 
-0.210526 -4 6 1 -0.313541 0.942497 
0.210526 -4 6 1 -0.233456 0.933567 
0.631579 -4 6 1 -0.156247 0.924957 
1.05263 -4 6 1 -0.0817613 0.916652 
1.47368 -4 6 1 -0.00985725 0.908634 
1.89474 -4 6 1 0.059597 0.900889 
2.31579 -4 6 1 0.126724 0.893404 
2.73684 -4 6 1 0.19164 0.886166 
3.15789 -4 6 1 0.254452 0.879162 
3.57895 -4 6 1 0.31526 0.872382 
4 -4 6 1 0.374159 0.865814 
