-0.0468136 -0.145773 0.00364213 0.375966 0 
-0.0863 -0.145817 -0.0321917 0.398849 1 
-0.129559 -0.145865 -0.0713195 0.423836 2 
-0.17716 -0.145918 -0.114217 0.45123 3 
-0.229789 -0.145976 -0.161457 0.481397 4 
-0.288289 -0.146042 -0.213734 0.514781 5 
-0.353699 -0.146115 -0.271899 0.551925 6 
-0.427322 -0.146197 -0.337005 0.593501 7 
-0.510806 -0.14629 -0.410375 0.640355 8 
-0.606276 -0.146396 -0.493688 0.693558 9 
-0.716513 -0.146519 -0.589113 0.754495 10 
-0.84523 -0.146662 -0.699496 0.824986 11 
-0.997498 -0.146832 -0.828657 0.907467 12 
-1.18043 -0.147036 -0.981829 1.00528 13 
-1.40434 -0.147285 -1.1664 1.12315 14 
-1.68471 -0.147597 -1.39311 1.26793 15 
-2.04599 -0.148 -1.67828 1.45003 16 
-2.5291 -0.148538 -2.04784 1.68603 17 
-3.20819 -0.149295 -2.54577 2.00401 18 
-4.23282 -0.150436 -3.25301 2.45565 19 
2.49351 -0.566287 2.38121 1.01877 20 
2.76303 -0.634132 2.6031 1.18406 21 
3.13597 -0.72801 2.89848 1.40408 22 
3.68598 -0.866461 3.31108 1.71143 23 
4.57843 -1.09111 3.92795 2.17093 24 
6.27767 -1.51885 4.95072 2.93278 25 
10.7802 -2.65224 6.97638 4.44169 26 
57.6919 -14.4611 12.899 8.85339 27 
-0.0468136 -0.145773 0.00364213 0.375966 40 
-0.00318665 -0.152994 0.0475154 0.387827 41 
0.043833 -0.160778 0.0946729 0.400577 42 
0.0946572 -0.169191 0.145498 0.414318 43 
0.149767 -0.178314 0.200435 0.429171 44 
0.209728 -0.188239 0.260004 0.445276 45 
0.275211 -0.199079 0.324818 0.462799 46 
0.347016 -0.210965 0.3956 0.481936 47 
0.426103 -0.224057 0.473215 0.50292 48 
0.513641 -0.238548 0.558703 0.526033 49 
0.61106 -0.254674 0.653325 0.551615 50 
0.720134 -0.27273 0.758627 0.580085 51 
0.843085 -0.293083 0.876527 0.61196 52 
0.982745 -0.316201 1.00943 0.647892 53 
1.14276 -0.34269 1.16039 0.688706 54 
1.32795 -0.373345 1.33336 0.73547 55 
1.54474 -0.409232 1.53353 0.789588 56 
1.80198 -0.451815 1.76786 0.852943 57 
2.11217 -0.503161 2.04592 0.92812 58 
2.49351 -0.566287 2.38121 1.01877 59 
-4.23282 -0.150436 -3.25301 2.45565 60 
-5.038 -0.203118 -3.6825 2.96256 61 
-6.42852 -0.294097 -4.34097 3.73975 62 
-9.40714 -0.488983 -5.47812 5.08193 63 
-20.3163 -1.20275 -7.91399 7.95697 64 
