-3.00952 0.21524 -2.22896 1.60945 0 
-3.36104 0.292658 -2.37687 1.83216 1 
-3.86257 0.403117 -2.56566 2.11643 2 
-4.6362 0.573504 -2.81499 2.49185 3 
-5.9858 0.870742 -3.15953 3.01065 4 
-8.93597 1.5205 -3.66673 3.77435 5 
-20.4824 4.06351 -4.48732 5.00994 6 
-0.0260886 -0.0582102 -0.0402221 0.422561 20 
0.0137949 -0.0514541 -0.00459213 0.446336 21 
0.057046 -0.0441275 0.0337539 0.471923 22 
0.10411 -0.036155 0.0751387 0.499539 23 
0.155515 -0.0274473 0.119939 0.529433 24 
0.211889 -0.0178977 0.168595 0.5619 25 
0.273991 -0.00737789 0.221627 0.597287 26 
0.342739 0.00426784 0.279653 0.636006 27 
0.419262 0.0172305 0.343414 0.678553 28 
0.504956 0.0317468 0.413805 0.725523 29 
0.601577 0.048114 0.491915 0.777644 30 
0.711355 0.06671 0.579088 0.835813 31 
0.837176 0.0880236 0.676999 0.901146 32 
0.982832 0.112697 0.787762 0.975056 33 
1.15342 0.141593 0.914085 1.05935 34 
1.35593 0.175898 1.0595 1.15638 35 
1.60025 0.217285 1.22867 1.26926 36 
1.90083 0.268202 1.42796 1.40225 37 
2.27961 0.332367 1.66618 1.56121 38 
2.77171 0.415726 1.95599 1.75459 39 
-3.00952 0.21524 -2.22896 1.60945 40 
-2.48478 0.167144 -1.91121 1.43714 41 
-2.08086 0.130122 -1.65001 1.2955 42 
-1.76034 0.100745 -1.4315 1.17701 43 
-1.49981 0.0768652 -1.24601 1.07642 44 
-1.28386 0.0570724 -1.08657 0.989966 45 
-1.10196 0.0403999 -0.948068 0.914858 46 
-0.946638 0.0261638 -0.826622 0.849001 47 
-0.812469 0.0138663 -0.719267 0.790786 48 
-0.695406 0.00313679 -0.623686 0.738955 49 
-0.592374 -0.00630672 -0.538042 0.692513 50 
-0.500993 -0.0146824 -0.460862 0.650661 51 
-0.419392 -0.0221615 -0.390951 0.61275 52 
-0.346081 -0.0288809 -0.327328 0.578249 53 
-0.279859 -0.0349506 -0.26918 0.546718 54 
-0.219743 -0.0404606 -0.215831 0.517788 55 
-0.164927 -0.0454848 -0.16671 0.491151 56 
-0.11474 -0.0500847 -0.121333 0.466545 57 
-0.0686188 -0.054312 -0.0792888 0.443746 58 
-0.0260886 -0.0582102 -0.0402221 0.422561 59 
18.0516 5.40012 3.68394 5.29338 73 
7.95415 2.10627 3.05607 4.00753 74 
5.37432 1.26471 2.668 3.21277 75 
4.19415 0.879736 2.40437 2.67287 76 
3.51765 0.659057 2.21361 2.28218 77 
3.07909 0.515995 2.06916 1.98636 78 
2.77171 0.415726 1.95599 1.75459 79 
