4 -4 2 1 -0.397202 -0.0947193 
4 -3.57895 2 1 -0.344594 -0.100107 
4 -3.15789 2 1 -0.289709 -0.105727 
4 -2.73684 2 1 -0.232397 -0.111596 
4 -2.31579 2 1 -0.172494 -0.11773 
4 -1.89474 2 1 -0.109818 -0.124148 
4 -1.47368 2 1 -0.0441742 -0.13087 
4 -1.05263 2 1 0.0246547 -0.137918 
4 -0.631579 2 1 0.0969058 -0.145317 
4 -0.210526 2 1 0.172841 -0.153093 
4 0.210526 2 1 0.252749 -0.161276 
4 0.631579 2 1 0.336951 -0.169898 
4 1.05263 2 1 0.425801 -0.178997 
4 1.47368 2 1 0.519697 -0.188612 
4 1.89474 2 1 0.619079 -0.198789 
4 2.31579 2 1 0.724444 -0.209578 
4 2.73684 2 1 0.836348 -0.221038 
4 3.15789 2 1 0.955421 -0.233231 
4 3.57895 2 1 1.08237 -0.246231 
4 4 2 1 1.21801 -0.260121 
-2.73684 -4 2 1 -15.2665 0.517815 
-2.31579 -4 2 1 -6.56409 0.159324 
-1.89474 -4 2 1 -4.09245 0.0575054 
-1.47368 -4 2 1 -2.92395 0.00936939 
-1.05263 -4 2 1 -2.243 -0.0186822 
-0.631579 -4 2 1 -1.79713 -0.0370497 
-0.210526 -4 2 1 -1.48253 -0.0500098 
0.210526 -4 2 1 -1.24866 -0.0596439 
0.631579 -4 2 1 -1.06798 -0.0670868 
1.05263 -4 2 1 -0.924202 -0.0730097 
1.47368 -4 2 1 -0.807065 -0.0778351 
1.89474 -4 2 1 -0.709793 -0.0818422 
2.31579 -4 2 1 -0.627728 -0.0852229 
2.73684 -4 2 1 -0.557562 -0.0881133 
3.15789 -4 2 1 -0.496882 -0.090613 
3.57895 -4 2 1 -0.443886 -0.0927962 
4 -4 2 1 -0.397202 -0.0947193 
-0.210526 4 2 1 50.8432 -7.89279 
0.210526 4 2 1 7.93155 -1.29271 
0.631579 4 2 1 4.44429 -0.756343 
1.05263 4 2 1 3.15241 -0.557643 
1.47368 4 2 1 2.47911 -0.454086 
1.89474 4 2 1 2.06592 -0.390535 
2.31579 4 2 1 1.78652 -0.347562 
2.73684 4 2 1 1.58499 -0.316564 
3.15789 4 2 1 1.43274 -0.293148 
3.57895 4 2 1 1.31368 -0.274835 
4 4 2 1 1.21801 -0.260121 
4 -4 6 1 -0.325974 0.475037 
4 -3.57895 6 1 -0.274819 0.481349 
4 -3.15789 6 1 -0.221575 0.487919 
4 -2.73684 6 1 -0.16611 0.494763 
4 -2.31579 6 1 -0.108283 0.501898 
4 -1.89474 6 1 -0.0479399 0.509344 
4 -1.47368 6 1 0.015088 0.517122 
4 -1.05263 6 1 0.0809834 0.525253 
4 -0.631579 6 1 0.149947 0.533762 
4 -0.210526 6 1 0.222197 0.542678 
4 0.210526 6 1 0.297976 0.552028 
4 0.631579 6 1 0.377547 0.561847 
4 1.05263 6 1 0.461203 0.57217 
4 1.47368 6 1 0.549267 0.583036 
4 1.89474 6 1 0.642097 0.594491 
4 2.31579 6 1 0.740089 0.606583 
4 2.73684 6 1 0.843688 0.619366 
4 3.15789 6 1 0.953388 0.632902 
4 3.57895 6 1 1.06975 0.64726 
4 4 6 1 1.19338 0.662516 
-3.15789 -4 6 1 -15.5126 14.1581 
-2.73684 -4 6 1 -6.4311 5.97574 
-2.31579 -4 6 1 -3.96491 3.7537 
-1.89474 -4 6 1 -2.81556 2.71815 
-1.47368 -4 6 1 -2.1506 2.11901 
-1.05263 -4 6 1 -1.7171 1.72844 
-0.631579 -4 6 1 -1.41213 1.45366 
-0.210526 -4 6 1 -1.18591 1.24984 
0.210526 -4 6 1 -1.01142 1.09262 
0.631579 -4 6 1 -0.872741 0.967672 
1.05263 -4 6 1 -0.759873 0.865978 
1.47368 -4 6 1 -0.666223 0.7816 
1.89474 -4 6 1 -0.587269 0.710462 
2.31579 -4 6 1 -0.519802 0.649675 
2.73684 -4 6 1 -0.461487 0.597133 
3.15789 -4 6 1 -0.410578 0.551265 
3.57895 -4 6 1 -0.36575 0.510875 
4 -4 6 1 -0.325974 0.475037 
-0.631579 4 6 1 73.8712 67.7463 
-0.210526 4 6 1 8.75029 7.63777 
0.210526 4 6 1 4.80026 3.99177 
0.631579 4 6 1 3.3749 2.67612 
1.05263 4 6 1 2.63993 1.99772 
1.47368 4 6 1 2.19155 1.58385 
1.89474 4 6 1 1.88947 1.30503 
2.31579 4 6 1 1.67214 1.10443 
2.73684 4 6 1 1.50828 0.953177 
3.15789 4 6 1 1.38032 0.835065 
3.57895 4 6 1 1.27762 0.740273 
4 4 6 1 1.19338 0.662516 
