12.153 -1.09044 21.1638 17.2416 15 
7.52492 -0.56928 9.57921 7.37443 16 
5.62904 -0.355788 6.47602 4.73129 17 
4.59731 -0.239607 5.03595 3.50471 18 
3.94857 -0.166553 4.20456 2.79658 19 
-2.49562 -0.627671 -2.93709 1.38007 20 
-2.07181 -0.535589 -2.42142 1.22354 21 
-1.73733 -0.462916 -2.02251 1.10245 22 
-1.46662 -0.4041 -1.70475 1.00599 23 
-1.24305 -0.355522 -1.44564 0.92734 24 
-1.05527 -0.314724 -1.23034 0.861983 25 
-0.895341 -0.279976 -1.04859 0.806812 26 
-0.757485 -0.250024 -0.893116 0.759619 27 
-0.637431 -0.223939 -0.758607 0.718788 28 
-0.531938 -0.201019 -0.64109 0.683115 29 
-0.438509 -0.180719 -0.537535 0.651681 30 
-0.355187 -0.162616 -0.445595 0.623773 31 
-0.280416 -0.14637 -0.363418 0.598828 32 
-0.212943 -0.13171 -0.289528 0.576398 33 
-0.15175 -0.118415 -0.222732 0.556122 34 
-0.0959998 -0.106302 -0.162055 0.537704 35 
-0.0449961 -0.09522 -0.106693 0.520898 36 
0.00184213 -0.0850433 -0.0559768 0.505503 37 
0.0450051 -0.0756652 -0.00934509 0.491348 38 
0.0849092 -0.0669952 0.0336763 0.478289 39 
-15.3654 -5.35976 -83.0709 57.3484 53 
-7.06785 -2.30883 -11.7685 7.54824 54 
-4.81997 -1.48231 -6.71979 4.02204 55 
-3.77316 -1.09741 -4.87416 2.73299 56 
-3.16775 -0.874806 -3.91747 2.06481 57 
-2.77317 -0.729723 -3.33215 1.65599 58 
-2.49562 -0.627671 -2.93709 1.38007 59 
3.94857 -0.166553 4.20456 2.79658 60 
3.11967 -0.145194 3.23392 2.25707 61 
2.53274 -0.13007 2.57336 1.88991 62 
2.09532 -0.118799 2.09475 1.62389 63 
1.75673 -0.110074 1.73202 1.42228 64 
1.48689 -0.103121 1.44763 1.26421 65 
1.26678 -0.0974493 1.21868 1.13694 66 
1.08381 -0.0927347 1.03038 1.03229 67 
0.929319 -0.0887538 0.872805 0.9447 68 
0.797134 -0.0853477 0.738994 0.870324 69 
0.68275 -0.0824003 0.623949 0.806379 70 
0.582799 -0.0798247 0.523981 0.750814 71 
0.49471 -0.0775549 0.436309 0.702084 72 
0.41649 -0.0755393 0.358796 0.659 73 
0.346569 -0.0737376 0.289773 0.620634 74 
0.283692 -0.0721174 0.227916 0.586253 75 
0.226846 -0.0706526 0.172166 0.555265 76 
0.175204 -0.0693219 0.12166 0.527193 77 
0.128081 -0.0681077 0.075692 0.501642 78 
0.0849092 -0.0669952 0.0336763 0.478289 79 
