-4 3.15789 2 1 24.9769 2.97099 
-4 3.57895 2 1 12.3079 1.49875 
-4 4 2 1 8.50377 1.05667 
4 -4 2 1 -1.99065 0.0223145 
4 -3.57895 2 1 -1.70977 0.0397693 
4 -3.15789 2 1 -1.47147 0.0545784 
4 -2.73684 2 1 -1.26674 0.067301 
4 -2.31579 2 1 -1.08896 0.078349 
4 -1.89474 2 1 -0.933131 0.0880326 
4 -1.47368 2 1 -0.79543 0.0965898 
4 -1.05263 2 1 -0.672865 0.104206 
4 -0.631579 2 1 -0.563071 0.111029 
4 -0.210526 2 1 -0.46415 0.117177 
4 0.210526 2 1 -0.374564 0.122744 
4 0.631579 2 1 -0.29305 0.12781 
4 1.05263 2 1 -0.218565 0.132438 
4 1.47368 2 1 -0.150238 0.136684 
4 1.89474 2 1 -0.0873337 0.140594 
4 2.31579 2 1 -0.0292326 0.144204 
4 2.73684 2 1 0.0245956 0.147549 
4 3.15789 2 1 0.0746055 0.150657 
4 3.57895 2 1 0.121189 0.153552 
4 4 2 1 0.164688 0.156255 
1.05263 -4 2 1 -13.4959 -0.334425 
1.47368 -4 2 1 -6.31469 -0.11176 
1.89474 -4 2 1 -4.29824 -0.0492365 
2.31579 -4 2 1 -3.34845 -0.0197866 
2.73684 -4 2 1 -2.79599 -0.0026567 
3.15789 -4 2 1 -2.43467 0.0085468 
3.57895 -4 2 1 -2.17992 0.0164458 
4 -4 2 1 -1.99065 0.0223145 
-4 4 2 1 8.50377 1.05667 
-3.57895 4 2 1 5.41967 0.723664 
-3.15789 4 2 1 3.8828 0.55772 
-2.73684 4 2 1 2.96232 0.458331 
-2.31579 4 2 1 2.34936 0.392147 
-1.89474 4 2 1 1.91187 0.344908 
-1.47368 4 2 1 1.58393 0.309499 
-1.05263 4 2 1 1.32898 0.28197 
-0.631579 4 2 1 1.12509 0.259955 
-0.210526 4 2 1 0.958309 0.241947 
0.210526 4 2 1 0.819358 0.226944 
0.631579 4 2 1 0.701807 0.214251 
1.05263 4 2 1 0.601065 0.203373 
1.47368 4 2 1 0.513767 0.193947 
1.89474 4 2 1 0.437391 0.1857 
2.31579 4 2 1 0.370007 0.178425 
2.73684 4 2 1 0.310116 0.171958 
3.15789 4 2 1 0.256534 0.166172 
3.57895 4 2 1 0.208313 0.160966 
4 4 2 1 0.164688 0.156255 
-4 4 6 1 26.1069 22.2944 
4 -4 6 1 -2.56347 1.82734 
4 -3.57895 6 1 -2.17213 1.67149 
4 -3.15789 6 1 -1.85056 1.54344 
4 -2.73684 6 1 -1.58164 1.43635 
4 -2.31579 6 1 -1.35342 1.34546 
4 -1.89474 6 1 -1.1573 1.26736 
4 -1.47368 6 1 -0.986965 1.19952 
4 -1.05263 6 1 -0.837634 1.14006 
4 -0.631579 6 1 -0.705651 1.0875 
4 -0.210526 6 1 -0.588159 1.04071 
4 0.210526 6 1 -0.482895 0.998788 
4 0.631579 6 1 -0.388045 0.961016 
4 1.05263 6 1 -0.302136 0.926804 
4 1.47368 6 1 -0.223961 0.895672 
4 1.89474 6 1 -0.152521 0.867222 
4 2.31579 6 1 -0.0869809 0.841122 
4 2.73684 6 1 -0.0266389 0.817092 
4 3.15789 6 1 0.0290996 0.794895 
4 3.57895 6 1 0.0807421 0.774329 
4 4 6 1 0.128724 0.755221 
1.47368 -4 6 1 -30.0192 27.9369 
1.89474 -4 6 1 -9.16625 8.1064 
2.31579 -4 6 1 -5.64994 4.76248 
2.73684 -4 6 1 -4.19861 3.38231 
3.15789 -4 6 1 -3.40614 2.62869 
3.57895 -4 6 1 -2.90686 2.15389 
4 -4 6 1 -2.56347 1.82734 
-4 4 6 1 26.1069 22.2944 
-3.57895 4 6 1 9.46668 8.49755 
-3.15789 4 6 1 5.57072 5.26732 
-2.73684 4 6 1 3.83235 3.82599 
-2.31579 4 6 1 2.84793 3.00978 
-1.89474 4 6 1 2.21437 2.48448 
-1.47368 4 6 1 1.77246 2.11809 
-1.05263 4 6 1 1.44668 1.84797 
-0.631579 4 6 1 1.19655 1.64059 
-0.210526 4 6 1 0.998479 1.47636 
0.210526 4 6 1 0.837736 1.34308 
0.631579 4 6 1 0.70468 1.23276 
1.05263 4 6 1 0.592724 1.13994 
1.47368 4 6 1 0.49722 1.06075 
1.89474 4 6 1 0.414787 0.992403 
2.31579 4 6 1 0.342915 0.932813 
2.73684 4 6 1 0.279697 0.880397 
3.15789 4 6 1 0.223658 0.833933 
3.57895 4 6 1 0.173641 0.792463 
4 4 6 1 0.128724 0.755221 
