-0.69367 0.176744 -0.683019 0.962203 20 
-0.618602 0.170308 -0.601922 0.955921 21 
-0.543416 0.163861 -0.520686 0.949628 22 
-0.468111 0.157404 -0.439311 0.943324 23 
-0.392687 0.150937 -0.357797 0.937009 24 
-0.317143 0.14446 -0.276143 0.930684 25 
-0.241479 0.137972 -0.194349 0.924348 26 
-0.165695 0.131474 -0.112415 0.918 27 
-0.0897908 0.124966 -0.0303401 0.911642 28 
-0.0137657 0.118447 0.0518759 0.905273 29 
0.0623804 0.111918 0.134233 0.898893 30 
0.138648 0.105379 0.216732 0.892503 31 
0.215037 0.0988288 0.299374 0.886101 32 
0.291548 0.0922685 0.382158 0.879688 33 
0.368181 0.0856978 0.465085 0.873263 34 
0.444936 0.0791165 0.548155 0.866828 35 
0.521814 0.0725247 0.631368 0.860382 36 
0.598816 0.0659224 0.714726 0.853925 37 
0.67594 0.0593095 0.798228 0.847456 38 
0.753189 0.052686 0.881875 0.840976 39 
-7.50611 0.888574 -31.6186 38.8394 47 
-4.1703 0.540016 -6.75476 8.39636 48 
-2.88354 0.405563 -3.77379 4.7465 49 
-2.20146 0.334293 -2.61468 3.3273 50 
-1.77893 0.290143 -1.99816 2.57245 51 
-1.49148 0.260107 -1.61551 2.10394 52 
-1.28326 0.238351 -1.35487 1.78481 53 
-1.12549 0.221865 -1.16591 1.55345 54 
-1.0018 0.208941 -1.02263 1.37802 55 
-0.902235 0.198537 -0.910261 1.24043 56 
-0.82036 0.189982 -0.819766 1.12963 57 
-0.751847 0.182823 -0.745327 1.03849 58 
-0.69367 0.176744 -0.683019 0.962203 59 
9.08366 -0.509861 141.529 121.301 67 
4.67731 -0.212305 9.71938 8.41004 68 
3.15365 -0.109415 5.04149 4.40356 69 
2.3811 -0.0572453 3.40752 3.00412 70 
1.91409 -0.025708 2.57578 2.29175 71 
1.60127 -0.00458409 2.07191 1.8602 72 
1.37711 0.0105533 1.73396 1.57076 73 
1.20859 0.0219331 1.49156 1.36315 74 
1.07729 0.0308 1.30921 1.20698 75 
0.972093 0.0379036 1.16705 1.08522 76 
0.885926 0.0437224 1.05312 0.987644 77 
0.814053 0.0485759 0.959766 0.907687 78 
0.753189 0.052686 0.881875 0.840976 79 
