4 -4 2 1 -1.45495 0.374034 
4 -3.57895 2 1 -1.2842 0.369075 
4 -3.15789 2 1 -1.12813 0.364541 
4 -2.73684 2 1 -0.984919 0.360381 
4 -2.31579 2 1 -0.853049 0.356551 
4 -1.89474 2 1 -0.731221 0.353012 
4 -1.47368 2 1 -0.61833 0.349733 
4 -1.05263 2 1 -0.513427 0.346686 
4 -0.631579 2 1 -0.415694 0.343847 
4 -0.210526 2 1 -0.324419 0.341195 
4 0.210526 2 1 -0.238983 0.338714 
4 0.631579 2 1 -0.158844 0.336386 
4 1.05263 2 1 -0.0835224 0.334198 
4 1.47368 2 1 -0.0125975 0.332138 
4 1.89474 2 1 0.0543048 0.330194 
4 2.31579 2 1 0.117517 0.328358 
4 2.73684 2 1 0.177337 0.326621 
4 3.15789 2 1 0.234031 0.324974 
4 3.57895 2 1 0.287836 0.323411 
4 4 2 1 0.338969 0.321926 
0.210526 -4 2 1 -46.3732 9.02189 
0.631579 -4 2 1 -8.1673 1.66633 
1.05263 -4 2 1 -4.6611 0.991297 
1.47368 -4 2 1 -3.34485 0.737886 
1.89474 -4 2 1 -2.65507 0.605087 
2.31579 -4 2 1 -2.23049 0.523344 
2.73684 -4 2 1 -1.94282 0.467961 
3.15789 -4 2 1 -1.73503 0.427958 
3.57895 -4 2 1 -1.57792 0.397709 
4 -4 2 1 -1.45495 0.374034 
-3.15789 4 2 1 31.7966 6.01298 
-2.73684 4 2 1 9.16028 1.9178 
-2.31579 4 2 1 5.19779 1.20094 
-1.89474 4 2 1 3.54957 0.902762 
-1.47368 4 2 1 2.64642 0.73937 
-1.05263 4 2 1 2.07626 0.636222 
-0.631579 4 2 1 1.6836 0.565185 
-0.210526 4 2 1 1.39671 0.513284 
0.210526 4 2 1 1.17794 0.473705 
0.631579 4 2 1 1.00559 0.442525 
1.05263 4 2 1 0.866307 0.417327 
1.47368 4 2 1 0.751408 0.396541 
1.89474 4 2 1 0.655005 0.3791 
2.31579 4 2 1 0.572964 0.364258 
2.73684 4 2 1 0.502299 0.351474 
3.15789 4 2 1 0.440796 0.340347 
3.57895 4 2 1 0.386783 0.330576 
4 4 2 1 0.338969 0.321926 
4 -4 6 1 -1.9019 1.91437 
4 -3.57895 6 1 -1.66111 1.82081 
4 -3.15789 6 1 -1.44614 1.73729 
4 -2.73684 6 1 -1.25307 1.66227 
4 -2.31579 6 1 -1.07869 1.59452 
4 -1.89474 6 1 -0.920435 1.53303 
4 -1.47368 6 1 -0.776154 1.47697 
4 -1.05263 6 1 -0.644078 1.42565 
4 -0.631579 6 1 -0.52272 1.37849 
4 -0.210526 6 1 -0.410827 1.33502 
4 0.210526 6 1 -0.307333 1.29481 
4 0.631579 6 1 -0.211327 1.2575 
4 1.05263 6 1 -0.122024 1.22281 
4 1.47368 6 1 -0.0387468 1.19045 
4 1.89474 6 1 0.0390956 1.1602 
4 2.31579 6 1 0.112018 1.13187 
4 2.73684 6 1 0.180473 1.10527 
4 3.15789 6 1 0.244858 1.08025 
4 3.57895 6 1 0.305527 1.05668 
4 4 6 1 0.362791 1.03443 
1.05263 -4 6 1 -52.1674 61.8133 
1.47368 -4 6 1 -9.16334 10.5675 
1.89474 -4 6 1 -5.20593 5.85162 
2.31579 -4 6 1 -3.71981 4.08069 
2.73684 -4 6 1 -2.94092 3.15252 
3.15789 -4 6 1 -2.46144 2.58115 
3.57895 -4 6 1 -2.13657 2.19401 
4 -4 6 1 -1.9019 1.91437 
-2.31579 4 6 1 28.9202 31.1958 
-1.89474 4 6 1 8.31216 9.43027 
-1.47368 4 6 1 4.70041 5.61567 
-1.05263 4 6 1 3.19771 4.02857 
-0.631579 4 6 1 2.3742 3.1588 
-0.210526 4 6 1 1.85428 2.60969 
0.210526 4 6 1 1.49621 2.23151 
0.631579 4 6 1 1.23458 1.95519 
1.05263 4 6 1 1.03507 1.74447 
1.47368 4 6 1 0.87789 1.57846 
1.89474 4 6 1 0.750865 1.4443 
2.31579 4 6 1 0.646077 1.33363 
2.73684 4 6 1 0.558155 1.24077 
3.15789 4 6 1 0.483333 1.16174 
3.57895 4 6 1 0.418884 1.09367 
4 4 6 1 0.362791 1.03443 
