0.12677 -0.227375 0.140958 0.292172 0 
0.0838225 -0.226905 0.102356 0.309931 1 
0.0376062 -0.2264 0.0610903 0.328915 2 
-0.0122672 -0.225854 0.0168743 0.349256 3 
-0.0662495 -0.225263 -0.0306196 0.371105 4 
-0.12487 -0.224622 -0.0817699 0.394636 5 
-0.188754 -0.223923 -0.137016 0.420051 6 
-0.258644 -0.223158 -0.19687 0.447586 7 
-0.335427 -0.222318 -0.261933 0.477518 8 
-0.420178 -0.22139 -0.332917 0.510173 9 
-0.514203 -0.220361 -0.410669 0.545942 10 
-0.619114 -0.219213 -0.496204 0.585291 11 
-0.736916 -0.217924 -0.590753 0.628787 12 
-0.870143 -0.216466 -0.69582 0.677122 13 
-1.02203 -0.214804 -0.813264 0.731151 14 
-1.19681 -0.212892 -0.945408 0.791942 15 
-1.40006 -0.210667 -1.0952 0.860851 16 
-1.63936 -0.208049 -1.26642 0.939619 17 
-1.92524 -0.20492 -1.46402 1.03053 18 
-2.27276 -0.201118 -1.69462 1.13661 19 
6.09976 -0.829589 3.6776 1.9038 20 
7.82644 -1.04154 4.11151 2.29478 21 
11.4923 -1.49152 4.73897 2.86016 22 
24.5478 -3.09409 5.72666 3.75013 23 
0.12677 -0.227375 0.140958 0.292172 40 
0.170813 -0.231816 0.181608 0.310696 41 
0.219276 -0.236702 0.225949 0.330902 42 
0.272858 -0.242104 0.274506 0.353029 43 
0.332417 -0.248109 0.327913 0.377366 44 
0.399009 -0.254823 0.386932 0.404261 45 
0.473961 -0.26238 0.452498 0.43414 46 
0.558952 -0.270949 0.525765 0.467527 47 
0.656143 -0.280748 0.608174 0.50508 48 
0.768364 -0.292063 0.701549 0.547631 49 
0.899394 -0.305274 0.808235 0.596247 50 
1.05439 -0.320901 0.931298 0.652326 51 
1.24061 -0.339675 1.07482 0.717729 52 
1.46851 -0.362653 1.24437 0.794992 53 
1.75387 -0.391424 1.44773 0.887662 54 
2.12155 -0.428495 1.69614 1.00086 55 
2.61319 -0.478063 2.00642 1.14225 56 
3.30416 -0.547729 2.40498 1.32388 57 
4.34653 -0.652824 2.93575 1.56575 58 
6.09976 -0.829589 3.6776 1.9038 59 
-2.27276 -0.201118 -1.69462 1.13661 60 
-2.51128 -0.211884 -1.8031 1.28991 61 
-2.84162 -0.226795 -1.94134 1.48525 62 
-3.32948 -0.248816 -2.12352 1.7427 63 
-4.12273 -0.284623 -2.37456 2.09745 64 
-5.63883 -0.353058 -2.7426 2.61754 65 
-9.69276 -0.536046 -3.33428 3.45366 66 
-55.367 -2.59772 -4.4424 5.01959 67 
