-0.534429 0.0625338 -0.605822 0.760055 0 
-0.577841 0.0531118 -0.661307 0.803422 1 
-0.627543 0.0423245 -0.726143 0.854098 2 
-0.68501 0.029852 -0.802911 0.9141 3 
-0.752216 0.015266 -0.895237 0.986263 4 
-0.831864 -0.00202064 -1.00839 1.0747 5 
-0.927763 -0.0228344 -1.1503 1.18562 6 
-1.04545 -0.0483773 -1.33353 1.32884 7 
-1.19331 -0.0804677 -1.57922 1.52087 8 
-1.38464 -0.121994 -1.92585 1.7918 9 
-1.64192 -0.177833 -2.45172 2.20282 10 
-2.00635 -0.256928 -3.3443 2.90046 11 
-2.56248 -0.377628 -5.19256 4.34507 12 
-3.51552 -0.584473 -11.2997 9.11844 13 
0.792337 0.0358698 0.92512 0.846387 20 
0.845766 0.0228961 1.00027 0.905663 21 
0.908247 0.00772454 1.09065 0.976949 22 
0.982293 -0.0102552 1.2014 1.06431 23 
1.07144 -0.0319024 1.3403 1.17386 24 
1.18084 -0.0584664 1.51962 1.31531 25 
1.31827 -0.0918372 1.76003 1.50494 26 
1.49609 -0.135015 2.09916 1.77243 27 
1.73517 -0.193069 2.6135 2.17812 28 
2.07377 -0.275286 3.48615 2.86644 29 
2.59032 -0.400714 5.29164 4.29054 30 
3.47515 -0.615568 11.2431 8.98485 31 
-0.534429 0.0625338 -0.605822 0.760055 40 
-0.473016 0.0612995 -0.536322 0.763974 41 
-0.410774 0.0600487 -0.465753 0.767953 42 
-0.347688 0.0587808 -0.394089 0.771995 43 
-0.283739 0.0574957 -0.321305 0.776099 44 
-0.218911 0.0561928 -0.247374 0.780268 45 
-0.153184 0.0548719 -0.172269 0.784503 46 
-0.0865403 0.0535326 -0.0959621 0.788806 47 
-0.0189602 0.0521744 -0.0184237 0.793179 48 
0.0495761 0.050797 0.060376 0.797622 49 
0.119089 0.0494 0.140468 0.802139 50 
0.1896 0.047983 0.221885 0.80673 51 
0.26113 0.0465454 0.304659 0.811398 52 
0.333701 0.045087 0.388825 0.816144 53 
0.407338 0.0436071 0.474418 0.820971 54 
0.482062 0.0421054 0.561475 0.82588 55 
0.557898 0.0405813 0.650034 0.830874 56 
0.634872 0.0390343 0.740134 0.835955 57 
0.71301 0.037464 0.831815 0.841125 58 
0.792337 0.0358698 0.92512 0.846387 59 
