-0.281496 0.217531 -0.256664 0.840901 0 
-0.321248 0.224541 -0.298135 0.888118 1 
-0.365958 0.232424 -0.345237 0.941747 2 
-0.416614 0.241356 -0.3992 1.00319 3 
-0.474488 0.251561 -0.46164 1.07428 4 
-0.541242 0.263332 -0.534726 1.15749 5 
-0.619087 0.277058 -0.621433 1.25621 6 
-0.711039 0.293272 -0.72596 1.37522 7 
-0.821315 0.312717 -0.854431 1.52149 8 
-0.955998 0.336466 -1.01614 1.7056 9 
-1.1242 0.366124 -1.22589 1.94441 10 
-1.34021 0.404213 -1.50884 2.26657 11 
-1.62779 0.454922 -1.91141 2.72491 12 
-2.02957 0.525768 -2.52976 3.42894 13 
-2.63043 0.631717 -3.60094 4.64853 14 
-3.62707 0.807453 -5.90969 7.27716 15 
-5.60254 1.15579 -14.5343 17.0967 16 
1.2985 0.141201 1.56105 1.23575 20 
1.39116 0.145623 1.69916 1.37058 21 
1.50502 0.151056 1.8744 1.54167 22 
1.64828 0.157894 2.1041 1.7659 23 
1.83404 0.166759 2.41827 2.07261 24 
2.08449 0.178711 2.87403 2.51755 25 
2.44054 0.195704 3.59496 3.22135 26 
2.98685 0.221776 4.90738 4.5026 27 
3.9315 0.26686 8.04555 7.56623 28 
5.96012 0.363675 25.5243 24.6298 29 
-0.281496 0.217531 -0.256664 0.840901 40 
-0.230888 0.215086 -0.201431 0.852899 41 
-0.17803 0.212533 -0.143543 0.865474 42 
-0.122769 0.209863 -0.0828019 0.878668 43 
-0.064936 0.207069 -0.018992 0.892529 44 
-0.00434866 0.204142 0.0481253 0.907109 45 
0.0591952 0.201072 0.118814 0.922464 46 
0.125917 0.197849 0.193367 0.938659 47 
0.196062 0.19446 0.27211 0.955764 48 
0.2699 0.190893 0.355407 0.973858 49 
0.347731 0.187133 0.443663 0.993029 50 
0.429888 0.183164 0.537337 1.01338 51 
0.516741 0.178968 0.636942 1.03501 52 
0.608705 0.174525 0.74306 1.05807 53 
0.706245 0.169813 0.856351 1.08268 54 
0.809884 0.164806 0.977569 1.10901 55 
0.920212 0.159476 1.10758 1.13725 56 
1.0379 0.153791 1.24736 1.16761 57 
1.16371 0.147713 1.39808 1.20035 58 
1.2985 0.141201 1.56105 1.23575 59 
