-4 -4 2 1 1.16006 0.0950193 
-4 -3.57895 2 1 1.03448 0.0821296 
-4 -3.15789 2 1 0.915963 0.0699657 
-4 -2.73684 2 1 0.80394 0.0584681 
-4 -2.31579 2 1 0.69789 0.0475835 
-4 -1.89474 2 1 0.597347 0.0372641 
-4 -1.47368 2 1 0.501893 0.0274671 
-4 -1.05263 2 1 0.411152 0.0181537 
-4 -0.631579 2 1 0.324782 0.00928901 
-4 -0.210526 2 1 0.242475 0.000841358 
-4 0.210526 2 1 0.163952 -0.00721801 
-4 0.631579 2 1 0.0889562 -0.0149153 
-4 1.05263 2 1 0.0172564 -0.0222743 
-4 1.47368 2 1 -0.0513605 -0.0293169 
-4 1.89474 2 1 -0.117089 -0.036063 
-4 2.31579 2 1 -0.180108 -0.042531 
-4 2.73684 2 1 -0.240581 -0.0487378 
-4 3.15789 2 1 -0.29866 -0.0546988 
-4 3.57895 2 1 -0.354484 -0.0604283 
-4 4 2 1 -0.408182 -0.0659397 
-4 -4 2 1 1.16006 0.0950193 
-3.57895 -4 2 1 1.24893 0.105611 
-3.15789 -4 2 1 1.35871 0.118694 
-2.73684 -4 2 1 1.49775 0.135266 
-2.31579 -4 2 1 1.67957 0.156935 
-1.89474 -4 2 1 1.92748 0.186481 
-1.47368 -4 2 1 2.28553 0.229154 
-1.05263 -4 2 1 2.84808 0.2962 
-0.631579 -4 2 1 3.86036 0.416845 
-0.210526 -4 2 1 6.22082 0.69817 
0.210526 -4 2 1 17.9911 2.10097 
-4 4 2 1 -0.408182 -0.0659397 
-3.57895 4 2 1 -0.455014 -0.0698425 
-3.15789 4 2 1 -0.508327 -0.0742852 
-2.73684 4 2 1 -0.569563 -0.0793883 
-2.31579 4 2 1 -0.640633 -0.0853109 
-1.89474 4 2 1 -0.72411 -0.0922674 
-1.47368 4 2 1 -0.823555 -0.100555 
-1.05263 4 2 1 -0.944034 -0.110595 
-0.631579 4 2 1 -1.09301 -0.12301 
-0.210526 4 2 1 -1.28195 -0.138755 
0.210526 4 2 1 -1.52943 -0.159378 
0.631579 4 2 1 -1.86762 -0.187561 
1.05263 4 2 1 -2.35763 -0.228396 
1.47368 4 2 1 -3.13124 -0.292864 
1.89474 4 2 1 -4.53493 -0.40984 
2.31579 4 2 1 -7.86731 -0.687542 
2.73684 4 2 1 -25.8285 -2.18433 
-4 -4 6 1 1.03126 1.00363 
-4 -3.57895 6 1 0.91337 0.965693 
-4 -3.15789 6 1 0.801912 0.929823 
-4 -2.73684 6 1 0.696372 0.895857 
-4 -2.31579 6 1 0.59629 0.863647 
-4 -1.89474 6 1 0.501252 0.833062 
-4 -1.47368 6 1 0.410888 0.80398 
-4 -1.05263 6 1 0.32486 0.776293 
-4 -0.631579 6 1 0.242864 0.749905 
-4 -0.210526 6 1 0.164623 0.724724 
-4 0.210526 6 1 0.0898844 0.700671 
-4 0.631579 6 1 0.0184186 0.677671 
-4 1.05263 6 1 -0.049985 0.655657 
-4 1.47368 6 1 -0.115519 0.634566 
-4 1.89474 6 1 -0.17836 0.614342 
-4 2.31579 6 1 -0.238671 0.594932 
-4 2.73684 6 1 -0.296602 0.576288 
-4 3.15789 6 1 -0.352291 0.558366 
-4 3.57895 6 1 -0.405865 0.541124 
-4 4 6 1 -0.457443 0.524525 
-4 -4 6 1 1.03126 1.00363 
-3.57895 -4 6 1 1.10379 1.10593 
-3.15789 -4 6 1 1.19269 1.2313 
-2.73684 -4 6 1 1.30419 1.38856 
-2.31579 -4 6 1 1.44816 1.59162 
-1.89474 -4 6 1 1.64123 1.86391 
-1.47368 -4 6 1 1.91366 2.24813 
-1.05263 -4 6 1 2.32703 2.83112 
-0.631579 -4 6 1 3.02888 3.82097 
-0.210526 -4 6 1 4.48305 5.87185 
0.210526 -4 6 1 9.29623 12.6601 
-4 4 6 1 -0.457443 0.524525 
-3.57895 4 6 1 -0.506312 0.558036 
-3.15789 4 6 1 -0.561776 0.596071 
-2.73684 4 6 1 -0.625267 0.639609 
-2.31579 4 6 1 -0.698663 0.68994 
-1.89474 4 6 1 -0.784478 0.748787 
-1.47368 4 6 1 -0.886156 0.818513 
-1.05263 4 6 1 -1.00854 0.902439 
-0.631579 4 6 1 -1.15868 1.0054 
-0.210526 4 6 1 -1.34722 1.13469 
0.210526 4 6 1 -1.59105 1.30189 
0.631579 4 6 1 -1.91868 1.52656 
1.05263 4 6 1 -2.38226 1.84446 
1.47368 4 6 1 -3.08858 2.32881 
1.89474 4 6 1 -4.29587 3.15671 
2.31579 4 6 1 -6.83005 4.89452 
2.73684 4 6 1 -15.5473 10.8723 
