-4 -4 2 1 1.8318 0.0826257 
-4 -3.57895 2 1 1.58645 0.0770921 
-4 -3.15789 2 1 1.37423 0.0723056 
-4 -2.73684 2 1 1.18884 0.0681245 
-4 -2.31579 2 1 1.02551 0.0644407 
-4 -1.89474 2 1 0.88051 0.0611705 
-4 -1.47368 2 1 0.750927 0.0582479 
-4 -1.05263 2 1 0.634424 0.0556203 
-4 -0.631579 2 1 0.529116 0.0532452 
-4 -0.210526 2 1 0.433464 0.0510879 
-4 0.210526 2 1 0.346196 0.0491197 
-4 0.631579 2 1 0.266258 0.0473168 
-4 1.05263 2 1 0.192763 0.0456592 
-4 1.47368 2 1 0.124962 0.0441301 
-4 1.89474 2 1 0.0622181 0.0427149 
-4 2.31579 2 1 0.00398596 0.0414016 
-4 2.73684 2 1 -0.0502042 0.0401794 
-4 3.15789 2 1 -0.100759 0.0390392 
-4 3.57895 2 1 -0.148033 0.037973 
-4 4 2 1 -0.192335 0.0369738 
4 3.15789 2 1 -39.2912 -7.24423 
4 3.57895 2 1 -15.0269 -2.58192 
4 4 2 1 -9.75531 -1.56901 
-4 -4 2 1 1.8318 0.0826257 
-3.57895 -4 2 1 1.99421 0.0697047 
-3.15789 -4 2 1 2.20801 0.0526955 
-2.73684 -4 2 1 2.50217 0.029293 
-2.31579 -4 2 1 2.93248 -0.00494121 
-1.89474 -4 2 1 3.62193 -0.0597919 
-1.47368 -4 2 1 4.90546 -0.161906 
-1.05263 -4 2 1 8.13219 -0.418616 
-0.631579 -4 2 1 31.4597 -2.27449 
-4 4 2 1 -0.192335 0.0369738 
-3.57895 4 2 1 -0.234814 0.0298399 
-3.15789 4 2 1 -0.281847 0.0219414 
-2.73684 4 2 1 -0.334206 0.0131482 
-2.31579 4 2 1 -0.392852 0.00329948 
-1.89474 4 2 1 -0.458988 -0.00780716 
-1.47368 4 2 1 -0.534146 -0.0204291 
-1.05263 4 2 1 -0.62031 -0.0348992 
-0.631579 4 2 1 -0.720086 -0.0516554 
-0.210526 4 2 1 -0.836978 -0.0712859 
0.210526 4 2 1 -0.975802 -0.0945996 
0.631579 4 2 1 -1.14337 -0.122741 
1.05263 4 2 1 -1.34964 -0.157381 
1.47368 4 2 1 -1.60978 -0.201067 
1.89474 4 2 1 -1.94804 -0.257874 
2.31579 4 2 1 -2.40584 -0.334756 
2.73684 4 2 1 -3.06016 -0.444641 
3.15789 4 2 1 -4.0721 -0.614584 
3.57895 4 2 1 -5.84513 -0.912341 
4 4 2 1 -9.75531 -1.56901 
-4 -4 6 1 2.08669 1.74039 
-4 -3.57895 6 1 1.77256 1.5909 
-4 -3.15789 6 1 1.50829 1.46514 
-4 -2.73684 6 1 1.28289 1.35787 
-4 -2.31579 6 1 1.08835 1.26529 
-4 -1.89474 6 1 0.91876 1.18459 
-4 -1.47368 6 1 0.769598 1.1136 
-4 -1.05263 6 1 0.637386 1.05068 
-4 -0.631579 6 1 0.51939 0.99453 
-4 -0.210526 6 1 0.413434 0.944106 
-4 0.210526 6 1 0.317764 0.898578 
-4 0.631579 6 1 0.230952 0.857265 
-4 1.05263 6 1 0.151822 0.819608 
-4 1.47368 6 1 0.0793983 0.785142 
-4 1.89474 6 1 0.0128623 0.753478 
-4 2.31579 6 1 -0.0484758 0.724288 
-4 2.73684 6 1 -0.105202 0.697293 
-4 3.15789 6 1 -0.157818 0.672253 
-4 3.57895 6 1 -0.206755 0.648965 
-4 4 6 1 -0.252385 0.62725 
4 4 6 1 -76.8231 39.1218 
-4 -4 6 1 2.08669 1.74039 
-3.57895 -4 6 1 2.33209 2.00606 
-3.15789 -4 6 1 2.67798 2.38052 
-2.73684 -4 6 1 3.20198 2.9478 
-2.31579 -4 6 1 4.08937 3.90849 
-1.89474 -4 6 1 5.91883 5.88906 
-1.47368 -4 6 1 11.8876 12.3508 
-4 4 6 1 -0.252385 0.62725 
-3.57895 4 6 1 -0.30151 0.651947 
-3.15789 4 6 1 -0.35634 0.679512 
-2.73684 4 6 1 -0.41793 0.710475 
-2.31579 4 6 1 -0.487612 0.745507 
-1.89474 4 6 1 -0.567094 0.785464 
-1.47368 4 6 1 -0.658598 0.831466 
-1.05263 4 6 1 -0.765075 0.884996 
-0.631579 4 6 1 -0.890529 0.948066 
-0.210526 4 6 1 -1.04053 1.02348 
0.210526 4 6 1 -1.22306 1.11524 
0.631579 4 6 1 -1.44999 1.22932 
1.05263 4 6 1 -1.73976 1.375 
1.47368 4 6 1 -2.12267 1.5675 
1.89474 4 6 1 -2.65224 1.83373 
2.31579 4 6 1 -3.43265 2.22607 
2.73684 4 6 1 -4.69748 2.86195 
3.15789 4 6 1 -7.10071 4.07012 
3.57895 4 6 1 -13.4368 7.25548 
4 4 6 1 -76.8231 39.1218 
