-4 0.631579 2 1 103.981 8.59164 
-4 1.05263 2 1 10.9338 0.83272 
-4 1.47368 2 1 6.09876 0.429544 
-4 1.89474 2 1 4.37345 0.285677 
-4 2.31579 2 1 3.48779 0.211825 
-4 2.73684 2 1 2.9488 0.16688 
-4 3.15789 2 1 2.58624 0.136647 
-4 3.57895 2 1 2.32568 0.11492 
-4 4 2 1 2.12937 0.0985506 
4 -4 2 1 -5.33943 -0.599983 
4 -3.57895 2 1 -3.78754 -0.451222 
4 -3.15789 2 1 -2.86734 -0.363015 
4 -2.73684 2 1 -2.25837 -0.304641 
4 -2.31579 2 1 -1.82558 -0.263155 
4 -1.89474 2 1 -1.50216 -0.232153 
4 -1.47368 2 1 -1.25132 -0.208108 
4 -1.05263 2 1 -1.05108 -0.188914 
4 -0.631579 2 1 -0.887536 -0.173237 
4 -0.210526 2 1 -0.751449 -0.160192 
4 0.210526 2 1 -0.636438 -0.149168 
4 0.631579 2 1 -0.537961 -0.139728 
4 1.05263 2 1 -0.452689 -0.131554 
4 1.47368 2 1 -0.378135 -0.124407 
4 1.89474 2 1 -0.312397 -0.118106 
4 2.31579 2 1 -0.253998 -0.112508 
4 2.73684 2 1 -0.201775 -0.107502 
4 3.15789 2 1 -0.154797 -0.102999 
4 3.57895 2 1 -0.112311 -0.0989262 
4 4 2 1 -0.0737029 -0.0952253 
2.31579 -4 2 1 -1581.01 -155.696 
2.73684 -4 2 1 -17.1348 -1.76102 
3.15789 -4 2 1 -9.29095 -0.988937 
3.57895 -4 2 1 -6.65881 -0.729851 
4 -4 2 1 -5.33943 -0.599983 
-4 4 2 1 2.12937 0.0985506 
-3.57895 4 2 1 1.84182 0.073258 
-3.15789 4 2 1 1.59795 0.0518086 
-2.73684 4 2 1 1.38853 0.0333883 
-2.31579 4 2 1 1.20673 0.0173976 
-1.89474 4 2 1 1.04742 0.00338578 
-1.47368 4 2 1 0.906686 -0.00899323 
-1.05263 4 2 1 0.781444 -0.0200091 
-0.631579 4 2 1 0.669274 -0.0298752 
-0.210526 4 2 1 0.568231 -0.0387627 
0.210526 4 2 1 0.476738 -0.0468102 
0.631579 4 2 1 0.3935 -0.0541315 
1.05263 4 2 1 0.317451 -0.0608206 
1.47368 4 2 1 0.247696 -0.066956 
1.89474 4 2 1 0.183485 -0.0726038 
2.31579 4 2 1 0.124183 -0.0778198 
2.73684 4 2 1 0.0692476 -0.0826518 
3.15789 4 2 1 0.0182135 -0.0871406 
3.57895 4 2 1 -0.0293207 -0.0913216 
4 4 2 1 -0.0737029 -0.0952253 
-4 0.210526 6 1 97.134 128.022 
-4 0.631579 6 1 9.40495 11.4994 
-4 1.05263 6 1 5.27352 6.01197 
-4 1.47368 6 1 3.80852 4.06615 
-4 1.89474 6 1 3.05836 3.06978 
-4 2.31579 6 1 2.60244 2.46423 
-4 2.73684 6 1 2.29604 2.05725 
-4 3.15789 6 1 2.07596 1.76494 
-4 3.57895 6 1 1.91022 1.54481 
-4 4 6 1 1.78092 1.37307 
4 -4 6 1 -4.25867 2.54861 
4 -3.57895 6 1 -3.24035 2.02512 
4 -3.15789 6 1 -2.56708 1.67901 
4 -2.73684 6 1 -2.08888 1.43319 
4 -2.31579 6 1 -1.73171 1.24957 
4 -1.89474 6 1 -1.45477 1.10721 
4 -1.47368 6 1 -1.23377 0.993601 
4 -1.05263 6 1 -1.05331 0.900831 
4 -0.631579 6 1 -0.903172 0.82365 
4 -0.210526 6 1 -0.776306 0.758432 
4 0.210526 6 1 -0.667692 0.702596 
4 0.631579 6 1 -0.573653 0.654254 
4 1.05263 6 1 -0.491442 0.611992 
4 1.47368 6 1 -0.418958 0.57473 
4 1.89474 6 1 -0.354572 0.541631 
4 2.31579 6 1 -0.296998 0.512034 
4 2.73684 6 1 -0.24521 0.485411 
4 3.15789 6 1 -0.198377 0.461336 
4 3.57895 6 1 -0.155821 0.439459 
4 4 6 1 -0.11698 0.419492 
1.89474 -4 6 1 -43.1453 39.6461 
2.31579 -4 6 1 -12.6882 10.5904 
2.73684 -4 6 1 -7.91515 6.03687 
3.15789 -4 6 1 -5.97334 4.1844 
3.57895 -4 6 1 -4.91989 3.17941 
4 -4 6 1 -4.25867 2.54861 
-4 4 6 1 1.78092 1.37307 
-3.57895 4 6 1 1.54808 1.25609 
-3.15789 4 6 1 1.34731 1.15521 
-2.73684 4 6 1 1.1724 1.06733 
-2.31579 4 6 1 1.01866 0.990081 
-1.89474 4 6 1 0.882462 0.921652 
-1.47368 4 6 1 0.760973 0.860611 
-1.05263 4 6 1 0.651929 0.805823 
-0.631579 4 6 1 0.553512 0.756374 
-0.210526 4 6 1 0.464239 0.71152 
0.210526 4 6 1 0.382893 0.670649 
0.631579 4 6 1 0.308463 0.633252 
1.05263 4 6 1 0.240103 0.598905 
1.47368 4 6 1 0.177099 0.56725 
1.89474 4 6 1 0.118847 0.537981 
2.31579 4 6 1 0.0648268 0.51084 
2.73684 4 6 1 0.0145946 0.485601 
3.15789 4 6 1 -0.0322348 0.462072 
3.57895 4 6 1 -0.0759958 0.440085 
4 4 6 1 -0.11698 0.419492 
