-1.91537 -0.419753 -1.76471 0.802638 0 
-2.08385 -0.453729 -1.89158 0.913572 1 
-2.30441 -0.498208 -2.05128 1.0532 2 
-2.60562 -0.558951 -2.25842 1.23432 3 
-3.04162 -0.646875 -2.53785 1.47864 4 
-3.72894 -0.785482 -2.9354 1.82623 5 
-4.9729 -1.03634 -3.54602 2.36013 6 
-7.90982 -1.6286 -4.60376 3.28496 7 
-23.3558 -4.74345 -6.88331 5.27809 8 
0.139547 -0.15898 0.0891404 0.358424 20 
0.179185 -0.158632 0.124076 0.38298 21 
0.222975 -0.158248 0.162444 0.409949 22 
0.271606 -0.157821 0.204776 0.439705 23 
0.325926 -0.157345 0.251721 0.472702 24 
0.386998 -0.156809 0.304077 0.509503 25 
0.456162 -0.156202 0.362834 0.550804 26 
0.535141 -0.155509 0.429245 0.597484 27 
0.626185 -0.15471 0.504909 0.650668 28 
0.732285 -0.153778 0.591904 0.711817 29 
0.857515 -0.152679 0.692981 0.782864 30 
1.00756 -0.151363 0.811862 0.866426 31 
1.19061 -0.149756 0.953703 0.966126 32 
1.41889 -0.147753 1.12587 1.08714 33 
1.71154 -0.145185 1.33925 1.23713 34 
2.10025 -0.141774 1.61065 1.4279 35 
2.6416 -0.137023 1.96747 1.6787 36 
3.44747 -0.129951 2.45755 2.02318 37 
4.77441 -0.118306 3.17271 2.52587 38 
7.36928 -0.0955337 4.31419 3.32822 39 
-1.91537 -0.419753 -1.76471 0.802638 40 
-1.66561 -0.388058 -1.55489 0.752363 41 
-1.44972 -0.360662 -1.37028 0.708128 42 
-1.26125 -0.336744 -1.2066 0.668906 43 
-1.09529 -0.315683 -1.06047 0.633891 44 
-0.948026 -0.296996 -0.929218 0.60244 45 
-0.816475 -0.280302 -0.810679 0.574036 46 
-0.698247 -0.265298 -0.703091 0.548257 47 
-0.591416 -0.251741 -0.605006 0.524754 48 
-0.494409 -0.239431 -0.515215 0.503238 49 
-0.405932 -0.228203 -0.432711 0.483469 50 
-0.324905 -0.21792 -0.356641 0.465241 51 
-0.250427 -0.208469 -0.286281 0.448381 52 
-0.181734 -0.199752 -0.22101 0.432741 53 
-0.118178 -0.191686 -0.160296 0.418193 54 
-0.0592022 -0.184202 -0.103678 0.404627 55 
-0.00432969 -0.177238 -0.0507546 0.391945 56 
0.0468537 -0.170743 -0.00117591 0.380065 57 
0.0947078 -0.16467 0.0453655 0.368913 58 
0.139547 -0.15898 0.0891404 0.358424 59 
124.1 -2.32032 8.40656 8.1763 76 
17.5417 -0.289411 6.14781 5.50045 77 
10.0902 -0.147392 5.00461 4.14613 78 
7.36928 -0.0955337 4.31419 3.32822 79 
