1.59894 -0.0687665 1.66522 1.26051 0 
1.40213 -0.0692665 1.44263 1.17522 1 
1.22671 -0.0697122 1.24672 1.10015 2 
1.06937 -0.0701119 1.07296 1.03356 3 
0.927451 -0.0704725 0.917801 0.974105 4 
0.798793 -0.0707993 0.778405 0.920689 5 
0.68162 -0.071097 0.652485 0.872437 6 
0.574459 -0.0713692 0.538179 0.828635 7 
0.476081 -0.0716192 0.433949 0.788694 8 
0.385448 -0.0718494 0.338521 0.752126 9 
0.301679 -0.0720622 0.250824 0.718521 10 
0.224024 -0.0722595 0.169955 0.687532 11 
0.151837 -0.0724429 0.0951463 0.658866 12 
0.0845604 -0.0726138 0.025742 0.63227 13 
0.0217088 -0.0727735 -0.0388235 0.607529 14 
-0.0371401 -0.072923 -0.0990391 0.584454 15 
-0.0923568 -0.0730633 -0.15533 0.562883 16 
-0.144268 -0.0731952 -0.208068 0.542674 17 
-0.193161 -0.0733194 -0.257579 0.523702 18 
-0.239292 -0.0734366 -0.304151 0.505856 19 
1.59894 -0.0687665 1.66522 1.26051 40 
1.7308 -0.094355 1.82405 1.41943 41 
1.90023 -0.127236 2.03518 1.63068 42 
2.12597 -0.171044 2.32954 1.92521 43 
2.44168 -0.232313 2.76843 2.36434 44 
2.91454 -0.324079 3.49291 3.08923 45 
3.70077 -0.476658 4.91619 4.51331 46 
5.26622 -0.780459 8.99113 8.59055 47 
9.90731 -1.68114 123.95 123.614 48 
-0.239292 -0.0734366 -0.304151 0.505856 60 
-0.281595 -0.084802 -0.352437 0.526945 61 
-0.328742 -0.0974691 -0.406569 0.550588 62 
-0.381618 -0.111675 -0.467678 0.577279 63 
-0.441333 -0.127718 -0.537205 0.607646 64 
-0.509305 -0.14598 -0.617018 0.642505 65 
-0.587375 -0.166955 -0.709583 0.682934 66 
-0.677974 -0.191296 -0.81822 0.730383 67 
-0.78438 -0.219884 -0.947514 0.786854 68 
-0.911125 -0.253936 -1.10397 0.855191 69 
-1.06466 -0.295186 -1.29717 0.939572 70 
-1.25448 -0.346184 -1.54176 1.0464 71 
-1.49517 -0.410849 -1.8614 1.18601 72 
-1.81034 -0.495526 -2.29688 1.37621 73 
-2.2409 -0.611204 -2.92512 1.6506 74 
-2.86442 -0.778723 -3.91049 2.08098 75 
-3.84806 -1.04299 -5.6784 2.85314 76 
-5.63049 -1.52188 -9.77505 4.64241 77 
-9.8499 -2.65549 -29.6783 13.3354 78 
