-4 -4 2 1 4.49365 0.713768 
-4 -3.57895 2 1 3.38656 0.608876 
-4 -3.15789 2 1 2.65881 0.539924 
-4 -2.73684 2 1 2.14394 0.491142 
-4 -2.31579 2 1 1.76047 0.45481 
-4 -1.89474 2 1 1.46379 0.4267 
-4 -1.47368 2 1 1.22742 0.404305 
-4 -1.05263 2 1 1.03468 0.386043 
-4 -0.631579 2 1 0.874502 0.370867 
-4 -0.210526 2 1 0.739281 0.358055 
-4 0.210526 2 1 0.623604 0.347095 
-4 0.631579 2 1 0.523521 0.337613 
-4 1.05263 2 1 0.436077 0.329328 
-4 1.47368 2 1 0.359019 0.322027 
-4 1.89474 2 1 0.290602 0.315545 
-4 2.31579 2 1 0.22945 0.309751 
-4 2.73684 2 1 0.174462 0.304541 
-4 3.15789 2 1 0.124753 0.299831 
-4 3.57895 2 1 0.079596 0.295553 
-4 4 2 1 0.038394 0.291649 
4 1.47368 2 1 -17.1236 2.89559 
4 1.89474 2 1 -7.98718 1.38476 
4 2.31579 2 1 -5.42387 0.960881 
4 2.73684 2 1 -4.21683 0.761281 
4 3.15789 2 1 -3.51483 0.645196 
4 3.57895 2 1 -3.05575 0.569279 
4 4 2 1 -2.73208 0.515757 
-4 -4 2 1 4.49365 0.713768 
-3.57895 -4 2 1 5.42167 0.859732 
-3.15789 -4 2 1 7.08035 1.12061 
-2.73684 -4 2 1 10.8928 1.72025 
-2.31579 -4 2 1 28.8188 4.53972 
-4 4 2 1 0.038394 0.291649 
-3.57895 4 2 1 -0.00655954 0.295285 
-3.15789 4 2 1 -0.0551062 0.299212 
-2.73684 4 2 1 -0.107695 0.303466 
-2.31579 4 2 1 -0.164851 0.30809 
-1.89474 4 2 1 -0.227199 0.313133 
-1.47368 4 2 1 -0.295478 0.318656 
-1.05263 4 2 1 -0.370577 0.324731 
-0.631579 4 2 1 -0.453572 0.331445 
-0.210526 4 2 1 -0.545777 0.338903 
0.210526 4 2 1 -0.648816 0.347238 
0.631579 4 2 1 -0.764716 0.356614 
1.05263 4 2 1 -0.896046 0.367237 
1.47368 4 2 1 -1.04611 0.379376 
1.89474 4 2 1 -1.21922 0.393379 
2.31579 4 2 1 -1.42112 0.409711 
2.73684 4 2 1 -1.65966 0.429007 
3.15789 4 2 1 -1.9458 0.452153 
3.57895 4 2 1 -2.29537 0.480431 
4 4 2 1 -2.73208 0.515757 
-4 -4 6 1 13.1215 11.512 
-4 -3.57895 6 1 7.09009 6.63543 
-4 -3.15789 6 1 4.69388 4.698 
-4 -2.73684 6 1 3.40746 3.65788 
-4 -2.31579 6 1 2.6048 3.0089 
-4 -1.89474 6 1 2.05622 2.56535 
-4 -1.47368 6 1 1.65755 2.24302 
-4 -1.05263 6 1 1.35474 1.99818 
-4 -0.631579 6 1 1.11692 1.8059 
-4 -0.210526 6 1 0.925201 1.65088 
-4 0.210526 6 1 0.767357 1.52326 
-4 0.631579 6 1 0.63514 1.41636 
-4 1.05263 6 1 0.522778 1.32551 
-4 1.47368 6 1 0.426111 1.24735 
-4 1.89474 6 1 0.342065 1.1794 
-4 2.31579 6 1 0.268319 1.11977 
-4 2.73684 6 1 0.203091 1.06703 
-4 3.15789 6 1 0.144984 1.02005 
-4 3.57895 6 1 0.0928922 0.977931 
-4 4 6 1 0.0459283 0.939959 
4 2.31579 6 1 -57.4959 57.831 
4 2.73684 6 1 -12.5929 12.1431 
4 3.15789 6 1 -7.40484 6.86431 
4 3.57895 6 1 -5.39841 4.8228 
4 4 6 1 -4.33369 3.73946 
-4 -4 6 1 13.1215 11.512 
-3.57895 -4 6 1 34.3967 31.7189 
-4 4 6 1 0.0459283 0.939959 
-3.57895 4 6 1 -0.00451258 0.972201 
-3.15789 4 6 1 -0.0595302 1.00737 
-2.73684 4 6 1 -0.119777 1.04588 
-2.31579 4 6 1 -0.186036 1.08823 
-1.89474 4 6 1 -0.259254 1.13503 
-1.47368 4 6 1 -0.340588 1.18702 
-1.05263 4 6 1 -0.431468 1.24512 
-0.631579 4 6 1 -0.533677 1.31045 
-0.210526 4 6 1 -0.649476 1.38447 
0.210526 4 6 1 -0.781768 1.46903 
0.631579 4 6 1 -0.934346 1.56656 
1.05263 4 6 1 -1.11227 1.68029 
1.47368 4 6 1 -1.32241 1.81462 
1.89474 4 6 1 -1.5744 1.97569 
2.31579 4 6 1 -1.88214 2.1724 
2.73684 4 6 1 -2.2664 2.41803 
3.15789 4 6 1 -2.75979 2.73341 
3.57895 4 6 1 -3.4165 3.15318 
4 4 6 1 -4.33369 3.73946 
