-1.57959 0.40799 -2.09102 2.06378 20 
-1.38782 0.400895 -1.81493 1.94556 21 
-1.21509 0.394505 -1.57301 1.84197 22 
-1.05868 0.388719 -1.3593 1.75046 23 
-0.916401 0.383455 -1.16913 1.66904 24 
-0.786409 0.378645 -0.998816 1.59611 25 
-0.667181 0.374234 -0.845402 1.53042 26 
-0.557433 0.370174 -0.706492 1.47094 27 
-0.456078 0.366424 -0.580122 1.41683 28 
-0.362189 0.362951 -0.464667 1.36739 29 
-0.274969 0.359724 -0.358771 1.32205 30 
-0.193733 0.356718 -0.261294 1.28031 31 
-0.117886 0.353912 -0.171271 1.24176 32 
-0.0469073 0.351286 -0.0878782 1.20606 33 
0.0196559 0.348824 -0.0104092 1.17289 34 
0.0822035 0.34651 0.0617456 1.14199 35 
0.141088 0.344331 0.129115 1.11314 36 
0.196623 0.342277 0.192159 1.08615 37 
0.249085 0.340336 0.251283 1.06083 38 
0.298724 0.338499 0.306839 1.03704 39 
-3.91585 0.939401 -13.4212 15.5956 53 
-3.01084 0.733545 -6.41026 7.22234 54 
-2.48483 0.613899 -4.33108 4.73913 55 
-2.14097 0.535683 -3.33392 3.5482 56 
-1.89861 0.480555 -2.74853 2.84906 57 
-1.71859 0.439607 -2.36351 2.38922 58 
-1.57959 0.40799 -2.09102 2.06378 59 
6.80593 1.77738 453.757 493.469 63 
4.33891 1.23187 12.0573 13.7977 64 
3.11756 0.961805 5.86725 7.07546 65 
2.3886 0.800615 3.76515 4.79266 66 
1.90421 0.693507 2.70669 3.6432 67 
1.559 0.617173 2.06922 2.95093 68 
1.30051 0.560016 1.64323 2.48832 69 
1.09972 0.515616 1.33847 2.15736 70 
0.93924 0.480131 1.10962 1.90884 71 
0.808044 0.451121 0.931471 1.71537 72 
0.698785 0.426962 0.78885 1.56049 73 
0.606386 0.40653 0.672093 1.4337 74 
0.527224 0.389026 0.57475 1.32798 75 
0.458644 0.373861 0.492349 1.2385 76 
0.398657 0.360597 0.421697 1.16177 77 
0.345745 0.348897 0.360447 1.09526 78 
0.298724 0.338499 0.306839 1.03704 79 
