-4 -4 2 1 -2.23864 -0.189569 
-4 -3.57895 2 1 -2.45222 -0.188032 
-4 -3.15789 2 1 -2.73862 -0.185972 
-4 -2.73684 2 1 -3.14273 -0.183065 
-4 -2.31579 2 1 -3.75589 -0.178655 
-4 -1.89474 2 1 -4.79689 -0.171167 
-4 -1.47368 2 1 -6.95349 -0.155654 
-4 -1.05263 2 1 -14.0892 -0.104327 
4 -4 2 1 0.0750789 -0.10337 
4 -3.57895 2 1 0.114293 -0.0988921 
4 -3.15789 2 1 0.157314 -0.0939792 
4 -2.73684 2 1 0.204724 -0.0885651 
4 -2.31579 2 1 0.257231 -0.082569 
4 -1.89474 2 1 0.315702 -0.0758917 
4 -1.47368 2 1 0.381217 -0.0684101 
4 -1.05263 2 1 0.455129 -0.0599695 
4 -0.631579 2 1 0.539163 -0.0503731 
4 -0.210526 2 1 0.635552 -0.0393658 
4 0.210526 2 1 0.747235 -0.0266119 
4 0.631579 2 1 0.878167 -0.0116598 
4 1.05263 2 1 1.03379 0.00611229 
4 1.47368 2 1 1.22183 0.0275853 
4 1.89474 2 1 1.45357 0.0540497 
4 2.31579 2 1 1.74626 0.0874747 
4 2.73684 2 1 2.1276 0.131022 
4 3.15789 2 1 2.64502 0.190111 
4 3.57895 2 1 3.38722 0.274867 
4 4 2 1 4.54127 0.406656 
-4 -4 2 1 -2.23864 -0.189569 
-3.57895 -4 2 1 -1.92012 -0.177702 
-3.15789 -4 2 1 -1.65407 -0.16779 
-2.73684 -4 2 1 -1.42851 -0.159387 
-2.31579 -4 2 1 -1.23486 -0.152172 
-1.89474 -4 2 1 -1.06678 -0.145911 
-1.47368 -4 2 1 -0.91953 -0.140425 
-1.05263 -4 2 1 -0.78946 -0.135579 
-0.631579 -4 2 1 -0.673731 -0.131267 
-0.210526 -4 2 1 -0.570093 -0.127406 
0.210526 -4 2 1 -0.476747 -0.123929 
0.631579 -4 2 1 -0.392231 -0.12078 
1.05263 -4 2 1 -0.315349 -0.117916 
1.47368 -4 2 1 -0.245113 -0.115299 
1.89474 -4 2 1 -0.180695 -0.112899 
2.31579 -4 2 1 -0.121401 -0.11069 
2.73684 -4 2 1 -0.066644 -0.10865 
3.15789 -4 2 1 -0.0159219 -0.106761 
3.57895 -4 2 1 0.0311953 -0.105005 
4 -4 2 1 0.0750789 -0.10337 
2.31579 4 2 1 24.5361 3.27798 
2.73684 4 2 1 10.4291 1.25216 
3.15789 4 2 1 6.98325 0.757333 
3.57895 4 2 1 5.42741 0.53391 
4 4 2 1 4.54127 0.406656 
-4 -4 6 1 -1.9137 1.09053 
-4 -3.57895 6 1 -2.04596 1.24005 
-4 -3.15789 6 1 -2.21287 1.42876 
-4 -2.73684 6 1 -2.43013 1.67439 
-4 -2.31579 6 1 -2.72454 2.00724 
-4 -1.89474 6 1 -3.14607 2.48382 
-4 -1.47368 6 1 -3.79976 3.22286 
-4 -1.05263 6 1 -4.95024 4.52356 
-4 -0.631579 6 1 -7.51092 7.4186 
-4 -0.210526 6 1 -18.1796 19.4803 
4 -4 6 1 0.0358934 0.396323 
4 -3.57895 6 1 0.0704687 0.421845 
4 -3.15789 6 1 0.108135 0.449649 
4 -2.73684 6 1 0.149327 0.480055 
4 -2.31579 6 1 0.194563 0.513447 
4 -1.89474 6 1 0.244471 0.550286 
4 -1.47368 6 1 0.299811 0.591137 
4 -1.05263 6 1 0.361525 0.636691 
4 -0.631579 6 1 0.430778 0.687811 
4 -0.210526 6 1 0.509043 0.745583 
4 0.210526 6 1 0.598201 0.811396 
4 0.631579 6 1 0.700696 0.887054 
4 1.05263 6 1 0.819764 0.974946 
4 1.47368 6 1 0.959777 1.0783 
4 1.89474 6 1 1.12679 1.20158 
4 2.31579 6 1 1.32946 1.35119 
4 2.73684 6 1 1.58056 1.53654 
4 3.15789 6 1 1.89981 1.77219 
4 3.57895 6 1 2.31929 2.08184 
4 4 6 1 2.89503 2.50683 
-4 -4 6 1 -1.9137 1.09053 
-3.57895 -4 6 1 -1.67343 1.00497 
-3.15789 -4 6 1 -1.46649 0.931288 
-2.73684 -4 6 1 -1.2864 0.867161 
-2.31579 -4 6 1 -1.12825 0.810847 
-1.89474 -4 6 1 -0.988254 0.760999 
-1.47368 -4 6 1 -0.863464 0.716564 
-1.05263 -4 6 1 -0.751528 0.676706 
-0.631579 -4 6 1 -0.650557 0.640752 
-0.210526 -4 6 1 -0.559014 0.608156 
0.210526 -4 6 1 -0.475639 0.578468 
0.631579 -4 6 1 -0.399385 0.551316 
1.05263 -4 6 1 -0.329377 0.526387 
1.47368 -4 6 1 -0.264877 0.50342 
1.89474 -4 6 1 -0.205261 0.482192 
2.31579 -4 6 1 -0.149993 0.462513 
2.73684 -4 6 1 -0.0986158 0.444218 
3.15789 -4 6 1 -0.0507311 0.427168 
3.57895 -4 6 1 -0.00599491 0.411238 
4 -4 6 1 0.0358934 0.396323 
1.47368 4 6 1 13.2058 19.1872 
1.89474 4 6 1 7.01763 9.17624 
2.31579 4 6 1 5.06454 6.01659 
2.73684 4 6 1 4.10732 4.46804 
3.15789 4 6 1 3.53904 3.54868 
3.57895 4 6 1 3.16266 2.93979 
4 4 6 1 2.89503 2.50683 
