-4 -4 2 1 0.620724 -0.187458 
-4 -3.57895 2 1 0.555504 -0.194971 
-4 -3.15789 2 1 0.489108 -0.202619 
-4 -2.73684 2 1 0.421502 -0.210406 
-4 -2.31579 2 1 0.352653 -0.218337 
-4 -1.89474 2 1 0.282527 -0.226414 
-4 -1.47368 2 1 0.211089 -0.234643 
-4 -1.05263 2 1 0.1383 -0.243027 
-4 -0.631579 2 1 0.0641219 -0.251572 
-4 -0.210526 2 1 -0.0114849 -0.260281 
-4 0.210526 2 1 -0.0885624 -0.269159 
-4 0.631579 2 1 -0.167154 -0.278212 
-4 1.05263 2 1 -0.247305 -0.287444 
-4 1.47368 2 1 -0.329061 -0.296861 
-4 1.89474 2 1 -0.412472 -0.306469 
-4 2.31579 2 1 -0.497589 -0.316274 
-4 2.73684 2 1 -0.584464 -0.326281 
-4 3.15789 2 1 -0.673152 -0.336496 
-4 3.57895 2 1 -0.763712 -0.346928 
-4 4 2 1 -0.856201 -0.357581 
-4 -4 2 1 0.620724 -0.187458 
-3.57895 -4 2 1 0.676543 -0.19486 
-3.15789 -4 2 1 0.741474 -0.20347 
-2.73684 -4 2 1 0.817946 -0.213611 
-2.31579 -4 2 1 0.909336 -0.22573 
-1.89474 -4 2 1 1.02048 -0.240469 
-1.47368 -4 2 1 1.15857 -0.25878 
-1.05263 -4 2 1 1.33473 -0.282141 
-0.631579 -4 2 1 1.56725 -0.312974 
-0.210526 -4 2 1 1.88831 -0.355549 
0.210526 -4 2 1 2.36038 -0.418149 
0.631579 -4 2 1 3.12276 -0.519248 
1.05263 -4 2 1 4.56219 -0.710126 
1.47368 -4 2 1 8.30078 -1.20589 
1.89474 -4 2 1 41.696 -5.63435 
-4 4 2 1 -0.856201 -0.357581 
-3.57895 4 2 1 -0.924135 -0.382297 
-3.15789 4 2 1 -1.00586 -0.412031 
-2.73684 4 2 1 -1.10605 -0.448483 
-2.31579 4 2 1 -1.23176 -0.494219 
-1.89474 4 2 1 -1.39416 -0.553306 
-1.47368 4 2 1 -1.61207 -0.632587 
-1.05263 4 2 1 -1.9198 -0.744548 
-0.631579 4 2 1 -2.38731 -0.914643 
-0.210526 4 2 1 -3.18269 -1.20402 
0.210526 4 2 1 -4.83706 -1.80594 
0.631579 4 2 1 -10.3756 -3.821 
-4 -4 6 1 0.531082 0.457567 
-4 -3.57895 6 1 0.468378 0.455911 
-4 -3.15789 6 1 0.404599 0.454226 
-4 -2.73684 6 1 0.339719 0.452513 
-4 -2.31579 6 1 0.273707 0.450769 
-4 -1.89474 6 1 0.206535 0.448995 
-4 -1.47368 6 1 0.13817 0.447189 
-4 -1.05263 6 1 0.0685825 0.445351 
-4 -0.631579 6 1 -0.00226225 0.443479 
-4 -0.210526 6 1 -0.0743983 0.441574 
-4 0.210526 6 1 -0.147861 0.439633 
-4 0.631579 6 1 -0.222688 0.437657 
-4 1.05263 6 1 -0.298917 0.435643 
-4 1.47368 6 1 -0.376587 0.433592 
-4 1.89474 6 1 -0.455741 0.431501 
-4 2.31579 6 1 -0.536421 0.42937 
-4 2.73684 6 1 -0.618672 0.427197 
-4 3.15789 6 1 -0.70254 0.424982 
-4 3.57895 6 1 -0.788072 0.422723 
-4 4 6 1 -0.875321 0.420418 
-4 -4 6 1 0.531082 0.457567 
-3.57895 -4 6 1 0.577518 0.496636 
-3.15789 -4 6 1 0.631099 0.541715 
-2.73684 -4 6 1 0.69361 0.594307 
-2.31579 -4 6 1 0.767488 0.656463 
-1.89474 -4 6 1 0.856141 0.73105 
-1.47368 -4 6 1 0.964497 0.822213 
-1.05263 -4 6 1 1.09994 0.936168 
-0.631579 -4 6 1 1.27409 1.08269 
-0.210526 -4 6 1 1.5063 1.27805 
0.210526 -4 6 1 1.8314 1.55156 
0.631579 -4 6 1 2.31907 1.96185 
1.05263 -4 6 1 3.13191 2.64573 
1.47368 -4 6 1 4.75785 4.01367 
1.89474 -4 6 1 9.63756 8.11912 
-4 4 6 1 -0.875321 0.420418 
-3.57895 4 6 1 -0.940526 0.464368 
-3.15789 4 6 1 -1.01803 0.516611 
-2.73684 4 6 1 -1.11169 0.579739 
-2.31579 4 6 1 -1.22713 0.65755 
-1.89474 4 6 1 -1.37296 0.755839 
-1.47368 4 6 1 -1.56297 0.883917 
-1.05263 4 6 1 -1.82087 1.05774 
-0.631579 4 6 1 -2.19091 1.30716 
-0.210526 4 6 1 -2.76657 1.69518 
0.210526 4 6 1 -3.7852 2.38176 
0.631579 4 6 1 -6.07779 3.92703 
1.05263 4 6 1 -16.0231 10.6305 
