0.289623 -0.0579444 0.255312 0.44673 0 
0.242519 -0.0546857 0.212238 0.461719 1 
0.192837 -0.0512487 0.167055 0.477441 2 
0.140356 -0.0476181 0.119602 0.493954 3 
0.0848356 -0.0437771 0.0697058 0.511317 4 
0.0260023 -0.039707 0.0171711 0.529597 5 
-0.0364492 -0.0353866 -0.0382166 0.548871 6 
-0.102863 -0.030792 -0.0966961 0.56922 7 
-0.173629 -0.0258964 -0.158534 0.590738 8 
-0.249189 -0.0206691 -0.224028 0.613529 9 
-0.330048 -0.0150753 -0.293511 0.637707 10 
-0.416783 -0.00907491 -0.367361 0.663405 11 
-0.510059 -0.00262205 -0.446003 0.690771 12 
-0.610644 0.0043365 -0.529917 0.719971 13 
-0.719434 0.0118626 -0.619652 0.751197 14 
-0.837474 0.0200286 -0.715837 0.784667 15 
-0.965996 0.0289199 -0.819193 0.820632 16 
-1.10646 0.0386374 -0.930552 0.859382 17 
-1.26062 0.049302 -1.05088 0.901254 18 
-1.43057 0.0610592 -1.18131 0.94664 19 
123.884 23.1217 6.64102 5.94119 20 
0.289623 -0.0579444 0.255312 0.44673 40 
0.333431 -0.0497284 0.292803 0.478989 41 
0.382356 -0.0405527 0.334188 0.514598 42 
0.43735 -0.0302387 0.380105 0.554106 43 
0.499618 -0.0185607 0.431344 0.598193 44 
0.570705 -0.00522871 0.488884 0.647703 45 
0.652626 0.0101352 0.553966 0.703701 46 
0.748063 0.028034 0.628175 0.767553 47 
0.860662 0.0491515 0.713578 0.841037 48 
0.995509 0.0744415 0.812913 0.926507 49 
1.15992 0.105276 0.929891 1.02716 50 
1.36482 0.143704 1.06967 1.14743 51 
1.62726 0.192923 1.23964 1.29368 52 
1.97543 0.258221 1.45077 1.47534 53 
2.45955 0.349016 1.72006 1.70704 54 
3.17857 0.483864 2.07538 2.01277 55 
4.35819 0.705097 2.5658 2.43474 56 
6.64959 1.13484 3.28646 3.05483 57 
13.0253 2.33058 4.44925 4.05532 58 
123.884 23.1217 6.64102 5.94119 59 
-1.43057 0.0610592 -1.18131 0.94664 60 
-1.53716 0.0918858 -1.24384 1.05316 61 
-1.67147 0.130729 -1.31908 1.18136 62 
-1.84593 0.181185 -1.41138 1.33861 63 
-2.08171 0.249374 -1.52725 1.53602 64 
-2.41802 0.346639 -1.67707 1.79126 65 
-2.9366 0.496617 -1.87829 2.13408 66 
-3.84069 0.758088 -2.16286 2.61891 67 
-5.81449 1.32893 -2.5961 3.35702 68 
-13.5064 3.5535 -3.3357 4.61706 69 
