1.01741 0.167998 0.876656 0.962895 0 
0.909928 0.154956 0.778785 0.935527 1 
0.806738 0.142436 0.684579 0.909183 2 
0.707592 0.130406 0.593835 0.883808 3 
0.612258 0.118839 0.506367 0.859349 4 
0.520519 0.107708 0.422001 0.835757 5 
0.432175 0.0969887 0.340573 0.812987 6 
0.347043 0.0866593 0.261934 0.790996 7 
0.26495 0.0766987 0.185942 0.769746 8 
0.185735 0.0670873 0.112466 0.7492 9 
0.109251 0.0578073 0.0413836 0.729322 10 
0.035358 0.0488416 -0.0274212 0.710082 11 
-0.036073 0.0401746 -0.0940558 0.691449 12 
-0.105163 0.0317917 -0.158621 0.673394 13 
-0.172026 0.0236791 -0.221212 0.655891 14 
-0.236766 0.0158239 -0.281918 0.638915 15 
-0.299485 0.00821403 -0.340823 0.622443 16 
-0.360275 0.000838229 -0.398006 0.606453 17 
-0.419223 -0.00631416 -0.453541 0.590923 18 
-0.476412 -0.0132531 -0.507499 0.575835 19 
1.01741 0.167998 0.876656 0.962895 40 
1.09299 0.190151 0.93408 1.05535 41 
1.18487 0.217086 1.00292 1.1662 42 
1.29899 0.250541 1.08697 1.30152 43 
1.44453 0.293205 1.19188 1.47044 44 
1.63654 0.349491 1.32652 1.68722 45 
1.90149 0.427161 1.50563 1.9756 46 
2.29071 0.541259 1.75557 2.37803 47 
2.9184 0.725263 2.12873 2.97885 48 
4.1005 1.07179 2.74605 3.97279 49 
7.15252 1.96648 3.96364 5.93324 50 
33.2971 9.63064 7.48561 11.604 51 
-0.476412 -0.0132531 -0.507499 0.575835 60 
-0.525198 -0.010119 -0.555796 0.616783 61 
-0.581095 -0.00652796 -0.61075 0.663374 62 
-0.645781 -0.00237233 -0.673837 0.716861 63 
-0.721505 0.00249242 -0.747007 0.778897 64 
-0.811356 0.00826474 -0.832889 0.85171 65 
-0.919694 0.0152247 -0.935109 0.938376 66 
-1.05288 0.023781 -1.05882 1.04326 67 
-1.22057 0.0345537 -1.21159 1.17279 68 
-1.43816 0.0485325 -1.40504 1.3368 69 
-1.73182 0.0673985 -1.65789 1.55117 70 
-2.14991 0.0942579 -2.00247 1.84332 71 
-2.79275 0.135556 -2.49976 2.26494 72 
-3.9082 0.207216 -3.28018 2.9266 73 
-6.32035 0.362181 -4.68173 4.11488 74 
-15.429 0.947349 -7.93613 6.87406 75 
