1.1172 0.123384 0.982786 0.997211 0 
0.997212 0.110015 0.871322 0.962318 1 
0.883398 0.0973342 0.765355 0.929147 2 
0.775295 0.0852896 0.664489 0.897572 3 
0.672483 0.0738346 0.568365 0.867481 4 
0.574584 0.0629269 0.476655 0.838772 5 
0.481253 0.0525282 0.389062 0.811352 6 
0.392178 0.0426037 0.305315 0.785136 7 
0.307074 0.0331217 0.225166 0.760047 8 
0.225682 0.0240532 0.148389 0.736013 9 
0.147764 0.0153717 0.0747747 0.712969 10 
0.0731018 0.00705308 0.00413165 0.690855 11 
0.00149593 -0.000925066 -0.0637163 0.669616 12 
-0.0672377 -0.00858319 -0.128932 0.649201 13 
-0.133268 -0.0159402 -0.191665 0.629563 14 
-0.196753 -0.0230134 -0.252056 0.610658 15 
-0.257835 -0.029819 -0.310232 0.592447 16 
-0.316649 -0.0363719 -0.366314 0.574891 17 
-0.373318 -0.0426859 -0.420412 0.557956 18 
-0.427959 -0.0487738 -0.47263 0.54161 19 
1.1172 0.123384 0.982786 0.997211 40 
1.20197 0.138283 1.05029 1.09707 41 
1.3062 0.156603 1.13248 1.21864 42 
1.43748 0.179677 1.23471 1.36987 43 
1.6079 0.20963 1.36534 1.56312 44 
1.83804 0.250079 1.53812 1.81871 45 
2.16594 0.307712 1.77738 2.17263 46 
2.6707 0.39643 2.13059 2.69513 47 
3.54827 0.550673 2.70465 3.54432 48 
5.45347 0.885534 3.80086 5.16592 49 
12.741 2.16641 6.72592 9.49291 50 
-0.427959 -0.0487738 -0.47263 0.54161 60 
-0.47539 -0.0505813 -0.521422 0.577419 61 
-0.529489 -0.0526429 -0.576844 0.618093 62 
-0.591767 -0.0550162 -0.640346 0.664698 63 
-0.664231 -0.0577776 -0.713833 0.718631 64 
-0.749604 -0.061031 -0.799863 0.781769 65 
-0.851671 -0.0649206 -0.901945 0.856689 66 
-0.975861 -0.0696531 -1.02504 0.947026 67 
-1.13024 -0.0755361 -1.17636 1.05809 68 
-1.32734 -0.0830471 -1.3669 1.19792 69 
-1.58773 -0.0929701 -1.61416 1.37939 70 
-1.94775 -0.10669 -1.9479 1.62432 71 
-2.47808 -0.126899 -2.42309 1.97308 72 
-3.33704 -0.159632 -3.15387 2.50941 73 
-4.96719 -0.221754 -4.4223 3.44032 74 
-9.25315 -0.385082 -7.16696 5.45465 75 
-51.1992 -1.98355 -17.5519 13.0763 76 
