-4 -4 2 1 -1.12802 -0.060473 
-4 -3.57895 2 1 -1.20472 -0.0686315 
-4 -3.15789 2 1 -1.29771 -0.0785234 
-4 -2.73684 2 1 -1.41282 -0.0907667 
-4 -2.31579 2 1 -1.55897 -0.106313 
-4 -1.89474 2 1 -1.7507 -0.126707 
-4 -1.47368 2 1 -2.01327 -0.154636 
-4 -1.05263 2 1 -2.39482 -0.19522 
-4 -0.631579 2 1 -2.99992 -0.259584 
-4 -0.210526 2 1 -4.10643 -0.377282 
-4 0.210526 2 1 -6.77854 -0.661509 
-4 0.631579 2 1 -22.3736 -2.32033 
4 -4 2 1 0.34311 0.0840349 
4 -3.57895 2 1 0.383648 0.087625 
4 -3.15789 2 1 0.429387 0.0916758 
4 -2.73684 2 1 0.481398 0.0962819 
4 -2.31579 2 1 0.541064 0.101566 
4 -1.89474 2 1 0.610211 0.10769 
4 -1.47368 2 1 0.691294 0.114871 
4 -1.05263 2 1 0.787694 0.123408 
4 -0.631579 2 1 0.904204 0.133726 
4 -0.210526 2 1 1.04785 0.146448 
4 0.210526 2 1 1.22936 0.162523 
4 0.631579 2 1 1.46599 0.183479 
4 1.05263 2 1 1.78732 0.211937 
4 1.47368 2 1 2.24876 0.252802 
4 1.89474 2 1 2.96748 0.316454 
4 2.31579 2 1 4.24185 0.429314 
4 2.73684 2 1 7.12223 0.684405 
4 3.15789 2 1 19.8167 1.80865 
-4 -4 2 1 -1.12802 -0.060473 
-3.57895 -4 2 1 -1.01201 -0.0490779 
-3.15789 -4 2 1 -0.902256 -0.0382966 
-2.73684 -4 2 1 -0.798257 -0.0280809 
-2.31579 -4 2 1 -0.699575 -0.0183874 
-1.89474 -4 2 1 -0.60581 -0.00917694 
-1.47368 -4 2 1 -0.516606 -0.000414426 
-1.05263 -4 2 1 -0.431636 0.00793209 
-0.631579 -4 2 1 -0.350607 0.0158915 
-0.210526 -4 2 1 -0.27325 0.0234903 
0.210526 -4 2 1 -0.199322 0.0307522 
0.631579 -4 2 1 -0.128599 0.0376993 
1.05263 -4 2 1 -0.0608769 0.0443515 
1.47368 -4 2 1 0.00403042 0.0507273 
1.89474 -4 2 1 0.0662954 0.0568436 
2.31579 -4 2 1 0.126076 0.0627158 
2.73684 -4 2 1 0.183518 0.0683583 
3.15789 -4 2 1 0.238757 0.0737843 
3.57895 -4 2 1 0.291915 0.0790061 
4 -4 2 1 0.34311 0.0840349 
-4 -4 6 1 -1.27431 0.852408 
-4 -3.57895 6 1 -1.3702 0.93642 
-4 -3.15789 6 1 -1.48776 1.03941 
-4 -2.73684 6 1 -1.63525 1.16862 
-4 -2.31579 6 1 -1.82576 1.33553 
-4 -1.89474 6 1 -2.08136 1.55946 
-4 -1.47368 6 1 -2.44226 1.87564 
-4 -1.05263 6 1 -2.99041 2.35587 
-4 -0.631579 6 1 -3.92259 3.17254 
-4 -0.210526 6 1 -5.85994 4.86983 
-4 0.210526 6 1 -12.3305 10.5386 
4 -4 6 1 0.298132 0.670699 
4 -3.57895 6 1 0.337277 0.711017 
4 -3.15789 6 1 0.381631 0.7567 
4 -2.73684 6 1 0.432309 0.808896 
4 -2.31579 6 1 0.490767 0.869104 
4 -1.89474 6 1 0.558945 0.939324 
4 -1.47368 6 1 0.639487 1.02228 
4 -1.05263 6 1 0.736093 1.12178 
4 -0.631579 6 1 0.854099 1.24332 
4 -0.210526 6 1 1.0015 1.39514 
4 0.210526 6 1 1.19085 1.59016 
4 0.631579 6 1 1.44303 1.84988 
4 1.05263 6 1 1.7955 2.21292 
4 1.47368 6 1 2.32298 2.7562 
4 1.89474 6 1 3.19884 3.65829 
4 2.31579 6 1 4.93839 5.44994 
4 2.73684 6 1 10.0616 10.7266 
4 3.15789 6 1 378.657 390.361 
-4 -4 6 1 -1.27431 0.852408 
-3.57895 -4 6 1 -1.14825 0.837841 
-3.15789 -4 6 1 -1.02932 0.824097 
-2.73684 -4 6 1 -0.916918 0.811108 
-2.31579 -4 6 1 -0.810526 0.798814 
-1.89474 -4 6 1 -0.709674 0.787159 
-1.47368 -4 6 1 -0.613941 0.776097 
-1.05263 -4 6 1 -0.522946 0.765582 
-0.631579 -4 6 1 -0.436346 0.755574 
-0.210526 -4 6 1 -0.353831 0.746039 
0.210526 -4 6 1 -0.275117 0.736943 
0.631579 -4 6 1 -0.199948 0.728257 
1.05263 -4 6 1 -0.12809 0.719953 
1.47368 -4 6 1 -0.059329 0.712007 
1.89474 -4 6 1 0.00653121 0.704396 
2.31579 -4 6 1 0.0696704 0.6971 
2.73684 -4 6 1 0.130254 0.690099 
3.15789 -4 6 1 0.188433 0.683376 
3.57895 -4 6 1 0.244349 0.676914 
4 -4 6 1 0.298132 0.670699 
