0.486517 -0.200617 0.406721 0.386199 0 
0.429632 -0.2059 0.353495 0.390647 1 
0.370744 -0.211368 0.29856 0.395238 2 
0.309746 -0.217033 0.241833 0.399978 3 
0.246522 -0.222904 0.183223 0.404876 4 
0.180947 -0.228993 0.122636 0.409939 5 
0.112889 -0.235313 0.0599693 0.415176 6 
0.0422041 -0.241877 -0.00488515 0.420595 7 
-0.0312639 -0.2487 -0.0720444 0.426208 8 
-0.107682 -0.255796 -0.141633 0.432023 9 
-0.187232 -0.263183 -0.213787 0.438052 10 
-0.270109 -0.270879 -0.288648 0.444308 11 
-0.356528 -0.278904 -0.366374 0.450803 12 
-0.446721 -0.28728 -0.447131 0.457552 13 
-0.540939 -0.296029 -0.5311 0.464569 14 
-0.639458 -0.305178 -0.618477 0.471871 15 
-0.742581 -0.314754 -0.709474 0.479475 16 
-0.850638 -0.324789 -0.80432 0.487401 17 
-0.96399 -0.335315 -0.903264 0.495669 18 
-1.08304 -0.34637 -1.00658 0.504303 19 
0.486517 -0.200617 0.406721 0.386199 40 
0.537124 -0.202896 0.447834 0.420297 41 
0.595087 -0.205506 0.494348 0.458874 42 
0.662138 -0.208525 0.547402 0.502876 43 
0.740595 -0.212057 0.60848 0.553533 44 
0.833639 -0.216247 0.679552 0.612478 45 
0.945755 -0.221295 0.763289 0.681926 46 
1.08348 -0.227496 0.863406 0.764961 47 
1.25671 -0.235296 0.985232 0.866 48 
1.48121 -0.245404 1.13669 0.991612 49 
1.78371 -0.259024 1.33007 1.152 50 
2.2134 -0.278371 1.58561 1.36393 51 
2.87181 -0.308017 1.93898 1.65701 52 
4.00786 -0.359168 2.45967 2.08886 53 
6.43707 -0.468545 3.30341 2.78863 54 
15.2842 -0.866893 4.90602 4.11779 55 
-1.08304 -0.34637 -1.00658 0.504303 60 
-1.16816 -0.364928 -1.07362 0.564602 61 
-1.27292 -0.387768 -1.15389 0.636804 62 
-1.40502 -0.416568 -1.25173 0.724818 63 
-1.57674 -0.454008 -1.37364 0.834475 64 
-1.80909 -0.504664 -1.52974 0.974882 65 
-2.14103 -0.577033 -1.73674 1.16108 66 
-2.65405 -0.688884 -2.0244 1.41983 67 
-3.55195 -0.884644 -2.45127 1.8038 68 
-5.52778 -1.31541 -3.15068 2.43291 69 
-13.4373 -3.03985 -4.50598 3.65201 70 
