-4 -4 2 1 0.830837 0.0552574 
-4 -3.57895 2 1 0.745253 0.0484714 
-4 -3.15789 2 1 0.660934 0.0417856 
-4 -2.73684 2 1 0.577851 0.0351979 
-4 -2.31579 2 1 0.495978 0.0287061 
-4 -1.89474 2 1 0.415289 0.0223082 
-4 -1.47368 2 1 0.335758 0.0160021 
-4 -1.05263 2 1 0.25736 0.00978579 
-4 -0.631579 2 1 0.180071 0.00365748 
-4 -0.210526 2 1 0.103868 -0.00238473 
-4 0.210526 2 1 0.0287279 -0.00834265 
-4 0.631579 2 1 -0.0453709 -0.014218 
-4 1.05263 2 1 -0.11845 -0.0200125 
-4 1.47368 2 1 -0.190531 -0.0257279 
-4 1.89474 2 1 -0.261633 -0.0313657 
-4 2.31579 2 1 -0.331777 -0.0369274 
-4 2.73684 2 1 -0.400981 -0.0424147 
-4 3.15789 2 1 -0.469265 -0.047829 
-4 3.57895 2 1 -0.536647 -0.0531718 
-4 4 2 1 -0.603144 -0.0584444 
-4 -4 2 1 0.830837 0.0552574 
-3.57895 -4 2 1 0.893356 0.0725007 
-3.15789 -4 2 1 0.967667 0.0929961 
-2.73684 -4 2 1 1.05745 0.11776 
-2.31579 -4 2 1 1.16811 0.148279 
-1.89474 -4 2 1 1.30787 0.186827 
-1.47368 -4 2 1 1.48996 0.237048 
-1.05263 -4 2 1 1.73703 0.305192 
-0.631579 -4 2 1 2.09143 0.402939 
-0.210526 -4 2 1 2.64251 0.55493 
0.210526 -4 2 1 3.61684 0.823657 
0.631579 -4 2 1 5.80605 1.42746 
1.05263 -4 2 1 15.2445 4.03066 
-4 4 2 1 -0.603144 -0.0584444 
-3.57895 4 2 1 -0.656019 -0.0519974 
-3.15789 4 2 1 -0.717422 -0.0445105 
-2.73684 4 2 1 -0.789598 -0.0357102 
-2.31579 4 2 1 -0.875655 -0.0252174 
-1.89474 4 2 1 -0.980022 -0.012492 
-1.47368 4 2 1 -1.10924 0.00326329 
-1.05263 4 2 1 -1.27338 0.0232769 
-0.631579 4 2 1 -1.48882 0.0495451 
-0.210526 4 2 1 -1.78405 0.0855426 
0.210526 4 2 1 -2.21349 0.137904 
0.631579 4 2 1 -2.89555 0.221067 
1.05263 4 2 1 -4.14607 0.373541 
1.47368 4 2 1 -7.18335 0.743874 
1.89474 4 2 1 -25.4164 2.96702 
-4 -4 6 1 0.700597 0.7273 
-4 -3.57895 6 1 0.624629 0.716716 
-4 -3.15789 6 1 0.549669 0.706273 
-4 -2.73684 6 1 0.475698 0.695968 
-4 -2.31579 6 1 0.402696 0.685798 
-4 -1.89474 6 1 0.330645 0.67576 
-4 -1.47368 6 1 0.259525 0.665852 
-4 -1.05263 6 1 0.189319 0.656072 
-4 -0.631579 6 1 0.12001 0.646416 
-4 -0.210526 6 1 0.0515793 0.636883 
-4 0.210526 6 1 -0.0159882 0.627469 
-4 0.631579 6 1 -0.0827093 0.618174 
-4 1.05263 6 1 -0.1486 0.608995 
-4 1.47368 6 1 -0.213675 0.599929 
-4 1.89474 6 1 -0.27795 0.590974 
-4 2.31579 6 1 -0.34144 0.58213 
-4 2.73684 6 1 -0.404158 0.573392 
-4 3.15789 6 1 -0.466119 0.56476 
-4 3.57895 6 1 -0.527336 0.556231 
-4 4 6 1 -0.587823 0.547805 
-4 -4 6 1 0.700597 0.7273 
-3.57895 -4 6 1 0.746211 0.794134 
-3.15789 -4 6 1 0.799396 0.872061 
-2.73684 -4 6 1 0.862208 0.964093 
-2.31579 -4 6 1 0.93752 1.07444 
-1.89474 -4 6 1 1.02948 1.20918 
-1.47368 -4 6 1 1.14428 1.37739 
-1.05263 -4 6 1 1.29166 1.59333 
-0.631579 -4 6 1 1.48777 1.88067 
-0.210526 -4 6 1 1.76155 2.28181 
0.210526 -4 6 1 2.17055 2.88109 
0.631579 -4 6 1 2.84782 3.87342 
1.05263 -4 6 1 4.18607 5.83423 
1.47368 -4 6 1 8.07506 11.5324 
1.89474 -4 6 1 169.753 248.424 
-4 4 6 1 -0.587823 0.547805 
-3.57895 4 6 1 -0.634518 0.594463 
-3.15789 4 6 1 -0.687959 0.64786 
-2.73684 4 6 1 -0.74972 0.709572 
-2.31579 4 6 1 -0.821909 0.781704 
-1.89474 4 6 1 -0.907412 0.867138 
-1.47368 4 6 1 -1.01028 0.969928 
-1.05263 4 6 1 -1.13642 1.09596 
-0.631579 4 6 1 -1.2947 1.25412 
-0.210526 4 6 1 -1.49924 1.4585 
0.210526 4 6 1 -1.77377 1.7328 
0.631579 4 6 1 -2.16161 2.12034 
1.05263 4 6 1 -2.75119 2.70945 
1.47368 4 6 1 -3.75524 3.71269 
1.89474 4 6 1 -5.84763 5.80341 
2.31579 4 6 1 -12.8921 12.8422 
