0.5529 -0.229668 0.4649 0.386437 0 
0.492292 -0.236683 0.407567 0.38774 1 
0.430004 -0.243891 0.348763 0.389077 2 
0.365967 -0.251303 0.288429 0.390449 3 
0.300104 -0.258926 0.226505 0.391857 4 
0.232336 -0.266769 0.162927 0.393302 5 
0.162581 -0.274842 0.0976282 0.394787 6 
0.0907484 -0.283156 0.0305377 0.396312 7 
0.016745 -0.291721 -0.0384193 0.39788 8 
-0.0595294 -0.300548 -0.109322 0.399492 9 
-0.138181 -0.309651 -0.182253 0.40115 10 
-0.219323 -0.319042 -0.257302 0.402856 11 
-0.303074 -0.328735 -0.334562 0.404613 12 
-0.389564 -0.338745 -0.414132 0.406422 13 
-0.478929 -0.349088 -0.496117 0.408286 14 
-0.571314 -0.35978 -0.58063 0.410208 15 
-0.666876 -0.37084 -0.667787 0.412189 16 
-0.76578 -0.382287 -0.757717 0.414234 17 
-0.868206 -0.394141 -0.850553 0.416345 18 
-0.974345 -0.406425 -0.946438 0.418525 19 
0.5529 -0.229668 0.4649 0.386437 40 
0.606334 -0.236459 0.508433 0.420942 41 
0.668017 -0.244299 0.558138 0.460339 42 
0.740019 -0.253451 0.615427 0.505747 43 
0.825165 -0.264273 0.682178 0.558656 44 
0.927415 -0.277269 0.760948 0.62109 45 
1.0525 -0.293167 0.855302 0.695878 46 
1.20903 -0.313062 0.970375 0.787087 47 
1.41056 -0.338677 1.11383 0.900794 48 
1.67978 -0.372894 1.29765 1.04649 49 
2.05763 -0.42092 1.54166 1.2399 50 
2.62653 -0.493226 1.8812 1.50902 51 
3.58035 -0.614458 2.38603 1.90916 52 
5.50953 -0.859657 3.21568 2.56676 53 
11.4753 -1.61791 4.83235 3.84817 54 
-0.974345 -0.406425 -0.946438 0.418525 60 
-1.05153 -0.433245 -1.01326 0.467598 61 
-1.14564 -0.465942 -1.0931 0.526221 62 
-1.26292 -0.506689 -1.19014 0.597482 63 
-1.41311 -0.558873 -1.31062 0.685961 64 
-1.61235 -0.628098 -1.46423 0.798757 65 
-1.88934 -0.724339 -1.66677 0.947491 66 
-2.30064 -0.867245 -1.94607 1.15259 67 
-2.97519 -1.10162 -2.35597 1.4536 68 
-4.28469 -1.5566 -3.01601 1.9383 69 
-7.92266 -2.82061 -4.25573 2.84867 70 
-69.877 -24.3465 -7.43667 5.18456 71 
