-4 -1.05263 2 1 61.1257 -17.5328 
-4 -0.631579 2 1 8.35148 -2.52215 
-4 -0.210526 2 1 4.56329 -1.44467 
-4 0.210526 2 1 3.17674 -1.0503 
-4 0.631579 2 1 2.45766 -0.845768 
-4 1.05263 2 1 2.01758 -0.720596 
-4 1.47368 2 1 1.72051 -0.6361 
-4 1.89474 2 1 1.50648 -0.575224 
-4 2.31579 2 1 1.34494 -0.529278 
-4 2.73684 2 1 1.2187 -0.493369 
-4 3.15789 2 1 1.11731 -0.464533 
-4 3.57895 2 1 1.03411 -0.440867 
-4 4 2 1 0.964597 -0.421096 
4 -2.31579 2 1 -13.4667 -2.97376 
4 -1.89474 2 1 -5.78891 -1.41457 
4 -1.47368 2 1 -3.63744 -0.977652 
4 -1.05263 2 1 -2.62473 -0.771994 
4 -0.631579 2 1 -2.03587 -0.65241 
4 -0.210526 2 1 -1.65082 -0.574215 
4 0.210526 2 1 -1.37937 -0.519091 
4 0.631579 2 1 -1.17772 -0.47814 
4 1.05263 2 1 -1.02201 -0.446519 
4 1.47368 2 1 -0.898149 -0.421365 
4 1.89474 2 1 -0.797268 -0.400878 
4 2.31579 2 1 -0.713518 -0.383871 
4 2.73684 2 1 -0.642875 -0.369525 
4 3.15789 2 1 -0.582486 -0.357261 
4 3.57895 2 1 -0.53027 -0.346657 
4 4 2 1 -0.484672 -0.337397 
-4 4 2 1 0.964597 -0.421096 
-3.57895 4 2 1 0.867107 -0.415466 
-3.15789 4 2 1 0.772584 -0.410007 
-2.73684 4 2 1 0.680894 -0.404711 
-2.31579 4 2 1 0.591911 -0.399572 
-1.89474 4 2 1 0.505519 -0.394583 
-1.47368 4 2 1 0.421604 -0.389737 
-1.05263 4 2 1 0.340062 -0.385027 
-0.631579 4 2 1 0.260794 -0.38045 
-0.210526 4 2 1 0.183706 -0.375998 
0.210526 4 2 1 0.108709 -0.371666 
0.631579 4 2 1 0.0357192 -0.367451 
1.05263 4 2 1 -0.0353428 -0.363347 
1.47368 4 2 1 -0.104552 -0.35935 
1.89474 4 2 1 -0.171981 -0.355456 
2.31579 4 2 1 -0.237697 -0.351661 
2.73684 4 2 1 -0.301764 -0.347961 
3.15789 4 2 1 -0.364244 -0.344352 
3.57895 4 2 1 -0.425195 -0.340832 
4 4 2 1 -0.484672 -0.337397 
-4 -1.89474 6 1 202.655 159.863 
-4 -1.47368 6 1 9.09738 6.84197 
-4 -1.05263 6 1 4.74348 3.39992 
-4 -0.631579 6 1 3.24832 2.21789 
-4 -0.210526 6 1 2.49224 1.62016 
-4 0.210526 6 1 2.03584 1.25934 
-4 0.631579 6 1 1.73041 1.01788 
-4 1.05263 6 1 1.51167 0.844953 
-4 1.47368 6 1 1.34731 0.715013 
-4 1.89474 6 1 1.21928 0.613801 
-4 2.31579 6 1 1.11675 0.532739 
-4 2.73684 6 1 1.03278 0.466355 
-4 3.15789 6 1 0.962747 0.410992 
-4 3.57895 6 1 0.903453 0.364116 
-4 4 6 1 0.852602 0.323915 
4 -3.15789 6 1 -15.8401 11.573 
4 -2.73684 6 1 -6.2416 4.52289 
4 -2.31579 6 1 -3.83304 2.7538 
4 -1.89474 6 1 -2.73706 1.94879 
4 -1.47368 6 1 -2.11044 1.48855 
4 -1.05263 6 1 -1.70486 1.19064 
4 -0.631579 6 1 -1.42089 0.982068 
4 -0.210526 6 1 -1.21097 0.82788 
4 0.210526 6 1 -1.04948 0.709261 
4 0.631579 6 1 -0.921381 0.615175 
4 1.05263 6 1 -0.817296 0.538724 
4 1.47368 6 1 -0.731049 0.475376 
4 1.89474 6 1 -0.658417 0.422027 
4 2.31579 6 1 -0.596411 0.376484 
4 2.73684 6 1 -0.542859 0.33715 
4 3.15789 6 1 -0.496142 0.302836 
4 3.57895 6 1 -0.455029 0.272639 
4 4 6 1 -0.418571 0.245859 
-4 4 6 1 0.852602 0.323915 
-3.57895 4 6 1 0.769565 0.318816 
-3.15789 4 6 1 0.688722 0.313852 
-2.73684 4 6 1 0.60999 0.309017 
-2.31579 4 6 1 0.533285 0.304307 
-1.89474 4 6 1 0.458531 0.299717 
-1.47368 4 6 1 0.385655 0.295242 
-1.05263 4 6 1 0.314586 0.290878 
-0.631579 4 6 1 0.245257 0.286621 
-0.210526 4 6 1 0.177607 0.282467 
0.210526 4 6 1 0.111574 0.278413 
0.631579 4 6 1 0.0471019 0.274454 
1.05263 4 6 1 -0.0158649 0.270587 
1.47368 4 6 1 -0.0773782 0.26681 
1.89474 4 6 1 -0.137488 0.263119 
2.31579 4 6 1 -0.196241 0.259511 
2.73684 4 6 1 -0.253684 0.255984 
3.15789 4 6 1 -0.309859 0.252535 
3.57895 4 6 1 -0.364808 0.249161 
4 4 6 1 -0.418571 0.245859 
