4 -4 2 1 -0.443585 0.0654595 
4 -3.57895 2 1 -0.387713 0.0612967 
4 -3.15789 2 1 -0.329904 0.0569897 
4 -2.73684 2 1 -0.270058 0.0525309 
4 -2.31579 2 1 -0.208063 0.0479119 
4 -1.89474 2 1 -0.143803 0.0431242 
4 -1.47368 2 1 -0.07715 0.0381582 
4 -1.05263 2 1 -0.00796855 0.0330038 
4 -0.631579 2 1 0.063888 0.0276502 
4 -0.210526 2 1 0.138578 0.0220854 
4 0.210526 2 1 0.216272 0.0162967 
4 0.631579 2 1 0.297156 0.0102705 
4 1.05263 2 1 0.38143 0.00399165 
4 1.47368 2 1 0.469311 -0.00255595 
4 1.89474 2 1 0.561037 -0.00938998 
4 2.31579 2 1 0.656864 -0.0165296 
4 2.73684 2 1 0.757075 -0.0239959 
4 3.15789 2 1 0.861978 -0.0318117 
4 3.57895 2 1 0.97191 -0.0400021 
4 4 2 1 1.08724 -0.0485949 
-2.73684 -4 2 1 -5866.75 1182.27 
-2.31579 -4 2 1 -11.0087 2.19459 
-1.89474 -4 2 1 -5.3787 1.06001 
-1.47368 -4 2 1 -3.49964 0.681329 
-1.05263 -4 2 1 -2.55965 0.491899 
-0.631579 -4 2 1 -1.99552 0.378212 
-0.210526 -4 2 1 -1.61937 0.302408 
0.210526 -4 2 1 -1.35066 0.248257 
0.631579 -4 2 1 -1.14911 0.20764 
1.05263 -4 2 1 -0.992341 0.176048 
1.47368 -4 2 1 -0.86692 0.150772 
1.89474 -4 2 1 -0.764299 0.130091 
2.31579 -4 2 1 -0.678779 0.112857 
2.73684 -4 2 1 -0.606413 0.0982735 
3.15789 -4 2 1 -0.544385 0.0857731 
3.57895 -4 2 1 -0.490625 0.0749393 
4 -4 2 1 -0.443585 0.0654595 
-0.210526 4 2 1 10.1452 0.26054 
0.210526 4 2 1 4.97336 0.0840331 
0.631579 4 2 1 3.3549 0.0287973 
1.05263 4 2 1 2.5641 0.00180824 
1.47368 4 2 1 2.09535 -0.0141894 
1.89474 4 2 1 1.78521 -0.0247742 
2.31579 4 2 1 1.56482 -0.0322958 
2.73684 4 2 1 1.40015 -0.0379158 
3.15789 4 2 1 1.27244 -0.0422744 
3.57895 4 2 1 1.1705 -0.0457535 
4 4 2 1 1.08724 -0.0485949 
4 -4 6 1 -0.372552 0.656591 
4 -3.57895 6 1 -0.317237 0.662312 
4 -3.15789 6 1 -0.260065 0.668225 
4 -2.73684 6 1 -0.200942 0.67434 
4 -2.31579 6 1 -0.139766 0.680668 
4 -1.89474 6 1 -0.0764283 0.687219 
4 -1.47368 6 1 -0.0108119 0.694006 
4 -1.05263 6 1 0.0572081 0.701041 
4 -0.631579 6 1 0.127766 0.708339 
4 -0.210526 6 1 0.201008 0.715915 
4 0.210526 6 1 0.277088 0.723784 
4 0.631579 6 1 0.356176 0.731964 
4 1.05263 6 1 0.438453 0.740474 
4 1.47368 6 1 0.524116 0.749334 
4 1.89474 6 1 0.613378 0.758567 
4 2.31579 6 1 0.706472 0.768196 
4 2.73684 6 1 0.80365 0.778247 
4 3.15789 6 1 0.905185 0.788749 
4 3.57895 6 1 1.01138 0.799732 
4 4 6 1 1.12256 0.811232 
-2.73684 -4 6 1 -20.5031 23.9173 
-2.31579 -4 6 1 -6.70046 7.96842 
-1.89474 -4 6 1 -3.92036 4.75605 
-1.47368 -4 6 1 -2.72688 3.377 
-1.05263 -4 6 1 -2.06332 2.61025 
-0.631579 -4 6 1 -1.64085 2.1221 
-0.210526 -4 6 1 -1.34829 1.78405 
0.210526 -4 6 1 -1.1337 1.53609 
0.631579 -4 6 1 -0.969569 1.34644 
1.05263 -4 6 1 -0.839979 1.1967 
1.47368 -4 6 1 -0.735063 1.07547 
1.89474 -4 6 1 -0.648385 0.975314 
2.31579 -4 6 1 -0.575572 0.891178 
2.73684 -4 6 1 -0.513542 0.819503 
3.15789 -4 6 1 -0.460065 0.757711 
3.57895 -4 6 1 -0.413486 0.70389 
4 -4 6 1 -0.372552 0.656591 
-0.631579 4 6 1 24.0145 24.4359 
-0.210526 4 6 1 7.21009 7.0936 
0.210526 4 6 1 4.33124 4.12261 
0.631579 4 6 1 3.13916 2.89237 
1.05263 4 6 1 2.48728 2.21963 
1.47368 4 6 1 2.07624 1.79543 
1.89474 4 6 1 1.79337 1.50352 
2.31579 4 6 1 1.58682 1.29035 
2.73684 4 6 1 1.42937 1.12786 
3.15789 4 6 1 1.30537 0.999895 
3.57895 4 6 1 1.20519 0.896505 
4 4 6 1 1.12256 0.811232 
