-1.06831 0.0931445 -1.28106 1.19039 20 
-0.953311 0.0942137 -1.13593 1.16039 21 
-0.843616 0.0952337 -0.998854 1.13206 22 
-0.738861 0.0962078 -0.869169 1.10526 23 
-0.638719 0.0971389 -0.746297 1.07987 24 
-0.542893 0.09803 -0.629714 1.05577 25 
-0.45111 0.0988834 -0.518951 1.03288 26 
-0.363118 0.0997016 -0.413582 1.0111 27 
-0.278688 0.100487 -0.313222 0.990359 28 
-0.197608 0.101241 -0.217522 0.97058 29 
-0.119682 0.101965 -0.126166 0.951699 30 
-0.0447301 0.102662 -0.0388631 0.933656 31 
0.0274153 0.103333 0.0446494 0.916396 32 
0.0969088 0.103979 0.124613 0.899869 33 
0.163894 0.104602 0.20125 0.88403 34 
0.228504 0.105203 0.274764 0.868836 35 
0.290863 0.105783 0.345341 0.85425 36 
0.351087 0.106343 0.413154 0.840235 37 
0.409284 0.106884 0.478362 0.826758 38 
0.465554 0.107407 0.541113 0.813788 39 
-4.49597 -0.384401 -71.6614 69.8278 50 
-3.13104 -0.194238 -8.44352 8.17547 51 
-2.43256 -0.096925 -4.60491 4.43192 52 
-2.0082 -0.0378033 -3.21964 3.08096 53 
-1.72307 0.00192176 -2.50532 2.38433 54 
-1.5183 0.0304506 -2.06952 1.95932 55 
-1.36412 0.0519318 -1.77593 1.673 56 
-1.24383 0.0686899 -1.5647 1.467 57 
-1.14738 0.0821283 -1.40544 1.31168 58 
-1.06831 0.0931445 -1.28106 1.19039 59 
5.17344 -0.51317 52.034 39.5026 65 
3.46561 -0.28805 9.18039 7.30484 66 
2.57349 -0.170454 4.92447 4.10719 67 
2.02533 -0.0981973 3.31154 2.89533 68 
1.65436 -0.0492971 2.46294 2.25774 69 
1.38662 -0.0140042 1.93944 1.86441 70 
1.18428 0.0126674 1.58426 1.59755 71 
1.02599 0.0335328 1.32745 1.4046 72 
0.89877 0.0503019 1.13313 1.25859 73 
0.794298 0.0640731 0.980954 1.14426 74 
0.70697 0.0755844 0.858558 1.0523 75 
0.632886 0.0853499 0.757978 0.976728 76 
0.569246 0.0937387 0.673859 0.913526 77 
0.513986 0.101023 0.602466 0.859885 78 
0.465554 0.107407 0.541113 0.813788 79 
