-4 -0.631579 2 1 30.3588 1.9571 
-4 -0.210526 2 1 7.58979 0.326617 
-4 0.210526 2 1 4.46978 0.103194 
-4 0.631579 2 1 3.23067 0.0144614 
-4 1.05263 2 1 2.56555 -0.0331681 
-4 1.47368 2 1 2.15058 -0.0628836 
-4 1.89474 2 1 1.86699 -0.0831918 
-4 2.31579 2 1 1.6609 -0.0979495 
-4 2.73684 2 1 1.50437 -0.109159 
-4 3.15789 2 1 1.38144 -0.117962 
-4 3.57895 2 1 1.28233 -0.125058 
-4 4 2 1 1.20074 -0.130901 
4 -3.15789 2 1 -12.6955 0.0688636 
4 -2.73684 2 1 -5.94407 -0.0656254 
4 -2.31579 2 1 -3.7955 -0.108425 
4 -1.89474 2 1 -2.73935 -0.129464 
4 -1.47368 2 1 -2.11135 -0.141974 
4 -1.05263 2 1 -1.69503 -0.150267 
4 -0.631579 2 1 -1.39879 -0.156168 
4 -0.210526 2 1 -1.17724 -0.160581 
4 0.210526 2 1 -1.00528 -0.164007 
4 0.631579 2 1 -0.867948 -0.166743 
4 1.05263 2 1 -0.755735 -0.168978 
4 1.47368 2 1 -0.662329 -0.170839 
4 1.89474 2 1 -0.583366 -0.172412 
4 2.31579 2 1 -0.515738 -0.173759 
4 2.73684 2 1 -0.457166 -0.174925 
4 3.15789 2 1 -0.405947 -0.175946 
4 3.57895 2 1 -0.360777 -0.176846 
4 4 2 1 -0.320645 -0.177645 
-4 4 2 1 1.20074 -0.130901 
-3.57895 4 2 1 1.07765 -0.134683 
-3.15789 4 2 1 0.961691 -0.138246 
-2.73684 4 2 1 0.852264 -0.141608 
-2.31579 4 2 1 0.748833 -0.144786 
-1.89474 4 2 1 0.650917 -0.147794 
-1.47368 4 2 1 0.558088 -0.150646 
-1.05263 4 2 1 0.469959 -0.153354 
-0.631579 4 2 1 0.386182 -0.155928 
-0.210526 4 2 1 0.306442 -0.158378 
0.210526 4 2 1 0.230455 -0.160713 
0.631579 4 2 1 0.157961 -0.16294 
1.05263 4 2 1 0.0887247 -0.165067 
1.47368 4 2 1 0.0225318 -0.167101 
1.89474 4 2 1 -0.0408141 -0.169047 
2.31579 4 2 1 -0.101493 -0.170912 
2.73684 4 2 1 -0.15967 -0.172699 
3.15789 4 2 1 -0.215496 -0.174414 
3.57895 4 2 1 -0.269112 -0.176062 
4 4 2 1 -0.320645 -0.177645 
-4 -1.47368 6 1 27.8201 35.2907 
-4 -1.05263 6 1 6.91218 8.27611 
-4 -0.631579 6 1 4.07949 4.61605 
-4 -0.210526 6 1 2.95662 3.16522 
-4 0.210526 6 1 2.35439 2.38709 
-4 0.631579 6 1 1.97884 1.90186 
-4 1.05263 6 1 1.72226 1.57033 
-4 1.47368 6 1 1.53585 1.32947 
-4 1.89474 6 1 1.39428 1.14656 
-4 2.31579 6 1 1.28312 1.00292 
-4 2.73684 6 1 1.19351 0.887141 
-4 3.15789 6 1 1.11974 0.791828 
-4 3.57895 6 1 1.05795 0.711995 
-4 4 6 1 1.00545 0.644156 
4 -4 6 1 -13.7434 11.3014 
4 -3.57895 6 1 -6.43438 5.345 
4 -3.15789 6 1 -4.1154 3.45516 
4 -2.73684 6 1 -2.97673 2.52721 
4 -2.31579 6 1 -2.30005 1.97575 
4 -1.89474 6 1 -1.85161 1.61029 
4 -1.47368 6 1 -1.5326 1.35032 
4 -1.05263 6 1 -1.29406 1.15592 
4 -0.631579 6 1 -1.10894 1.00506 
4 -0.210526 6 1 -0.961107 0.884583 
4 0.210526 6 1 -0.840328 0.786155 
4 0.631579 6 1 -0.739798 0.704229 
4 1.05263 6 1 -0.654819 0.634975 
4 1.47368 6 1 -0.58204 0.575665 
4 1.89474 6 1 -0.519012 0.5243 
4 2.31579 6 1 -0.463897 0.479384 
4 2.73684 6 1 -0.415293 0.439775 
4 3.15789 6 1 -0.372111 0.404584 
4 3.57895 6 1 -0.333491 0.373111 
4 4 6 1 -0.298747 0.344796 
3.15789 -4 6 1 -46.0811 45.8472 
3.57895 -4 6 1 -20.2256 18.2263 
4 -4 6 1 -13.7434 11.3014 
-4 4 6 1 1.00545 0.644156 
-3.57895 4 6 1 0.905315 0.621172 
-3.15789 4 6 1 0.810158 0.59933 
-2.73684 4 6 1 0.719618 0.578547 
-2.31579 4 6 1 0.633364 0.558749 
-1.89474 4 6 1 0.551101 0.539867 
-1.47368 4 6 1 0.472557 0.521838 
-1.05263 4 6 1 0.397486 0.504607 
-0.631579 4 6 1 0.325663 0.488121 
-0.210526 4 6 1 0.256881 0.472333 
0.210526 4 6 1 0.19095 0.457199 
0.631579 4 6 1 0.127698 0.442681 
1.05263 4 6 1 0.0669647 0.42874 
1.47368 4 6 1 0.00860184 0.415344 
1.89474 4 6 1 -0.0475263 0.40246 
2.31579 4 6 1 -0.101546 0.390061 
2.73684 4 6 1 -0.153573 0.378119 
3.15789 4 6 1 -0.203717 0.366609 
3.57895 4 6 1 -0.252077 0.355509 
4 4 6 1 -0.298747 0.344796 
