-4 -2.73684 2 1 16.7212 1.00471 
-4 -2.31579 2 1 6.48678 0.415405 
-4 -1.89474 2 1 3.95733 0.269757 
-4 -1.47368 2 1 2.81138 0.203772 
-4 -1.05263 2 1 2.15762 0.166128 
-4 -0.631579 2 1 1.73501 0.141794 
-4 -0.210526 2 1 1.43938 0.124771 
-4 0.210526 2 1 1.22097 0.112194 
-4 0.631579 2 1 1.05302 0.102524 
-4 1.05263 2 1 0.919852 0.0948559 
-4 1.47368 2 1 0.811679 0.0886272 
-4 1.89474 2 1 0.722066 0.0834672 
-4 2.31579 2 1 0.646613 0.0791226 
-4 2.73684 2 1 0.582211 0.0754142 
-4 3.15789 2 1 0.526596 0.0722119 
-4 3.57895 2 1 0.478087 0.0694186 
-4 4 2 1 0.435401 0.0669608 
4 -1.05263 2 1 -44.4009 13.2656 
4 -0.631579 2 1 -7.58065 2.2306 
4 -0.210526 2 1 -4.24009 1.22943 
4 0.210526 2 1 -2.98767 0.854083 
4 0.631579 2 1 -2.3317 0.65749 
4 1.05263 2 1 -1.92805 0.536516 
4 1.47368 2 1 -1.65462 0.454569 
4 1.89474 2 1 -1.45715 0.395386 
4 2.31579 2 1 -1.30784 0.350639 
4 2.73684 2 1 -1.191 0.31562 
4 3.15789 2 1 -1.09706 0.287467 
4 3.57895 2 1 -1.0199 0.264343 
4 4 2 1 -0.955392 0.245009 
-4 4 2 1 0.435401 0.0669608 
-3.57895 4 2 1 0.381023 0.0739222 
-3.15789 4 2 1 0.325068 0.0810855 
-2.73684 4 2 1 0.267468 0.0884594 
-2.31579 4 2 1 0.208149 0.0960534 
-1.89474 4 2 1 0.147032 0.103877 
-1.47368 4 2 1 0.084035 0.111942 
-1.05263 4 2 1 0.0190694 0.120259 
-0.631579 4 2 1 -0.0479583 0.12884 
-0.210526 4 2 1 -0.117148 0.137698 
0.210526 4 2 1 -0.188606 0.146846 
0.631579 4 2 1 -0.262446 0.156298 
1.05263 4 2 1 -0.338788 0.166072 
1.47368 4 2 1 -0.417763 0.176182 
1.89474 4 2 1 -0.499509 0.186647 
2.31579 4 2 1 -0.584173 0.197486 
2.73684 4 2 1 -0.671916 0.208718 
3.15789 4 2 1 -0.762909 0.220367 
3.57895 4 2 1 -0.857335 0.232456 
4 4 2 1 -0.955392 0.245009 
-4 -2.73684 6 1 19.6951 17.0854 
-4 -2.31579 6 1 7.29344 6.47049 
-4 -1.89474 6 1 4.40633 3.99933 
-4 -1.47368 6 1 3.12012 2.89842 
-4 -1.05263 6 1 2.39229 2.27545 
-4 -0.631579 6 1 1.92408 1.8747 
-4 -0.210526 6 1 1.5976 1.59526 
-4 0.210526 6 1 1.35697 1.38929 
-4 0.631579 6 1 1.17224 1.23119 
-4 1.05263 6 1 1.02598 1.10599 
-4 1.47368 6 1 0.907294 1.00441 
-4 1.89474 6 1 0.80906 0.920325 
-4 2.31579 6 1 0.726409 0.849582 
-4 2.73684 6 1 0.655907 0.789238 
-4 3.15789 6 1 0.595059 0.737155 
-4 3.57895 6 1 0.542007 0.691748 
-4 4 6 1 0.495345 0.651808 
4 -1.05263 6 1 -52.6262 82.452 
4 -0.631579 6 1 -7.06134 10.7708 
4 -0.210526 6 1 -3.88512 5.77403 
4 0.210526 6 1 -2.72564 3.94997 
4 0.631579 6 1 -2.12496 3.005 
4 1.05263 6 1 -1.75756 2.42702 
4 1.47368 6 1 -1.50964 2.037 
4 1.89474 6 1 -1.33107 1.75609 
4 2.31579 6 1 -1.19633 1.54411 
4 2.73684 6 1 -1.09103 1.37846 
4 3.15789 6 1 -1.00649 1.24546 
4 3.57895 6 1 -0.937106 1.13631 
4 4 6 1 -0.879146 1.04513 
-4 4 6 1 0.495345 0.651808 
-3.57895 4 6 1 0.441661 0.66717 
-3.15789 4 6 1 0.386415 0.682979 
-2.73684 4 6 1 0.32954 0.699254 
-2.31579 4 6 1 0.270962 0.716017 
-1.89474 4 6 1 0.210603 0.733289 
-1.47368 4 6 1 0.148381 0.751094 
-1.05263 4 6 1 0.0842086 0.769458 
-0.631579 4 6 1 0.017992 0.788406 
-0.210526 4 6 1 -0.0503677 0.807968 
0.210526 4 6 1 -0.120976 0.828173 
0.631579 4 6 1 -0.193947 0.849054 
1.05263 4 6 1 -0.269399 0.870645 
1.47368 4 6 1 -0.347463 0.892983 
1.89474 4 6 1 -0.428275 0.916108 
2.31579 4 6 1 -0.511985 0.940062 
2.73684 4 6 1 -0.59875 0.964891 
3.15789 4 6 1 -0.68874 0.990642 
3.57895 4 6 1 -0.78214 1.01737 
4 4 6 1 -0.879146 1.04513 
