-4 -4 2 1 -1.19729 -0.190812 
-4 -3.57895 2 1 -1.27938 -0.209122 
-4 -3.15789 2 1 -1.37964 -0.231484 
-4 -2.73684 2 1 -1.50484 -0.25941 
-4 -2.31579 2 1 -1.66562 -0.29527 
-4 -1.89474 2 1 -1.87966 -0.343008 
-4 -1.47368 2 1 -2.17865 -0.409696 
-4 -1.05263 2 1 -2.62572 -0.50941 
-4 -0.631579 2 1 -3.36707 -0.67476 
-4 -0.210526 2 1 -4.83578 -1.00234 
-4 0.210526 2 1 -9.13319 -1.96083 
-4 0.631579 2 1 -237.045 -52.7942 
4 -4 2 1 0.31366 -0.001092 
4 -3.57895 2 1 0.353816 -0.000746181 
4 -3.15789 2 1 0.398959 -0.000357419 
4 -2.73684 2 1 0.45008 8.28198e-05 
4 -2.31579 2 1 0.50845 0.000585484 
4 -1.89474 2 1 0.575728 0.00116487 
4 -1.47368 2 1 0.654122 0.00183998 
4 -1.05263 2 1 0.746636 0.00263668 
4 -0.631579 2 1 0.857461 0.00359108 
4 -0.210526 2 1 0.992632 0.00475513 
4 0.210526 2 1 1.16116 0.00620645 
4 0.631579 2 1 1.37713 0.00806633 
4 1.05263 2 1 1.66386 0.0105356 
4 1.47368 2 1 2.06293 0.0139723 
4 1.89474 2 1 2.65647 0.0190836 
4 2.31579 2 1 3.63238 0.0274879 
4 2.73684 2 1 5.53577 0.0438794 
4 3.15789 2 1 10.8859 0.0899536 
4 3.57895 2 1 118.687 1.01831 
-4 -4 2 1 -1.19729 -0.190812 
-3.57895 -4 2 1 -1.07111 -0.174969 
-3.15789 -4 2 1 -0.952896 -0.160126 
-2.73684 -4 2 1 -0.841918 -0.146191 
-2.31579 -4 2 1 -0.73753 -0.133084 
-1.89474 -4 2 1 -0.639161 -0.120732 
-1.47368 -4 2 1 -0.546306 -0.109073 
-1.05263 -4 2 1 -0.458515 -0.0980493 
-0.631579 -4 2 1 -0.375382 -0.0876109 
-0.210526 -4 2 1 -0.296548 -0.0777122 
0.210526 -4 2 1 -0.221688 -0.0683124 
0.631579 -4 2 1 -0.150507 -0.0593747 
1.05263 -4 2 1 -0.0827425 -0.0508658 
1.47368 -4 2 1 -0.0181529 -0.0427557 
1.89474 -4 2 1 0.0434793 -0.0350169 
2.31579 -4 2 1 0.102353 -0.0276245 
2.73684 -4 2 1 0.158649 -0.0205558 
3.15789 -4 2 1 0.212533 -0.0137899 
3.57895 -4 2 1 0.264157 -0.00730779 
4 -4 2 1 0.31366 -0.001092 
-4 -4 6 1 -1.32425 0.743306 
-4 -3.57895 6 1 -1.42194 0.820374 
-4 -3.15789 6 1 -1.54199 0.915086 
-4 -2.73684 6 1 -1.69308 1.03429 
-4 -2.31579 6 1 -1.88903 1.18888 
-4 -1.89474 6 1 -2.15331 1.39738 
-4 -1.47368 6 1 -2.52921 1.69393 
-4 -1.05263 6 1 -3.10635 2.14925 
-4 -0.631579 6 1 -4.10542 2.93744 
-4 -0.210526 6 1 -6.25568 4.63384 
-4 0.210526 6 1 -14.2514 10.9419 
4 -4 6 1 0.262787 0.565474 
4 -3.57895 6 1 0.300639 0.599547 
4 -3.15789 6 1 0.343282 0.637932 
4 -2.73684 6 1 0.391687 0.681504 
4 -2.31579 6 1 0.447106 0.73139 
4 -1.89474 6 1 0.511183 0.78907 
4 -1.47368 6 1 0.586119 0.856524 
4 -1.05263 6 1 0.67493 0.936468 
4 -0.631579 6 1 0.781863 1.03272 
4 -0.210526 6 1 0.913094 1.15085 
4 0.210526 6 1 1.07797 1.29926 
4 0.631579 6 1 1.29132 1.49131 
4 1.05263 6 1 1.57822 1.74957 
4 1.47368 6 1 1.98462 2.11539 
4 1.89474 6 1 2.60481 2.67367 
4 2.31579 6 1 3.66774 3.63047 
4 2.73684 6 1 5.91057 5.64937 
4 3.15789 6 1 13.7485 12.7048 
-4 -4 6 1 -1.32425 0.743306 
-3.57895 -4 6 1 -1.19038 0.728305 
-3.15789 -4 6 1 -1.06519 0.714277 
-2.73684 -4 6 1 -0.947851 0.701129 
-2.31579 -4 6 1 -0.837654 0.688781 
-1.89474 -4 6 1 -0.733965 0.677163 
-1.47368 -4 6 1 -0.636224 0.666211 
-1.05263 -4 6 1 -0.543932 0.655869 
-0.631579 -4 6 1 -0.456648 0.646089 
-0.210526 -4 6 1 -0.373973 0.636825 
0.210526 -4 6 1 -0.295552 0.628038 
0.631579 -4 6 1 -0.221066 0.619691 
1.05263 -4 6 1 -0.150225 0.611753 
1.47368 -4 6 1 -0.0827676 0.604194 
1.89474 -4 6 1 -0.0184577 0.596988 
2.31579 -4 6 1 0.0429202 0.590111 
2.73684 -4 6 1 0.101562 0.58354 
3.15789 -4 6 1 0.157647 0.577255 
3.57895 -4 6 1 0.211339 0.571239 
4 -4 6 1 0.262787 0.565474 
