-4 -4 2 1 0.385569 -0.108739 
-4 -3.57895 2 1 0.333883 -0.10965 
-4 -3.15789 2 1 0.279877 -0.110603 
-4 -2.73684 2 1 0.223389 -0.111599 
-4 -2.31579 2 1 0.164244 -0.112642 
-4 -1.89474 2 1 0.102252 -0.113735 
-4 -1.47368 2 1 0.0372011 -0.114882 
-4 -1.05263 2 1 -0.031141 -0.116088 
-4 -0.631579 2 1 -0.10303 -0.117356 
-4 -0.210526 2 1 -0.17875 -0.118691 
-4 0.210526 2 1 -0.258616 -0.120099 
-4 0.631579 2 1 -0.342976 -0.121587 
-4 1.05263 2 1 -0.432223 -0.123161 
-4 1.47368 2 1 -0.526792 -0.124829 
-4 1.89474 2 1 -0.627175 -0.126599 
-4 2.31579 2 1 -0.733925 -0.128482 
-4 2.73684 2 1 -0.847668 -0.130488 
-4 3.15789 2 1 -0.969113 -0.132629 
-4 3.57895 2 1 -1.09907 -0.134921 
-4 4 2 1 -1.23847 -0.13738 
-4 -4 2 1 0.385569 -0.108739 
-3.57895 -4 2 1 0.431907 -0.103202 
-3.15789 -4 2 1 0.484299 -0.0969412 
-2.73684 -4 2 1 0.544017 -0.0898054 
-2.31579 -4 2 1 0.612711 -0.0815969 
-1.89474 -4 2 1 0.69257 -0.0720544 
-1.47368 -4 2 1 0.786556 -0.0608236 
-1.05263 -4 2 1 0.898783 -0.0474134 
-0.631579 -4 2 1 1.03513 -0.0311208 
-0.210526 -4 2 1 1.20431 -0.010905 
0.210526 -4 2 1 1.41981 0.0148454 
0.631579 -4 2 1 1.70366 0.0487634 
1.05263 -4 2 1 2.09451 0.0954676 
1.47368 -4 2 1 2.66693 0.163867 
1.89474 -4 2 1 3.58569 0.273653 
2.31579 -4 2 1 5.3015 0.47868 
2.73684 -4 2 1 9.64602 0.997819 
3.15789 -4 2 1 42.4388 4.91632 
-4 4 2 1 -1.23847 -0.13738 
-3.57895 4 2 1 -1.33247 -0.130708 
-3.15789 4 2 1 -1.44928 -0.122417 
-2.73684 4 2 1 -1.59837 -0.111835 
-2.31579 4 2 1 -1.79524 -0.0978613 
-1.89474 4 2 1 -2.06727 -0.0785536 
-1.47368 4 2 1 -2.46763 -0.050137 
-1.05263 4 2 1 -3.11517 -0.00417618 
-0.631579 4 2 1 -4.34103 0.0828322 
-0.210526 4 2 1 -7.54504 0.310245 
0.210526 4 2 1 -37.5167 2.43756 
-4 -4 6 1 0.32581 0.430269 
-4 -3.57895 6 1 0.278048 0.440115 
-4 -3.15789 6 1 0.228358 0.45036 
-4 -2.73684 6 1 0.17662 0.461026 
-4 -2.31579 6 1 0.122704 0.472142 
-4 -1.89474 6 1 0.0664711 0.483735 
-4 -1.47368 6 1 0.00776747 0.495838 
-4 -1.05263 6 1 -0.053573 0.508484 
-4 -0.631579 6 1 -0.117732 0.521711 
-4 -0.210526 6 1 -0.184909 0.53556 
-4 0.210526 6 1 -0.255321 0.550077 
-4 0.631579 6 1 -0.329208 0.56531 
-4 1.05263 6 1 -0.406834 0.581313 
-4 1.47368 6 1 -0.488489 0.598148 
-4 1.89474 6 1 -0.574497 0.615879 
-4 2.31579 6 1 -0.665214 0.634582 
-4 2.73684 6 1 -0.761039 0.654337 
-4 3.15789 6 1 -0.862414 0.675237 
-4 3.57895 6 1 -0.969837 0.697384 
-4 4 6 1 -1.08387 0.720893 
4 -4 6 1 81.916 74.2219 
-4 -4 6 1 0.32581 0.430269 
-3.57895 -4 6 1 0.36412 0.464918 
-3.15789 -4 6 1 0.406895 0.503604 
-2.73684 -4 6 1 0.454964 0.547078 
-2.31579 -4 6 1 0.509373 0.596286 
-1.89474 -4 6 1 0.571465 0.652444 
-1.47368 -4 6 1 0.642993 0.717135 
-1.05263 -4 6 1 0.726284 0.792465 
-0.631579 -4 6 1 0.824498 0.881292 
-0.210526 -4 6 1 0.942042 0.9876 
0.210526 -4 6 1 1.08524 1.11712 
0.631579 -4 6 1 1.26354 1.27837 
1.05263 -4 6 1 1.49162 1.48465 
1.47368 -4 6 1 1.79373 1.75788 
1.89474 -4 6 1 2.21289 2.13698 
2.31579 -4 6 1 2.83347 2.69824 
2.73684 -4 6 1 3.84657 3.61451 
3.15789 -4 6 1 5.79685 5.37837 
3.57895 -4 6 1 11.1038 10.1781 
4 -4 6 1 81.916 74.2219 
-4 4 6 1 -1.08387 0.720893 
-3.57895 4 6 1 -1.1482 0.803798 
-3.15789 4 6 1 -1.22528 0.903126 
-2.73684 4 6 1 -1.31931 1.02429 
-2.31579 4 6 1 -1.43657 1.1754 
-1.89474 4 6 1 -1.58688 1.36909 
-1.47368 4 6 1 -1.7865 1.62632 
-1.05263 4 6 1 -2.06447 1.98451 
-0.631579 4 6 1 -2.47816 2.5176 
-0.210526 4 6 1 -3.1591 3.39507 
0.210526 4 6 1 -4.48979 5.10982 
0.631579 4 6 1 -8.24875 9.95368 
1.05263 4 6 1 -90.3255 115.719 
