4 -4 2 1 -0.755312 0.106136 
4 -3.57895 2 1 -0.675229 0.100311 
4 -3.15789 2 1 -0.595663 0.0945234 
4 -2.73684 2 1 -0.516608 0.0887731 
4 -2.31579 2 1 -0.438059 0.0830595 
4 -1.89474 2 1 -0.360013 0.0773825 
4 -1.47368 2 1 -0.282463 0.0717417 
4 -1.05263 2 1 -0.205405 0.0661366 
4 -0.631579 2 1 -0.128835 0.060567 
4 -0.210526 2 1 -0.052748 0.0550325 
4 0.210526 2 1 0.0228608 0.0495329 
4 0.631579 2 1 0.0979957 0.0440676 
4 1.05263 2 1 0.172661 0.0386366 
4 1.47368 2 1 0.246862 0.0332393 
4 1.89474 2 1 0.320601 0.0278756 
4 2.31579 2 1 0.393885 0.0225451 
4 2.73684 2 1 0.466716 0.0172475 
4 3.15789 2 1 0.539099 0.0119824 
4 3.57895 2 1 0.611038 0.00674965 
4 4 2 1 0.682537 0.00154889 
-1.05263 -4 2 1 -10.2289 -0.255264 
-0.631579 -4 2 1 -4.90682 -0.0522365 
-0.210526 -4 2 1 -3.2351 0.0115366 
0.210526 -4 2 1 -2.41719 0.0427384 
0.631579 -4 2 1 -1.93204 0.0612461 
1.05263 -4 2 1 -1.6109 0.0734968 
1.47368 -4 2 1 -1.38264 0.0822048 
1.89474 -4 2 1 -1.21204 0.0887127 
2.31579 -4 2 1 -1.07971 0.0937607 
2.73684 -4 2 1 -0.974077 0.0977906 
3.15789 -4 2 1 -0.887795 0.101082 
3.57895 -4 2 1 -0.815995 0.103821 
4 -4 2 1 -0.755312 0.106136 
-1.47368 4 2 1 13.7259 -2.41039 
-1.05263 4 2 1 5.69143 -0.924679 
-0.631579 4 2 1 3.58124 -0.534469 
-0.210526 4 2 1 2.60788 -0.35448 
0.210526 4 2 1 2.04764 -0.250881 
0.631579 4 2 1 1.68354 -0.183553 
1.05263 4 2 1 1.42793 -0.136286 
1.47368 4 2 1 1.2386 -0.101277 
1.89474 4 2 1 1.09274 -0.0743038 
2.31579 4 2 1 0.976909 -0.0528854 
2.73684 4 2 1 0.882706 -0.0354657 
3.15789 4 2 1 0.80459 -0.0210207 
3.57895 4 2 1 0.738763 -0.00884819 
4 4 2 1 0.682537 0.00154889 
4 -4 6 1 -0.774056 0.929779 
4 -3.57895 6 1 -0.685397 0.920388 
4 -3.15789 6 1 -0.59737 0.911063 
4 -2.73684 6 1 -0.509969 0.901804 
4 -2.31579 6 1 -0.423187 0.892611 
4 -1.89474 6 1 -0.337017 0.883483 
4 -1.47368 6 1 -0.251453 0.87442 
4 -1.05263 6 1 -0.166489 0.865419 
4 -0.631579 6 1 -0.0821178 0.856482 
4 -0.210526 6 1 0.00166614 0.847607 
4 0.210526 6 1 0.0848691 0.838793 
4 0.631579 6 1 0.167497 0.83004 
4 1.05263 6 1 0.249556 0.821347 
4 1.47368 6 1 0.331052 0.812715 
4 1.89474 6 1 0.41199 0.804141 
4 2.31579 6 1 0.492377 0.795625 
4 2.73684 6 1 0.572218 0.787168 
4 3.15789 6 1 0.651518 0.778767 
4 3.57895 6 1 0.730283 0.770424 
4 4 6 1 0.808519 0.762136 
-0.631579 -4 6 1 -12.9286 13.9728 
-0.210526 -4 6 1 -5.21252 5.6927 
0.210526 -4 6 1 -3.27333 3.61175 
0.631579 -4 6 1 -2.39052 2.66441 
1.05263 -4 6 1 -1.88568 2.12267 
1.47368 -4 6 1 -1.55887 1.77197 
1.89474 -4 6 1 -1.33004 1.5264 
2.31579 -4 6 1 -1.16086 1.34486 
2.73684 -4 6 1 -1.0307 1.20519 
3.15789 -4 6 1 -0.927463 1.0944 
3.57895 -4 6 1 -0.843572 1.00438 
4 -4 6 1 -0.774056 0.929779 
-1.05263 4 6 1 22.3738 16.8811 
-0.631579 4 6 1 7.1091 5.47151 
-0.210526 4 6 1 4.21533 3.30856 
0.210526 4 6 1 2.99049 2.39305 
0.631579 4 6 1 2.31394 1.88736 
1.05263 4 6 1 1.88485 1.56664 
1.47368 4 6 1 1.58845 1.3451 
1.89474 4 6 1 1.37143 1.18288 
2.31579 4 6 1 1.20567 1.05898 
2.73684 4 6 1 1.07492 0.961257 
3.15789 4 6 1 0.969153 0.882202 
3.57895 4 6 1 0.881832 0.816934 
4 4 6 1 0.808519 0.762136 
