-4 1.47368 2 1 23.1232 -2.81344 
-4 1.89474 2 1 9.24595 -1.00638 
-4 2.31579 2 1 6.04255 -0.589244 
-4 2.73684 2 1 4.6187 -0.403835 
-4 3.15789 2 1 3.81388 -0.299034 
-4 3.57895 2 1 3.29649 -0.231661 
-4 4 2 1 2.93588 -0.184703 
4 -4 2 1 -3.33606 -0.952843 
4 -3.57895 2 1 -2.63562 -0.783 
4 -3.15789 2 1 -2.13329 -0.661197 
4 -2.73684 2 1 -1.75544 -0.569576 
4 -2.31579 2 1 -1.46089 -0.498157 
4 -1.89474 2 1 -1.22485 -0.44092 
4 -1.47368 2 1 -1.03144 -0.394023 
4 -1.05263 2 1 -0.870078 -0.354897 
4 -0.631579 2 1 -0.733406 -0.321757 
4 -0.210526 2 1 -0.616161 -0.293328 
4 0.210526 2 1 -0.514474 -0.268671 
4 0.631579 2 1 -0.425442 -0.247083 
4 1.05263 2 1 -0.346841 -0.228024 
4 1.47368 2 1 -0.276939 -0.211074 
4 1.89474 2 1 -0.214368 -0.195902 
4 2.31579 2 1 -0.158032 -0.182242 
4 2.73684 2 1 -0.107043 -0.169878 
4 3.15789 2 1 -0.0606742 -0.158635 
4 3.57895 2 1 -0.0183253 -0.148366 
4 4 2 1 0.0205049 -0.138951 
1.89474 -4 2 1 -25.236 -9.02434 
2.31579 -4 2 1 -9.29079 -3.14754 
2.73684 -4 2 1 -6.02626 -1.94435 
3.15789 -4 2 1 -4.61928 -1.42579 
3.57895 -4 2 1 -3.83556 -1.13694 
4 -4 2 1 -3.33606 -0.952843 
-4 4 2 1 2.93588 -0.184703 
-3.57895 4 2 1 2.44471 -0.176994 
-3.15789 4 2 1 2.06057 -0.170966 
-2.73684 4 2 1 1.75192 -0.166122 
-2.31579 4 2 1 1.49849 -0.162145 
-1.89474 4 2 1 1.28668 -0.158821 
-1.47368 4 2 1 1.10702 -0.156002 
-1.05263 4 2 1 0.952704 -0.15358 
-0.631579 4 2 1 0.818721 -0.151477 
-0.210526 4 2 1 0.701301 -0.149635 
0.210526 4 2 1 0.597553 -0.148007 
0.631579 4 2 1 0.505219 -0.146558 
1.05263 4 2 1 0.422515 -0.14526 
1.47368 4 2 1 0.348008 -0.14409 
1.89474 4 2 1 0.280537 -0.143032 
2.31579 4 2 1 0.219151 -0.142068 
2.73684 4 2 1 0.163061 -0.141188 
3.15789 4 2 1 0.111612 -0.140381 
3.57895 4 2 1 0.0642491 -0.139637 
4 4 2 1 0.0205049 -0.138951 
-4 1.47368 6 1 16.29 14.4261 
-4 1.89474 6 1 7.61951 6.33415 
-4 2.31579 6 1 5.2023 4.07823 
-4 2.73684 6 1 4.06638 3.01811 
-4 3.15789 6 1 3.40643 2.40219 
-4 3.57895 6 1 2.9751 1.99965 
-4 4 6 1 2.67115 1.71597 
4 -4 6 1 -3.47124 1.52742 
4 -3.57895 6 1 -2.76854 1.29533 
4 -3.15789 6 1 -2.25985 1.12732 
4 -2.73684 6 1 -1.87457 1.00007 
4 -2.31579 6 1 -1.57264 0.90035 
4 -1.89474 6 1 -1.32967 0.820099 
4 -1.47368 6 1 -1.12991 0.754123 
4 -1.05263 6 1 -0.962788 0.698924 
4 -0.631579 6 1 -0.8209 0.652061 
4 -0.210526 6 1 -0.698935 0.611778 
4 0.210526 6 1 -0.592971 0.57678 
4 0.631579 6 1 -0.500055 0.546091 
4 1.05263 6 1 -0.417915 0.518962 
4 1.47368 6 1 -0.344779 0.494806 
4 1.89474 6 1 -0.279245 0.473161 
4 2.31579 6 1 -0.220185 0.453655 
4 2.73684 6 1 -0.166685 0.435985 
4 3.15789 6 1 -0.117996 0.419903 
4 3.57895 6 1 -0.0734955 0.405206 
4 4 6 1 -0.0326665 0.391721 
1.89474 -4 6 1 -20.4753 13.2584 
2.31579 -4 6 1 -9.0861 5.40108 
2.73684 -4 6 1 -6.12436 3.3578 
3.15789 -4 6 1 -4.76232 2.41813 
3.57895 -4 6 1 -3.97951 1.87808 
4 -4 6 1 -3.47124 1.52742 
-4 4 6 1 2.67115 1.71597 
-3.57895 4 6 1 2.22266 1.49631 
-3.15789 4 6 1 1.86994 1.32356 
-2.73684 4 6 1 1.58527 1.18414 
-2.31579 4 6 1 1.3507 1.06925 
-1.89474 4 6 1 1.15406 0.972947 
-1.47368 4 6 1 0.986852 0.891052 
-1.05263 4 6 1 0.842919 0.820557 
-0.631579 4 6 1 0.71772 0.759238 
-0.210526 4 6 1 0.60782 0.705413 
0.210526 4 6 1 0.510578 0.657786 
0.631579 4 6 1 0.423925 0.615346 
1.05263 4 6 1 0.346221 0.577289 
1.47368 4 6 1 0.276148 0.542969 
1.89474 4 6 1 0.212634 0.511862 
2.31579 4 6 1 0.1548 0.483536 
2.73684 4 6 1 0.101916 0.457635 
3.15789 4 6 1 0.053373 0.43386 
3.57895 4 6 1 0.00865727 0.41196 
4 4 6 1 -0.0326665 0.391721 
