-0.828689 0.0341872 -0.889633 0.903514 20 
-0.741839 0.0303041 -0.790354 0.890892 21 
-0.656421 0.026485 -0.692934 0.878507 22 
-0.572398 0.0227283 -0.597318 0.866351 23 
-0.489738 0.0190325 -0.503459 0.854419 24 
-0.408407 0.0153961 -0.411307 0.842704 25 
-0.328373 0.0118178 -0.320818 0.8312 26 
-0.249607 0.00829606 -0.231945 0.819901 27 
-0.172077 0.00482965 -0.144647 0.808803 28 
-0.095755 0.00141726 -0.0588815 0.797899 29 
-0.0206131 -0.00194239 0.0253912 0.787186 30 
0.053376 -0.00525048 0.10821 0.776657 31 
0.126239 -0.00850822 0.189612 0.766308 32 
0.198 -0.0117167 0.269633 0.756135 33 
0.268686 -0.0148771 0.348308 0.746133 34 
0.338319 -0.0179905 0.425671 0.736298 35 
0.406923 -0.0210578 0.501754 0.726625 36 
0.474522 -0.0240802 0.576589 0.717112 37 
0.541136 -0.0270585 0.650206 0.707753 38 
0.606787 -0.0299938 0.722635 0.698545 39 
-6.03705 -0.898326 -321.802 299.585 48 
-3.70417 -0.480644 -8.61143 8.09039 49 
-2.6869 -0.29851 -4.41104 4.18098 50 
-2.11713 -0.196497 -2.98577 2.85444 51 
-1.75281 -0.131269 -2.26832 2.18669 52 
-1.4998 -0.085969 -1.83629 1.78459 53 
-1.31384 -0.0526745 -1.54763 1.51593 54 
-1.17139 -0.0271714 -1.34112 1.32373 55 
-1.05879 -0.0070112 -1.18607 1.17941 56 
-0.967547 0.00932585 -1.06536 1.06707 57 
-0.892105 0.0228331 -0.968735 0.977136 58 
-0.828689 0.0341872 -0.889633 0.903514 59 
6.52946 -1.67463 438.602 285.773 66 
3.92452 -0.951277 10.3184 6.94572 67 
2.7898 -0.636183 5.17353 3.59623 68 
2.15456 -0.459788 3.43099 2.46178 69 
1.7485 -0.347031 2.55446 1.89112 70 
1.46655 -0.268738 2.02684 1.54763 71 
1.25936 -0.211203 1.67439 1.31817 72 
1.10066 -0.167136 1.42229 1.15404 73 
0.975225 -0.132304 1.23302 1.03082 74 
0.873582 -0.104079 1.0857 0.934909 75 
0.789549 -0.0807443 0.967767 0.858134 76 
0.718915 -0.0611302 0.871233 0.795287 77 
0.658711 -0.0444125 0.790755 0.742893 78 
0.606787 -0.0299938 0.722635 0.698545 79 
