1.4736 -0.0891321 1.45736 1.09827 0 
1.30023 -0.0917712 1.27383 1.03364 1 
1.14305 -0.0941639 1.10847 0.975413 2 
0.999879 -0.0963433 0.958694 0.922673 3 
0.868934 -0.0983366 0.822411 0.874683 4 
0.748709 -0.100167 0.697873 0.830829 5 
0.637942 -0.101853 0.583625 0.790598 6 
0.535557 -0.103411 0.478441 0.753559 7 
0.440638 -0.104856 0.381284 0.719347 8 
0.352398 -0.1062 0.29127 0.68765 9 
0.270155 -0.107451 0.207638 0.6582 10 
0.193318 -0.108621 0.129733 0.630767 11 
0.12137 -0.109716 0.0569857 0.60515 12 
0.0538607 -0.110744 -0.0110991 0.581175 13 
-0.00960968 -0.11171 -0.074956 0.558689 14 
-0.0693928 -0.11262 -0.134967 0.537557 15 
-0.125801 -0.113479 -0.191469 0.517661 16 
-0.179112 -0.11429 -0.244762 0.498894 17 
-0.229574 -0.115059 -0.29511 0.481165 18 
-0.27741 -0.115787 -0.342753 0.464388 19 
1.4736 -0.0891321 1.45736 1.09827 40 
1.59243 -0.111915 1.58309 1.22598 41 
1.74341 -0.140864 1.74579 1.39123 42 
1.94165 -0.178872 1.96457 1.61346 43 
2.21342 -0.230981 2.2745 1.92827 44 
2.609 -0.306826 2.74749 2.40871 45 
3.2379 -0.427409 3.5582 3.23217 46 
4.39292 -0.648866 5.26911 4.97 47 
7.20896 -1.1888 11.251 11.046 48 
-0.27741 -0.115787 -0.342753 0.464388 60 
-0.320309 -0.12818 -0.390988 0.485721 61 
-0.368385 -0.14207 -0.445259 0.509723 62 
-0.422635 -0.157742 -0.506772 0.536928 63 
-0.484328 -0.175565 -0.577082 0.568024 64 
-0.555111 -0.196014 -0.658221 0.603908 65 
-0.63715 -0.219716 -0.752899 0.645781 66 
-0.733365 -0.247512 -0.864814 0.695277 67 
-0.847777 -0.280566 -0.999144 0.754686 68 
-0.986085 -0.320523 -1.16337 0.827318 69 
-1.15665 -0.369799 -1.36873 0.918141 70 
-1.37225 -0.432086 -1.63288 1.03497 71 
-1.65343 -0.513318 -1.9853 1.19083 72 
-2.03547 -0.62369 -2.47909 1.40921 73 
-2.58452 -0.782311 -3.22065 1.73718 74 
-3.44071 -1.02966 -4.45896 2.28484 75 
-4.96184 -1.46912 -6.94451 3.3841 76 
-8.41426 -2.46652 -14.4733 6.71382 77 
