21.5581 6.03761 4.86937 7.06736 10 
7.42874 1.90549 3.43355 4.65739 11 
4.68052 1.10178 2.72107 3.46154 12 
3.5104 0.759581 2.29531 2.74692 13 
2.86231 0.570049 2.01219 2.2717 14 
2.45063 0.449652 1.8103 1.93285 15 
2.16595 0.366398 1.65908 1.67903 16 
1.95736 0.305395 1.54157 1.4818 17 
1.79794 0.258775 1.44764 1.32414 18 
1.67215 0.221987 1.37083 1.19522 19 
-8.52001 0.51448 -4.82372 3.70894 20 
-5.16396 0.292132 -3.53299 2.8057 21 
-3.61273 0.189359 -2.73813 2.24946 22 
-2.71893 0.130143 -2.19942 1.87248 23 
-2.13771 0.0916355 -1.81023 1.60013 24 
-1.7295 0.0645904 -1.5159 1.39415 25 
-1.42706 0.0445526 -1.28551 1.23293 26 
-1.19399 0.0291112 -1.10027 1.1033 27 
-1.00888 0.0168474 -0.948088 0.996804 28 
-0.858311 0.00687177 -0.820843 0.907759 29 
-0.733439 -0.00140135 -0.712868 0.832199 30 
-0.628202 -0.00837356 -0.620095 0.767277 31 
-0.538307 -0.0143293 -0.539524 0.710894 32 
-0.460627 -0.0194759 -0.468896 0.661469 33 
-0.392831 -0.0239676 -0.406478 0.61779 34 
-0.333144 -0.027922 -0.350917 0.578909 35 
-0.280195 -0.03143 -0.301142 0.544076 36 
-0.232903 -0.0345632 -0.256293 0.512692 37 
-0.190407 -0.0373787 -0.215675 0.484267 38 
-0.152014 -0.0399223 -0.178714 0.458402 39 
-23.5807 2.22479 -6.65471 6.02966 57 
-12.1011 0.921156 -5.53215 4.60685 58 
-8.52001 0.51448 -4.82372 3.70894 59 
1.67215 0.221987 1.37083 1.19522 60 
1.4747 0.193637 1.21419 1.12074 61 
1.29914 0.168431 1.07279 1.0535 62 
1.14203 0.145873 0.944514 0.992505 63 
1.0006 0.125568 0.827615 0.936919 64 
0.87262 0.107192 0.720643 0.886053 65 
0.756254 0.0904846 0.622387 0.839331 66 
0.649991 0.0752277 0.531821 0.796267 67 
0.552571 0.0612402 0.448078 0.756446 68 
0.462933 0.0483702 0.370414 0.719517 69 
0.38018 0.0364889 0.298191 0.685174 70 
0.30355 0.0254864 0.230855 0.653156 71 
0.232386 0.0152689 0.167929 0.623234 72 
0.166124 0.00575517 0.108991 0.595208 73 
0.104275 -0.00312506 0.053674 0.568905 74 
0.0464106 -0.011433 0.00165507 0.544169 75 
-0.00784081 -0.0192223 -0.0473527 0.520866 76 
-0.0588078 -0.0265401 -0.0936033 0.498873 77 
-0.10678 -0.0334278 -0.137323 0.478084 78 
-0.152014 -0.0399223 -0.178714 0.458402 79 
