16.2552 4.79121 3.84581 5.51347 9 
6.44819 1.71894 2.86625 3.86268 10 
4.16198 1.00273 2.32892 2.95715 11 
3.14308 0.683543 1.9895 2.38515 12 
2.56641 0.50289 1.75565 1.99106 13 
2.19541 0.386664 1.58475 1.70304 14 
1.93669 0.305616 1.45439 1.48336 15 
1.74599 0.245874 1.35168 1.31027 16 
1.59959 0.200012 1.26866 1.17037 17 
1.48367 0.163698 1.20017 1.05495 18 
1.38961 0.134229 1.1427 0.958101 19 
-24.9351 3.13252 -5.99332 5.14808 20 
-8.51533 1.013 -4.07091 3.57642 21 
-4.98296 0.557029 -3.02826 2.72401 22 
-3.44167 0.358074 -2.37391 2.18905 23 
-2.57814 0.246607 -1.92499 1.82204 24 
-2.0259 0.175321 -1.59789 1.55463 25 
-1.64232 0.125808 -1.34895 1.35111 26 
-1.36038 0.0894144 -1.15315 1.19103 27 
-1.1444 0.0615355 -0.995103 1.06182 28 
-0.973668 0.0394962 -0.864858 0.955339 29 
-0.835304 0.0216357 -0.755671 0.866074 30 
-0.720903 0.00686845 -0.662816 0.790162 31 
-0.624735 -0.00554515 -0.582885 0.724814 32 
-0.542764 -0.0161262 -0.513354 0.66797 33 
-0.472062 -0.0252527 -0.452319 0.618071 34 
-0.410455 -0.0332052 -0.39831 0.573917 35 
-0.356293 -0.0401966 -0.350182 0.53457 36 
-0.308304 -0.0463911 -0.307023 0.499285 37 
-0.26549 -0.0519177 -0.268101 0.467465 38 
-0.227056 -0.0568789 -0.232822 0.438623 39 
-163.032 23.833 -6.9464 6.4934 58 
-24.9351 3.13252 -5.99332 5.14808 59 
1.38961 0.134229 1.1427 0.958101 60 
1.23947 0.116481 1.02278 0.91281 61 
1.10156 0.100179 0.911292 0.870707 62 
0.974456 0.0851539 0.807386 0.831466 63 
0.856927 0.0712605 0.710312 0.794805 64 
0.747931 0.0583759 0.619418 0.760478 65 
0.646571 0.0463941 0.534131 0.728269 66 
0.552074 0.0352234 0.453949 0.697988 67 
0.463764 0.0247841 0.378426 0.669466 68 
0.381053 0.0150067 0.307169 0.642555 69 
0.303425 0.00583018 0.239824 0.617122 70 
0.230425 -0.00279922 0.17608 0.593048 71 
0.161652 -0.010929 0.115653 0.570228 72 
0.0967489 -0.0186014 0.0582934 0.548565 73 
0.0353976 -0.0258538 0.00377172 0.527975 74 
-0.0226856 -0.0327199 -0.0481171 0.508378 75 
-0.077755 -0.0392298 -0.0975593 0.489706 76 
-0.130039 -0.0454104 -0.144724 0.471894 77 
-0.179744 -0.0512861 -0.189765 0.454884 78 
-0.227056 -0.0568789 -0.232822 0.438623 79 
