-4 -1.47368 2 1 13.7017 -2.86535 
-4 -1.05263 2 1 5.6298 -1.26524 
-4 -0.631579 2 1 3.55456 -0.853855 
-4 -0.210526 2 1 2.60346 -0.665317 
-4 0.210526 2 1 2.05777 -0.557142 
-4 0.631579 2 1 1.70381 -0.486975 
-4 1.05263 2 1 1.45563 -0.437779 
-4 1.47368 2 1 1.27198 -0.401374 
-4 1.89474 2 1 1.13059 -0.373345 
-4 2.31579 2 1 1.01837 -0.3511 
-4 2.73684 2 1 0.927149 -0.333016 
-4 3.15789 2 1 0.851529 -0.318026 
-4 3.57895 2 1 0.787824 -0.305397 
-4 4 2 1 0.733425 -0.294614 
4 -1.89474 2 1 -14.193 -1.08656 
4 -1.47368 2 1 -5.75621 -0.536108 
4 -1.05263 2 1 -3.59827 -0.395315 
4 -0.631579 2 1 -2.61078 -0.330887 
4 -0.210526 2 1 -2.04463 -0.293949 
4 0.210526 2 1 -1.67757 -0.270001 
4 0.631579 2 1 -1.42028 -0.253215 
4 1.05263 2 1 -1.22994 -0.240796 
4 1.47368 2 1 -1.08341 -0.231236 
4 1.89474 2 1 -0.967137 -0.22365 
4 2.31579 2 1 -0.872621 -0.217483 
4 2.73684 2 1 -0.79428 -0.212372 
4 3.15789 2 1 -0.728288 -0.208066 
4 3.57895 2 1 -0.671939 -0.20439 
4 4 2 1 -0.623263 -0.201214 
-4 4 2 1 0.733425 -0.294614 
-3.57895 4 2 1 0.657122 -0.289361 
-3.15789 4 2 1 0.581398 -0.284148 
-2.73684 4 2 1 0.506248 -0.278974 
-2.31579 4 2 1 0.431663 -0.273839 
-1.89474 4 2 1 0.357639 -0.268743 
-1.47368 4 2 1 0.284168 -0.263685 
-1.05263 4 2 1 0.211245 -0.258665 
-0.631579 4 2 1 0.138863 -0.253682 
-0.210526 4 2 1 0.0670163 -0.248736 
0.210526 4 2 1 -0.00430079 -0.243826 
0.631579 4 2 1 -0.0750942 -0.238952 
1.05263 4 2 1 -0.14537 -0.234114 
1.47368 4 2 1 -0.215133 -0.229311 
1.89474 4 2 1 -0.28439 -0.224543 
2.31579 4 2 1 -0.353145 -0.21981 
2.73684 4 2 1 -0.421405 -0.215111 
3.15789 4 2 1 -0.489175 -0.210445 
3.57895 4 2 1 -0.556459 -0.205813 
4 4 2 1 -0.623263 -0.201214 
-4 -2.31579 6 1 61.2144 47.8708 
-4 -1.89474 6 1 8.63799 6.5906 
-4 -1.47368 6 1 4.66521 3.47139 
-4 -1.05263 6 1 3.20409 2.32419 
-4 -0.631579 6 1 2.44484 1.72807 
-4 -0.210526 6 1 1.97968 1.36285 
-4 0.210526 6 1 1.66546 1.11614 
-4 0.631579 6 1 1.43896 0.938307 
-4 1.05263 6 1 1.26796 0.804044 
-4 1.47368 6 1 1.13428 0.699085 
-4 1.89474 6 1 1.02691 0.61478 
-4 2.31579 6 1 0.938768 0.545579 
-4 2.73684 6 1 0.865123 0.487756 
-4 3.15789 6 1 0.802667 0.438719 
-4 3.57895 6 1 0.74903 0.396606 
-4 4 6 1 0.702467 0.360048 
4 -2.73684 6 1 -58.1677 57.0964 
4 -2.31579 6 1 -7.93045 7.68467 
4 -1.89474 6 1 -4.23685 4.05176 
4 -1.47368 6 1 -2.88192 2.7191 
4 -1.05263 6 1 -2.1786 2.02733 
4 -0.631579 6 1 -1.74796 1.60376 
4 -0.210526 6 1 -1.45716 1.31774 
4 0.210526 6 1 -1.2476 1.11163 
4 0.631579 6 1 -1.08942 0.956048 
4 1.05263 6 1 -0.965777 0.834438 
4 1.47368 6 1 -0.866477 0.73677 
4 1.89474 6 1 -0.784975 0.656607 
4 2.31579 6 1 -0.71688 0.58963 
4 2.73684 6 1 -0.659134 0.532833 
4 3.15789 6 1 -0.609545 0.484059 
4 3.57895 6 1 -0.566498 0.44172 
4 4 6 1 -0.52878 0.404621 
-4 4 6 1 0.702467 0.360048 
-3.57895 4 6 1 0.633649 0.362539 
-3.15789 4 6 1 0.565303 0.365013 
-2.73684 4 6 1 0.497425 0.367471 
-2.31579 4 6 1 0.430009 0.369911 
-1.89474 4 6 1 0.363051 0.372335 
-1.47368 4 6 1 0.296546 0.374743 
-1.05263 4 6 1 0.23049 0.377134 
-0.631579 4 6 1 0.164878 0.37951 
-0.210526 4 6 1 0.0997054 0.381869 
0.210526 4 6 1 0.0349682 0.384213 
0.631579 4 6 1 -0.0293382 0.386541 
1.05263 4 6 1 -0.0932179 0.388853 
1.47368 4 6 1 -0.156675 0.39115 
1.89474 4 6 1 -0.219715 0.393433 
2.31579 4 6 1 -0.28234 0.3957 
2.73684 4 6 1 -0.344555 0.397952 
3.15789 4 6 1 -0.406364 0.40019 
3.57895 4 6 1 -0.467771 0.402413 
4 4 6 1 -0.52878 0.404621 
