18.4911 0.146838 7.70017 8.28452 12 
7.87237 0.0636138 4.88322 4.91544 13 
5.21398 0.0427786 3.69616 3.49572 14 
4.00513 0.0333043 3.04182 2.71313 15 
3.31423 0.0278893 2.62732 2.21738 16 
2.86711 0.0243851 2.34121 1.87519 17 
2.55411 0.0219319 2.13184 1.62479 18 
2.32275 0.0201186 1.97199 1.43361 19 
-4.66186 -0.809659 -4.05563 2.19652 20 
-3.42654 -0.624043 -3.12461 1.77516 21 
-2.6483 -0.507106 -2.49421 1.48986 22 
-2.11306 -0.426683 -2.03907 1.28388 23 
-1.72238 -0.36798 -1.69503 1.12817 24 
-1.42466 -0.323245 -1.42582 1.00634 25 
-1.19025 -0.288023 -1.20943 0.908405 26 
-1.00089 -0.259571 -1.0317 0.827971 27 
-0.844744 -0.236108 -0.883126 0.760729 28 
-0.713768 -0.216428 -0.757071 0.70368 29 
-0.602334 -0.199684 -0.648777 0.654669 30 
-0.506371 -0.185265 -0.554739 0.61211 31 
-0.422866 -0.172718 -0.472314 0.574807 32 
-0.349542 -0.1617 -0.399477 0.541843 33 
-0.284643 -0.151949 -0.334647 0.512503 34 
-0.226796 -0.143257 -0.276572 0.48622 35 
-0.174912 -0.135461 -0.224249 0.46254 36 
-0.128112 -0.128429 -0.176864 0.441095 37 
-0.0856858 -0.122054 -0.133748 0.421582 38 
-0.0470465 -0.116248 -0.0943505 0.403752 39 
-39.3299 -7.19069 -11.9463 8.97321 55 
-11.9597 -2.15291 -7.51499 5.16748 56 
-7.4916 -1.3305 -5.68496 3.59582 57 
-5.65939 -0.993265 -4.68544 2.73741 58 
-4.66186 -0.809659 -4.05563 2.19652 59 
2.32275 0.0201186 1.97199 1.43361 60 
1.99178 0.00107366 1.69877 1.29743 61 
1.71651 -0.0147666 1.4679 1.18237 62 
1.48396 -0.0281483 1.27024 1.08386 63 
1.28491 -0.0396026 1.09911 0.998566 64 
1.1126 -0.049518 0.949501 0.924001 65 
0.961981 -0.058185 0.817594 0.85826 66 
0.829204 -0.0658255 0.700424 0.799863 67 
0.711274 -0.0726116 0.595651 0.747644 68 
0.605833 -0.078679 0.501406 0.700673 69 
0.510997 -0.0841363 0.416179 0.658197 70 
0.425242 -0.0890709 0.338734 0.619599 71 
0.347324 -0.0935546 0.268053 0.584371 72 
0.276215 -0.0976465 0.203285 0.552091 73 
0.21106 -0.101396 0.143719 0.522404 74 
0.151141 -0.104844 0.0887524 0.495009 75 
0.0958522 -0.108025 0.0378721 0.469651 76 
0.044676 -0.11097 -0.00936124 0.44611 77 
-0.00282986 -0.113704 -0.0533261 0.424198 78 
-0.0470465 -0.116248 -0.0943505 0.403752 79 
