-4 -4 2 1 0.42945 -0.150538 
-4 -3.57895 2 1 0.375536 -0.153526 
-4 -3.15789 2 1 0.319422 -0.156636 
-4 -2.73684 2 1 0.260972 -0.159875 
-4 -2.31579 2 1 0.200035 -0.163253 
-4 -1.89474 2 1 0.13645 -0.166777 
-4 -1.47368 2 1 0.0700413 -0.170457 
-4 -1.05263 2 1 0.000615036 -0.174305 
-4 -0.631579 2 1 -0.0720386 -0.178332 
-4 -0.210526 2 1 -0.14815 -0.18255 
-4 0.210526 2 1 -0.227972 -0.186974 
-4 0.631579 2 1 -0.311783 -0.191619 
-4 1.05263 2 1 -0.399889 -0.196502 
-4 1.47368 2 1 -0.49263 -0.201642 
-4 1.89474 2 1 -0.59038 -0.20706 
-4 2.31579 2 1 -0.693558 -0.212778 
-4 2.73684 2 1 -0.802627 -0.218823 
-4 3.15789 2 1 -0.918108 -0.225224 
-4 3.57895 2 1 -1.04058 -0.232011 
-4 4 2 1 -1.17071 -0.239223 
-4 -4 2 1 0.42945 -0.150538 
-3.57895 -4 2 1 0.477553 -0.148168 
-3.15789 -4 2 1 0.532255 -0.145474 
-2.73684 -4 2 1 0.595015 -0.142382 
-2.31579 -4 2 1 0.667753 -0.138799 
-1.89474 -4 2 1 0.753055 -0.134597 
-1.47368 -4 2 1 0.854486 -0.129601 
-1.05263 -4 2 1 0.977095 -0.123561 
-0.631579 -4 2 1 1.12829 -0.116113 
-0.210526 -4 2 1 1.31938 -0.1067 
0.210526 -4 2 1 1.56858 -0.0944246 
0.631579 -4 2 1 1.90711 -0.0777484 
1.05263 -4 2 1 2.39353 -0.0537877 
1.47368 -4 2 1 3.1518 -0.0164352 
1.89474 -4 2 1 4.49823 0.04989 
2.31579 -4 2 1 7.55068 0.200253 
2.73684 -4 2 1 21.1569 0.870495 
-4 4 2 1 -1.17071 -0.239223 
-3.57895 4 2 1 -1.26117 -0.244728 
-3.15789 4 2 1 -1.37316 -0.251543 
-2.73684 4 2 1 -1.51539 -0.260198 
-2.31579 4 2 1 -1.70204 -0.271555 
-1.89474 4 2 1 -1.95775 -0.287116 
-1.47368 4 2 1 -2.32956 -0.309741 
-1.05263 4 2 1 -2.91977 -0.345656 
-0.631579 4 2 1 -4.00079 -0.411438 
-0.210526 4 2 1 -6.62067 -0.570861 
0.210526 4 2 1 -22.1789 -1.5176 
-4 -4 6 1 0.360053 0.409214 
-4 -3.57895 6 1 0.30998 0.416641 
-4 -3.15789 6 1 0.258061 0.424341 
-4 -2.73684 6 1 0.204192 0.43233 
-4 -2.31579 6 1 0.14826 0.440625 
-4 -1.89474 6 1 0.0901461 0.449244 
-4 -1.47368 6 1 0.0297187 0.458206 
-4 -1.05263 6 1 -0.0331627 0.467532 
-4 -0.631579 6 1 -0.0986509 0.477245 
-4 -0.210526 6 1 -0.166911 0.487369 
-4 0.210526 6 1 -0.238124 0.49793 
-4 0.631579 6 1 -0.312484 0.508958 
-4 1.05263 6 1 -0.390205 0.520485 
-4 1.47368 6 1 -0.471521 0.532545 
-4 1.89474 6 1 -0.556686 0.545176 
-4 2.31579 6 1 -0.645981 0.55842 
-4 2.73684 6 1 -0.739713 0.572321 
-4 3.15789 6 1 -0.838222 0.586931 
-4 3.57895 6 1 -0.941882 0.602305 
-4 4 6 1 -1.05111 0.618504 
-4 -4 6 1 0.360053 0.409214 
-3.57895 -4 6 1 0.399413 0.443752 
-3.15789 -4 6 1 0.443611 0.482535 
-2.73684 -4 6 1 0.493594 0.526395 
-2.31579 -4 6 1 0.550581 0.576399 
-1.89474 -4 6 1 0.616152 0.633937 
-1.47368 -4 6 1 0.692407 0.70085 
-1.05263 -4 6 1 0.782187 0.779631 
-0.631579 -4 6 1 0.889442 0.873746 
-0.210526 -4 6 1 1.01982 0.988153 
0.210526 -4 6 1 1.18171 1.13021 
0.631579 -4 6 1 1.38811 1.31132 
1.05263 -4 6 1 1.66028 1.55014 
1.47368 -4 6 1 2.03563 1.87951 
1.89474 -4 6 1 2.58656 2.36294 
2.31579 -4 6 1 3.47388 3.14155 
2.73684 -4 6 1 5.14106 4.60448 
3.15789 -4 6 1 9.42223 8.36114 
3.57895 -4 6 1 44.7735 39.3813 
-4 4 6 1 -1.05111 0.618504 
-3.57895 4 6 1 -1.11697 0.691099 
-3.15789 4 6 1 -1.19587 0.778066 
-2.73684 4 6 1 -1.2921 0.884142 
-2.31579 4 6 1 -1.4121 1.0164 
-1.89474 4 6 1 -1.56588 1.18591 
-1.47368 4 6 1 -1.77006 1.41097 
-1.05263 4 6 1 -2.05429 1.72426 
-0.631579 4 6 1 -2.47709 2.19029 
-0.210526 4 6 1 -3.17247 2.95679 
0.210526 4 6 1 -4.52947 4.45255 
0.631579 4 6 1 -8.34903 8.66267 
1.05263 4 6 1 -86.9852 95.3398 
