4 -4 2 1 -1.57959 0.40799 
4 -3.57895 2 1 -1.38782 0.400895 
4 -3.15789 2 1 -1.21509 0.394505 
4 -2.73684 2 1 -1.05868 0.388719 
4 -2.31579 2 1 -0.916401 0.383455 
4 -1.89474 2 1 -0.786409 0.378645 
4 -1.47368 2 1 -0.667181 0.374234 
4 -1.05263 2 1 -0.557433 0.370174 
4 -0.631579 2 1 -0.456078 0.366424 
4 -0.210526 2 1 -0.362189 0.362951 
4 0.210526 2 1 -0.274969 0.359724 
4 0.631579 2 1 -0.193733 0.356718 
4 1.05263 2 1 -0.117886 0.353912 
4 1.47368 2 1 -0.0469073 0.351286 
4 1.89474 2 1 0.0196559 0.348824 
4 2.31579 2 1 0.0822035 0.34651 
4 2.73684 2 1 0.141088 0.344331 
4 3.15789 2 1 0.196623 0.342277 
4 3.57895 2 1 0.249085 0.340336 
4 4 2 1 0.298724 0.338499 
0.631579 -4 2 1 -12.7261 2.9434 
1.05263 -4 2 1 -5.8402 1.37712 
1.47368 -4 2 1 -3.91585 0.939401 
1.89474 -4 2 1 -3.01084 0.733545 
2.31579 -4 2 1 -2.48483 0.613899 
2.73684 -4 2 1 -2.14097 0.535683 
3.15789 -4 2 1 -1.89861 0.480555 
3.57895 -4 2 1 -1.71859 0.439607 
4 -4 2 1 -1.57959 0.40799 
-3.15789 4 2 1 14.4075 3.45825 
-2.73684 4 2 1 6.80593 1.77738 
-2.31579 4 2 1 4.33891 1.23187 
-1.89474 4 2 1 3.11756 0.961805 
-1.47368 4 2 1 2.3886 0.800615 
-1.05263 4 2 1 1.90421 0.693507 
-0.631579 4 2 1 1.559 0.617173 
-0.210526 4 2 1 1.30051 0.560016 
0.210526 4 2 1 1.09972 0.515616 
0.631579 4 2 1 0.93924 0.480131 
1.05263 4 2 1 0.808044 0.451121 
1.47368 4 2 1 0.698785 0.426962 
1.89474 4 2 1 0.606386 0.40653 
2.31579 4 2 1 0.527224 0.389026 
2.73684 4 2 1 0.458644 0.373861 
3.15789 4 2 1 0.398657 0.360597 
3.57895 4 2 1 0.345745 0.348897 
4 4 2 1 0.298724 0.338499 
4 -4 6 1 -2.09102 2.06378 
4 -3.57895 6 1 -1.81493 1.94556 
4 -3.15789 6 1 -1.57301 1.84197 
4 -2.73684 6 1 -1.3593 1.75046 
4 -2.31579 6 1 -1.16913 1.66904 
4 -1.89474 6 1 -0.998816 1.59611 
4 -1.47368 6 1 -0.845402 1.53042 
4 -1.05263 6 1 -0.706492 1.47094 
4 -0.631579 6 1 -0.580122 1.41683 
4 -0.210526 6 1 -0.464667 1.36739 
4 0.210526 6 1 -0.358771 1.32205 
4 0.631579 6 1 -0.261294 1.28031 
4 1.05263 6 1 -0.171271 1.24176 
4 1.47368 6 1 -0.0878782 1.20606 
4 1.89474 6 1 -0.0104092 1.17289 
4 2.31579 6 1 0.0617456 1.14199 
4 2.73684 6 1 0.129115 1.11314 
4 3.15789 6 1 0.192159 1.08615 
4 3.57895 6 1 0.251283 1.06083 
4 4 6 1 0.306839 1.03704 
1.47368 -4 6 1 -13.4212 15.5956 
1.89474 -4 6 1 -6.41026 7.22234 
2.31579 -4 6 1 -4.33108 4.73913 
2.73684 -4 6 1 -3.33392 3.5482 
3.15789 -4 6 1 -2.74853 2.84906 
3.57895 -4 6 1 -2.36351 2.38922 
4 -4 6 1 -2.09102 2.06378 
-2.73684 4 6 1 453.757 493.469 
-2.31579 4 6 1 12.0573 13.7977 
-1.89474 4 6 1 5.86725 7.07546 
-1.47368 4 6 1 3.76515 4.79266 
-1.05263 4 6 1 2.70669 3.6432 
-0.631579 4 6 1 2.06922 2.95093 
-0.210526 4 6 1 1.64323 2.48832 
0.210526 4 6 1 1.33847 2.15736 
0.631579 4 6 1 1.10962 1.90884 
1.05263 4 6 1 0.931471 1.71537 
1.47368 4 6 1 0.78885 1.56049 
1.89474 4 6 1 0.672093 1.4337 
2.31579 4 6 1 0.57475 1.32798 
2.73684 4 6 1 0.492349 1.2385 
3.15789 4 6 1 0.421697 1.16177 
3.57895 4 6 1 0.360447 1.09526 
4 4 6 1 0.306839 1.03704 
