-4 -4 2 1 -0.818831 0.266391 
-4 -3.57895 2 1 -0.877537 0.27494 
-4 -3.15789 2 1 -0.946763 0.285021 
-4 -2.73684 2 1 -1.02962 0.297087 
-4 -2.31579 2 1 -1.13057 0.311788 
-4 -1.89474 2 1 -1.25626 0.330092 
-4 -1.47368 2 1 -1.41706 0.353509 
-4 -1.05263 2 1 -1.63008 0.384531 
-4 -0.631579 2 1 -1.92567 0.427577 
-4 -0.210526 2 1 -2.36341 0.491323 
-4 0.210526 2 1 -3.07824 0.595423 
-4 0.631579 2 1 -4.45518 0.795943 
-4 1.05263 2 1 -8.20757 1.34239 
-4 1.47368 2 1 -59.0687 8.74917 
4 -4 2 1 0.564664 0.325926 
4 -3.57895 2 1 0.612651 0.337641 
4 -3.15789 2 1 0.668046 0.351164 
4 -2.73684 2 1 0.732708 0.36695 
4 -2.31579 2 1 0.809176 0.385618 
4 -1.89474 2 1 0.901005 0.408036 
4 -1.47368 2 1 1.01334 0.43546 
4 -1.05263 2 1 1.15392 0.469779 
4 -0.631579 2 1 1.33493 0.513967 
4 -0.210526 2 1 1.57672 0.572995 
4 0.210526 2 1 1.9161 0.655846 
4 0.631579 2 1 2.42708 0.780592 
4 1.05263 2 1 3.28387 0.989758 
4 1.47368 2 1 5.01704 1.41287 
4 1.89474 2 1 10.3787 2.72179 
-4 -4 2 1 -0.818831 0.266391 
-3.57895 -4 2 1 -0.736668 0.269926 
-3.15789 -4 2 1 -0.655668 0.273412 
-2.73684 -4 2 1 -0.575808 0.276849 
-2.31579 -4 2 1 -0.497063 0.280237 
-1.89474 -4 2 1 -0.419409 0.283579 
-1.47368 -4 2 1 -0.342826 0.286874 
-1.05263 -4 2 1 -0.26729 0.290125 
-0.631579 -4 2 1 -0.19278 0.293331 
-0.210526 -4 2 1 -0.119275 0.296494 
0.210526 -4 2 1 -0.0467562 0.299615 
0.631579 -4 2 1 0.0247974 0.302694 
1.05263 -4 2 1 0.0954046 0.305732 
1.47368 -4 2 1 0.165084 0.308731 
1.89474 -4 2 1 0.233854 0.31169 
2.31579 -4 2 1 0.301732 0.314611 
2.73684 -4 2 1 0.368735 0.317494 
3.15789 -4 2 1 0.434881 0.320341 
3.57895 -4 2 1 0.500185 0.323151 
4 -4 2 1 0.564664 0.325926 
-4 -4 6 1 -0.978182 1.12782 
-4 -3.57895 6 1 -1.0609 1.21927 
-4 -3.15789 6 1 -1.16093 1.32986 
-4 -2.73684 6 1 -1.28434 1.46631 
-4 -2.31579 6 1 -1.44041 1.63887 
-4 -1.89474 6 1 -1.6441 1.86406 
-4 -1.47368 6 1 -1.92111 2.17033 
-4 -1.05263 6 1 -2.31972 2.61103 
-4 -0.631579 6 1 -2.9425 3.29958 
-4 -0.210526 6 1 -4.05258 4.5269 
-4 0.210526 6 1 -6.5894 7.33161 
-4 0.631579 6 1 -18.2496 20.2232 
4 -4 6 1 0.592864 1.07863 
4 -3.57895 6 1 0.649363 1.1528 
4 -3.15789 6 1 0.715815 1.24004 
4 -2.73684 6 1 0.795106 1.34414 
4 -2.31579 6 1 0.891353 1.4705 
4 -1.89474 6 1 1.01065 1.62711 
4 -1.47368 6 1 1.1624 1.82633 
4 -1.05263 6 1 1.36192 2.08827 
4 -0.631579 6 1 1.63601 2.44809 
4 -0.210526 6 1 2.03604 2.97328 
4 0.210526 6 1 2.67476 3.8118 
4 0.631579 6 1 3.85658 5.36332 
4 1.05263 6 1 6.78649 9.20978 
4 1.47368 6 1 26.3579 34.9037 
-4 -4 6 1 -0.978182 1.12782 
-3.57895 -4 6 1 -0.88342 1.12485 
-3.15789 -4 6 1 -0.790183 1.12193 
-2.73684 -4 6 1 -0.698434 1.11906 
-2.31579 -4 6 1 -0.60814 1.11623 
-1.89474 -4 6 1 -0.519264 1.11345 
-1.47368 -4 6 1 -0.431774 1.11071 
-1.05263 -4 6 1 -0.345638 1.10801 
-0.631579 -4 6 1 -0.260825 1.10536 
-0.210526 -4 6 1 -0.177304 1.10274 
0.210526 -4 6 1 -0.095046 1.10017 
0.631579 -4 6 1 -0.0140227 1.09763 
1.05263 -4 6 1 0.0657936 1.09513 
1.47368 -4 6 1 0.14443 1.09267 
1.89474 -4 6 1 0.221911 1.09025 
2.31579 -4 6 1 0.298264 1.08785 
2.73684 -4 6 1 0.373512 1.0855 
3.15789 -4 6 1 0.44768 1.08318 
3.57895 -4 6 1 0.520789 1.08089 
4 -4 6 1 0.592864 1.07863 
