-4 -4 2 1 -0.101829 0.0400997 
-4 -3.57895 2 1 -0.139935 0.045795 
-4 -3.15789 2 1 -0.18197 0.0520776 
-4 -2.73684 2 1 -0.228575 0.0590432 
-4 -2.31579 2 1 -0.280538 0.0668096 
-4 -1.89474 2 1 -0.338839 0.0755233 
-4 -1.47368 2 1 -0.404714 0.0853689 
-4 -1.05263 2 1 -0.479739 0.0965822 
-4 -0.631579 2 1 -0.565966 0.10947 
-4 -0.210526 2 1 -0.666103 0.124436 
-4 0.210526 2 1 -0.783814 0.142029 
-4 0.631579 2 1 -0.924169 0.163007 
-4 1.05263 2 1 -1.0944 0.188449 
-4 1.47368 2 1 -1.30517 0.219952 
-4 1.89474 2 1 -1.57294 0.259972 
-4 2.31579 2 1 -1.92443 0.312506 
-4 2.73684 2 1 -2.40618 0.384508 
-4 3.15789 2 1 -3.10707 0.489264 
-4 3.57895 2 1 -4.22067 0.655702 
-4 4 2 1 -6.26356 0.961033 
4 -4 2 1 1.97281 -0.109664 
4 -3.57895 2 1 2.14616 -0.114153 
4 -3.15789 2 1 2.37298 -0.120027 
4 -2.73684 2 1 2.68252 -0.128043 
4 -2.31579 2 1 3.13011 -0.139634 
4 -1.89474 2 1 3.83463 -0.157878 
4 -1.47368 2 1 5.10634 -0.190811 
4 -1.05263 2 1 8.09166 -0.268119 
4 -0.631579 2 1 23.4069 -0.664727 
-4 -4 2 1 -0.101829 0.0400997 
-3.57895 -4 2 1 -0.0571121 0.0368717 
-3.15789 -4 2 1 -0.00936163 0.0334247 
-2.73684 -4 2 1 0.0417416 0.0297356 
-2.31579 -4 2 1 0.0965636 0.0257782 
-1.89474 -4 2 1 0.155526 0.0215218 
-1.47368 -4 2 1 0.219115 0.0169315 
-1.05263 -4 2 1 0.287899 0.0119661 
-0.631579 -4 2 1 0.36254 0.00657794 
-0.210526 -4 2 1 0.443821 0.000710447 
0.210526 -4 2 1 0.532669 -0.00570326 
0.631579 -4 2 1 0.630191 -0.0127432 
1.05263 -4 2 1 0.737724 -0.0205057 
1.47368 -4 2 1 0.856892 -0.0291082 
1.89474 -4 2 1 0.989691 -0.0386947 
2.31579 -4 2 1 1.1386 -0.0494443 
2.73684 -4 2 1 1.30675 -0.0615823 
3.15789 -4 2 1 1.49811 -0.0753964 
3.57895 -4 2 1 1.71786 -0.0912595 
4 -4 2 1 1.97281 -0.109664 
-4 4 2 1 -6.26356 0.961033 
-3.57895 4 2 1 -8.16281 1.28659 
-3.15789 4 2 1 -12.5504 2.03867 
-2.73684 4 2 1 -33.6034 5.6474 
-4 -4 6 1 -0.0480681 0.571692 
-4 -3.57895 6 1 -0.083373 0.603302 
-4 -3.15789 6 1 -0.1223 0.638156 
-4 -2.73684 6 1 -0.165438 0.676778 
-4 -2.31579 6 1 -0.213507 0.719817 
-4 -1.89474 6 1 -0.267406 0.768076 
-4 -1.47368 6 1 -0.328264 0.822564 
-4 -1.05263 6 1 -0.39752 0.884572 
-4 -0.631579 6 1 -0.477042 0.955772 
-4 -0.210526 6 1 -0.569295 1.03837 
-4 0.210526 6 1 -0.677604 1.13534 
-4 0.631579 6 1 -0.806558 1.2508 
-4 1.05263 6 1 -0.962682 1.39059 
-4 1.47368 6 1 -1.15558 1.56329 
-4 1.89474 6 1 -1.39996 1.7821 
-4 2.31579 6 1 -1.71963 2.06832 
-4 2.73684 6 1 -2.15572 2.45877 
-4 3.15789 6 1 -2.78595 3.02305 
-4 3.57895 6 1 -3.77713 3.91049 
-4 4 6 1 -5.56374 5.51013 
4 -4 6 1 2.08438 1.22363 
4 -3.57895 6 1 2.27027 1.3951 
4 -3.15789 6 1 2.51266 1.61869 
4 -2.73684 6 1 2.84193 1.92243 
4 -2.31579 6 1 3.31499 2.3588 
4 -1.89474 6 1 4.05236 3.03897 
4 -1.47368 6 1 5.36137 4.24646 
4 -1.05263 6 1 8.32761 6.98264 
4 -0.631579 6 1 21.5264 19.1577 
-4 -4 6 1 -0.0480681 0.571692 
-3.57895 -4 6 1 -0.0018007 0.585837 
-3.15789 -4 6 1 0.0475903 0.600937 
-2.73684 -4 6 1 0.100432 0.617092 
-2.31579 -4 6 1 0.1571 0.634417 
-1.89474 -4 6 1 0.218024 0.653043 
-1.47368 -4 6 1 0.283704 0.673123 
-1.05263 -4 6 1 0.354718 0.694833 
-0.631579 -4 6 1 0.431743 0.718382 
-0.210526 -4 6 1 0.515578 0.744012 
0.210526 -4 6 1 0.607167 0.772013 
0.631579 -4 6 1 0.707636 0.802729 
1.05263 -4 6 1 0.818345 0.836575 
1.47368 -4 6 1 0.940943 0.874056 
1.89474 -4 6 1 1.07745 0.91579 
2.31579 -4 6 1 1.23038 0.962545 
2.73684 -4 6 1 1.40289 1.01528 
3.15789 -4 6 1 1.59899 1.07524 
3.57895 -4 6 1 1.82387 1.14399 
4 -4 6 1 2.08438 1.22363 
-4 4 6 1 -5.56374 5.51013 
-3.57895 4 6 1 -7.10052 7.52415 
-3.15789 4 6 1 -10.4809 11.9544 
-2.73684 4 6 1 -23.9959 29.6664 
