-4 -4 2 1 -0.155602 0.18158 
-4 -3.57895 2 1 -0.193561 0.191686 
-4 -3.15789 2 1 -0.235738 0.202914 
-4 -2.73684 2 1 -0.282877 0.215462 
-4 -2.31579 2 1 -0.335906 0.22958 
-4 -1.89474 2 1 -0.396006 0.245579 
-4 -1.47368 2 1 -0.464691 0.263864 
-4 -1.05263 2 1 -0.54394 0.284961 
-4 -0.631579 2 1 -0.636396 0.309574 
-4 -0.210526 2 1 -0.745659 0.338661 
-4 0.210526 2 1 -0.876771 0.373565 
-4 0.631579 2 1 -1.03701 0.416223 
-4 1.05263 2 1 -1.2373 0.469544 
-4 1.47368 2 1 -1.49481 0.538095 
-4 1.89474 2 1 -1.83812 0.629489 
-4 2.31579 2 1 -2.3187 0.757427 
-4 2.73684 2 1 -3.03947 0.949303 
-4 3.15789 2 1 -4.24044 1.26902 
-4 3.57895 2 1 -6.64125 1.90815 
-4 4 2 1 -13.8347 3.82314 
4 -4 2 1 1.69642 0.140389 
4 -3.57895 2 1 1.83272 0.15857 
4 -3.15789 2 1 2.00638 0.181735 
4 -2.73684 2 1 2.23521 0.212259 
4 -2.31579 2 1 2.55045 0.25431 
4 -1.89474 2 1 3.01246 0.315939 
4 -1.47368 2 1 3.75482 0.414964 
4 -1.05263 2 1 5.14386 0.600252 
4 -0.631579 2 1 8.67663 1.0715 
4 -0.210526 2 1 36.0863 4.72774 
-4 -4 2 1 -0.155602 0.18158 
-3.57895 -4 2 1 -0.108987 0.180543 
-3.15789 -4 2 1 -0.0595887 0.179445 
-2.73684 -4 2 1 -0.0071505 0.178278 
-2.31579 -4 2 1 0.0486173 0.177038 
-1.89474 -4 2 1 0.108042 0.175716 
-1.47368 -4 2 1 0.171496 0.174305 
-1.05263 -4 2 1 0.239404 0.172795 
-0.631579 -4 2 1 0.312251 0.171175 
-0.210526 -4 2 1 0.390596 0.169432 
0.210526 -4 2 1 0.475086 0.167553 
0.631579 -4 2 1 0.566474 0.16552 
1.05263 -4 2 1 0.665641 0.163315 
1.47368 -4 2 1 0.773623 0.160913 
1.89474 -4 2 1 0.891651 0.158288 
2.31579 -4 2 1 1.0212 0.155407 
2.73684 -4 2 1 1.16403 0.15223 
3.15789 -4 2 1 1.32231 0.14871 
3.57895 -4 2 1 1.49867 0.144787 
4 -4 2 1 1.69642 0.140389 
-4 4 2 1 -13.8347 3.82314 
-3.57895 4 2 1 -29.3492 8.45757 
-4 -4 6 1 -0.105103 0.742231 
-4 -3.57895 6 1 -0.141334 0.782883 
-4 -3.15789 6 1 -0.181702 0.828177 
-4 -2.73684 6 1 -0.226959 0.878957 
-4 -2.31579 6 1 -0.278049 0.936283 
-4 -1.89474 6 1 -0.336179 1.00151 
-4 -1.47368 6 1 -0.402912 1.07638 
-4 -1.05263 6 1 -0.48031 1.16323 
-4 -0.631579 6 1 -0.57115 1.26515 
-4 -0.210526 6 1 -0.679269 1.38647 
-4 0.210526 6 1 -0.810114 1.53328 
-4 0.631579 6 1 -0.971693 1.71458 
-4 1.05263 6 1 -1.17627 1.94413 
-4 1.47368 6 1 -1.44366 2.24415 
-4 1.89474 6 1 -1.80802 2.65297 
-4 2.31579 6 1 -2.33378 3.24289 
-4 2.73684 6 1 -3.1587 4.16849 
-4 3.15789 6 1 -4.63968 5.8302 
-4 3.57895 6 1 -8.07594 9.68583 
-4 4 6 1 -24.8612 28.5196 
4 -4 6 1 1.91069 1.38015 
4 -3.57895 6 1 2.08293 1.55823 
4 -3.15789 6 1 2.30576 1.78862 
4 -2.73684 6 1 2.60531 2.09833 
4 -2.31579 6 1 3.02945 2.53685 
4 -1.89474 6 1 3.67629 3.20562 
4 -1.47368 6 1 4.78371 4.35059 
4 -1.05263 6 1 7.11555 6.7615 
4 -0.631579 6 1 15.213 15.1336 
-4 -4 6 1 -0.105103 0.742231 
-3.57895 -4 6 1 -0.0557891 0.757837 
-3.15789 -4 6 1 -0.00345251 0.774399 
-2.73684 -4 6 1 0.0521931 0.792009 
-2.31579 -4 6 1 0.111472 0.810769 
-1.89474 -4 6 1 0.174751 0.830794 
-1.47368 -4 6 1 0.242451 0.852219 
-1.05263 -4 6 1 0.31505 0.875193 
-0.631579 -4 6 1 0.393101 0.899894 
-0.210526 -4 6 1 0.477242 0.926521 
0.210526 -4 6 1 0.568214 0.955311 
0.631579 -4 6 1 0.666885 0.986536 
1.05263 -4 6 1 0.774276 1.02052 
1.47368 -4 6 1 0.891594 1.05765 
1.89474 -4 6 1 1.02028 1.09837 
2.31579 -4 6 1 1.16208 1.14325 
2.73684 -4 6 1 1.3191 1.19294 
3.15789 -4 6 1 1.49393 1.24827 
3.57895 -4 6 1 1.68978 1.31025 
4 -4 6 1 1.91069 1.38015 
-4 4 6 1 -24.8612 28.5196 
