-4 -4 2 1 1.33762 -0.034567 
-4 -3.57895 2 1 1.18675 -0.0422665 
-4 -3.15789 2 1 1.04747 -0.0493747 
-4 -2.73684 2 1 0.918491 -0.0559572 
-4 -2.31579 2 1 0.798711 -0.0620702 
-4 -1.89474 2 1 0.687179 -0.0677622 
-4 -1.47368 2 1 0.583072 -0.0730753 
-4 -1.05263 2 1 0.485673 -0.0780461 
-4 -0.631579 2 1 0.394354 -0.0827066 
-4 -0.210526 2 1 0.308562 -0.087085 
-4 0.210526 2 1 0.22781 -0.0912062 
-4 0.631579 2 1 0.151667 -0.0950922 
-4 1.05263 2 1 0.0797497 -0.0987625 
-4 1.47368 2 1 0.0117152 -0.102235 
-4 1.89474 2 1 -0.0527425 -0.105524 
-4 2.31579 2 1 -0.113898 -0.108645 
-4 2.73684 2 1 -0.171999 -0.111611 
-4 3.15789 2 1 -0.227269 -0.114431 
-4 3.57895 2 1 -0.27991 -0.117118 
-4 4 2 1 -0.330104 -0.119679 
-4 -4 2 1 1.33762 -0.034567 
-3.57895 -4 2 1 1.44353 -0.0449678 
-3.15789 -4 2 1 1.57656 -0.0580318 
-2.73684 -4 2 1 1.74866 -0.0749321 
-2.31579 -4 2 1 1.97998 -0.0976492 
-1.89474 -4 2 1 2.30748 -0.129811 
-1.47368 -4 2 1 2.80686 -0.178851 
-1.05263 -4 2 1 3.66157 -0.262786 
-0.631579 -4 2 1 5.46031 -0.439427 
-0.210526 -4 2 1 11.6961 -1.0518 
-4 4 2 1 -0.330104 -0.119679 
-3.57895 4 2 1 -0.37445 -0.13035 
-3.15789 4 2 1 -0.424495 -0.142392 
-2.73684 4 2 1 -0.481413 -0.156088 
-2.31579 4 2 1 -0.546722 -0.171803 
-1.89474 4 2 1 -0.622428 -0.190019 
-1.47368 4 2 1 -0.711227 -0.211386 
-1.05263 4 2 1 -0.816837 -0.236799 
-0.631579 4 2 1 -0.944532 -0.267525 
-0.210526 4 2 1 -1.10205 -0.305427 
0.210526 4 2 1 -1.30121 -0.35335 
0.631579 4 2 1 -1.56106 -0.415875 
1.05263 4 2 1 -1.91431 -0.500874 
1.47368 4 2 1 -2.42234 -0.62312 
1.89474 4 2 1 -3.21547 -0.813964 
2.31579 4 2 1 -4.62721 -1.15366 
2.73684 4 2 1 -7.84411 -1.92772 
3.15789 4 2 1 -22.4656 -5.44598 
-4 -4 6 1 1.25529 1.02381 
-4 -3.57895 6 1 1.10522 0.972998 
-4 -3.15789 6 1 0.966858 0.926156 
-4 -2.73684 6 1 0.83889 0.882832 
-4 -2.31579 6 1 0.720187 0.842644 
-4 -1.89474 6 1 0.609777 0.805265 
-4 -1.47368 6 1 0.506821 0.770408 
-4 -1.05263 6 1 0.410588 0.737828 
-4 -0.631579 6 1 0.320441 0.707309 
-4 -0.210526 6 1 0.23582 0.67866 
-4 0.210526 6 1 0.156233 0.651715 
-4 0.631579 6 1 0.0812422 0.626327 
-4 1.05263 6 1 0.0104614 0.602364 
-4 1.47368 6 1 -0.0564542 0.579709 
-4 1.89474 6 1 -0.119813 0.558259 
-4 2.31579 6 1 -0.179891 0.537919 
-4 2.73684 6 1 -0.236937 0.518606 
-4 3.15789 6 1 -0.291174 0.500243 
-4 3.57895 6 1 -0.342806 0.482763 
-4 4 6 1 -0.392015 0.466103 
-4 -4 6 1 1.25529 1.02381 
-3.57895 -4 6 1 1.35376 1.13568 
-3.15789 -4 6 1 1.47799 1.27685 
-2.73684 -4 6 1 1.63965 1.46052 
-2.31579 -4 6 1 1.85862 1.70931 
-1.89474 -4 6 1 2.17195 2.06532 
-1.47368 -4 6 1 2.65739 2.61689 
-1.05263 -4 6 1 3.51046 3.58616 
-0.631579 -4 6 1 5.40322 5.73676 
-0.210526 -4 6 1 13.2018 14.5977 
-4 4 6 1 -0.392015 0.466103 
-3.57895 4 6 1 -0.440597 0.491053 
-3.15789 4 6 1 -0.495491 0.519244 
-2.73684 4 6 1 -0.558011 0.551352 
-2.31579 4 6 1 -0.629868 0.588254 
-1.89474 4 6 1 -0.713319 0.631111 
-1.47368 4 6 1 -0.811418 0.68149 
-1.05263 4 6 1 -0.928393 0.741563 
-0.631579 4 6 1 -1.07027 0.814425 
-0.210526 4 6 1 -1.24595 0.904647 
0.210526 4 6 1 -1.46915 1.01927 
0.631579 4 6 1 -1.76216 1.16975 
1.05263 4 6 1 -2.16381 1.37602 
1.47368 4 6 1 -2.74825 1.67616 
1.89474 4 6 1 -3.67707 2.15316 
2.31579 4 6 1 -5.38173 3.02859 
2.73684 4 6 1 -9.53149 5.15972 
3.15789 4 6 1 -34.728 18.0995 
