8.18787 -1.71932 25.8615 15.3215 2 
4.71314 -0.970241 8.35677 5.19046 3 
3.24227 -0.653154 4.8583 3.16569 4 
2.4298 -0.478003 3.35921 2.29808 5 
1.91451 -0.366916 2.52645 1.81611 6 
1.55855 -0.290178 1.99654 1.50941 7 
1.29792 -0.233992 1.62968 1.29709 8 
1.09884 -0.191076 1.36066 1.14139 9 
0.941819 -0.157225 1.15494 1.02233 10 
0.814797 -0.129842 0.992536 0.928337 11 
0.709927 -0.107234 0.861065 0.852247 12 
0.62188 -0.0882527 0.75246 0.78939 13 
0.546907 -0.0720902 0.661231 0.736591 14 
0.482299 -0.0581619 0.583519 0.691614 15 
0.426044 -0.0460346 0.516526 0.652841 16 
0.376621 -0.0353801 0.458177 0.619072 17 
0.332857 -0.0259454 0.406902 0.589395 18 
0.293832 -0.0175325 0.361486 0.56311 19 
-5.22269 -0.266916 -9.48247 9.89379 30 
-3.58082 -0.132322 -4.88053 4.95296 31 
-2.7714 -0.0659688 -3.37103 3.33229 32 
-2.28936 -0.0264534 -2.62078 2.52679 33 
-1.96949 -0.000232204 -2.17206 2.04503 34 
-1.74175 0.0184376 -1.87351 1.72449 35 
-1.57133 0.0324074 -1.66055 1.49585 36 
-1.43902 0.0432537 -1.50099 1.32454 37 
-1.33332 0.0519186 -1.37698 1.1914 38 
-1.24693 0.0590001 -1.27783 1.08495 39 
0.293832 -0.0175325 0.361486 0.56311 60 
0.244721 -0.0150931 0.31116 0.57913 61 
0.19341 -0.0125444 0.258449 0.59591 62 
0.139747 -0.00987882 0.203179 0.613504 63 
0.0835667 -0.00708826 0.145158 0.631973 64 
0.0246884 -0.00416367 0.0841773 0.651385 65 
-0.0370874 -0.00109515 0.0200031 0.671813 66 
-0.10198 0.00212818 -0.0476217 0.69334 67 
-0.170231 0.00551835 -0.118983 0.716056 68 
-0.242109 0.00908865 -0.1944 0.740063 69 
-0.31791 0.0128538 -0.274228 0.765474 70 
-0.397965 0.0168303 -0.358865 0.792416 71 
-0.482642 0.0210364 -0.44876 0.821032 72 
-0.572353 0.0254925 -0.544419 0.851483 73 
-0.667561 0.0302216 -0.646414 0.88395 74 
-0.768787 0.0352497 -0.755396 0.918642 75 
-0.87662 0.040606 -0.872108 0.955795 76 
-0.991729 0.0463236 -0.997404 0.995679 77 
-1.11488 0.0524406 -1.13227 1.03861 78 
-1.24693 0.0590001 -1.27783 1.08495 79 
