-0.0335558 -0.181062 0.0152055 0.341174 0 
-0.0734409 -0.18207 -0.0208735 0.362646 1 
-0.117075 -0.183173 -0.0601919 0.386046 2 
-0.165013 -0.184385 -0.103206 0.411645 3 
-0.217925 -0.185723 -0.150464 0.439769 4 
-0.276627 -0.187207 -0.202625 0.470812 5 
-0.342123 -0.188863 -0.260494 0.505252 6 
-0.415668 -0.190722 -0.325062 0.543679 7 
-0.498841 -0.192825 -0.397565 0.586828 8 
-0.593665 -0.195223 -0.47956 0.635626 9 
-0.702773 -0.197981 -0.573043 0.691261 10 
-0.829655 -0.201189 -0.680609 0.755277 11 
-0.97904 -0.204966 -0.805701 0.829723 12 
-1.1575 -0.209478 -0.95298 0.917374 13 
-1.37443 -0.214962 -1.12893 1.02209 14 
-1.64377 -0.221772 -1.34281 1.14937 15 
-1.98714 -0.230453 -1.60838 1.30742 16 
-2.43992 -0.241901 -1.94695 1.50892 17 
-3.0643 -0.257687 -2.39343 1.77463 18 
-3.98064 -0.280854 -3.00916 2.14108 19 
2.66383 -0.677942 2.47211 0.994861 20 
2.97163 -0.766315 2.70732 1.16263 21 
3.40567 -0.890932 3.0226 1.38751 22 
4.06362 -1.07984 3.46722 1.70464 23 
5.17902 -1.40008 4.14131 2.18544 24 
7.48309 -2.06161 5.28427 3.00069 25 
15.0434 -4.23226 7.64622 4.68539 26 
-0.0335558 -0.181062 0.0152055 0.341174 40 
0.0100006 -0.189085 0.0587019 0.352747 41 
0.0570462 -0.197751 0.105528 0.365205 42 
0.108018 -0.207141 0.156083 0.378656 43 
0.163428 -0.217348 0.210828 0.393221 44 
0.223883 -0.228484 0.270308 0.409047 45 
0.290105 -0.240683 0.335166 0.426303 46 
0.36296 -0.254103 0.406164 0.445193 47 
0.443498 -0.268939 0.484219 0.46596 48 
0.533 -0.285426 0.570437 0.488899 49 
0.633053 -0.303856 0.666169 0.51437 50 
0.745639 -0.324596 0.773082 0.542815 51 
0.87327 -0.348106 0.893258 0.574789 52 
1.01918 -0.374983 1.02933 0.610992 53 
1.18759 -0.406006 1.18466 0.65232 54 
1.38415 -0.442214 1.36367 0.699948 55 
1.61655 -0.485025 1.57221 0.755432 56 
1.89559 -0.536426 1.81824 0.820892 57 
2.23687 -0.599293 2.11288 0.899284 58 
2.66383 -0.677942 2.47211 0.994861 59 
-3.98064 -0.280854 -3.00916 2.14108 60 
-4.69266 -0.358764 -3.37001 2.55459 61 
-5.88659 -0.489404 -3.90636 3.16922 62 
-8.3019 -0.753689 -4.78743 4.17888 63 
-15.7753 -1.57143 -6.50289 6.1447 64 
