-4 2.31579 2 1 34.1215 -0.761382 
-4 2.73684 2 1 12.3852 -0.131688 
-4 3.15789 2 1 7.94537 -0.00306729 
-4 3.57895 2 1 6.03291 0.052336 
-4 4 2 1 4.96792 0.0831885 
4 -4 2 1 -2.23053 -0.356072 
4 -3.57895 2 1 -1.88401 -0.301173 
4 -3.15789 2 1 -1.60064 -0.256277 
4 -2.73684 2 1 -1.3646 -0.21888 
4 -2.31579 2 1 -1.16493 -0.187246 
4 -1.89474 2 1 -0.993841 -0.16014 
4 -1.47368 2 1 -0.845599 -0.136653 
4 -1.05263 2 1 -0.715916 -0.116107 
4 -0.631579 2 1 -0.601511 -0.0979816 
4 -0.210526 2 1 -0.499835 -0.0818728 
4 0.210526 2 1 -0.408876 -0.0674618 
4 0.631579 2 1 -0.327023 -0.0544937 
4 1.05263 2 1 -0.252976 -0.042762 
4 1.47368 2 1 -0.185667 -0.0320981 
4 1.89474 2 1 -0.124217 -0.0223624 
4 2.31579 2 1 -0.0678934 -0.0134389 
4 2.73684 2 1 -0.01608 -0.00522991 
4 3.15789 2 1 0.0317441 0.002347 
4 3.57895 2 1 0.0760224 0.00936215 
4 4 2 1 0.117135 0.0158758 
1.05263 -4 2 1 -39.0951 -9.71206 
1.47368 -4 2 1 -8.92074 -2.054 
1.89474 -4 2 1 -5.34816 -1.14731 
2.31579 -4 2 1 -3.96158 -0.795403 
2.73684 -4 2 1 -3.22467 -0.608379 
3.15789 -4 2 1 -2.76749 -0.492351 
3.57895 -4 2 1 -2.45618 -0.413341 
4 -4 2 1 -2.23053 -0.356072 
-4 4 2 1 4.96792 0.0831885 
-3.57895 4 2 1 3.72539 0.0659465 
-3.15789 4 2 1 2.92232 0.0548024 
-2.73684 4 2 1 2.36059 0.0470074 
-2.31579 4 2 1 1.94562 0.041249 
-1.89474 4 2 1 1.62654 0.0368213 
-1.47368 4 2 1 1.37356 0.0333107 
-1.05263 4 2 1 1.16806 0.0304591 
-0.631579 4 2 1 0.997828 0.0280969 
-0.210526 4 2 1 0.854499 0.0261079 
0.210526 4 2 1 0.732163 0.0244103 
0.631579 4 2 1 0.626522 0.0229444 
1.05263 4 2 1 0.534378 0.0216657 
1.47368 4 2 1 0.453298 0.0205406 
1.89474 4 2 1 0.381404 0.019543 
2.31579 4 2 1 0.317217 0.0186523 
2.73684 4 2 1 0.259562 0.0178522 
3.15789 4 2 1 0.207489 0.0171296 
3.57895 4 2 1 0.160226 0.0164737 
4 4 2 1 0.117135 0.0158758 
-4 2.73684 6 1 51.6082 44.1059 
-4 3.15789 6 1 13.9051 11.2429 
-4 3.57895 6 1 8.47813 6.51258 
-4 4 6 1 6.30447 4.61796 
4 -4 6 1 -2.74526 1.51763 
4 -3.57895 6 1 -2.29389 1.36692 
4 -3.15789 6 1 -1.93464 1.24697 
4 -2.73684 6 1 -1.64194 1.14924 
4 -2.31579 6 1 -1.39885 1.06807 
4 -1.89474 6 1 -1.19374 0.999587 
4 -1.47368 6 1 -1.01837 0.94103 
4 -1.05263 6 1 -0.866695 0.890387 
4 -0.631579 6 1 -0.734222 0.846155 
4 -0.210526 6 1 -0.617522 0.807189 
4 0.210526 6 1 -0.513935 0.772602 
4 0.631579 6 1 -0.421368 0.741695 
4 1.05263 6 1 -0.338153 0.713909 
4 1.47368 6 1 -0.262939 0.688796 
4 1.89474 6 1 -0.194627 0.665987 
4 2.31579 6 1 -0.132307 0.645178 
4 2.73684 6 1 -0.0752238 0.626119 
4 3.15789 6 1 -0.0227448 0.608596 
4 3.57895 6 1 0.0256659 0.592432 
4 4 6 1 0.0704636 0.577474 
1.47368 -4 6 1 -39.4499 30.3352 
1.89474 -4 6 1 -10.0788 7.27533 
2.31579 -4 6 1 -6.07822 4.13441 
2.73684 -4 6 1 -4.491 2.88825 
3.15789 -4 6 1 -3.63939 2.21963 
3.57895 -4 6 1 -3.10822 1.8026 
4 -4 6 1 -2.74526 1.51763 
-4 4 6 1 6.30447 4.61796 
-3.57895 4 6 1 4.38093 3.37124 
-3.15789 4 6 1 3.27561 2.65485 
-2.73684 4 6 1 2.55801 2.18974 
-2.31579 4 6 1 2.05456 1.86344 
-1.89474 4 6 1 1.68184 1.62187 
-1.47368 4 6 1 1.39479 1.43582 
-1.05263 4 6 1 1.16692 1.28813 
-0.631579 4 6 1 0.981629 1.16803 
-0.210526 4 6 1 0.828009 1.06847 
0.210526 4 6 1 0.698577 0.984577 
0.631579 4 6 1 0.588039 0.912933 
1.05263 4 6 1 0.492537 0.851035 
1.47368 4 6 1 0.409201 0.797022 
1.89474 4 6 1 0.335843 0.749476 
2.31579 4 6 1 0.270774 0.707303 
2.73684 4 6 1 0.212663 0.669639 
3.15789 4 6 1 0.160452 0.635799 
3.57895 4 6 1 0.113284 0.605228 
4 4 6 1 0.0704636 0.577474 
