-4 -1.89474 2 1 11.2292 0.00981588 
-4 -1.47368 2 1 5.21508 -0.0515037 
-4 -1.05263 2 1 3.38375 -0.0701759 
-4 -0.631579 2 1 2.49746 -0.0792124 
-4 -0.210526 2 1 1.97473 -0.0845422 
-4 0.210526 2 1 1.62993 -0.0880577 
-4 0.631579 2 1 1.38543 -0.0905507 
-4 1.05263 2 1 1.20302 -0.0924106 
-4 1.47368 2 1 1.06171 -0.0938513 
-4 1.89474 2 1 0.949016 -0.0950003 
-4 2.31579 2 1 0.857048 -0.095938 
-4 2.73684 2 1 0.780569 -0.0967178 
-4 3.15789 2 1 0.71597 -0.0973764 
-4 3.57895 2 1 0.660682 -0.0979402 
-4 4 2 1 0.612827 -0.0984281 
4 -1.89474 2 1 -116.843 21.5498 
4 -1.47368 2 1 -8.58052 1.47626 
4 -1.05263 2 1 -4.47748 0.7155 
4 -0.631579 2 1 -3.03981 0.448934 
4 -0.210526 2 1 -2.30708 0.313077 
4 0.210526 2 1 -1.8629 0.23072 
4 0.631579 2 1 -1.56486 0.175459 
4 1.05263 2 1 -1.35103 0.135811 
4 1.47368 2 1 -1.19014 0.105979 
4 1.89474 2 1 -1.06468 0.0827182 
4 2.31579 2 1 -0.964128 0.0640735 
4 2.73684 2 1 -0.881724 0.0487945 
4 3.15789 2 1 -0.812964 0.0360455 
4 3.57895 2 1 -0.754719 0.025246 
4 4 2 1 -0.704748 0.0159807 
-4 4 2 1 0.612827 -0.0984281 
-3.57895 4 2 1 0.54701 -0.092713 
-3.15789 4 2 1 0.48082 -0.0869655 
-2.73684 4 2 1 0.414253 -0.0811854 
-2.31579 4 2 1 0.347307 -0.0753723 
-1.89474 4 2 1 0.279978 -0.0695259 
-1.47368 4 2 1 0.212263 -0.063646 
-1.05263 4 2 1 0.144158 -0.0577323 
-0.631579 4 2 1 0.0756607 -0.0517844 
-0.210526 4 2 1 0.00676683 -0.0458022 
0.210526 4 2 1 -0.0625268 -0.0397852 
0.631579 4 2 1 -0.132224 -0.0337332 
1.05263 4 2 1 -0.202327 -0.0276459 
1.47368 4 2 1 -0.272841 -0.021523 
1.89474 4 2 1 -0.343769 -0.0153641 
2.31579 4 2 1 -0.415115 -0.00916895 
2.73684 4 2 1 -0.486882 -0.00293722 
3.15789 4 2 1 -0.559074 0.00333141 
3.57895 4 2 1 -0.631695 0.00963728 
4 4 2 1 -0.704748 0.0159807 
-4 -2.31579 6 1 11.6965 10.5 
-4 -1.89474 6 1 5.55618 4.95685 
-4 -1.47368 6 1 3.63136 3.21923 
-4 -1.05263 6 1 2.69031 2.36969 
-4 -0.631579 6 1 2.13232 1.86597 
-4 -0.210526 6 1 1.76306 1.53262 
-4 0.210526 6 1 1.50063 1.29571 
-4 0.631579 6 1 1.30452 1.11867 
-4 1.05263 6 1 1.15242 0.981362 
-4 1.47368 6 1 1.03101 0.871754 
-4 1.89474 6 1 0.931842 0.782234 
-4 2.31579 6 1 0.849326 0.707743 
-4 2.73684 6 1 0.77959 0.644788 
-4 3.15789 6 1 0.719878 0.590884 
-4 3.57895 6 1 0.668174 0.544208 
-4 4 6 1 0.622969 0.503399 
4 -2.31579 6 1 -71.835 96.9429 
4 -1.89474 6 1 -7.53188 10.0083 
4 -1.47368 6 1 -3.99714 5.22953 
4 -1.05263 6 1 -2.73093 3.51767 
4 -0.631579 6 1 -2.07993 2.63755 
4 -0.210526 6 1 -1.6834 2.10147 
4 0.210526 6 1 -1.41654 1.74069 
4 0.631579 6 1 -1.22468 1.4813 
4 1.05263 6 1 -1.0801 1.28583 
4 1.47368 6 1 -0.967233 1.13325 
4 1.89474 6 1 -0.876682 1.01083 
4 2.31579 6 1 -0.802423 0.910431 
4 2.73684 6 1 -0.740421 0.826608 
4 3.15789 6 1 -0.687874 0.755566 
4 3.57895 6 1 -0.642771 0.694589 
4 4 6 1 -0.603636 0.641681 
-4 4 6 1 0.622969 0.503399 
-3.57895 4 6 1 0.561482 0.510331 
-3.15789 4 6 1 0.499668 0.517299 
-2.73684 4 6 1 0.437527 0.524305 
-2.31579 4 6 1 0.375054 0.531348 
-1.89474 4 6 1 0.312248 0.538428 
-1.47368 4 6 1 0.249105 0.545547 
-1.05263 4 6 1 0.185623 0.552703 
-0.631579 4 6 1 0.121799 0.559898 
-0.210526 4 6 1 0.057631 0.567132 
0.210526 4 6 1 -0.00688467 0.574406 
0.631579 4 6 1 -0.0717506 0.581718 
1.05263 4 6 1 -0.13697 0.589071 
1.47368 4 6 1 -0.202545 0.596463 
1.89474 4 6 1 -0.268478 0.603897 
2.31579 4 6 1 -0.334774 0.61137 
2.73684 4 6 1 -0.401435 0.618885 
3.15789 4 6 1 -0.468463 0.626442 
3.57895 4 6 1 -0.535862 0.63404 
4 4 6 1 -0.603636 0.641681 
