-0.607053 0.242619 -0.565365 0.966038 20 
-0.538557 0.236824 -0.493603 0.964581 21 
-0.469223 0.230959 -0.420924 0.963105 22 
-0.399035 0.225021 -0.34731 0.96161 23 
-0.327978 0.219009 -0.272743 0.960096 24 
-0.256036 0.212923 -0.197206 0.958562 25 
-0.18319 0.20676 -0.120678 0.957009 26 
-0.109426 0.200519 -0.0431402 0.955434 27 
-0.0347244 0.194199 0.0354277 0.953839 28 
0.0409321 0.187799 0.115046 0.952222 29 
0.117562 0.181316 0.195737 0.950584 30 
0.195184 0.174749 0.277521 0.948923 31 
0.273818 0.168096 0.360422 0.94724 32 
0.353483 0.161357 0.444461 0.945533 33 
0.4342 0.154528 0.529664 0.943803 34 
0.515991 0.147608 0.616053 0.942049 35 
0.598875 0.140596 0.703654 0.94027 36 
0.682877 0.133489 0.792494 0.938467 37 
0.768018 0.126286 0.882597 0.936637 38 
0.854321 0.118985 0.973992 0.934781 39 
-10.7505 3.01057 -27.7674 38.9099 46 
-5.02336 1.44775 -6.55077 9.31503 47 
-3.25588 0.965432 -3.67988 5.31045 48 
-2.39648 0.73092 -2.54211 3.72338 49 
-1.88838 0.592269 -1.93194 2.87227 50 
-1.55273 0.500676 -1.55147 2.34154 51 
-1.31447 0.43566 -1.29153 1.97895 52 
-1.13659 0.387119 -1.10268 1.71553 53 
-0.998709 0.349495 -0.959262 1.51548 54 
-0.888706 0.319477 -0.846646 1.35839 55 
-0.7989 0.29497 -0.75587 1.23177 56 
-0.724197 0.274585 -0.681142 1.12753 57 
-0.661082 0.257363 -0.618552 1.04023 58 
-0.607053 0.242619 -0.565365 0.966038 59 
7.33877 0.682385 14.5318 14.4586 68 
4.18332 0.408225 6.12341 6.07128 69 
2.94179 0.300354 3.90311 3.85655 70 
2.27807 0.242687 2.8773 2.83331 71 
1.86493 0.206791 2.28637 2.24386 72 
1.583 0.182296 1.90214 1.8606 73 
1.37834 0.164514 1.63231 1.59145 74 
1.22301 0.151019 1.43241 1.39205 75 
1.1011 0.140426 1.27836 1.23839 76 
1.00286 0.131891 1.15603 1.11636 77 
0.922018 0.124867 1.05652 1.0171 78 
0.854321 0.118985 0.973992 0.934781 79 
