4 -4 2 1 -0.30846 -0.289613 
4 -3.57895 2 1 -0.259702 -0.296944 
4 -3.15789 2 1 -0.208128 -0.304699 
4 -2.73684 2 1 -0.153485 -0.312914 
4 -2.31579 2 1 -0.095491 -0.321634 
4 -1.89474 2 1 -0.0338284 -0.330905 
4 -1.47368 2 1 0.0318625 -0.340782 
4 -1.05263 2 1 0.10199 -0.351326 
4 -0.631579 2 1 0.177019 -0.362607 
4 -0.210526 2 1 0.257481 -0.374705 
4 0.210526 2 1 0.34399 -0.387712 
4 0.631579 2 1 0.437254 -0.401735 
4 1.05263 2 1 0.538095 -0.416897 
4 1.47368 2 1 0.647478 -0.433343 
4 1.89474 2 1 0.766533 -0.451244 
4 2.31579 2 1 0.896605 -0.470801 
4 2.73684 2 1 1.0393 -0.492255 
4 3.15789 2 1 1.19654 -0.515897 
4 3.57895 2 1 1.37067 -0.542079 
4 4 2 1 1.56457 -0.571234 
-3.57895 -4 2 1 -82.2419 -10.6847 
-3.15789 -4 2 1 -11.8767 -1.7573 
-2.73684 -4 2 1 -6.19211 -1.03608 
-2.31579 -4 2 1 -4.08751 -0.769069 
-1.89474 -4 2 1 -2.99091 -0.629941 
-1.47368 -4 2 1 -2.31806 -0.544575 
-1.05263 -4 2 1 -1.8631 -0.486854 
-0.631579 -4 2 1 -1.53495 -0.445221 
-0.210526 -4 2 1 -1.28707 -0.413772 
0.210526 -4 2 1 -1.09323 -0.389178 
0.631579 -4 2 1 -0.937478 -0.369418 
1.05263 -4 2 1 -0.809602 -0.353194 
1.47368 -4 2 1 -0.702731 -0.339635 
1.89474 -4 2 1 -0.612083 -0.328134 
2.31579 -4 2 1 -0.534223 -0.318256 
2.73684 -4 2 1 -0.466625 -0.30968 
3.15789 -4 2 1 -0.407385 -0.302164 
3.57895 -4 2 1 -0.355042 -0.295523 
4 -4 2 1 -0.30846 -0.289613 
0.631579 4 2 1 13.1001 -4.69038 
1.05263 4 2 1 5.87087 -2.10894 
1.47368 4 2 1 3.91057 -1.40895 
1.89474 4 2 1 2.99742 -1.08288 
2.31579 4 2 1 2.46923 -0.894271 
2.73684 4 2 1 2.12495 -0.771333 
3.15789 4 2 1 1.88276 -0.684853 
3.57895 4 2 1 1.70312 -0.620708 
4 4 2 1 1.56457 -0.571234 
-4 -4 6 1 -17.0123 10.596 
-4 -3.57895 6 1 -38.6686 25.9686 
4 -4 6 1 -0.249027 0.268214 
4 -3.57895 6 1 -0.202938 0.275829 
4 -3.15789 6 1 -0.154421 0.283845 
4 -2.73684 6 1 -0.103279 0.292295 
4 -2.31579 6 1 -0.0492937 0.301215 
4 -1.89474 6 1 0.00777975 0.310645 
4 -1.47368 6 1 0.0682138 0.320631 
4 -1.05263 6 1 0.132314 0.331222 
4 -0.631579 6 1 0.200425 0.342476 
4 -0.210526 6 1 0.272935 0.354456 
4 0.210526 6 1 0.350285 0.367237 
4 0.631579 6 1 0.432975 0.380899 
4 1.05263 6 1 0.521578 0.395539 
4 1.47368 6 1 0.616753 0.411265 
4 1.89474 6 1 0.719259 0.428202 
4 2.31579 6 1 0.829976 0.446495 
4 2.73684 6 1 0.949932 0.466315 
4 3.15789 6 1 1.08033 0.487861 
4 3.57895 6 1 1.22261 0.511369 
4 4 6 1 1.37846 0.53712 
-4 -4 6 1 -17.0123 10.596 
-3.57895 -4 6 1 -7.49664 4.73343 
-3.15789 -4 6 1 -4.68336 3.00018 
-2.73684 -4 6 1 -3.33553 2.16979 
-2.31579 -4 6 1 -2.54471 1.68257 
-1.89474 -4 6 1 -2.02474 1.36222 
-1.47368 -4 6 1 -1.65682 1.13555 
-1.05263 -4 6 1 -1.38277 0.966704 
-0.631579 -4 6 1 -1.17072 0.836062 
-0.210526 -4 6 1 -1.00177 0.731975 
0.210526 -4 6 1 -0.863996 0.647093 
0.631579 -4 6 1 -0.749495 0.576549 
1.05263 -4 6 1 -0.65283 0.516995 
1.47368 -4 6 1 -0.570134 0.466046 
1.89474 -4 6 1 -0.498584 0.421965 
2.31579 -4 6 1 -0.436068 0.383449 
2.73684 -4 6 1 -0.380978 0.349508 
3.15789 -4 6 1 -0.332063 0.319372 
3.57895 -4 6 1 -0.288341 0.292435 
4 -4 6 1 -0.249027 0.268214 
-0.210526 4 6 1 23.1245 18.3205 
0.210526 4 6 1 7.04784 5.17341 
0.631579 4 6 1 4.32495 2.94669 
1.05263 4 6 1 3.20009 2.0268 
1.47368 4 6 1 2.58562 1.52431 
1.89474 4 6 1 2.1984 1.20765 
2.31579 4 6 1 1.93205 0.989832 
2.73684 4 6 1 1.7376 0.830819 
3.15789 4 6 1 1.58941 0.709631 
3.57895 4 6 1 1.47272 0.614207 
4 4 6 1 1.37846 0.53712 
