4 -4 2 1 -0.38412 -0.138732 
4 -3.57895 2 1 -0.332267 -0.144587 
4 -3.15789 2 1 -0.278042 -0.150711 
4 -2.73684 2 1 -0.221278 -0.157121 
4 -2.31579 2 1 -0.161795 -0.163838 
4 -1.89474 2 1 -0.0993894 -0.170885 
4 -1.47368 2 1 -0.0338427 -0.178287 
4 -1.05263 2 1 0.0350891 -0.186071 
4 -0.631579 2 1 0.107675 -0.194268 
4 -0.210526 2 1 0.184214 -0.202911 
4 0.210526 2 1 0.265037 -0.212038 
4 0.631579 2 1 0.350516 -0.221691 
4 1.05263 2 1 0.441063 -0.231916 
4 1.47368 2 1 0.537143 -0.242766 
4 1.89474 2 1 0.63928 -0.254299 
4 2.31579 2 1 0.748065 -0.266584 
4 2.73684 2 1 0.86417 -0.279695 
4 3.15789 2 1 0.988357 -0.293719 
4 3.57895 2 1 1.1215 -0.308754 
4 4 2 1 1.26461 -0.324915 
-3.15789 -4 2 1 -2245.26 -3.48285 
-2.73684 -4 2 1 -12.2809 -0.156454 
-2.31579 -4 2 1 -5.97648 -0.147063 
-1.89474 -4 2 1 -3.86709 -0.14392 
-1.47368 -4 2 1 -2.8109 -0.142347 
-1.05263 -4 2 1 -2.17671 -0.141402 
-0.631579 -4 2 1 -1.75372 -0.140772 
-0.210526 -4 2 1 -1.45148 -0.140322 
0.210526 -4 2 1 -1.22475 -0.139984 
0.631579 -4 2 1 -1.04838 -0.139721 
1.05263 -4 2 1 -0.907255 -0.139511 
1.47368 -4 2 1 -0.791779 -0.139339 
1.89474 -4 2 1 -0.695539 -0.139196 
2.31579 -4 2 1 -0.6141 -0.139074 
2.73684 -4 2 1 -0.544289 -0.13897 
3.15789 -4 2 1 -0.483784 -0.13888 
3.57895 -4 2 1 -0.430839 -0.138801 
4 -4 2 1 -0.38412 -0.138732 
0.210526 4 2 1 9.89405 -2.11883 
0.631579 4 2 1 4.98061 -1.09741 
1.05263 4 2 1 3.41003 -0.770912 
1.47368 4 2 1 2.63677 -0.610163 
1.89474 4 2 1 2.17659 -0.5145 
2.31579 4 2 1 1.87136 -0.451048 
2.73684 4 2 1 1.6541 -0.405883 
3.15789 4 2 1 1.49157 -0.372095 
3.57895 4 2 1 1.36539 -0.345866 
4 4 2 1 1.26461 -0.324915 
4 -4 6 1 -0.313743 0.428022 
4 -3.57895 6 1 -0.263566 0.434423 
4 -3.15789 6 1 -0.211238 0.441099 
4 -2.73684 6 1 -0.156615 0.448067 
4 -2.31579 6 1 -0.0995443 0.455348 
4 -1.89474 6 1 -0.0398572 0.462962 
4 -1.47368 6 1 0.0226306 0.470934 
4 -1.05263 6 1 0.0881207 0.479289 
4 -0.631579 6 1 0.156835 0.488055 
4 -0.210526 6 1 0.229018 0.497263 
4 0.210526 6 1 0.304938 0.506949 
4 0.631579 6 1 0.384894 0.517149 
4 1.05263 6 1 0.469216 0.527906 
4 1.47368 6 1 0.558272 0.539267 
4 1.89474 6 1 0.652472 0.551285 
4 2.31579 6 1 0.752276 0.564017 
4 2.73684 6 1 0.858197 0.57753 
4 3.15789 6 1 0.970818 0.591897 
4 3.57895 6 1 1.09079 0.607203 
4 4 6 1 1.21887 0.623541 
-3.57895 -4 6 1 -146.813 122.761 
-3.15789 -4 6 1 -10.9445 9.30508 
-2.73684 -4 6 1 -5.51629 4.77235 
-2.31579 -4 6 1 -3.60922 3.17988 
-1.89474 -4 6 1 -2.63625 2.36741 
-1.47368 -4 6 1 -2.0461 1.87461 
-1.05263 -4 6 1 -1.64997 1.54382 
-0.631579 -4 6 1 -1.36569 1.30644 
-0.210526 -4 6 1 -1.15175 1.12779 
0.210526 -4 6 1 -0.984917 0.988479 
0.631579 -4 6 1 -0.851175 0.876798 
1.05263 -4 6 1 -0.741566 0.785271 
1.47368 -4 6 1 -0.6501 0.708894 
1.89474 -4 6 1 -0.572617 0.644192 
2.31579 -4 6 1 -0.506136 0.588678 
2.73684 -4 6 1 -0.448471 0.540525 
3.15789 -4 6 1 -0.397977 0.498361 
3.57895 -4 6 1 -0.353394 0.461133 
4 -4 6 1 -0.313743 0.428022 
-0.631579 4 6 1 547.332 486.668 
-0.210526 4 6 1 9.62633 8.10623 
0.210526 4 6 1 5.03453 4.01951 
0.631579 4 6 1 3.48646 2.64171 
1.05263 4 6 1 2.7091 1.94986 
1.47368 4 6 1 2.24162 1.5338 
1.89474 4 6 1 1.92952 1.25602 
2.31579 4 6 1 1.70637 1.05742 
2.73684 4 6 1 1.53889 0.908363 
3.15789 4 6 1 1.40856 0.792365 
3.57895 4 6 1 1.30424 0.699526 
4 4 6 1 1.21887 0.623541 
