-4 -4 2 1 -1.14416 -0.0928335 
-4 -3.57895 2 1 -1.22202 -0.103438 
-4 -3.15789 2 1 -1.31659 -0.116317 
-4 -2.73684 2 1 -1.43387 -0.132289 
-4 -2.31579 2 1 -1.58317 -0.152622 
-4 -1.89474 2 1 -1.77967 -0.179384 
-4 -1.47368 2 1 -2.04997 -0.216196 
-4 -1.05263 2 1 -2.44525 -0.270029 
-4 -0.631579 2 1 -3.07824 -0.356236 
-4 -0.210526 2 1 -4.2556 -0.51658 
-4 0.210526 2 1 -7.20926 -0.918839 
-4 0.631579 2 1 -28.3044 -3.79179 
4 -4 2 1 0.335505 0.0623008 
4 -3.57895 2 1 0.375916 0.0650304 
4 -3.15789 2 1 0.421468 0.0681072 
4 -2.73684 2 1 0.47321 0.071602 
4 -2.31579 2 1 0.532494 0.0756063 
4 -1.89474 2 1 0.601099 0.0802402 
4 -1.47368 2 1 0.681413 0.0856649 
4 -1.05263 2 1 0.77671 0.0921017 
4 -0.631579 2 1 0.891616 0.099863 
4 -0.210526 2 1 1.03288 0.109404 
4 0.210526 2 1 1.21074 0.121418 
4 0.631579 2 1 1.44153 0.137007 
4 1.05263 2 1 1.75302 0.158046 
4 1.47368 2 1 2.19651 0.188001 
4 1.89474 2 1 2.87845 0.234062 
4 2.31579 2 1 4.06185 0.313994 
4 2.73684 2 1 6.62144 0.486881 
4 3.15789 2 1 16.293 1.14014 
-4 -4 2 1 -1.14416 -0.0928335 
-3.57895 -4 2 1 -1.02583 -0.0804275 
-3.15789 -4 2 1 -0.91414 -0.0687173 
-2.73684 -4 2 1 -0.808543 -0.0576461 
-2.31579 -4 2 1 -0.708556 -0.047163 
-1.89474 -4 2 1 -0.613742 -0.0372223 
-1.47368 -4 2 1 -0.52371 -0.0277829 
-1.05263 -4 2 1 -0.438107 -0.018808 
-0.631579 -4 2 1 -0.356614 -0.010264 
-0.210526 -4 2 1 -0.278943 -0.00212057 
0.210526 -4 2 1 -0.20483 0.00564974 
0.631579 -4 2 1 -0.134037 0.013072 
1.05263 -4 2 1 -0.0663447 0.0201691 
1.47368 -4 2 1 -0.00155454 0.026962 
1.89474 -4 2 1 0.0605164 0.0334698 
2.31579 -4 2 1 0.120036 0.0397101 
2.73684 -4 2 1 0.177158 0.045699 
3.15789 -4 2 1 0.232024 0.0514514 
3.57895 -4 2 1 0.284767 0.0569812 
4 -4 2 1 0.335505 0.0623008 
-4 -4 6 1 -1.28612 0.824147 
-4 -3.57895 6 1 -1.38235 0.906296 
-4 -3.15789 6 1 -1.50039 1.00705 
-4 -2.73684 6 1 -1.64858 1.13355 
-4 -2.31579 6 1 -1.84016 1.29708 
-4 -1.89474 6 1 -2.09747 1.51673 
-4 -1.47368 6 1 -2.46134 1.82733 
-4 -1.05263 6 1 -3.01524 2.30015 
-4 -0.631579 6 1 -3.96066 3.10717 
-4 -0.210526 6 1 -5.93959 4.79641 
-4 0.210526 6 1 -12.6897 10.5584 
4 -4 6 1 0.288868 0.643328 
4 -3.57895 6 1 0.32764 0.681954 
4 -3.15789 6 1 0.371506 0.725655 
4 -2.73684 6 1 0.421539 0.775501 
4 -2.31579 6 1 0.47914 0.832885 
4 -1.89474 6 1 0.546165 0.899659 
4 -1.47368 6 1 0.625133 0.978331 
4 -1.05263 6 1 0.71955 1.07239 
4 -0.631579 6 1 0.834439 1.18685 
4 -0.210526 6 1 0.97727 1.32915 
4 0.210526 6 1 1.15965 1.51084 
4 0.631579 6 1 1.40063 1.75092 
4 1.05263 6 1 1.73387 2.08291 
4 1.47368 6 1 2.22492 2.57211 
4 1.89474 6 1 3.02061 3.36482 
4 2.31579 6 1 4.53195 4.87049 
4 2.73684 6 1 8.51338 8.83699 
4 3.15789 6 1 48.0902 48.2654 
-4 -4 6 1 -1.28612 0.824147 
-3.57895 -4 6 1 -1.15825 0.809468 
-3.15789 -4 6 1 -1.03787 0.795647 
-2.73684 -4 6 1 -0.924331 0.782612 
-2.31579 -4 6 1 -0.817069 0.770297 
-1.89474 -4 6 1 -0.715577 0.758645 
-1.47368 -4 6 1 -0.619402 0.747604 
-1.05263 -4 6 1 -0.528136 0.737126 
-0.631579 -4 6 1 -0.441413 0.727169 
-0.210526 -4 6 1 -0.358902 0.717696 
0.210526 -4 6 1 -0.280303 0.708673 
0.631579 -4 6 1 -0.205345 0.700067 
1.05263 -4 6 1 -0.13378 0.691851 
1.47368 -4 6 1 -0.0653831 0.683998 
1.89474 -4 6 1 5.14245e-05 0.676486 
2.31579 -4 6 1 0.0627121 0.669292 
2.73684 -4 6 1 0.122772 0.662397 
3.15789 -4 6 1 0.180389 0.655782 
3.57895 -4 6 1 0.235709 0.649431 
4 -4 6 1 0.288868 0.643328 
