-0.363606 -0.198457 -0.295302 0.365306 20 
-0.312774 -0.204995 -0.246465 0.371877 21 
-0.25943 -0.211856 -0.195384 0.378751 22 
-0.203382 -0.219064 -0.141902 0.385947 23 
-0.144418 -0.226648 -0.0858459 0.39349 24 
-0.0823066 -0.234637 -0.0270245 0.401404 25 
-0.0167874 -0.243063 0.0347716 0.409719 26 
0.0524277 -0.251965 0.0997739 0.418466 27 
0.12566 -0.261384 0.168239 0.427678 28 
0.203271 -0.271366 0.24045 0.437395 29 
0.285664 -0.281963 0.316725 0.447658 30 
0.373295 -0.293234 0.397415 0.458515 31 
0.466682 -0.305245 0.482915 0.47002 32 
0.566409 -0.318071 0.57367 0.482232 33 
0.673145 -0.331799 0.670178 0.495217 34 
0.787656 -0.346527 0.773005 0.509053 35 
0.910824 -0.362368 0.882792 0.523826 36 
1.04367 -0.379454 1.00027 0.539634 37 
1.18738 -0.397937 1.12628 0.556589 38 
1.34334 -0.417996 1.26178 0.574821 39 
-40.203 -2.46272 -7.74359 5.93821 42 
-9.58013 -0.722276 -4.59604 3.58317 43 
-5.28921 -0.478403 -3.2033 2.54111 44 
-3.57859 -0.38118 -2.41778 1.95337 45 
-2.65884 -0.328906 -1.91343 1.57601 46 
-2.08448 -0.296263 -1.56221 1.31323 47 
-1.69171 -0.273939 -1.30358 1.11971 48 
-1.40616 -0.257711 -1.10517 0.971262 49 
-1.18921 -0.24538 -0.948161 0.853783 50 
-1.01878 -0.235694 -0.820809 0.758496 51 
-0.881369 -0.227884 -0.715438 0.679656 52 
-0.768218 -0.221453 -0.626809 0.613343 53 
-0.673428 -0.216066 -0.551226 0.556791 54 
-0.592864 -0.211487 -0.486006 0.507993 55 
-0.523547 -0.207547 -0.429154 0.465455 56 
-0.463276 -0.204122 -0.379157 0.428047 57 
-0.410388 -0.201116 -0.334846 0.394893 58 
-0.363606 -0.198457 -0.295302 0.365306 59 
16.1789 -4.55397 5.49093 4.1573 70 
6.14269 -1.756 3.69436 2.63544 71 
3.91013 -1.13359 2.83506 1.90754 72 
2.92755 -0.859654 2.33132 1.48082 73 
2.37477 -0.705547 2.00028 1.2004 74 
2.0204 -0.606753 1.76612 1.00205 75 
1.77387 -0.538023 1.59175 0.854336 76 
1.59246 -0.487447 1.45686 0.74007 77 
1.45337 -0.44867 1.3494 0.649043 78 
1.34334 -0.417996 1.26178 0.574821 79 
