-0.428752 0.0690556 -0.456949 0.723797 0 
-0.469898 0.0620624 -0.505468 0.762606 1 
-0.51659 0.0541267 -0.561441 0.807379 2 
-0.570028 0.0450445 -0.62673 0.859603 3 
-0.631789 0.0345478 -0.703874 0.92131 4 
-0.703981 0.0222782 -0.79642 0.995337 5 
-0.78949 0.00774522 -0.909497 1.08579 6 
-0.892376 -0.00974109 -1.05079 1.1988 7 
-1.01854 -0.0311828 -1.23235 1.34403 8 
-1.17687 -0.0580932 -1.47427 1.53755 9 
-1.38149 -0.09287 -1.81265 1.80822 10 
-1.65617 -0.139553 -2.31955 2.21368 11 
-2.0443 -0.20552 -3.16257 2.888 12 
-2.63451 -0.30583 -4.84188 4.23127 13 
-3.64009 -0.476737 -9.82657 8.2185 14 
-5.73768 -0.83324 -633.93 507.435 15 
0.942779 -0.0242784 1.1323 0.855818 20 
1.00375 -0.041572 1.22343 0.923568 21 
1.07602 -0.0620673 1.33485 1.00641 22 
1.16302 -0.0867439 1.47422 1.11002 23 
1.2698 -0.117027 1.65352 1.24334 24 
1.40393 -0.155071 1.89283 1.42125 25 
1.57751 -0.204301 2.22828 1.67066 26 
1.8109 -0.270496 2.73242 2.04547 27 
2.14148 -0.364255 3.57518 2.67204 28 
2.64591 -0.50732 5.27029 3.93231 29 
3.51024 -0.752461 10.4336 7.7711 30 
-0.428752 0.0690556 -0.456949 0.723797 40 
-0.373174 0.0652735 -0.394923 0.728949 41 
-0.316158 0.0613935 -0.331089 0.734252 42 
-0.257645 0.0574116 -0.265369 0.739711 43 
-0.197578 0.053324 -0.197675 0.745335 44 
-0.135891 0.0491262 -0.12792 0.75113 45 
-0.0725206 0.0448137 -0.0560062 0.757103 46 
-0.00739524 0.0403819 0.0181672 0.763265 47 
0.0595587 0.0358256 0.0947088 0.769624 48 
0.128419 0.0311396 0.173734 0.776188 49 
0.199269 0.0263182 0.255365 0.782969 50 
0.272195 0.0213555 0.339733 0.789978 51 
0.347291 0.0162451 0.426978 0.797226 52 
0.424654 0.0109805 0.517251 0.804725 53 
0.50439 0.00555441 0.610711 0.812489 54 
0.586607 -4.06018e-05 0.70753 0.820531 55 
0.671426 -0.00581257 0.807892 0.828869 56 
0.75897 -0.01177 0.911996 0.837517 57 
0.849373 -0.0179221 1.02006 0.846493 58 
0.942779 -0.0242784 1.1323 0.855818 59 
