-4 -4 2 1 1.42752 -0.0789737 
-4 -3.57895 2 1 1.26213 -0.083169 
-4 -3.15789 2 1 1.11124 -0.0869965 
-4 -2.73684 2 1 0.973023 -0.0905026 
-4 -2.31579 2 1 0.845947 -0.093726 
-4 -1.89474 2 1 0.728717 -0.0966997 
-4 -1.47368 2 1 0.620231 -0.0994516 
-4 -1.05263 2 1 0.519546 -0.102006 
-4 -0.631579 2 1 0.425851 -0.104382 
-4 -0.210526 2 1 0.338441 -0.1066 
-4 0.210526 2 1 0.256704 -0.108673 
-4 0.631579 2 1 0.180107 -0.110616 
-4 1.05263 2 1 0.108178 -0.11244 
-4 1.47368 2 1 0.0405032 -0.114157 
-4 1.89474 2 1 -0.0232833 -0.115775 
-4 2.31579 2 1 -0.0835075 -0.117303 
-4 2.73684 2 1 -0.14046 -0.118747 
-4 3.15789 2 1 -0.1944 -0.120116 
-4 3.57895 2 1 -0.24556 -0.121413 
-4 4 2 1 -0.294151 -0.122646 
-4 -4 2 1 1.42752 -0.0789737 
-3.57895 -4 2 1 1.54192 -0.0984826 
-3.15789 -4 2 1 1.68672 -0.123174 
-2.73684 -4 2 1 1.87587 -0.155431 
-2.31579 -4 2 1 2.13345 -0.199356 
-1.89474 -4 2 1 2.5048 -0.262683 
-1.47368 -4 2 1 3.08665 -0.361905 
-1.05263 -4 2 1 4.12877 -0.539616 
-0.631579 -4 2 1 6.53463 -0.949888 
-0.210526 -4 2 1 18.0483 -2.91331 
-4 4 2 1 -0.294151 -0.122646 
-3.57895 4 2 1 -0.337456 -0.134839 
-3.15789 4 2 1 -0.3861 -0.148535 
-2.73684 4 2 1 -0.441132 -0.16403 
-2.31579 4 2 1 -0.503901 -0.181704 
-1.89474 4 2 1 -0.576161 -0.20205 
-1.47368 4 2 1 -0.660241 -0.225723 
-1.05263 4 2 1 -0.759299 -0.253615 
-0.631579 4 2 1 -0.87773 -0.28696 
-0.210526 4 2 1 -1.02183 -0.327534 
0.210526 4 2 1 -1.20097 -0.377972 
0.631579 4 2 1 -1.42968 -0.442368 
1.05263 4 2 1 -1.73185 -0.527448 
1.47368 4 2 1 -2.14964 -0.645084 
1.89474 4 2 1 -2.76513 -0.818382 
2.31579 4 2 1 -3.7621 -1.09909 
2.73684 4 2 1 -5.65452 -1.63193 
3.15789 4 2 1 -10.6322 -3.03346 
3.57895 4 2 1 -59.5127 -16.7964 
-4 -4 6 1 1.38581 1.06235 
-4 -3.57895 6 1 1.21465 1.00317 
-4 -3.15789 6 1 1.05916 0.949416 
-4 -2.73684 6 1 0.917297 0.900369 
-4 -2.31579 6 1 0.787336 0.855438 
-4 -1.89474 6 1 0.667842 0.814125 
-4 -1.47368 6 1 0.557599 0.776011 
-4 -1.05263 6 1 0.455573 0.740737 
-4 -0.631579 6 1 0.360878 0.707998 
-4 -0.210526 6 1 0.272752 0.67753 
-4 0.210526 6 1 0.190533 0.649105 
-4 0.631579 6 1 0.113648 0.622524 
-4 1.05263 6 1 0.0415934 0.597612 
-4 1.47368 6 1 -0.0260722 0.574218 
-4 1.89474 6 1 -0.0897378 0.552207 
-4 2.31579 6 1 -0.149748 0.53146 
-4 2.73684 6 1 -0.206409 0.51187 
-4 3.15789 6 1 -0.259993 0.493345 
-4 3.57895 6 1 -0.310744 0.475798 
-4 4 6 1 -0.358882 0.459156 
-4 -4 6 1 1.38581 1.06235 
-3.57895 -4 6 1 1.5014 1.18301 
-3.15789 -4 6 1 1.64965 1.33776 
-2.73684 -4 6 1 1.84666 1.54342 
-2.31579 -4 6 1 2.12123 1.83005 
-1.89474 -4 6 1 2.5304 2.25718 
-1.47368 -4 6 1 3.20529 2.96169 
-1.05263 -4 6 1 4.52916 4.34367 
-0.631579 -4 6 1 8.305 8.28525 
-0.210526 -4 6 1 106.669 110.967 
-4 4 6 1 -0.358882 0.459156 
-3.57895 4 6 1 -0.407203 0.481313 
-3.15789 4 6 1 -0.461649 0.506278 
-2.73684 4 6 1 -0.523464 0.534622 
-2.31579 4 6 1 -0.594251 0.56708 
-1.89474 4 6 1 -0.676118 0.604618 
-1.47368 4 6 1 -0.771886 0.64853 
-1.05263 4 6 1 -0.885424 0.700591 
-0.631579 4 6 1 -1.02219 0.7633 
-0.210526 4 6 1 -1.19011 0.840297 
0.210526 4 6 1 -1.4012 0.937091 
0.631579 4 6 1 -1.67458 1.06244 
1.05263 4 6 1 -2.04259 1.23119 
1.47368 4 6 1 -2.56463 1.47056 
1.89474 4 6 1 -3.36301 1.83664 
2.31579 4 6 1 -4.73611 2.46625 
2.73684 4 6 1 -7.65351 3.80396 
3.15789 4 6 1 -18.0679 8.57927 
