-4 -4 2 1 -0.546474 0.0689327 
-4 -3.57895 2 1 -0.590313 0.0598238 
-4 -3.15789 2 1 -0.640564 0.0493824 
-4 -2.73684 2 1 -0.698747 0.0372929 
-4 -2.31579 2 1 -0.7669 0.0231319 
-4 -1.89474 2 1 -0.847825 0.00631683 
-4 -1.47368 2 1 -0.945486 -0.0139755 
-4 -1.05263 2 1 -1.06567 -0.0389479 
-4 -0.631579 2 1 -1.21719 -0.0704308 
-4 -0.210526 2 1 -1.41413 -0.111352 
-4 0.210526 2 1 -1.68052 -0.166703 
-4 0.631579 2 1 -2.06095 -0.245751 
-4 1.05263 2 1 -2.64862 -0.36786 
-4 1.47368 2 1 -3.67624 -0.581382 
-4 1.89474 2 1 -5.93341 -1.05039 
-4 2.31579 2 1 -14.913 -2.91619 
4 -4 2 1 0.779924 0.0498873 
4 -3.57895 2 1 0.832987 0.0380286 
4 -3.15789 2 1 0.894988 0.0241727 
4 -2.73684 2 1 0.96839 0.00776869 
4 -2.31579 2 1 1.05666 -0.0119575 
4 -1.89474 2 1 1.16482 -0.0361288 
4 -1.47368 2 1 1.30044 -0.0664384 
4 -1.05263 2 1 1.47552 -0.105565 
4 -0.631579 2 1 1.71019 -0.15801 
4 -0.210526 2 1 2.04113 -0.231968 
4 0.210526 2 1 2.54285 -0.344094 
4 0.631579 2 1 3.39354 -0.534207 
4 1.05263 2 1 5.1514 -0.927054 
4 1.47368 2 1 10.9249 -2.21733 
-4 -4 2 1 -0.546474 0.0689327 
-3.57895 -4 2 1 -0.484289 0.0680399 
-3.15789 -4 2 1 -0.421345 0.0671361 
-2.73684 -4 2 1 -0.357628 0.0662211 
-2.31579 -4 2 1 -0.293122 0.0652949 
-1.89474 -4 2 1 -0.227815 0.0643572 
-1.47368 -4 2 1 -0.16169 0.0634077 
-1.05263 -4 2 1 -0.094732 0.0624463 
-0.631579 -4 2 1 -0.0269254 0.0614727 
-0.210526 -4 2 1 0.0417461 0.0604866 
0.210526 -4 2 1 0.111299 0.0594879 
0.631579 -4 2 1 0.181751 0.0584763 
1.05263 -4 2 1 0.253119 0.0574516 
1.47368 -4 2 1 0.325422 0.0564134 
1.89474 -4 2 1 0.398677 0.0553616 
2.31579 -4 2 1 0.472903 0.0542958 
2.73684 -4 2 1 0.548121 0.0532157 
3.15789 -4 2 1 0.62435 0.0521212 
3.57895 -4 2 1 0.70161 0.0510118 
4 -4 2 1 0.779924 0.0498873 
-4 -4 6 1 -0.622555 0.773265 
-4 -3.57895 6 1 -0.679024 0.81807 
-4 -3.15789 6 1 -0.745114 0.870509 
-4 -2.73684 6 1 -0.823515 0.932715 
-4 -2.31579 6 1 -0.918018 1.0077 
-4 -1.89474 6 1 -1.03415 1.09985 
-4 -1.47368 6 1 -1.18031 1.21581 
-4 -1.05263 6 1 -1.36985 1.3662 
-4 -0.631579 6 1 -1.62547 1.56902 
-4 -0.210526 6 1 -1.98899 1.85746 
-4 0.210526 6 1 -2.54706 2.30026 
-4 0.631579 6 1 -3.51287 3.06657 
-4 1.05263 6 1 -5.59049 4.71505 
-4 1.47368 6 1 -13.3034 10.8348 
4 -4 6 1 0.907241 0.857071 
4 -3.57895 6 1 0.981321 0.91689 
4 -3.15789 6 1 1.07031 0.988743 
4 -2.73684 6 1 1.17919 1.07667 
4 -2.31579 6 1 1.31551 1.18674 
4 -1.89474 6 1 1.49109 1.32852 
4 -1.47368 6 1 1.72579 1.51803 
4 -1.05263 6 1 2.05547 1.78425 
4 -0.631579 6 1 2.55246 2.18556 
4 -0.210526 6 1 3.38737 2.85974 
4 0.210526 6 1 5.08245 4.22848 
4 0.631579 6 1 10.379 8.50539 
-4 -4 6 1 -0.622555 0.773265 
-3.57895 -4 6 1 -0.552081 0.777126 
-3.15789 -4 6 1 -0.480624 0.781041 
-2.73684 -4 6 1 -0.408163 0.78501 
-2.31579 -4 6 1 -0.334676 0.789036 
-1.89474 -4 6 1 -0.260142 0.793119 
-1.47368 -4 6 1 -0.184538 0.797261 
-1.05263 -4 6 1 -0.107841 0.801463 
-0.631579 -4 6 1 -0.0300264 0.805725 
-0.210526 -4 6 1 0.0489295 0.810051 
0.210526 -4 6 1 0.129052 0.81444 
0.631579 -4 6 1 0.210368 0.818895 
1.05263 -4 6 1 0.292904 0.823416 
1.47368 -4 6 1 0.376687 0.828006 
1.89474 -4 6 1 0.461746 0.832666 
2.31579 -4 6 1 0.54811 0.837397 
2.73684 -4 6 1 0.63581 0.842201 
3.15789 -4 6 1 0.724877 0.847081 
3.57895 -4 6 1 0.815343 0.852037 
4 -4 6 1 0.907241 0.857071 
