-0.242209 0.237768 -0.207119 0.845965 0 
-0.281364 0.247411 -0.246765 0.893365 1 
-0.325269 0.258223 -0.291562 0.946925 2 
-0.374843 0.270431 -0.342586 1.00793 3 
-0.431259 0.284324 -0.401232 1.07805 4 
-0.496038 0.300277 -0.469346 1.15949 5 
-0.571192 0.318784 -0.54942 1.25522 6 
-0.659426 0.340513 -0.64491 1.36939 7 
-0.764483 0.366385 -0.760741 1.50788 8 
-0.89168 0.397709 -0.904186 1.67939 9 
-1.04884 0.436411 -1.08646 1.89731 10 
-1.24797 0.485449 -1.32579 2.18346 11 
-1.50846 0.549598 -1.65394 2.5758 12 
-1.86384 0.637116 -2.13162 3.14693 13 
-2.37753 0.763617 -2.89121 4.0551 14 
-3.18558 0.96261 -4.28669 5.72355 15 
-4.64267 1.32143 -7.69146 9.79435 16 
-8.05551 2.16189 -28.6004 34.7934 17 
1.41079 0.185665 1.67589 1.33311 20 
1.51525 0.198241 1.82689 1.48788 21 
1.64498 0.213857 2.02004 1.68583 22 
1.81041 0.233772 2.27582 1.94799 23 
2.02863 0.260041 2.63061 2.31162 24 
2.3297 0.296282 3.15569 2.84978 25 
2.77184 0.349507 4.01236 3.7278 26 
3.48457 0.435305 5.6597 5.41618 27 
4.82582 0.596762 10.1303 9.99816 28 
8.28259 1.01288 68.1487 69.4621 29 
-0.242209 0.237768 -0.207119 0.845965 40 
-0.192738 0.236209 -0.153541 0.859826 41 
-0.140837 0.234573 -0.0971553 0.874413 42 
-0.0863241 0.232855 -0.0377372 0.889785 43 
-0.0289958 0.231048 0.0249651 0.906006 44 
0.0313717 0.229145 0.0912317 0.923149 45 
0.0950264 0.227139 0.161375 0.941296 46 
0.162244 0.22502 0.235747 0.960536 47 
0.233334 0.222779 0.31474 0.980972 48 
0.308638 0.220406 0.398799 1.00272 49 
0.388545 0.217887 0.488428 1.02591 50 
0.473488 0.215209 0.5842 1.05068 51 
0.56396 0.212358 0.686768 1.07722 52 
0.660519 0.209314 0.796882 1.1057 53 
0.7638 0.206059 0.915407 1.13637 54 
0.874531 0.202568 1.04335 1.16947 55 
0.993547 0.198817 1.18186 1.2053 56 
1.12182 0.194774 1.33233 1.24423 57 
1.26046 0.190404 1.49637 1.28666 58 
1.41079 0.185665 1.67589 1.33311 59 
