0.364732 -0.0907307 0.310004 0.438984 0 
0.31409 -0.0906247 0.263314 0.449997 1 
0.261073 -0.0905137 0.214659 0.461474 2 
0.20551 -0.0903973 0.163912 0.473444 3 
0.147214 -0.0902753 0.110935 0.48594 4 
0.0859775 -0.0901471 0.055578 0.498997 5 
0.0215725 -0.0900122 -0.00232283 0.512654 6 
-0.0462537 -0.0898702 -0.0629471 0.526954 7 
-0.117781 -0.0897204 -0.126492 0.541942 8 
-0.193321 -0.0895623 -0.193173 0.557671 9 
-0.27322 -0.089395 -0.263229 0.574195 10 
-0.357868 -0.0892177 -0.336922 0.591577 11 
-0.447701 -0.0890296 -0.414543 0.609886 12 
-0.54321 -0.0888296 -0.496416 0.629198 13 
-0.644951 -0.0886166 -0.582898 0.649597 14 
-0.753554 -0.0883892 -0.674391 0.671177 15 
-0.869738 -0.0881459 -0.771343 0.694046 16 
-0.994326 -0.0878851 -0.874258 0.718321 17 
-1.12826 -0.0876046 -0.983704 0.744136 18 
-1.27264 -0.0873023 -1.10032 0.771643 19 
0.364732 -0.0907307 0.310004 0.438984 40 
0.410331 -0.0839954 0.347939 0.473492 41 
0.461746 -0.0764009 0.390183 0.51192 42 
0.520166 -0.0677717 0.437515 0.554976 43 
0.587128 -0.0578808 0.490912 0.603549 44 
0.664652 -0.0464297 0.551621 0.658774 45 
0.755452 -0.0330177 0.621254 0.722117 46 
0.863257 -0.0170939 0.701934 0.795509 47 
0.993338 0.00212035 0.796518 0.881548 48 
1.1534 0.0257623 0.908937 0.983811 49 
1.35514 0.0555616 1.04476 1.10737 50 
1.61729 0.0942842 1.21215 1.25963 51 
1.97177 0.146644 1.42356 1.45194 52 
2.47776 0.221383 1.69896 1.70247 53 
3.25881 0.336752 2.07262 2.04238 54 
4.62294 0.538246 2.60853 2.52987 55 
7.61189 0.979743 3.44166 3.28774 56 
19.4036 2.72148 4.91416 4.62722 57 
-1.27264 -0.0873023 -1.10032 0.771643 60 
-1.3684 -0.0746591 -1.16389 0.859586 61 
-1.48764 -0.0589156 -1.24006 0.964972 62 
-1.64021 -0.0387724 -1.333 1.09356 63 
-1.84234 -0.0120853 -1.44894 1.25397 64 
-2.12286 0.0249526 -1.59761 1.45966 65 
-2.53837 0.0798123 -1.79517 1.73298 66 
-3.21716 0.169432 -2.07044 2.11384 67 
-4.52548 0.34217 -2.48054 2.68123 68 
-8.09643 0.813642 -3.15664 3.61664 69 
-57.313 7.31169 -4.48176 5.44998 70 
