0.385569 -0.108739 0.32581 0.430269 0 
0.333883 -0.10965 0.278048 0.440115 1 
0.279877 -0.110603 0.228358 0.45036 2 
0.223389 -0.111599 0.17662 0.461026 3 
0.164244 -0.112642 0.122704 0.472142 4 
0.102252 -0.113735 0.0664711 0.483735 5 
0.0372011 -0.114882 0.00776747 0.495838 6 
-0.031141 -0.116088 -0.053573 0.508484 7 
-0.10303 -0.117356 -0.117732 0.521711 8 
-0.17875 -0.118691 -0.184909 0.53556 9 
-0.258616 -0.120099 -0.255321 0.550077 10 
-0.342976 -0.121587 -0.329208 0.56531 11 
-0.432223 -0.123161 -0.406834 0.581313 12 
-0.526792 -0.124829 -0.488489 0.598148 13 
-0.627175 -0.126599 -0.574497 0.615879 14 
-0.733925 -0.128482 -0.665214 0.634582 15 
-0.847668 -0.130488 -0.761039 0.654337 16 
-0.969113 -0.132629 -0.862414 0.675237 17 
-1.09907 -0.134921 -0.969837 0.697384 18 
-1.23847 -0.13738 -1.08387 0.720893 19 
0.385569 -0.108739 0.32581 0.430269 40 
0.431907 -0.103202 0.36412 0.464918 41 
0.484299 -0.0969412 0.406895 0.503604 42 
0.544017 -0.0898054 0.454964 0.547078 43 
0.612711 -0.0815969 0.509373 0.596286 44 
0.69257 -0.0720544 0.571465 0.652444 45 
0.786556 -0.0608236 0.642993 0.717135 46 
0.898783 -0.0474134 0.726284 0.792465 47 
1.03513 -0.0311208 0.824498 0.881292 48 
1.20431 -0.010905 0.942042 0.9876 49 
1.41981 0.0148454 1.08524 1.11712 50 
1.70366 0.0487634 1.26354 1.27837 51 
2.09451 0.0954676 1.49162 1.48465 52 
2.66693 0.163867 1.79373 1.75788 53 
3.58569 0.273653 2.21289 2.13698 54 
5.3015 0.47868 2.83347 2.69824 55 
9.64602 0.997819 3.84657 3.61451 56 
42.4388 4.91632 5.79685 5.37837 57 
-1.23847 -0.13738 -1.08387 0.720893 60 
-1.33247 -0.130708 -1.1482 0.803798 61 
-1.44928 -0.122417 -1.22528 0.903126 62 
-1.59837 -0.111835 -1.31931 1.02429 63 
-1.79524 -0.0978613 -1.43657 1.1754 64 
-2.06727 -0.0785536 -1.58688 1.36909 65 
-2.46763 -0.050137 -1.7865 1.62632 66 
-3.11517 -0.00417618 -2.06447 1.98451 67 
-4.34103 0.0828322 -2.47816 2.5176 68 
-7.54504 0.310245 -3.1591 3.39507 69 
-37.5167 2.43756 -4.48979 5.10982 70 
