-1.16255 0.170692 -1.43412 1.37821 20 
-1.03504 0.171342 -1.2679 1.33621 21 
-0.914682 0.171955 -1.11305 1.29709 22 
-0.80089 0.172536 -0.968455 1.26056 23 
-0.693141 0.173085 -0.833122 1.22637 24 
-0.590968 0.173606 -0.706191 1.1943 25 
-0.493948 0.174101 -0.586903 1.16417 26 
-0.401701 0.174571 -0.474586 1.13579 27 
-0.313884 0.175019 -0.368648 1.10903 28 
-0.230183 0.175446 -0.26856 1.08374 29 
-0.150318 0.175853 -0.173851 1.05981 30 
-0.0740293 0.176242 -0.0840979 1.03714 31 
-0.00108284 0.176614 0.00107801 1.01562 32 
0.0687366 0.17697 0.0820182 0.995171 33 
0.135626 0.177311 0.159031 0.975715 34 
0.199765 0.177638 0.232395 0.95718 35 
0.261321 0.177952 0.302364 0.939503 36 
0.320447 0.178253 0.369169 0.922626 37 
0.377284 0.178543 0.433019 0.906495 38 
0.431961 0.178822 0.494105 0.891062 39 
-3.81151 0.067501 -18.2694 19.1152 51 
-2.82694 0.105855 -6.53579 6.75313 52 
-2.27542 0.12734 -4.07845 4.16417 53 
-1.92276 0.141078 -3.01344 3.04212 54 
-1.67782 0.150619 -2.41866 2.41548 55 
-1.4978 0.157632 -2.03899 2.01548 56 
-1.3599 0.163004 -1.77561 1.73799 57 
-1.25089 0.16725 -1.58219 1.53421 58 
-1.16255 0.170692 -1.43412 1.37821 59 
4.63579 0.0404526 24.0056 20.7668 65 
3.2207 0.0870306 7.61723 6.91268 66 
2.43432 0.112914 4.42257 4.21204 67 
1.93382 0.129388 3.06167 3.06158 68 
1.58729 0.140794 2.30773 2.42424 69 
1.33314 0.149159 1.82874 2.01932 70 
1.13879 0.155557 1.49749 1.73929 71 
0.985342 0.160607 1.25476 1.53409 72 
0.86112 0.164696 1.06925 1.37727 73 
0.758499 0.168074 0.922857 1.25351 74 
0.672296 0.170911 0.804391 1.15337 75 
0.598862 0.173328 0.706556 1.07066 76 
0.535556 0.175412 0.624394 1.0012 77 
0.480417 0.177227 0.554418 0.942049 78 
0.431961 0.178822 0.494105 0.891062 79 
