-4 -1.47368 2 1 11.4695 -2.1678 
-4 -1.05263 2 1 5.21696 -1.06618 
-4 -0.631579 2 1 3.3844 -0.743302 
-4 -0.210526 2 1 2.50899 -0.589065 
-4 0.210526 2 1 1.99613 -0.498704 
-4 0.631579 2 1 1.65923 -0.439346 
-4 1.05263 2 1 1.42099 -0.397371 
-4 1.47368 2 1 1.24361 -0.366119 
-4 1.89474 2 1 1.10641 -0.341946 
-4 2.31579 2 1 0.997131 -0.322692 
-4 2.73684 2 1 0.908032 -0.306994 
-4 3.15789 2 1 0.833997 -0.29395 
-4 3.57895 2 1 0.771503 -0.282939 
-4 4 2 1 0.718048 -0.273521 
4 -1.89474 2 1 -15.5188 -0.775042 
4 -1.47368 2 1 -5.9492 -0.392068 
4 -1.05263 2 1 -3.67059 -0.300879 
4 -0.631579 2 1 -2.64913 -0.260001 
4 -0.210526 2 1 -2.06938 -0.236799 
4 0.210526 2 1 -1.69576 -0.221847 
4 0.631579 2 1 -1.43492 -0.211409 
4 1.05263 2 1 -1.24251 -0.203708 
4 1.47368 2 1 -1.09471 -0.197793 
4 1.89474 2 1 -0.977624 -0.193107 
4 2.31579 2 1 -0.882577 -0.189304 
4 2.73684 2 1 -0.803882 -0.186154 
4 3.15789 2 1 -0.737653 -0.183504 
4 3.57895 2 1 -0.681146 -0.181243 
4 4 2 1 -0.632367 -0.17929 
-4 4 2 1 0.718048 -0.273521 
-3.57895 4 2 1 0.64311 -0.268292 
-3.15789 4 2 1 0.568624 -0.263094 
-2.73684 4 2 1 0.494585 -0.257928 
-2.31579 4 2 1 0.420989 -0.252792 
-1.89474 4 2 1 0.347832 -0.247688 
-1.47368 4 2 1 0.27511 -0.242613 
-1.05263 4 2 1 0.20282 -0.237569 
-0.631579 4 2 1 0.130957 -0.232554 
-0.210526 4 2 1 0.0595179 -0.227569 
0.210526 4 2 1 -0.0115011 -0.222614 
0.631579 4 2 1 -0.0821038 -0.217687 
1.05263 4 2 1 -0.152294 -0.212789 
1.47368 4 2 1 -0.222075 -0.20792 
1.89474 4 2 1 -0.29145 -0.203079 
2.31579 4 2 1 -0.360424 -0.198266 
2.73684 4 2 1 -0.428998 -0.193481 
3.15789 4 2 1 -0.497178 -0.188724 
3.57895 4 2 1 -0.564967 -0.183994 
4 4 2 1 -0.632367 -0.17929 
-4 -2.31579 6 1 39.1563 31.0586 
-4 -1.89474 6 1 8.04169 6.23685 
-4 -1.47368 6 1 4.49364 3.40639 
-4 -1.05263 6 1 3.12403 2.31378 
-4 -0.631579 6 1 2.39782 1.73444 
-4 -0.210526 6 1 1.94788 1.3755 
-4 0.210526 6 1 1.64174 1.13128 
-4 0.631579 6 1 1.41997 0.954358 
-4 1.05263 6 1 1.25191 0.82029 
-4 1.47368 6 1 1.12016 0.715187 
-4 1.89474 6 1 1.0141 0.630577 
-4 2.31579 6 1 0.926885 0.560999 
-4 2.73684 6 1 0.853899 0.502774 
-4 3.15789 6 1 0.791923 0.453332 
-4 3.57895 6 1 0.73864 0.410826 
-4 4 6 1 0.692343 0.373892 
4 -2.73684 6 1 -171.501 174.825 
4 -2.31579 6 1 -8.63896 8.69265 
4 -1.89474 6 1 -4.41578 4.38466 
4 -1.47368 6 1 -2.95896 2.89859 
4 -1.05263 6 1 -2.22098 2.14579 
4 -0.631579 6 1 -1.77508 1.69093 
4 -0.210526 6 1 -1.4765 1.38637 
4 0.210526 6 1 -1.26259 1.16816 
4 0.631579 6 1 -1.10181 1.00415 
4 1.05263 6 1 -0.976542 0.876363 
4 1.47368 6 1 -0.876196 0.774003 
4 1.89474 6 1 -0.794007 0.690164 
4 2.31579 6 1 -0.725456 0.620236 
4 2.73684 6 1 -0.667408 0.561022 
4 3.15789 6 1 -0.617621 0.510236 
4 3.57895 6 1 -0.57445 0.466197 
4 4 6 1 -0.536656 0.427645 
-4 4 6 1 0.692343 0.373892 
-3.57895 4 6 1 0.624471 0.376861 
-3.15789 4 6 1 0.55697 0.379813 
-2.73684 4 6 1 0.489836 0.382749 
-2.31579 4 6 1 0.423067 0.38567 
-1.89474 4 6 1 0.35666 0.388574 
-1.47368 4 6 1 0.290611 0.391463 
-1.05263 4 6 1 0.224919 0.394336 
-0.631579 4 6 1 0.159579 0.397194 
-0.210526 4 6 1 0.094589 0.400036 
0.210526 4 6 1 0.0299465 0.402863 
0.631579 4 6 1 -0.0343514 0.405676 
1.05263 4 6 1 -0.0983076 0.408473 
1.47368 4 6 1 -0.161925 0.411255 
1.89474 4 6 1 -0.225206 0.414023 
2.31579 4 6 1 -0.288153 0.416776 
2.73684 4 6 1 -0.350769 0.419515 
3.15789 4 6 1 -0.413056 0.422239 
3.57895 4 6 1 -0.475018 0.424949 
4 4 6 1 -0.536656 0.427645 
