-0.894369 0.0092515 -0.996758 0.928281 20 
-0.800562 0.00749967 -0.886335 0.912552 21 
-0.709134 0.00579225 -0.779156 0.897286 22 
-0.619994 0.00412756 -0.675077 0.882462 23 
-0.533057 0.00250403 -0.573968 0.86806 24 
-0.448243 0.00092014 -0.475703 0.854063 25 
-0.365476 -0.00062554 -0.380163 0.840455 26 
-0.284681 -0.00213438 -0.287237 0.827219 27 
-0.205789 -0.00360767 -0.196819 0.81434 28 
-0.128735 -0.00504667 -0.108808 0.801804 29 
-0.0534531 -0.00645254 -0.0231097 0.789598 30 
0.0201157 -0.00782643 0.0603655 0.777708 31 
0.0920294 -0.00916942 0.141703 0.766122 32 
0.162343 -0.0104825 0.220985 0.75483 33 
0.23111 -0.0117667 0.298287 0.743819 34 
0.298381 -0.013023 0.373683 0.73308 35 
0.364203 -0.0142522 0.447243 0.722602 36 
0.428624 -0.0154553 0.519032 0.712377 37 
0.491687 -0.016633 0.589114 0.702395 38 
0.553434 -0.0177861 0.65755 0.692647 39 
-4.29672 -0.797523 -18.9176 16.6962 49 
-2.99392 -0.4886 -6.16287 5.47374 50 
-2.31429 -0.327444 -3.73065 3.33372 51 
-1.89701 -0.228496 -2.69978 2.4267 52 
-1.61474 -0.161564 -2.13002 1.92539 53 
-1.41108 -0.113273 -1.76853 1.60733 54 
-1.25721 -0.0767869 -1.51877 1.38758 55 
-1.13686 -0.0482489 -1.33586 1.22665 56 
-1.04015 -0.025317 -1.19614 1.10371 57 
-0.960741 -0.00648691 -1.08592 1.00673 58 
-0.894369 0.0092515 -0.996758 0.928281 59 
4.7411 -1.22251 22.5569 14.4149 66 
3.20746 -0.781306 7.22028 4.80488 67 
2.40575 -0.550667 4.24834 2.94266 68 
1.91295 -0.408895 2.98407 2.15045 69 
1.57935 -0.312925 2.28411 1.71186 70 
1.33854 -0.243648 1.83958 1.43331 71 
1.15653 -0.191286 1.53223 1.24073 72 
1.01413 -0.15032 1.30706 1.09963 73 
0.899672 -0.117393 1.13498 0.991809 74 
0.805672 -0.0903508 0.999209 0.906732 75 
0.727095 -0.0677453 0.889345 0.837891 76 
0.660431 -0.0485673 0.79862 0.781042 77 
0.603163 -0.0320921 0.722433 0.733303 78 
0.553434 -0.0177861 0.65755 0.692647 79 
