-1.27178 0.259227 -1.61074 1.59608 20 
-1.12895 0.258248 -1.41823 1.53692 21 
-0.995734 0.257335 -1.24171 1.48268 22 
-0.871186 0.256481 -1.07927 1.43276 23 
-0.75449 0.255682 -0.929291 1.38667 24 
-0.644925 0.254931 -0.790392 1.34399 25 
-0.541858 0.254224 -0.661388 1.30435 26 
-0.444727 0.253559 -0.541259 1.26743 27 
-0.353033 0.25293 -0.429119 1.23297 28 
-0.266333 0.252336 -0.324197 1.20073 29 
-0.184229 0.251773 -0.225817 1.1705 30 
-0.106365 0.25124 -0.133387 1.14209 31 
-0.0324213 0.250733 -0.0463824 1.11536 32 
0.0378911 0.250251 0.035661 1.09015 33 
0.104833 0.249792 0.113156 1.06633 34 
0.168642 0.249355 0.18647 1.0438 35 
0.229532 0.248938 0.255932 1.02246 36 
0.287699 0.248539 0.32184 1.0022 37 
0.343322 0.248158 0.384458 0.982961 38 
0.396565 0.247793 0.444026 0.964656 39 
-3.38992 0.403559 -10.7865 11.9321 52 
-2.63143 0.351875 -5.43622 5.90526 53 
-2.17741 0.320937 -3.71691 3.96855 54 
-1.87518 0.300343 -2.86879 3.0132 55 
-1.65951 0.285647 -2.36355 2.44407 56 
-1.49789 0.274634 -2.02822 2.06635 57 
-1.37225 0.266073 -1.78944 1.79737 58 
-1.27178 0.259227 -1.61074 1.59608 59 
4.195 0.496046 14.9009 14.5957 65 
3.00108 0.418015 6.35895 6.5417 66 
2.30225 0.372342 3.94536 4.26599 67 
1.84344 0.342356 2.80622 3.19191 68 
1.51913 0.32116 2.14294 2.56652 69 
1.27773 0.305383 1.70886 2.15724 70 
1.09104 0.293182 1.40269 1.86855 71 
0.942372 0.283465 1.17514 1.65401 72 
0.821174 0.275544 0.999384 1.48829 73 
0.720477 0.268963 0.859541 1.35643 74 
0.635487 0.263408 0.745624 1.24903 75 
0.562793 0.258657 0.651035 1.15984 76 
0.499907 0.254547 0.57124 1.0846 77 
0.44497 0.250957 0.50302 1.02028 78 
0.396565 0.247793 0.444026 0.964656 79 
