0.396287 -0.118677 0.334052 0.425297 0 
0.344061 -0.12011 0.285733 0.434546 1 
0.289541 -0.121605 0.235504 0.44416 2 
0.232575 -0.123168 0.18325 0.454162 3 
0.172992 -0.124802 0.128846 0.464576 4 
0.110608 -0.126513 0.0721564 0.475427 5 
0.0452227 -0.128306 0.0130339 0.486744 6 
-0.0233878 -0.130188 -0.0486813 0.498557 7 
-0.0954676 -0.132165 -0.113164 0.510899 8 
-0.171287 -0.134244 -0.180604 0.523808 9 
-0.251144 -0.136435 -0.251209 0.537323 10 
-0.33537 -0.138745 -0.325209 0.551487 11 
-0.424335 -0.141185 -0.402854 0.566349 12 
-0.518449 -0.143766 -0.484419 0.581962 13 
-0.618172 -0.146501 -0.57021 0.598383 14 
-0.724023 -0.149405 -0.660564 0.615678 15 
-0.836583 -0.152492 -0.755854 0.633917 16 
-0.956511 -0.155781 -0.856497 0.653182 17 
-1.08456 -0.159293 -0.962957 0.673559 18 
-1.22157 -0.163051 -1.07575 0.695149 19 
0.396287 -0.118677 0.334052 0.425297 40 
0.443034 -0.113846 0.372589 0.459962 41 
0.495964 -0.108376 0.415677 0.498719 42 
0.55639 -0.102131 0.46417 0.54234 43 
0.626029 -0.0949341 0.519156 0.5918 44 
0.707158 -0.0865496 0.582032 0.648357 45 
0.802879 -0.0766571 0.654626 0.713656 46 
0.917517 -0.0648096 0.739381 0.789894 47 
1.05729 -0.0503639 0.839631 0.88007 48 
1.2315 -0.0323603 0.960054 0.988392 49 
1.45464 -0.00929967 1.10742 1.12095 50 
1.75069 0.021297 1.29191 1.2869 51 
2.16239 0.0638452 1.52957 1.50068 52 
2.77394 0.127047 1.84727 1.78645 53 
3.77749 0.230761 2.29361 2.18794 54 
5.72771 0.432312 2.96657 2.79327 55 
11.16 0.993727 4.09746 3.81052 56 
107.021 10.9007 6.39474 5.87694 57 
-1.22157 -0.163051 -1.07575 0.695149 60 
-1.31471 -0.159441 -1.14049 0.775493 61 
-1.43034 -0.154958 -1.21804 0.871747 62 
-1.57775 -0.149244 -1.31265 0.98916 63 
-1.7721 -0.14171 -1.43061 1.13557 64 
-2.04007 -0.131322 -1.58182 1.32322 65 
-2.43328 -0.116079 -1.7826 1.57242 66 
-3.06626 -0.0915413 -2.06215 1.91937 67 
-4.25456 -0.0454768 -2.4781 2.43561 68 
-7.29997 0.0725792 -3.16252 3.28504 69 
-32.1199 1.03473 -4.49917 4.94396 70 
