4 -4 2 1 -0.423156 -0.00239182 
4 -3.57895 2 1 -0.368813 -0.00696239 
4 -3.15789 2 1 -0.312387 -0.0117082 
4 -2.73684 2 1 -0.253756 -0.0166395 
4 -2.31579 2 1 -0.192787 -0.0217674 
4 -1.89474 2 1 -0.129338 -0.0271039 
4 -1.47368 2 1 -0.0632544 -0.0326619 
4 -1.05263 2 1 0.00563134 -0.0384557 
4 -0.631579 2 1 0.0775013 -0.0445004 
4 -0.210526 2 1 0.152554 -0.0508129 
4 0.210526 2 1 0.231005 -0.0574111 
4 0.631579 2 1 0.31309 -0.0643151 
4 1.05263 2 1 0.39907 -0.0715465 
4 1.47368 2 1 0.489226 -0.0791293 
4 1.89474 2 1 0.583871 -0.0870896 
4 2.31579 2 1 0.68335 -0.0954564 
4 2.73684 2 1 0.788041 -0.104262 
4 3.15789 2 1 0.898366 -0.113541 
4 3.57895 2 1 1.01479 -0.123333 
4 4 2 1 1.13784 -0.133682 
-2.73684 -4 2 1 -32.8978 4.33195 
-2.31579 -4 2 1 -8.37817 1.05935 
-1.89474 -4 2 1 -4.69338 0.567548 
-1.47368 -4 2 1 -3.20603 0.369034 
-1.05263 -4 2 1 -2.40194 0.261713 
-0.631579 -4 2 1 -1.89823 0.194484 
-0.210526 -4 2 1 -1.55308 0.148417 
0.210526 -4 2 1 -1.3018 0.114879 
0.631579 -4 2 1 -1.11068 0.0893707 
1.05263 -4 2 1 -0.960423 0.0693164 
1.47368 -4 2 1 -0.839193 0.0531359 
1.89474 -4 2 1 -0.739317 0.0398057 
2.31579 -4 2 1 -0.655611 0.0286336 
2.73684 -4 2 1 -0.584441 0.0191347 
3.15789 -4 2 1 -0.523188 0.0109594 
3.57895 -4 2 1 -0.469914 0.003849 
4 -4 2 1 -0.423156 -0.00239182 
-0.210526 4 2 1 14.7947 -0.708263 
0.210526 4 2 1 5.82932 -0.331066 
0.631579 4 2 1 3.71474 -0.242099 
1.05263 4 2 1 2.7693 -0.202322 
1.47368 4 2 1 2.23337 -0.179774 
1.89474 4 2 1 1.88826 -0.165254 
2.31579 4 2 1 1.64745 -0.155123 
2.73684 4 2 1 1.46987 -0.147652 
3.15789 4 2 1 1.33351 -0.141914 
3.57895 4 2 1 1.2255 -0.13737 
4 4 2 1 1.13784 -0.133682 
4 -4 6 1 -0.351434 0.577164 
4 -3.57895 6 1 -0.298059 0.583231 
4 -3.15789 6 1 -0.242725 0.58952 
4 -2.73684 6 1 -0.185322 0.596045 
4 -2.31579 6 1 -0.12573 0.602819 
4 -1.89474 6 1 -0.0638229 0.609855 
4 -1.47368 6 1 0.000537068 0.617171 
4 -1.05263 6 1 0.0674988 0.624782 
4 -0.631579 6 1 0.137223 0.632707 
4 -0.210526 6 1 0.209885 0.640966 
4 0.210526 6 1 0.285674 0.649581 
4 0.631579 6 1 0.364796 0.658574 
4 1.05263 6 1 0.447476 0.667972 
4 1.47368 6 1 0.53396 0.677802 
4 1.89474 6 1 0.624516 0.688095 
4 2.31579 6 1 0.719439 0.698885 
4 2.73684 6 1 0.819052 0.710207 
4 3.15789 6 1 0.923713 0.722104 
4 3.57895 6 1 1.03381 0.734618 
4 4 6 1 1.14979 0.747801 
-3.15789 -4 6 1 -217.913 227.962 
-2.73684 -4 6 1 -10.1937 10.8638 
-2.31579 -4 6 1 -5.07859 5.51775 
-1.89474 -4 6 1 -3.31712 3.67675 
-1.47368 -4 6 1 -2.4254 2.74477 
-1.05263 -4 6 1 -1.88681 2.18186 
-0.631579 -4 6 1 -1.52625 1.80502 
-0.210526 -4 6 1 -1.26796 1.53508 
0.210526 -4 6 1 -1.07385 1.3322 
0.631579 -4 6 1 -0.922629 1.17415 
1.05263 -4 6 1 -0.801501 1.04755 
1.47368 -4 6 1 -0.702296 0.943867 
1.89474 -4 6 1 -0.619556 0.857391 
2.31579 -4 6 1 -0.549495 0.784168 
2.73684 -4 6 1 -0.489408 0.721367 
3.15789 -4 6 1 -0.437305 0.666912 
3.57895 -4 6 1 -0.391694 0.619242 
4 -4 6 1 -0.351434 0.577164 
-0.631579 4 6 1 31.0928 30.3752 
-0.210526 4 6 1 7.6563 7.18573 
0.210526 4 6 1 4.47515 4.0381 
0.631579 4 6 1 3.21376 2.79001 
1.05263 4 6 1 2.53714 2.12053 
1.47368 4 6 1 2.11517 1.70301 
1.89474 4 6 1 1.82687 1.41774 
2.31579 4 6 1 1.61739 1.21048 
2.73684 4 6 1 1.45831 1.05307 
3.15789 4 6 1 1.33339 0.929464 
3.57895 4 6 1 1.23269 0.829826 
4 4 6 1 1.14979 0.747801 
