-0.232658 0.23933 -0.195365 0.843151 0 
-0.27166 0.249421 -0.234579 0.890315 1 
-0.315356 0.260727 -0.278829 0.943536 2 
-0.364648 0.27348 -0.329152 1.00406 3 
-0.420683 0.287978 -0.386891 1.07351 4 
-0.484948 0.304605 -0.453816 1.154 5 
-0.559399 0.323867 -0.532306 1.2484 6 
-0.646666 0.346445 -0.625645 1.36066 7 
-0.75037 0.373277 -0.738485 1.49638 8 
-0.875637 0.405687 -0.877653 1.66376 9 
-1.02998 0.445618 -1.05358 1.87535 10 
-1.22483 0.496033 -1.28304 2.15133 11 
-1.47857 0.561682 -1.59486 2.52636 12 
-1.82263 0.650701 -2.04307 3.06544 13 
-2.3157 0.77827 -2.74223 3.90634 14 
-3.0813 0.976353 -3.985 5.40105 15 
-4.43171 1.32574 -6.80864 8.79713 16 
-7.45101 2.10692 -19.5007 24.0623 17 
1.43904 0.192725 1.70285 1.35171 20 
1.54654 0.207047 1.85672 1.51074 21 
1.68039 0.224881 2.05386 1.71448 22 
1.85163 0.247696 2.3155 1.98488 23 
2.07847 0.277921 2.67948 2.36106 24 
2.39326 0.319863 3.22046 2.92016 25 
2.85942 0.381974 4.10901 3.83847 26 
3.62073 0.483409 5.83863 5.62602 27 
5.08728 0.67881 10.6766 10.626 28 
9.08463 1.21141 101.219 104.201 29 
-0.232658 0.23933 -0.195365 0.843151 40 
-0.183474 0.237959 -0.142208 0.857393 41 
-0.131819 0.236519 -0.0862123 0.872395 42 
-0.0775029 0.235005 -0.0271461 0.88822 43 
-0.0203142 0.23341 0.0352507 0.904937 44 
0.0399811 0.231729 0.101268 0.922624 45 
0.103643 0.229954 0.171231 0.941368 46 
0.170962 0.228078 0.245503 0.961267 47 
0.242263 0.22609 0.324496 0.98243 48 
0.317908 0.223981 0.408674 1.00498 49 
0.398309 0.221739 0.498565 1.02907 50 
0.483928 0.219352 0.594771 1.05484 51 
0.575289 0.216805 0.697983 1.08249 52 
0.672991 0.214082 0.808993 1.11223 53 
0.777718 0.211162 0.928722 1.14431 54 
0.890255 0.208024 1.05824 1.17901 55 
1.01151 0.204644 1.19879 1.21667 56 
1.14254 0.200991 1.35185 1.25768 57 
1.28457 0.197031 1.51918 1.3025 58 
1.43904 0.192725 1.70285 1.35171 59 
