-4 -1.89474 2 1 19.3523 -1.23236 
-4 -1.47368 2 1 6.4443 -0.494094 
-4 -1.05263 2 1 3.85929 -0.346246 
-4 -0.631579 2 1 2.75108 -0.282863 
-4 -0.210526 2 1 2.13532 -0.247645 
-4 0.210526 2 1 1.74344 -0.225232 
-4 0.631579 2 1 1.47212 -0.209714 
-4 1.05263 2 1 1.27315 -0.198334 
-4 1.47368 2 1 1.12099 -0.189631 
-4 1.89474 2 1 1.00086 -0.18276 
-4 2.31579 2 1 0.903609 -0.177198 
-4 2.73684 2 1 0.823271 -0.172603 
-4 3.15789 2 1 0.755786 -0.168744 
-4 3.57895 2 1 0.698298 -0.165456 
-4 4 2 1 0.648739 -0.162621 
4 -1.89474 2 1 -31.1847 2.99276 
4 -1.47368 2 1 -7.23655 0.597424 
4 -1.05263 2 1 -4.10088 0.283788 
4 -0.631579 2 1 -2.86485 0.160159 
4 -0.210526 2 1 -2.20354 0.0940135 
4 0.210526 2 1 -1.79172 0.0528225 
4 0.631579 2 1 -1.51061 0.0247053 
4 1.05263 2 1 -1.3065 0.00429 
4 1.47368 2 1 -1.15157 -0.0112067 
4 1.89474 2 1 -1.02995 -0.0233713 
4 2.31579 2 1 -0.931941 -0.0331741 
4 2.73684 2 1 -0.851278 -0.0412421 
4 3.15789 2 1 -0.78373 -0.0479984 
4 3.57895 2 1 -0.726339 -0.0537388 
4 4 2 1 -0.676973 -0.0586764 
-4 4 2 1 0.648739 -0.162621 
-3.57895 4 2 1 0.579875 -0.157222 
-3.15789 4 2 1 0.510911 -0.151815 
-2.73684 4 2 1 0.441847 -0.146399 
-2.31579 4 2 1 0.372682 -0.140976 
-1.89474 4 2 1 0.303417 -0.135546 
-1.47368 4 2 1 0.234051 -0.130107 
-1.05263 4 2 1 0.164584 -0.12466 
-0.631579 4 2 1 0.0950164 -0.119206 
-0.210526 4 2 1 0.0253471 -0.113743 
0.210526 4 2 1 -0.0444239 -0.108273 
0.631579 4 2 1 -0.114297 -0.102794 
1.05263 4 2 1 -0.184272 -0.0973075 
1.47368 4 2 1 -0.254349 -0.091813 
1.89474 4 2 1 -0.324529 -0.0863105 
2.31579 4 2 1 -0.394811 -0.0807998 
2.73684 4 2 1 -0.465197 -0.0752811 
3.15789 4 2 1 -0.535685 -0.0697544 
3.57895 4 2 1 -0.606277 -0.0642195 
4 4 2 1 -0.676973 -0.0586764 
-4 -2.31579 6 1 15.0689 12.9428 
-4 -1.89474 6 1 6.15999 5.22775 
-4 -1.47368 6 1 3.86564 3.24087 
-4 -1.05263 6 1 2.81359 2.32981 
-4 -0.631579 6 1 2.20982 1.80695 
-4 -0.210526 6 1 1.81813 1.46775 
-4 0.210526 6 1 1.54348 1.2299 
-4 0.631579 6 1 1.34022 1.05388 
-4 1.05263 6 1 1.18372 0.918352 
-4 1.47368 6 1 1.05951 0.810787 
-4 1.89474 6 1 0.958526 0.723339 
-4 2.31579 6 1 0.874817 0.650848 
-4 2.73684 6 1 0.804297 0.589778 
-4 3.15789 6 1 0.744076 0.537628 
-4 3.57895 6 1 0.692052 0.492576 
-4 4 6 1 0.646659 0.453265 
4 -2.31579 6 1 -17.4721 21.2406 
4 -1.89474 6 1 -5.79265 6.94229 
4 -1.47368 6 1 -3.47838 4.10909 
4 -1.05263 6 1 -2.48874 2.89754 
4 -0.631579 6 1 -1.9395 2.22514 
4 -0.210526 6 1 -1.5902 1.79751 
4 0.210526 6 1 -1.34847 1.50158 
4 0.631579 6 1 -1.17125 1.28462 
4 1.05263 6 1 -1.03576 1.11875 
4 1.47368 6 1 -0.928807 0.987814 
4 1.89474 6 1 -0.842239 0.881835 
4 2.31579 6 1 -0.770734 0.794297 
4 2.73684 6 1 -0.710676 0.720771 
4 3.15789 6 1 -0.659518 0.658142 
4 3.57895 6 1 -0.61542 0.604155 
4 4 6 1 -0.577014 0.557137 
-4 4 6 1 0.646659 0.453265 
-3.57895 4 6 1 0.583031 0.458666 
-3.15789 4 6 1 0.519318 0.464075 
-2.73684 4 6 1 0.45552 0.46949 
-2.31579 4 6 1 0.391636 0.474913 
-1.89474 4 6 1 0.327666 0.480343 
-1.47368 4 6 1 0.26361 0.485781 
-1.05263 4 6 1 0.199468 0.491225 
-0.631579 4 6 1 0.13524 0.496677 
-0.210526 4 6 1 0.0709258 0.502137 
0.210526 4 6 1 0.00652466 0.507603 
0.631579 4 6 1 -0.0579633 0.513078 
1.05263 4 6 1 -0.122538 0.518559 
1.47368 4 6 1 -0.1872 0.524048 
1.89474 4 6 1 -0.25195 0.529544 
2.31579 4 6 1 -0.316787 0.535048 
2.73684 4 6 1 -0.381712 0.540559 
3.15789 4 6 1 -0.446724 0.546078 
3.57895 4 6 1 -0.511825 0.551604 
4 4 6 1 -0.577014 0.557137 
