-4 -4 2 1 2.772 0.700857 
-4 -3.57895 2 1 2.28626 0.631233 
-4 -3.15789 2 1 1.90733 0.57692 
-4 -2.73684 2 1 1.60348 0.533367 
-4 -2.31579 2 1 1.3544 0.497664 
-4 -1.89474 2 1 1.14651 0.467866 
-4 -1.47368 2 1 0.970367 0.442618 
-4 -1.05263 2 1 0.819219 0.420953 
-4 -0.631579 2 1 0.688097 0.402159 
-4 -0.210526 2 1 0.573268 0.3857 
-4 0.210526 2 1 0.471874 0.371166 
-4 0.631579 2 1 0.381686 0.358239 
-4 1.05263 2 1 0.300945 0.346666 
-4 1.47368 2 1 0.22824 0.336245 
-4 1.89474 2 1 0.162428 0.326812 
-4 2.31579 2 1 0.102573 0.318232 
-4 2.73684 2 1 0.0479011 0.310396 
-4 3.15789 2 1 -0.00223254 0.30321 
-4 3.57895 2 1 -0.0483707 0.296597 
-4 4 2 1 -0.0909726 0.29049 
4 2.31579 2 1 -31.0932 4.17684 
4 2.73684 2 1 -11.6907 1.5584 
4 3.15789 2 1 -7.54928 0.999497 
4 3.57895 2 1 -5.74582 0.756113 
4 4 2 1 -4.73635 0.619882 
-4 -4 2 1 2.772 0.700857 
-3.57895 -4 2 1 3.13049 0.792163 
-3.15789 -4 2 1 3.6575 0.926388 
-2.73684 -4 2 1 4.50835 1.14309 
-2.31579 -4 2 1 6.11388 1.55201 
-1.89474 -4 2 1 10.2784 2.61268 
-1.47368 -4 2 1 47.13 11.9985 
-4 4 2 1 -0.0909726 0.29049 
-3.57895 4 2 1 -0.135469 0.293645 
-3.15789 4 2 1 -0.184203 0.297101 
-2.73684 4 2 1 -0.237809 0.300902 
-2.31579 4 2 1 -0.297056 0.305103 
-1.89474 4 2 1 -0.362885 0.309771 
-1.47368 4 2 1 -0.436456 0.314988 
-1.05263 4 2 1 -0.51922 0.320856 
-0.631579 4 2 1 -0.613016 0.327507 
-0.210526 4 2 1 -0.720207 0.335108 
0.210526 4 2 1 -0.843883 0.343877 
0.631579 4 2 1 -0.988164 0.354108 
1.05263 4 2 1 -1.15867 0.366198 
1.47368 4 2 1 -1.36325 0.380704 
1.89474 4 2 1 -1.61328 0.398433 
2.31579 4 2 1 -1.92577 0.420591 
2.73684 4 2 1 -2.32749 0.449076 
3.15789 4 2 1 -2.863 0.487048 
3.57895 4 2 1 -3.61252 0.540194 
4 4 2 1 -4.73635 0.619882 
-4 -4 6 1 4.29381 4.34924 
-4 -3.57895 6 1 3.29193 3.57549 
-4 -3.15789 6 1 2.60101 3.0419 
-4 -2.73684 6 1 2.09574 2.65168 
-4 -2.31579 6 1 1.71014 2.35389 
-4 -1.89474 6 1 1.40621 2.11917 
-4 -1.47368 6 1 1.16048 1.92939 
-4 -1.05263 6 1 0.957701 1.77279 
-4 -0.631579 6 1 0.787512 1.64135 
-4 -0.210526 6 1 0.642642 1.52947 
-4 0.210526 6 1 0.517831 1.43308 
-4 0.631579 6 1 0.409184 1.34917 
-4 1.05263 6 1 0.313752 1.27547 
-4 1.47368 6 1 0.229261 1.21022 
-4 1.89474 6 1 0.153933 1.15204 
-4 2.31579 6 1 0.0863527 1.09985 
-4 2.73684 6 1 0.0253839 1.05277 
-4 3.15789 6 1 -0.0298985 1.01007 
-4 3.57895 6 1 -0.0802545 0.971183 
-4 4 6 1 -0.126315 0.935611 
4 3.57895 6 1 -23.4965 19.1089 
4 4 6 1 -11.6866 9.07807 
-4 -4 6 1 4.29381 4.34924 
-3.57895 -4 6 1 5.46117 5.76426 
-3.15789 -4 6 1 7.84618 8.65528 
-2.73684 -4 6 1 15.4308 17.849 
-4 4 6 1 -0.126315 0.935611 
-3.57895 4 6 1 -0.177897 0.971943 
-3.15789 4 6 1 -0.235005 1.01217 
-2.73684 4 6 1 -0.298579 1.05694 
-2.31579 4 6 1 -0.369781 1.1071 
-1.89474 4 6 1 -0.450072 1.16365 
-1.47368 4 6 1 -0.541312 1.22791 
-1.05263 4 6 1 -0.645903 1.30158 
-0.631579 4 6 1 -0.767007 1.38688 
-0.210526 4 6 1 -0.908871 1.4868 
0.210526 4 6 1 -1.07733 1.60546 
0.631579 4 6 1 -1.28065 1.74866 
1.05263 4 6 1 -1.53087 1.92491 
1.47368 4 6 1 -1.84637 2.14713 
1.89474 4 6 1 -2.25651 2.43601 
2.31579 4 6 1 -2.81139 2.82683 
2.73684 4 6 1 -3.60403 3.38513 
3.15789 4 6 1 -4.82895 4.24789 
3.57895 4 6 1 -6.97231 5.75756 
4 4 6 1 -11.6866 9.07807 
