-0.0266567 -0.197074 0.0211165 0.325621 0 
-0.0667441 -0.198492 -0.0150934 0.346472 1 
-0.110568 -0.200043 -0.0545164 0.369174 2 
-0.158678 -0.201745 -0.0975997 0.393983 3 
-0.211733 -0.203622 -0.144878 0.421208 4 
-0.270538 -0.205703 -0.196996 0.45122 5 
-0.33608 -0.208022 -0.254735 0.48447 6 
-0.409589 -0.210623 -0.319059 0.52151 7 
-0.492611 -0.213561 -0.39116 0.56303 8 
-0.58712 -0.216905 -0.472541 0.609893 9 
-0.695677 -0.220746 -0.565116 0.663202 10 
-0.821667 -0.225204 -0.671365 0.724385 11 
-0.969653 -0.23044 -0.79456 0.795326 12 
-1.14595 -0.236678 -0.939105 0.878563 13 
-1.35954 -0.244236 -1.11108 0.977593 14 
-1.62365 -0.253581 -1.31911 1.09739 15 
-1.95862 -0.265434 -1.57585 1.24523 16 
-2.39738 -0.280959 -1.9007 1.43229 17 
-2.99701 -0.302176 -2.32488 1.67656 18 
-3.86584 -0.332918 -2.90221 2.00901 19 
2.75893 -0.733074 2.52136 0.988346 20 
3.08947 -0.832626 2.76407 1.15826 21 
3.56055 -0.974504 3.09064 1.38687 22 
4.28598 -1.19299 3.55358 1.71094 23 
5.54795 -1.57307 4.26086 2.20607 24 
8.29104 -2.39923 5.47529 3.05622 25 
18.8261 -5.57217 8.04719 4.85665 26 
-0.0266567 -0.197074 0.0211165 0.325621 40 
0.0168853 -0.205452 0.0644416 0.337105 41 
0.0639668 -0.214511 0.111121 0.349478 42 
0.115037 -0.224338 0.161559 0.362847 43 
0.170627 -0.235035 0.216229 0.377338 44 
0.231362 -0.246721 0.275688 0.393098 45 
0.297993 -0.259543 0.340593 0.410302 46 
0.371422 -0.273672 0.411728 0.429158 47 
0.452744 -0.28932 0.490035 0.449914 48 
0.543305 -0.306745 0.576658 0.472875 49 
0.644774 -0.32627 0.672995 0.49841 50 
0.759249 -0.348297 0.780776 0.526979 51 
0.8894 -0.373341 0.90217 0.559157 52 
1.03869 -0.402066 1.03993 0.595672 53 
1.21166 -0.435349 1.1976 0.637465 54 
1.41444 -0.474369 1.37985 0.685772 55 
1.65548 -0.520748 1.59289 0.742241 56 
1.9467 -0.576785 1.84525 0.809134 57 
2.30562 -0.645848 2.14893 0.889629 58 
2.75893 -0.733074 2.52136 0.988346 59 
-3.86584 -0.332918 -2.90221 2.00901 60 
-4.53801 -0.419363 -3.23542 2.38592 61 
-5.65052 -0.562438 -3.7242 2.9388 62 
-7.84679 -0.844892 -4.51067 3.82839 63 
-14.2144 -1.66381 -5.98583 5.49698 64 
-260.757 -33.3707 -9.75888 9.76479 65 
