-4 -4 2 1 -0.972331 0.220732 
-4 -3.57895 2 1 -1.03999 0.231026 
-4 -3.15789 2 1 -1.12087 0.243332 
-4 -2.73684 2 1 -1.21926 0.258303 
-4 -2.31579 2 1 -1.34155 0.276909 
-4 -1.89474 2 1 -1.49764 0.300658 
-4 -1.47368 2 1 -1.70379 0.332025 
-4 -1.05263 2 1 -1.98869 0.375373 
-4 -0.631579 2 1 -2.40812 0.43919 
-4 -0.210526 2 1 -3.08681 0.542454 
-4 0.210526 2 1 -4.37266 0.738098 
-4 0.631579 2 1 -7.73981 1.25042 
-4 1.05263 2 1 -39.6887 6.1115 
4 -4 2 1 0.444724 0.291751 
4 -3.57895 2 1 0.488321 0.304141 
4 -3.15789 2 1 0.538118 0.318293 
4 -2.73684 2 1 0.595536 0.334612 
4 -2.31579 2 1 0.662471 0.353634 
4 -1.89474 2 1 0.741503 0.376095 
4 -1.47368 2 1 0.836237 0.403018 
4 -1.05263 2 1 0.951867 0.43588 
4 -0.631579 2 1 1.09617 0.47689 
4 -0.210526 2 1 1.28131 0.529507 
4 0.210526 2 1 1.52748 0.599469 
4 0.631579 2 1 1.87083 0.697048 
4 1.05263 2 1 2.38303 0.842617 
4 1.47368 2 1 3.22929 1.08312 
4 1.89474 2 1 4.8945 1.55637 
4 2.31579 2 1 9.682 2.91697 
4 2.73684 2 1 158.099 45.097 
-4 -4 2 1 -0.972331 0.220732 
-3.57895 -4 2 1 -0.875985 0.22556 
-3.15789 -4 2 1 -0.782713 0.230235 
-2.73684 -4 2 1 -0.69237 0.234763 
-2.31579 -4 2 1 -0.604821 0.23915 
-1.89474 -4 2 1 -0.519937 0.243405 
-1.47368 -4 2 1 -0.4376 0.247531 
-1.05263 -4 2 1 -0.357695 0.251536 
-0.631579 -4 2 1 -0.280117 0.255424 
-0.210526 -4 2 1 -0.204766 0.2592 
0.210526 -4 2 1 -0.131547 0.26287 
0.631579 -4 2 1 -0.0603713 0.266437 
1.05263 -4 2 1 0.0088463 0.269906 
1.47368 -4 2 1 0.076185 0.273281 
1.89474 -4 2 1 0.14172 0.276565 
2.31579 -4 2 1 0.205524 0.279763 
2.73684 -4 2 1 0.267663 0.282877 
3.15789 -4 2 1 0.328203 0.285911 
3.57895 -4 2 1 0.387204 0.288868 
4 -4 2 1 0.444724 0.291751 
-4 -4 6 1 -1.14568 1.11795 
-4 -3.57895 6 1 -1.2385 1.21866 
-4 -3.15789 6 1 -1.35182 1.34162 
-4 -2.73684 6 1 -1.49327 1.49509 
-4 -2.31579 6 1 -1.67481 1.69206 
-4 -1.89474 6 1 -1.91628 1.95407 
-4 -1.47368 6 1 -2.25326 2.31969 
-4 -1.05263 6 1 -2.75636 2.86556 
-4 -0.631579 6 1 -3.5886 3.76854 
-4 -0.210526 6 1 -5.22998 5.54944 
-4 0.210526 6 1 -9.97684 10.6998 
-4 0.631579 6 1 -181.035 196.299 
4 -4 6 1 0.428157 0.963718 
4 -3.57895 6 1 0.474261 1.02554 
4 -3.15789 6 1 0.52752 1.09696 
4 -2.73684 6 1 0.589739 1.1804 
4 -2.31579 6 1 0.663387 1.27916 
4 -1.89474 6 1 0.751931 1.3979 
4 -1.47368 6 1 0.860399 1.54336 
4 -1.05263 6 1 0.996369 1.72569 
4 -0.631579 6 1 1.17182 1.96097 
4 -0.210526 6 1 1.40686 2.27616 
4 0.210526 6 1 1.73807 2.72032 
4 0.631579 6 1 2.23966 3.39294 
4 1.05263 6 1 3.08858 4.53135 
4 1.47368 6 1 4.83673 6.87561 
4 1.89474 6 1 10.5215 14.499 
-4 -4 6 1 -1.14568 1.11795 
-3.57895 -4 6 1 -1.03614 1.10722 
-3.15789 -4 6 1 -0.930459 1.09686 
-2.73684 -4 6 1 -0.828432 1.08686 
-2.31579 -4 6 1 -0.729873 1.0772 
-1.89474 -4 6 1 -0.634608 1.06787 
-1.47368 -4 6 1 -0.542475 1.05884 
-1.05263 -4 6 1 -0.453322 1.0501 
-0.631579 -4 6 1 -0.367006 1.04164 
-0.210526 -4 6 1 -0.283395 1.03345 
0.210526 -4 6 1 -0.202363 1.02551 
0.631579 -4 6 1 -0.123792 1.01781 
1.05263 -4 6 1 -0.0475729 1.01034 
1.47368 -4 6 1 0.0263995 1.00309 
1.89474 -4 6 1 0.0982226 0.996051 
2.31579 -4 6 1 0.167989 0.989214 
2.73684 -4 6 1 0.235785 0.98257 
3.15789 -4 6 1 0.301695 0.976111 
3.57895 -4 6 1 0.365794 0.969829 
4 -4 6 1 0.428157 0.963718 
