6.96441 -1.81942 36.5055 18.5503 1 
4.40162 -1.13358 9.7965 5.29199 2 
3.1484 -0.79819 5.47902 3.1488 3 
2.40524 -0.599308 3.71201 2.27166 4 
1.91341 -0.467684 2.75081 1.79452 5 
1.56385 -0.374135 2.14656 1.49457 6 
1.30263 -0.304227 1.73157 1.28857 7 
1.10002 -0.250005 1.42895 1.13835 8 
0.938279 -0.206721 1.19851 1.02396 9 
0.80618 -0.171369 1.01718 0.933944 10 
0.696257 -0.141951 0.870761 0.861264 11 
0.603357 -0.11709 0.750064 0.80135 12 
0.523811 -0.0958016 0.648858 0.751111 13 
0.454933 -0.0773684 0.562773 0.708379 14 
0.39471 -0.0612518 0.488657 0.671587 15 
0.341609 -0.0470409 0.424174 0.639579 16 
0.294436 -0.0344166 0.367563 0.611477 17 
0.252252 -0.0231272 0.317464 0.586607 18 
0.214304 -0.0129716 0.272814 0.564444 19 
-4.90488 -0.774357 -14.4907 12.6533 31 
-3.54317 -0.479375 -6.28202 5.33258 32 
-2.82495 -0.323788 -4.14494 3.42668 33 
-2.38126 -0.227674 -3.1618 2.5499 34 
-2.07995 -0.162403 -2.59667 2.0459 35 
-1.86197 -0.115183 -2.22969 1.71862 36 
-1.69695 -0.0794339 -1.97219 1.48898 37 
-1.56767 -0.0514296 -1.78155 1.31895 38 
-1.46366 -0.0288989 -1.6347 1.188 39 
0.214304 -0.0129716 0.272814 0.564444 60 
0.167734 -0.0134137 0.223931 0.580423 61 
0.118653 -0.0138795 0.172179 0.59734 62 
0.0668508 -0.0143712 0.117299 0.61528 63 
0.0120954 -0.014891 0.0589967 0.634339 64 
-0.0458733 -0.0154412 -0.00305682 0.654624 65 
-0.107347 -0.0160247 -0.0692361 0.676257 66 
-0.172652 -0.0166446 -0.139967 0.699378 67 
-0.242161 -0.0173044 -0.215735 0.724146 68 
-0.31629 -0.018008 -0.297099 0.750744 69 
-0.395518 -0.01876 -0.384702 0.77938 70 
-0.480389 -0.0195656 -0.47929 0.810301 71 
-0.571528 -0.0204307 -0.581735 0.843789 72 
-0.669655 -0.0213622 -0.693056 0.880179 73 
-0.775608 -0.0223679 -0.81446 0.919865 74 
-0.890361 -0.0234571 -0.947382 0.963316 75 
-1.01506 -0.0246407 -1.09354 1.01109 76 
-1.15105 -0.0259315 -1.25502 1.06388 77 
-1.29994 -0.0273448 -1.43436 1.12251 78 
-1.46366 -0.0288989 -1.6347 1.188 79 
