-4 -4 2 1 0.5529 -0.229668 
-4 -3.57895 2 1 0.492292 -0.236683 
-4 -3.15789 2 1 0.430004 -0.243891 
-4 -2.73684 2 1 0.365967 -0.251303 
-4 -2.31579 2 1 0.300104 -0.258926 
-4 -1.89474 2 1 0.232336 -0.266769 
-4 -1.47368 2 1 0.162581 -0.274842 
-4 -1.05263 2 1 0.0907484 -0.283156 
-4 -0.631579 2 1 0.016745 -0.291721 
-4 -0.210526 2 1 -0.0595294 -0.300548 
-4 0.210526 2 1 -0.138181 -0.309651 
-4 0.631579 2 1 -0.219323 -0.319042 
-4 1.05263 2 1 -0.303074 -0.328735 
-4 1.47368 2 1 -0.389564 -0.338745 
-4 1.89474 2 1 -0.478929 -0.349088 
-4 2.31579 2 1 -0.571314 -0.35978 
-4 2.73684 2 1 -0.666876 -0.37084 
-4 3.15789 2 1 -0.76578 -0.382287 
-4 3.57895 2 1 -0.868206 -0.394141 
-4 4 2 1 -0.974345 -0.406425 
-4 -4 2 1 0.5529 -0.229668 
-3.57895 -4 2 1 0.606334 -0.236459 
-3.15789 -4 2 1 0.668017 -0.244299 
-2.73684 -4 2 1 0.740019 -0.253451 
-2.31579 -4 2 1 0.825165 -0.264273 
-1.89474 -4 2 1 0.927415 -0.277269 
-1.47368 -4 2 1 1.0525 -0.293167 
-1.05263 -4 2 1 1.20903 -0.313062 
-0.631579 -4 2 1 1.41056 -0.338677 
-0.210526 -4 2 1 1.67978 -0.372894 
0.210526 -4 2 1 2.05763 -0.42092 
0.631579 -4 2 1 2.62653 -0.493226 
1.05263 -4 2 1 3.58035 -0.614458 
1.47368 -4 2 1 5.50953 -0.859657 
1.89474 -4 2 1 11.4753 -1.61791 
-4 4 2 1 -0.974345 -0.406425 
-3.57895 4 2 1 -1.05153 -0.433245 
-3.15789 4 2 1 -1.14564 -0.465942 
-2.73684 4 2 1 -1.26292 -0.506689 
-2.31579 4 2 1 -1.41311 -0.558873 
-1.89474 4 2 1 -1.61235 -0.628098 
-1.47368 4 2 1 -1.88934 -0.724339 
-1.05263 4 2 1 -2.30064 -0.867245 
-0.631579 4 2 1 -2.97519 -1.10162 
-0.210526 4 2 1 -4.28469 -1.5566 
0.210526 4 2 1 -7.92266 -2.82061 
0.631579 4 2 1 -69.877 -24.3465 
-4 -4 6 1 0.4649 0.386437 
-4 -3.57895 6 1 0.407567 0.38774 
-4 -3.15789 6 1 0.348763 0.389077 
-4 -2.73684 6 1 0.288429 0.390449 
-4 -2.31579 6 1 0.226505 0.391857 
-4 -1.89474 6 1 0.162927 0.393302 
-4 -1.47368 6 1 0.0976282 0.394787 
-4 -1.05263 6 1 0.0305377 0.396312 
-4 -0.631579 6 1 -0.0384193 0.39788 
-4 -0.210526 6 1 -0.109322 0.399492 
-4 0.210526 6 1 -0.182253 0.40115 
-4 0.631579 6 1 -0.257302 0.402856 
-4 1.05263 6 1 -0.334562 0.404613 
-4 1.47368 6 1 -0.414132 0.406422 
-4 1.89474 6 1 -0.496117 0.408286 
-4 2.31579 6 1 -0.58063 0.410208 
-4 2.73684 6 1 -0.667787 0.412189 
-4 3.15789 6 1 -0.757717 0.414234 
-4 3.57895 6 1 -0.850553 0.416345 
-4 4 6 1 -0.946438 0.418525 
-4 -4 6 1 0.4649 0.386437 
-3.57895 -4 6 1 0.508433 0.420942 
-3.15789 -4 6 1 0.558138 0.460339 
-2.73684 -4 6 1 0.615427 0.505747 
-2.31579 -4 6 1 0.682178 0.558656 
-1.89474 -4 6 1 0.760948 0.62109 
-1.47368 -4 6 1 0.855302 0.695878 
-1.05263 -4 6 1 0.970375 0.787087 
-0.631579 -4 6 1 1.11383 0.900794 
-0.210526 -4 6 1 1.29765 1.04649 
0.210526 -4 6 1 1.54166 1.2399 
0.631579 -4 6 1 1.8812 1.50902 
1.05263 -4 6 1 2.38603 1.90916 
1.47368 -4 6 1 3.21568 2.56676 
1.89474 -4 6 1 4.83235 3.84817 
2.31579 -4 6 1 9.36629 7.44186 
2.73684 -4 6 1 97.5949 77.3737 
-4 4 6 1 -0.946438 0.418525 
-3.57895 4 6 1 -1.01326 0.467598 
-3.15789 4 6 1 -1.0931 0.526221 
-2.73684 4 6 1 -1.19014 0.597482 
-2.31579 4 6 1 -1.31062 0.685961 
-1.89474 4 6 1 -1.46423 0.798757 
-1.47368 4 6 1 -1.66677 0.947491 
-1.05263 4 6 1 -1.94607 1.15259 
-0.631579 4 6 1 -2.35597 1.4536 
-0.210526 4 6 1 -3.01601 1.9383 
0.210526 4 6 1 -4.25573 2.84867 
0.631579 4 6 1 -7.43667 5.18456 
1.05263 4 6 1 -33.5621 24.3695 
