0.611739 -0.199116 0.521779 0.441838 0 
0.547209 -0.206631 0.459898 0.440576 1 
0.481422 -0.214292 0.396877 0.439291 2 
0.414342 -0.222103 0.332685 0.437982 3 
0.345929 -0.23007 0.267288 0.436648 4 
0.276145 -0.238196 0.200652 0.435289 5 
0.204945 -0.246488 0.132743 0.433904 6 
0.132289 -0.254948 0.063522 0.432493 7 
0.0581297 -0.263584 -0.00704824 0.431053 8 
-0.0175794 -0.272401 -0.0790078 0.429586 9 
-0.0948875 -0.281403 -0.152398 0.428089 10 
-0.173846 -0.290598 -0.227262 0.426562 11 
-0.254507 -0.299991 -0.303645 0.425005 12 
-0.336928 -0.309589 -0.381593 0.423415 13 
-0.421167 -0.319399 -0.461155 0.421792 14 
-0.507283 -0.329427 -0.542381 0.420136 15 
-0.595342 -0.339682 -0.625325 0.418444 16 
-0.685408 -0.35017 -0.710042 0.416717 17 
-0.777552 -0.3609 -0.796588 0.414952 18 
-0.871847 -0.371881 -0.885025 0.413148 19 
0.611739 -0.199116 0.521779 0.441838 40 
0.667278 -0.206823 0.567792 0.47987 41 
0.731818 -0.215779 0.620804 0.523687 42 
0.807737 -0.226314 0.682543 0.574718 43 
0.898339 -0.238886 0.755356 0.634902 44 
1.00834 -0.25415 0.842518 0.706946 45 
1.14471 -0.273073 0.948734 0.794738 46 
1.31822 -0.297151 1.08102 0.904077 47 
1.54646 -0.328822 1.25031 1.044 48 
1.86015 -0.37235 1.47466 1.22944 49 
2.31832 -0.435928 1.78614 1.4869 50 
3.05067 -0.537553 2.24777 1.86846 51 
4.40841 -0.725958 3.00257 2.49234 52 
7.78948 -1.19513 4.45976 3.69678 53 
30.9378 -4.40729 8.45285 6.99728 54 
-0.871847 -0.371881 -0.885025 0.413148 60 
-0.940992 -0.397543 -0.950477 0.457268 61 
-1.02434 -0.428474 -1.02834 0.509755 62 
-1.12675 -0.466484 -1.12252 0.573239 63 
-1.25564 -0.514316 -1.23873 0.651578 64 
-1.42277 -0.576343 -1.38575 0.750678 65 
-1.64814 -0.659985 -1.57768 0.880054 66 
-1.96861 -0.778922 -1.83882 1.05608 67 
-2.46049 -0.961473 -2.21482 1.30954 68 
-3.31149 -1.2773 -2.80287 1.70593 69 
-5.14096 -1.95627 -3.85275 2.41364 70 
-11.9189 -4.47177 -6.26034 4.03654 71 
