-4 -4 2 1 2.01982 0.230469 
-4 -3.57895 2 1 1.73186 0.215321 
-4 -3.15789 2 1 1.48828 0.202508 
-4 -2.73684 2 1 1.27955 0.191528 
-4 -2.31579 2 1 1.0987 0.182014 
-4 -1.89474 2 1 0.940489 0.173691 
-4 -1.47368 2 1 0.800916 0.166349 
-4 -1.05263 2 1 0.676871 0.159824 
-4 -0.631579 2 1 0.5659 0.153986 
-4 -0.210526 2 1 0.466039 0.148733 
-4 0.210526 2 1 0.375699 0.143981 
-4 0.631579 2 1 0.293581 0.139661 
-4 1.05263 2 1 0.21861 0.135717 
-4 1.47368 2 1 0.149894 0.132102 
-4 1.89474 2 1 0.0866793 0.128777 
-4 2.31579 2 1 0.0283321 0.125707 
-4 2.73684 2 1 -0.0256893 0.122866 
-4 3.15789 2 1 -0.0758489 0.120227 
-4 3.57895 2 1 -0.122546 0.11777 
-4 4 2 1 -0.166128 0.115478 
4 2.73684 2 1 -81.6866 -7.98482 
4 3.15789 2 1 -16.9487 -1.5045 
4 3.57895 2 1 -10.0194 -0.810868 
4 4 2 1 -7.36784 -0.545441 
-4 -4 2 1 2.01982 0.230469 
-3.57895 -4 2 1 2.21295 0.235603 
-3.15789 -4 2 1 2.47267 0.242506 
-2.73684 -4 2 1 2.84059 0.252285 
-2.31579 -4 2 1 3.40215 0.267211 
-1.89474 -4 2 1 4.36479 0.292798 
-1.47368 -4 2 1 6.39686 0.346809 
-1.05263 -4 2 1 13.5074 0.535804 
-4 4 2 1 -0.166128 0.115478 
-3.57895 4 2 1 -0.209111 0.111533 
-3.15789 4 2 1 -0.256547 0.10718 
-2.73684 4 2 1 -0.309166 0.102351 
-2.31579 4 2 1 -0.367868 0.0969637 
-1.89474 4 2 1 -0.433772 0.0909155 
-1.47368 4 2 1 -0.50829 0.0840769 
-1.05263 4 2 1 -0.593227 0.0762819 
-0.631579 4 2 1 -0.690936 0.067315 
-0.210526 4 2 1 -0.804528 0.0568903 
0.210526 4 2 1 -0.938222 0.0446209 
0.631579 4 2 1 -1.09787 0.0299697 
1.05263 4 2 1 -1.29184 0.0121683 
1.47368 4 2 1 -1.53254 -0.00992133 
1.89474 4 2 1 -1.83917 -0.0380611 
2.31579 4 2 1 -2.2431 -0.0751309 
2.73684 4 2 1 -2.79939 -0.126183 
3.15789 4 2 1 -3.61429 -0.200969 
3.57895 4 2 1 -4.92274 -0.321048 
4 4 2 1 -7.36784 -0.545441 
-4 -4 6 1 2.45604 2.20438 
-4 -3.57895 6 1 2.05008 1.97916 
-4 -3.15789 6 1 1.72093 1.79656 
-4 -2.73684 6 1 1.44868 1.64552 
-4 -2.31579 6 1 1.21975 1.51851 
-4 -1.89474 6 1 1.02456 1.41022 
-4 -1.47368 6 1 0.856161 1.3168 
-4 -1.05263 6 1 0.709395 1.23538 
-4 -0.631579 6 1 0.580343 1.16378 
-4 -0.210526 6 1 0.465982 1.10034 
-4 0.210526 6 1 0.363937 1.04372 
-4 0.631579 6 1 0.272321 0.992897 
-4 1.05263 6 1 0.189613 0.947012 
-4 1.47368 6 1 0.114574 0.905381 
-4 1.89474 6 1 0.0461842 0.86744 
-4 2.31579 6 1 -0.0164025 0.832718 
-4 2.73684 6 1 -0.0738946 0.800822 
-4 3.15789 6 1 -0.12689 0.771422 
-4 3.57895 6 1 -0.175896 0.744234 
-4 4 6 1 -0.221347 0.719018 
4 4 6 1 -29.9985 17.5179 
-4 -4 6 1 2.45604 2.20438 
-3.57895 -4 6 1 2.79975 2.59904 
-3.15789 -4 6 1 3.31154 3.18668 
-2.73684 -4 6 1 4.15457 4.15465 
-2.31579 -4 6 1 5.80431 6.0489 
-1.89474 -4 6 1 10.4809 11.4186 
-1.47368 -4 6 1 119.011 136.033 
-4 4 6 1 -0.221347 0.719018 
-3.57895 4 6 1 -0.271253 0.747173 
-3.15789 4 6 1 -0.326833 0.778529 
-2.73684 4 6 1 -0.389113 0.813664 
-2.31579 4 6 1 -0.459381 0.853307 
-1.89474 4 6 1 -0.53928 0.898382 
-1.47368 4 6 1 -0.630936 0.95009 
-1.05263 4 6 1 -0.73715 1.01001 
-0.631579 4 6 1 -0.861689 1.08027 
-0.210526 4 6 1 -1.00974 1.1638 
0.210526 4 6 1 -1.18867 1.26474 
0.631579 4 6 1 -1.40924 1.38918 
1.05263 4 6 1 -1.68792 1.54639 
1.47368 4 6 1 -2.05115 1.75131 
1.89474 4 6 1 -2.5443 2.02952 
2.31579 4 6 1 -3.25222 2.4289 
2.73684 4 6 1 -4.3543 3.05064 
3.15789 4 6 1 -6.30674 4.15212 
3.57895 4 6 1 -10.7119 6.63734 
4 4 6 1 -29.9985 17.5179 
