-4 1.47368 2 1 40.4901 -5.57306 
-4 1.89474 2 1 11.1458 -1.36563 
-4 2.31579 2 1 6.80398 -0.743093 
-4 2.73684 2 1 5.05636 -0.492517 
-4 3.15789 2 1 4.11274 -0.357219 
-4 3.57895 2 1 3.52205 -0.272526 
-4 4 2 1 3.11749 -0.214519 
4 -4 2 1 -3.0979 -0.912036 
4 -3.57895 2 1 -2.48087 -0.758588 
4 -3.15789 2 1 -2.02693 -0.645697 
4 -2.73684 2 1 -1.67896 -0.55916 
4 -2.31579 2 1 -1.40373 -0.490714 
4 -1.89474 2 1 -1.18059 -0.435223 
4 -1.47368 2 1 -0.99604 -0.389326 
4 -1.05263 2 1 -0.840857 -0.350734 
4 -0.631579 2 1 -0.70855 -0.317831 
4 -0.210526 2 1 -0.594409 -0.289445 
4 0.210526 2 1 -0.494932 -0.264707 
4 0.631579 2 1 -0.407465 -0.242954 
4 1.05263 2 1 -0.329955 -0.223679 
4 1.47368 2 1 -0.260795 -0.206479 
4 1.89474 2 1 -0.198703 -0.191038 
4 2.31579 2 1 -0.14265 -0.177098 
4 2.73684 2 1 -0.0917945 -0.164451 
4 3.15789 2 1 -0.0454462 -0.152924 
4 3.57895 2 1 -0.00303124 -0.142376 
4 4 2 1 0.0359307 -0.132687 
1.89474 -4 2 1 -15.8876 -5.927 
2.31579 -4 2 1 -7.66251 -2.70186 
2.73684 -4 2 1 -5.30107 -1.77592 
3.15789 -4 2 1 -4.18071 -1.33662 
3.57895 -4 2 1 -3.52664 -1.08015 
4 -4 2 1 -3.0979 -0.912036 
-4 4 2 1 3.11749 -0.214519 
-3.57895 4 2 1 2.57214 -0.200037 
-3.15789 4 2 1 2.15333 -0.188915 
-2.73684 4 2 1 1.8216 -0.180106 
-2.31579 4 2 1 1.55235 -0.172956 
-1.89474 4 2 1 1.32945 -0.167037 
-1.47368 4 2 1 1.14187 -0.162056 
-1.05263 4 2 1 0.98184 -0.157806 
-0.631579 4 2 1 0.843703 -0.154138 
-0.210526 4 2 1 0.723254 -0.150939 
0.210526 4 2 1 0.6173 -0.148125 
0.631579 4 2 1 0.523373 -0.145631 
1.05263 4 2 1 0.439536 -0.143405 
1.47368 4 2 1 0.364245 -0.141405 
1.89474 4 2 1 0.296257 -0.1396 
2.31579 4 2 1 0.234558 -0.137961 
2.73684 4 2 1 0.178315 -0.136468 
3.15789 4 2 1 0.126835 -0.135101 
3.57895 4 2 1 0.0795366 -0.133845 
4 4 2 1 0.0359307 -0.132687 
-4 1.47368 6 1 36.6096 32.0492 
-4 1.89474 6 1 10.1636 8.34895 
-4 2.31579 6 1 6.24173 4.83428 
-4 2.73684 6 1 4.66252 3.41902 
-4 3.15789 6 1 3.80967 2.65472 
-4 3.57895 6 1 3.27575 2.17623 
-4 4 6 1 2.91004 1.84849 
4 -4 6 1 -3.33338 1.4402 
4 -3.57895 6 1 -2.68059 1.23549 
4 -3.15789 6 1 -2.20031 1.08488 
4 -2.73684 6 1 -1.83214 0.96942 
4 -2.31579 6 1 -1.54093 0.878099 
4 -1.89474 6 1 -1.30483 0.804061 
4 -1.47368 6 1 -1.10955 0.742823 
4 -1.05263 6 1 -0.945348 0.69133 
4 -0.631579 6 1 -0.805349 0.647428 
4 -0.210526 6 1 -0.68457 0.609553 
4 0.210526 6 1 -0.579308 0.576543 
4 0.631579 6 1 -0.486752 0.547518 
4 1.05263 6 1 -0.404734 0.521798 
4 1.47368 6 1 -0.331549 0.498848 
4 1.89474 6 1 -0.265845 0.478244 
4 2.31579 6 1 -0.20653 0.459643 
4 2.73684 6 1 -0.152715 0.442767 
4 3.15789 6 1 -0.103669 0.427387 
4 3.57895 6 1 -0.0587853 0.413312 
4 4 6 1 -0.0175554 0.400382 
1.89474 -4 6 1 -17.5679 11.0158 
2.31579 -4 6 1 -8.417 4.85997 
2.73684 -4 6 1 -5.78752 3.09111 
3.15789 -4 6 1 -4.53965 2.25166 
3.57895 -4 6 1 -3.81103 1.76151 
4 -4 6 1 -3.33338 1.4402 
-4 4 6 1 2.91004 1.84849 
-3.57895 4 6 1 2.39199 1.59224 
-3.15789 4 6 1 1.99413 1.39544 
-2.73684 4 6 1 1.67898 1.23956 
-2.31579 4 6 1 1.42318 1.11303 
-1.89474 4 6 1 1.21141 1.00828 
-1.47368 4 6 1 1.0332 0.920131 
-1.05263 4 6 1 0.881164 0.844926 
-0.631579 4 6 1 0.749921 0.780008 
-0.210526 4 6 1 0.635484 0.723402 
0.210526 4 6 1 0.534817 0.673608 
0.631579 4 6 1 0.445576 0.629466 
1.05263 4 6 1 0.365921 0.590066 
1.47368 4 6 1 0.294386 0.554681 
1.89474 4 6 1 0.229789 0.522729 
2.31579 4 6 1 0.171168 0.493732 
2.73684 4 6 1 0.11773 0.4673 
3.15789 4 6 1 0.0688163 0.443105 
3.57895 4 6 1 0.0238763 0.420876 
4 4 6 1 -0.0175554 0.400382 
