-4 -2.73684 2 1 11.4113 0.0898455 
-4 -2.31579 2 1 5.49448 0.070394 
-4 -1.89474 2 1 3.55765 0.0640267 
-4 -1.47368 2 1 2.59574 0.0608645 
-4 -1.05263 2 1 2.02067 0.0589739 
-4 -0.631579 2 1 1.63814 0.0577164 
-4 -0.210526 2 1 1.36533 0.0568195 
-4 0.210526 2 1 1.16094 0.0561476 
-4 0.631579 2 1 1.00212 0.0556254 
-4 1.05263 2 1 0.875138 0.055208 
-4 1.47368 2 1 0.771304 0.0548667 
-4 1.89474 2 1 0.684813 0.0545823 
-4 2.31579 2 1 0.611657 0.0543418 
-4 2.73684 2 1 0.548971 0.0541357 
-4 3.15789 2 1 0.494658 0.0539572 
-4 3.57895 2 1 0.447146 0.053801 
-4 4 2 1 0.405232 0.0536632 
4 -0.631579 2 1 -10.3674 2.38254 
4 -0.210526 2 1 -4.99799 1.14367 
4 0.210526 2 1 -3.35526 0.764644 
4 0.631579 2 1 -2.55895 0.580911 
4 1.05263 2 1 -2.08888 0.472453 
4 1.47368 2 1 -1.77866 0.400876 
4 1.89474 2 1 -1.55859 0.350101 
4 2.31579 2 1 -1.39437 0.31221 
4 2.73684 2 1 -1.26713 0.282852 
4 3.15789 2 1 -1.16564 0.259436 
4 3.57895 2 1 -1.08281 0.240324 
4 4 2 1 -1.01392 0.224428 
-4 4 2 1 0.405232 0.0536632 
-3.57895 4 2 1 0.352107 0.0600556 
-3.15789 4 2 1 0.297251 0.0666565 
-2.73684 4 2 1 0.240575 0.0734762 
-2.31579 4 2 1 0.18199 0.0805257 
-1.89474 4 2 1 0.121396 0.0878169 
-1.47368 4 2 1 0.0586883 0.0953625 
-1.05263 4 2 1 -0.00624549 0.103176 
-0.631579 4 2 1 -0.0735261 0.111272 
-0.210526 4 2 1 -0.143283 0.119666 
0.210526 4 2 1 -0.215656 0.128374 
0.631579 4 2 1 -0.290794 0.137415 
1.05263 4 2 1 -0.36886 0.146809 
1.47368 4 2 1 -0.450027 0.156576 
1.89474 4 2 1 -0.534484 0.166738 
2.31579 4 2 1 -0.622436 0.177322 
2.73684 4 2 1 -0.714104 0.188352 
3.15789 4 2 1 -0.809729 0.199858 
3.57895 4 2 1 -0.909572 0.211872 
4 4 2 1 -1.01392 0.224428 
-4 -2.73684 6 1 16.6153 13.5808 
-4 -2.31579 6 1 6.84182 5.74714 
-4 -1.89474 6 1 4.23606 3.65857 
-4 -1.47368 6 1 3.02859 2.69076 
-4 -1.05263 6 1 2.332 2.13242 
-4 -0.631579 6 1 1.87867 1.76907 
-4 -0.210526 6 1 1.56011 1.51374 
-4 0.210526 6 1 1.32401 1.3245 
-4 0.631579 6 1 1.14202 1.17863 
-4 1.05263 6 1 0.997441 1.06275 
-4 1.47368 6 1 0.879822 0.968475 
-4 1.89474 6 1 0.782262 0.890279 
-4 2.31579 6 1 0.700034 0.824371 
-4 2.73684 6 1 0.629786 0.768065 
-4 3.15789 6 1 0.569077 0.719407 
-4 3.57895 6 1 0.516089 0.676936 
-4 4 6 1 0.469437 0.639543 
4 -0.631579 6 1 -12.8513 18.7081 
4 -0.210526 6 1 -5.15474 7.30017 
4 0.210526 6 1 -3.29906 4.54967 
4 0.631579 6 1 -2.46428 3.31234 
4 1.05263 6 1 -1.98967 2.60887 
4 1.47368 6 1 -1.6835 2.15506 
4 1.89474 6 1 -1.46961 1.83803 
4 2.31579 6 1 -1.31175 1.60405 
4 2.73684 6 1 -1.19045 1.42425 
4 3.15789 6 1 -1.09432 1.28178 
4 3.57895 6 1 -1.01628 1.1661 
4 4 6 1 -0.951647 1.0703 
-4 4 6 1 0.469437 0.639543 
-3.57895 4 6 1 0.416563 0.65557 
-3.15789 4 6 1 0.361939 0.672128 
-2.73684 4 6 1 0.305476 0.689243 
-2.31579 4 6 1 0.24708 0.706944 
-1.89474 4 6 1 0.18665 0.725261 
-1.47368 4 6 1 0.124078 0.744228 
-1.05263 4 6 1 0.0592476 0.76388 
-0.631579 4 6 1 -0.00796532 0.784253 
-0.210526 4 6 1 -0.0776947 0.80539 
0.210526 4 6 1 -0.150085 0.827332 
0.631579 4 6 1 -0.22529 0.850129 
1.05263 4 6 1 -0.303479 0.873829 
1.47368 4 6 1 -0.384832 0.898489 
1.89474 4 6 1 -0.469546 0.924168 
2.31579 4 6 1 -0.557833 0.950929 
2.73684 4 6 1 -0.649923 0.978844 
3.15789 4 6 1 -0.746069 1.00799 
3.57895 4 6 1 -0.846544 1.03844 
4 4 6 1 -0.951647 1.0703 
