-1.24321 0.23691 -1.56465 1.54012 20 
-1.10447 0.236447 -1.3792 1.48575 21 
-0.97467 0.236014 -1.20846 1.4357 22 
-0.852962 0.235609 -1.05073 1.38946 23 
-0.738616 0.235227 -0.904595 1.34662 24 
-0.630983 0.234868 -0.768812 1.30681 25 
-0.529489 0.23453 -0.64232 1.26973 26 
-0.433623 0.23421 -0.524198 1.2351 27 
-0.34293 0.233907 -0.413642 1.20268 28 
-0.257001 0.233621 -0.309946 1.17228 29 
-0.175471 0.233349 -0.212493 1.14371 30 
-0.0980116 0.233091 -0.120734 1.11681 31 
-0.0243241 0.232845 -0.0341844 1.09144 32 
0.04586 0.232611 0.0475868 1.06747 33 
0.112785 0.232388 0.124965 1.04478 34 
0.176672 0.232175 0.198294 1.02329 35 
0.237724 0.231971 0.267885 1.00288 36 
0.296126 0.231776 0.334016 0.983496 37 
0.352046 0.23159 0.396939 0.96505 38 
0.405639 0.231411 0.456881 0.947476 39 
-4.58448 0.377335 -110.609 122.549 51 
-3.23052 0.320431 -9.33182 10.1595 52 
-2.53342 0.291134 -5.03467 5.3909 53 
-2.10849 0.273276 -3.5201 3.71013 54 
-1.82237 0.261251 -2.7464 2.85153 55 
-1.61659 0.252602 -2.27678 2.3304 56 
-1.46149 0.246084 -1.96143 1.98044 57 
-1.34038 0.240994 -1.73505 1.72922 58 
-1.24321 0.23691 -1.56465 1.54012 59 
4.30201 0.39372 16.6055 15.7905 65 
3.0561 0.34182 6.65904 6.64818 66 
2.33598 0.311822 4.06575 4.26456 67 
1.86681 0.292278 2.87221 3.16752 68 
1.53687 0.278534 2.18599 2.53678 69 
1.29219 0.268342 1.74032 2.12714 70 
1.10351 0.260482 1.42757 1.83969 71 
0.953581 0.254236 1.19601 1.62684 72 
0.83157 0.249154 1.01764 1.4629 73 
0.730346 0.244937 0.876034 1.33274 74 
0.645014 0.241382 0.76088 1.2269 75 
0.572103 0.238345 0.665402 1.13914 76 
0.509086 0.23572 0.584954 1.06519 77 
0.454076 0.233429 0.516245 1.00204 78 
0.405639 0.231411 0.456881 0.947476 79 
