-0.205014 0.23453 -0.162014 0.82426 0 
-0.243578 0.245415 -0.200032 0.870054 1 
-0.286668 0.257577 -0.242753 0.921513 2 
-0.335132 0.271257 -0.291109 0.979759 3 
-0.390042 0.286756 -0.346292 1.04623 4 
-0.452775 0.304462 -0.409858 1.1228 5 
-0.525131 0.324886 -0.483875 1.21195 6 
-0.609509 0.348702 -0.571149 1.31708 7 
-0.709176 0.376834 -0.675595 1.44289 8 
-0.828702 0.410571 -0.802833 1.59615 9 
-0.974679 0.451775 -0.961235 1.78695 10 
-1.15698 0.503231 -1.16385 2.03101 11 
-1.39109 0.56931 -1.4322 2.35423 12 
-1.70275 0.657278 -1.80444 2.80262 13 
-2.13814 0.780171 -2.35542 3.46629 14 
-2.7892 0.963938 -3.25454 4.54931 15 
-3.86892 1.2687 -4.98412 6.63264 16 
-6.00846 1.8726 -9.68211 12.2915 17 
-12.272 3.64055 -71.2117 86.4059 18 
1.52383 0.200387 1.77873 1.38997 20 
1.64054 0.218709 1.94015 1.55936 21 
1.78699 0.241697 2.14781 1.77728 22 
1.97617 0.271394 2.42492 2.06807 23 
2.23001 0.31124 2.81332 2.47565 24 
2.58846 0.367508 3.39687 3.08802 25 
3.13299 0.452986 4.37202 4.11134 26 
4.0593 0.598393 6.33199 6.16811 27 
5.98561 0.900776 12.2904 12.4208 28 
-0.205014 0.23453 -0.162014 0.82426 40 
-0.156696 0.233576 -0.110136 0.839382 41 
-0.105793 0.23257 -0.0553421 0.855353 42 
-0.0520908 0.23151 0.00262118 0.872249 43 
0.00464668 0.230389 0.0640371 0.890151 44 
0.0646846 0.229204 0.129224 0.909152 45 
0.12832 0.227947 0.198539 0.929357 46 
0.195885 0.226613 0.272388 0.950883 47 
0.267757 0.225193 0.351231 0.973865 48 
0.34436 0.22368 0.435591 0.998456 49 
0.426177 0.222065 0.52607 1.02483 50 
0.51376 0.220335 0.623358 1.05319 51 
0.60774 0.218479 0.728254 1.08376 52 
0.708846 0.216482 0.841685 1.11683 53 
0.817918 0.214328 0.964739 1.1527 54 
0.935937 0.211997 1.09869 1.19174 55 
1.06405 0.209467 1.24507 1.23441 56 
1.20361 0.206711 1.40566 1.28122 57 
1.35623 0.203697 1.58267 1.33282 58 
1.52383 0.200387 1.77873 1.38997 59 
