-0.360913 0.135687 -0.362264 0.777732 0 
-0.401518 0.134938 -0.407465 0.820493 1 
-0.447411 0.134092 -0.459251 0.869484 2 
-0.499694 0.133127 -0.519175 0.926173 3 
-0.559802 0.132018 -0.589317 0.992529 4 
-0.629636 0.13073 -0.672536 1.07126 5 
-0.711763 0.129215 -0.772864 1.16617 6 
-0.809742 0.127408 -0.896182 1.28283 7 
-0.928652 0.125215 -1.05141 1.42968 8 
-1.076 0.122496 -1.25279 1.62019 9 
-1.26339 0.11904 -1.52448 1.87721 10 
-1.50968 0.114497 -1.91109 2.24295 11 
-1.84785 0.108259 -2.50511 2.80491 12 
-2.34108 0.0991609 -3.53462 3.77884 13 
-3.12774 0.08465 -5.75563 5.87995 14 
-4.5806 0.0578506 -14.0776 13.7527 15 
1.08997 0.0286598 1.32008 1.00076 20 
1.16252 0.0176576 1.43048 1.09338 21 
1.2498 0.00441952 1.56779 1.20856 22 
1.35683 -0.011813 1.74319 1.35571 23 
1.49116 -0.0321856 1.97511 1.55026 24 
1.66476 -0.0585136 2.29608 1.81952 25 
1.89779 -0.0938555 2.7696 2.21675 26 
2.22709 -0.143796 3.53834 2.86163 27 
2.72781 -0.219737 5.00337 4.09062 28 
3.58095 -0.349125 8.89385 7.35427 29 
5.36058 -0.619024 50.1827 41.9908 30 
-0.360913 0.135687 -0.362264 0.777732 40 
-0.307943 0.13178 -0.303714 0.785494 41 
-0.253139 0.127737 -0.242918 0.793554 42 
-0.196404 0.123552 -0.179744 0.801929 43 
-0.137634 0.119216 -0.114051 0.810638 44 
-0.0767172 0.114723 -0.0456832 0.819701 45 
-0.0135344 0.110062 0.0255249 0.829142 46 
0.0520436 0.105224 0.0997545 0.838982 47 
0.120156 0.1002 0.177202 0.84925 48 
0.190951 0.0949777 0.258081 0.859972 49 
0.264593 0.0895454 0.342625 0.87118 50 
0.341254 0.0838903 0.431089 0.882908 51 
0.421127 0.0779984 0.523752 0.895193 52 
0.504415 0.0718544 0.62092 0.908075 53 
0.591344 0.0654419 0.72293 0.921598 54 
0.682157 0.0587429 0.830153 0.935813 55 
0.777121 0.0517377 0.942999 0.950773 56 
0.876526 0.0444049 1.06192 0.966539 57 
0.980693 0.0367209 1.18743 0.983178 58 
1.08997 0.0286598 1.32008 1.00076 59 
