-4 -4 2 1 2.33876 0.460382 
-4 -3.57895 2 1 1.97227 0.423626 
-4 -3.15789 2 1 1.67307 0.393619 
-4 -2.73684 2 1 1.42418 0.368659 
-4 -2.31579 2 1 1.21391 0.34757 
-4 -1.89474 2 1 1.03391 0.329518 
-4 -1.47368 2 1 0.878077 0.31389 
-4 -1.05263 2 1 0.741859 0.300229 
-4 -0.631579 2 1 0.621768 0.288185 
-4 -0.210526 2 1 0.515101 0.277487 
-4 0.210526 2 1 0.419727 0.267922 
-4 0.631579 2 1 0.333941 0.259318 
-4 1.05263 2 1 0.256367 0.251538 
-4 1.47368 2 1 0.18588 0.244469 
-4 1.89474 2 1 0.121551 0.238018 
-4 2.31579 2 1 0.0626074 0.232106 
-4 2.73684 2 1 0.00839938 0.22667 
-4 3.15789 2 1 -0.0416215 0.221653 
-4 3.57895 2 1 -0.0879223 0.21701 
-4 4 2 1 -0.130903 0.212699 
4 2.73684 2 1 -20.4548 0.602381 
4 3.15789 2 1 -10.4678 0.33895 
4 3.57895 2 1 -7.32289 0.255995 
4 4 2 1 -5.78279 0.215371 
-4 -4 2 1 2.33876 0.460382 
-3.57895 -4 2 1 2.59434 0.501409 
-3.15789 -4 2 1 2.95118 0.558692 
-2.73684 -4 2 1 3.48433 0.644278 
-2.31579 -4 2 1 4.36735 0.786027 
-1.89474 -4 2 1 6.11281 1.06622 
-1.47368 -4 2 1 11.1901 1.88127 
-1.05263 -4 2 1 228.99 36.8442 
-4 4 2 1 -0.130903 0.212699 
-3.57895 4 2 1 -0.174682 0.21272 
-3.15789 4 2 1 -0.222816 0.212742 
-2.73684 4 2 1 -0.275988 0.212768 
-2.31579 4 2 1 -0.335034 0.212795 
-1.89474 4 2 1 -0.400983 0.212827 
-1.47368 4 2 1 -0.475121 0.212862 
-1.05263 4 2 1 -0.559075 0.212901 
-0.631579 4 2 1 -0.654932 0.212947 
-0.210526 4 2 1 -0.765417 0.212999 
0.210526 4 2 1 -0.894154 0.21306 
0.631579 4 2 1 -1.04607 0.213132 
1.05263 4 2 1 -1.22806 0.213218 
1.47368 4 2 1 -1.45001 0.213323 
1.89474 4 2 1 -1.72673 0.213453 
2.31579 4 2 1 -2.08132 0.213621 
2.73684 4 2 1 -2.55205 0.213844 
3.15789 4 2 1 -3.20717 0.214153 
3.57895 4 2 1 -4.18135 0.214614 
4 4 2 1 -5.78279 0.215371 
-4 -4 6 1 3.15482 3.06243 
-4 -3.57895 6 1 2.54833 2.65747 
-4 -3.15789 6 1 2.08758 2.34983 
-4 -2.73684 6 1 1.72566 2.10817 
-4 -2.31579 6 1 1.43385 1.91333 
-4 -1.89474 6 1 1.19359 1.75291 
-4 -1.47368 6 1 0.992318 1.61852 
-4 -1.05263 6 1 0.82126 1.50431 
-4 -0.631579 6 1 0.674087 1.40604 
-4 -0.210526 6 1 0.546123 1.3206 
-4 0.210526 6 1 0.433838 1.24562 
-4 0.631579 6 1 0.334516 1.17931 
-4 1.05263 6 1 0.246035 1.12023 
-4 1.47368 6 1 0.166711 1.06726 
-4 1.89474 6 1 0.0951943 1.01951 
-4 2.31579 6 1 0.030385 0.976238 
-4 2.73684 6 1 -0.0286179 0.936842 
-4 3.15789 6 1 -0.0825612 0.900824 
-4 3.57895 6 1 -0.132069 0.867767 
-4 4 6 1 -0.177667 0.837322 
4 3.57895 6 1 -63.4454 45.7265 
4 4 6 1 -17.4126 11.9345 
-4 -4 6 1 3.15482 3.06243 
-3.57895 -4 6 1 3.74353 3.7729 
-3.15789 -4 6 1 4.7232 4.95517 
-2.73684 -4 6 1 6.67684 7.31287 
-2.31579 -4 6 1 12.4927 14.3316 
-1.89474 -4 6 1 1014.86 1224.01 
-4 4 6 1 -0.177667 0.837322 
-3.57895 4 6 1 -0.228572 0.870098 
-3.15789 4 6 1 -0.285112 0.906503 
-2.73684 4 6 1 -0.348276 0.947173 
-2.31579 4 6 1 -0.419301 0.992904 
-1.89474 4 6 1 -0.499751 1.0447 
-1.47368 4 6 1 -0.591638 1.10387 
-1.05263 4 6 1 -0.697585 1.17208 
-0.631579 4 6 1 -0.821087 1.2516 
-0.210526 4 6 1 -0.966901 1.34549 
0.210526 4 6 1 -1.14168 1.45802 
0.631579 4 6 1 -1.35499 1.59537 
1.05263 4 6 1 -1.62116 1.76676 
1.47368 4 6 1 -1.96264 1.98662 
1.89474 4 6 1 -2.41662 2.27893 
2.31579 4 6 1 -3.04967 2.68654 
2.73684 4 6 1 -3.9938 3.29444 
3.15789 4 6 1 -5.55295 4.29834 
3.57895 4 6 1 -8.6184 6.27211 
4 4 6 1 -17.4126 11.9345 
