0.13591 -0.216501 0.147594 0.30139 0 
0.092839 -0.215609 0.108854 0.319196 1 
0.0465393 -0.214651 0.0674854 0.338209 2 
-0.00336618 -0.213617 0.0232107 0.358558 3 
-0.0573159 -0.2125 -0.024287 0.380388 4 
-0.115822 -0.211288 -0.0753732 0.403867 5 
-0.179487 -0.20997 -0.13047 0.42919 6 
-0.249026 -0.20853 -0.19007 0.456582 7 
-0.325289 -0.206951 -0.254748 0.486308 8 
-0.409303 -0.205211 -0.325181 0.51868 9 
-0.502311 -0.203285 -0.402175 0.554067 10 
-0.605841 -0.201141 -0.48669 0.59291 11 
-0.721784 -0.19874 -0.579886 0.635743 12 
-0.852515 -0.196033 -0.683171 0.683213 13 
-1.00106 -0.192957 -0.798278 0.736117 14 
-1.17131 -0.189432 -0.92736 0.795443 15 
-1.36842 -0.18535 -1.07313 0.862438 16 
-1.59929 -0.180569 -1.23903 0.93869 17 
-1.87338 -0.174893 -1.42957 1.02626 18 
-2.2041 -0.168045 -1.65066 1.12787 19 
6.40906 -0.735277 3.74632 2.01998 20 
8.32725 -0.921808 4.19069 2.4355 21 
12.5722 -1.3346 4.83515 3.03812 22 
29.902 -3.01981 5.85411 3.99091 23 
0.13591 -0.216501 0.147594 0.30139 40 
0.179937 -0.220142 0.188054 0.320712 41 
0.228419 -0.224152 0.232211 0.3418 42 
0.282066 -0.228588 0.280596 0.364906 43 
0.341751 -0.233524 0.333846 0.390336 44 
0.408555 -0.239048 0.392734 0.418458 45 
0.483831 -0.245274 0.458205 0.449724 46 
0.569301 -0.252342 0.531429 0.484693 47 
0.667185 -0.260436 0.61387 0.524063 48 
0.780399 -0.269799 0.707384 0.568721 49 
0.912852 -0.280753 0.814364 0.61981 50 
1.0699 -0.29374 0.937944 0.678826 51 
1.2591 -0.309387 1.08231 0.747769 52 
1.49145 -0.328602 1.25319 0.829374 53 
1.78362 -0.352763 1.45863 0.927483 54 
2.16209 -0.384062 1.71029 1.04767 55 
2.67176 -0.426211 2.02575 1.19831 56 
3.39515 -0.486033 2.43278 1.39269 57 
4.50234 -0.577596 2.97803 1.65308 58 
6.40906 -0.735277 3.74632 2.01998 59 
-2.2041 -0.168045 -1.65066 1.12787 60 
-2.42868 -0.172324 -1.75365 1.27771 61 
-2.73724 -0.178204 -1.88423 1.46767 62 
-3.18775 -0.186789 -2.05519 1.71637 63 
-3.90739 -0.200502 -2.28868 2.05604 64 
-5.24005 -0.225896 -2.62669 2.54777 65 
-8.55022 -0.288972 -3.15965 3.32309 66 
-30.8938 -0.714736 -4.12453 4.72676 67 
