-4 -0.631579 2 1 385.388 83.3231 
-4 -0.210526 2 1 9.71581 1.84234 
-4 0.210526 2 1 5.12559 0.846747 
-4 0.631579 2 1 3.57049 0.509456 
-4 1.05263 2 1 2.78816 0.339773 
-4 1.47368 2 1 2.31722 0.23763 
-4 1.89474 2 1 2.00262 0.169394 
-4 2.31579 2 1 1.77759 0.120586 
-4 2.73684 2 1 1.60864 0.0839422 
-4 3.15789 2 1 1.47713 0.0554191 
-4 3.57895 2 1 1.37186 0.0325866 
-4 4 2 1 1.28569 0.0138961 
4 -3.57895 2 1 -16.3082 1.43235 
4 -3.15789 2 1 -6.89875 0.529192 
4 -2.73684 2 1 -4.26356 0.276254 
4 -2.31579 2 1 -3.02339 0.157216 
4 -1.89474 2 1 -2.30233 0.0880058 
4 -1.47368 2 1 -1.83086 0.0427519 
4 -1.05263 2 1 -1.49851 0.0108512 
4 -0.631579 2 1 -1.25162 -0.0128467 
4 -0.210526 2 1 -1.06098 -0.0311453 
4 0.210526 2 1 -0.909333 -0.045701 
4 0.631579 2 1 -0.785827 -0.0575558 
4 1.05263 2 1 -0.683293 -0.0673975 
4 1.47368 2 1 -0.596807 -0.0756987 
4 1.89474 2 1 -0.522876 -0.082795 
4 2.31579 2 1 -0.458951 -0.0889309 
4 2.73684 2 1 -0.403128 -0.094289 
4 3.15789 2 1 -0.35396 -0.0990085 
4 3.57895 2 1 -0.310323 -0.103197 
4 4 2 1 -0.271334 -0.106939 
-4 4 2 1 1.28569 0.0138961 
-3.57895 4 2 1 1.15109 0.00345036 
-3.15789 4 2 1 1.02577 -0.00627535 
-2.73684 4 2 1 0.908797 -0.0153531 
-2.31579 4 2 1 0.799369 -0.0238454 
-1.89474 4 2 1 0.696777 -0.0318073 
-1.47368 4 2 1 0.600399 -0.0392869 
-1.05263 4 2 1 0.509687 -0.0463267 
-0.631579 4 2 1 0.424157 -0.0529645 
-0.210526 4 2 1 0.343376 -0.0592336 
0.210526 4 2 1 0.266959 -0.0651641 
0.631579 4 2 1 0.194563 -0.0707825 
1.05263 4 2 1 0.125878 -0.076113 
1.47368 4 2 1 0.0606252 -0.081177 
1.89474 4 2 1 -0.00144561 -0.0859942 
2.31579 4 2 1 -0.0605619 -0.090582 
2.73684 4 2 1 -0.11693 -0.0949565 
3.15789 4 2 1 -0.170736 -0.0991323 
3.57895 4 2 1 -0.222152 -0.103123 
4 4 2 1 -0.271334 -0.106939 
-4 -1.05263 6 1 9.10417 13.0073 
-4 -0.631579 6 1 4.67469 6.28284 
-4 -0.210526 6 1 3.23797 4.10175 
-4 0.210526 6 1 2.52684 3.02218 
-4 0.631579 6 1 2.10245 2.37792 
-4 1.05263 6 1 1.82047 1.94984 
-4 1.47368 6 1 1.61952 1.64477 
-4 1.89474 6 1 1.46906 1.41635 
-4 2.31579 6 1 1.35218 1.23892 
-4 2.73684 6 1 1.25877 1.09712 
-4 3.15789 6 1 1.18241 0.981187 
-4 3.57895 6 1 1.11881 0.884645 
-4 4 6 1 1.06503 0.803001 
4 -4 6 1 -7.86802 6.73614 
4 -3.57895 6 1 -4.81286 4.18965 
4 -3.15789 6 1 -3.40319 3.01468 
4 -2.73684 6 1 -2.59167 2.33828 
4 -2.31579 6 1 -2.06423 1.89865 
4 -1.89474 6 1 -1.69391 1.59 
4 -1.47368 6 1 -1.41962 1.36137 
4 -1.05263 6 1 -1.20829 1.18523 
4 -0.631579 6 1 -1.04047 1.04535 
4 -0.210526 6 1 -0.903975 0.931582 
4 0.210526 6 1 -0.790789 0.837241 
4 0.631579 6 1 -0.695409 0.757741 
4 1.05263 6 1 -0.613939 0.689836 
4 1.47368 6 1 -0.543544 0.631161 
4 1.89474 6 1 -0.482108 0.579954 
4 2.31579 6 1 -0.428024 0.534875 
4 2.73684 6 1 -0.380047 0.494886 
4 3.15789 6 1 -0.337197 0.45917 
4 3.57895 6 1 -0.298695 0.427078 
4 4 6 1 -0.26391 0.398085 
2.31579 -4 6 1 -116.168 147.876 
2.73684 -4 6 1 -21.3381 24.2908 
3.15789 -4 6 1 -12.764 13.1168 
3.57895 -4 6 1 -9.55073 8.92911 
4 -4 6 1 -7.86802 6.73614 
-4 4 6 1 1.06503 0.803001 
-3.57895 4 6 1 0.956658 0.76998 
-3.15789 4 6 1 0.854703 0.738915 
-2.73684 4 6 1 0.758614 0.709638 
-2.31579 4 6 1 0.667899 0.681998 
-1.89474 4 6 1 0.58212 0.655862 
-1.47368 4 6 1 0.500884 0.63111 
-1.05263 4 6 1 0.42384 0.607636 
-0.631579 4 6 1 0.350672 0.585342 
-0.210526 4 6 1 0.281093 0.564142 
0.210526 4 6 1 0.214847 0.543958 
0.631579 4 6 1 0.151699 0.524717 
1.05263 4 6 1 0.0914379 0.506356 
1.47368 4 6 1 0.0338691 0.488815 
1.89474 4 6 1 -0.0211836 0.472041 
2.31579 4 6 1 -0.0738816 0.455985 
2.73684 4 6 1 -0.124373 0.440601 
3.15789 4 6 1 -0.172793 0.425847 
3.57895 4 6 1 -0.219267 0.411687 
4 4 6 1 -0.26391 0.398085 
