0.620724 -0.187458 0.531082 0.457567 0 
0.555504 -0.194971 0.468378 0.455911 1 
0.489108 -0.202619 0.404599 0.454226 2 
0.421502 -0.210406 0.339719 0.452513 3 
0.352653 -0.218337 0.273707 0.450769 4 
0.282527 -0.226414 0.206535 0.448995 5 
0.211089 -0.234643 0.13817 0.447189 6 
0.1383 -0.243027 0.0685825 0.445351 7 
0.0641219 -0.251572 -0.00226225 0.443479 8 
-0.0114849 -0.260281 -0.0743983 0.441574 9 
-0.0885624 -0.269159 -0.147861 0.439633 10 
-0.167154 -0.278212 -0.222688 0.437657 11 
-0.247305 -0.287444 -0.298917 0.435643 12 
-0.329061 -0.296861 -0.376587 0.433592 13 
-0.412472 -0.306469 -0.455741 0.431501 14 
-0.497589 -0.316274 -0.536421 0.42937 15 
-0.584464 -0.326281 -0.618672 0.427197 16 
-0.673152 -0.336496 -0.70254 0.424982 17 
-0.763712 -0.346928 -0.788072 0.422723 18 
-0.856201 -0.357581 -0.875321 0.420418 19 
0.620724 -0.187458 0.531082 0.457567 40 
0.676543 -0.19486 0.577518 0.496636 41 
0.741474 -0.20347 0.631099 0.541715 42 
0.817946 -0.213611 0.69361 0.594307 43 
0.909336 -0.22573 0.767488 0.656463 44 
1.02048 -0.240469 0.856141 0.73105 45 
1.15857 -0.25878 0.964497 0.822213 46 
1.33473 -0.282141 1.09994 0.936168 47 
1.56725 -0.312974 1.27409 1.08269 48 
1.88831 -0.355549 1.5063 1.27805 49 
2.36038 -0.418149 1.8314 1.55156 50 
3.12276 -0.519248 2.31907 1.96185 51 
4.56219 -0.710126 3.13191 2.64573 52 
8.30078 -1.20589 4.75785 4.01367 53 
41.696 -5.63435 9.63756 8.11912 54 
-0.856201 -0.357581 -0.875321 0.420418 60 
-0.924135 -0.382297 -0.940526 0.464368 61 
-1.00586 -0.412031 -1.01803 0.516611 62 
-1.10605 -0.448483 -1.11169 0.579739 63 
-1.23176 -0.494219 -1.22713 0.65755 64 
-1.39416 -0.553306 -1.37296 0.755839 65 
-1.61207 -0.632587 -1.56297 0.883917 66 
-1.9198 -0.744548 -1.82087 1.05774 67 
-2.38731 -0.914643 -2.19091 1.30716 68 
-3.18269 -1.20402 -2.76657 1.69518 69 
-4.83706 -1.80594 -3.7852 2.38176 70 
-10.3756 -3.821 -6.07779 3.92703 71 
