0.655027 -0.123282 0.568445 0.539532 0 
0.586869 -0.13069 0.502172 0.53627 1 
0.517877 -0.138188 0.435117 0.532969 2 
0.448037 -0.145778 0.367267 0.52963 3 
0.377333 -0.153462 0.298607 0.52625 4 
0.305748 -0.161242 0.229123 0.52283 5 
0.233266 -0.169119 0.1588 0.519368 6 
0.15987 -0.177095 0.0876224 0.515864 7 
0.0855434 -0.185173 0.0155746 0.512318 8 
0.0102672 -0.193354 -0.0573594 0.508728 9 
-0.0659766 -0.20164 -0.131196 0.505093 10 
-0.143207 -0.210034 -0.205952 0.501413 11 
-0.221442 -0.218536 -0.281645 0.497687 12 
-0.300703 -0.22715 -0.358292 0.493914 13 
-0.381009 -0.235878 -0.435912 0.490094 14 
-0.462382 -0.244721 -0.514524 0.486224 15 
-0.544842 -0.253683 -0.594145 0.482305 16 
-0.628412 -0.262766 -0.674797 0.478335 17 
-0.713115 -0.271971 -0.756499 0.474313 18 
-0.798973 -0.281302 -0.839272 0.470239 19 
0.655027 -0.123282 0.568445 0.539532 40 
0.711868 -0.128138 0.616698 0.584286 41 
0.778256 -0.13381 0.672727 0.636252 42 
0.856818 -0.140521 0.738577 0.697326 43 
0.95124 -0.148588 0.817078 0.770135 44 
1.06686 -0.158466 0.912264 0.858418 45 
1.21173 -0.170842 1.03009 0.967697 46 
1.39855 -0.186802 1.17971 1.10647 47 
1.64862 -0.208166 1.37602 1.28854 48 
2.00061 -0.238237 1.6449 1.53793 49 
2.53279 -0.283701 2.03573 1.90041 50 
3.4311 -0.360445 2.65579 2.4755 51 
5.27152 -0.517673 3.79043 3.52786 52 
11.1701 -1.0216 6.53457 6.073 53 
-0.798973 -0.281302 -0.839272 0.470239 60 
-0.862656 -0.300813 -0.903655 0.51517 61 
-0.938691 -0.324107 -0.979945 0.568412 62 
-1.03106 -0.352406 -1.07178 0.632503 63 
-1.14565 -0.387514 -1.18446 0.711136 64 
-1.29159 -0.432225 -1.32597 0.809894 65 
-1.48377 -0.491104 -1.50901 0.937637 66 
-1.74832 -0.572153 -1.75502 1.10932 67 
-2.13558 -0.690799 -2.10322 1.35232 68 
-2.75673 -0.881101 -2.63399 1.72274 69 
-3.91531 -1.23606 -3.54194 2.35638 70 
-6.84064 -2.13229 -5.45068 3.68844 71 
-28.5454 -8.782 -12.0466 8.29158 72 
