17.2003 -5.43278 4.19632 2.82185 7 
6.19429 -2.05144 2.98344 1.91995 8 
3.82103 -1.32231 2.32923 1.43348 9 
2.78488 -1.00398 1.91996 1.12915 10 
2.2042 -0.825575 1.63975 0.920785 11 
1.83278 -0.711464 1.43587 0.769182 12 
1.57477 -0.632198 1.28087 0.653926 13 
1.38511 -0.573929 1.15906 0.563345 14 
1.23982 -0.529291 1.0608 0.490281 15 
1.12495 -0.494002 0.979867 0.430101 16 
1.03186 -0.465402 0.912051 0.379673 17 
0.954894 -0.441755 0.8544 0.336804 18 
0.89019 -0.421877 0.804789 0.299913 19 
-29.0281 -6.16202 -4.62689 3.45023 24 
-7.49987 -1.75634 -3.11132 2.29284 25 
-4.25456 -1.0922 -2.32664 1.69361 26 
-2.94385 -0.823969 -1.84686 1.32721 27 
-2.23507 -0.678921 -1.52318 1.08003 28 
-1.79101 -0.588045 -1.29007 0.902013 29 
-1.4867 -0.52577 -1.11419 0.767697 30 
-1.26514 -0.480428 -0.97676 0.662749 31 
-1.09662 -0.44594 -0.86642 0.578486 32 
-0.964123 -0.418826 -0.775877 0.509341 33 
-0.857218 -0.396948 -0.700242 0.451581 34 
-0.769143 -0.378924 -0.636112 0.402607 35 
-0.695325 -0.363817 -0.581049 0.360557 36 
-0.632562 -0.350973 -0.533256 0.324059 37 
-0.578543 -0.339918 -0.491383 0.292082 38 
-0.53156 -0.330303 -0.454394 0.263835 39 
0.89019 -0.421877 0.804789 0.299913 60 
0.7997 -0.416048 0.726361 0.297666 61 
0.71129 -0.410354 0.649516 0.295464 62 
0.624889 -0.404789 0.574205 0.293306 63 
0.540429 -0.399349 0.500383 0.291191 64 
0.457847 -0.39403 0.428007 0.289118 65 
0.377079 -0.388828 0.357034 0.287084 66 
0.298067 -0.383739 0.287424 0.28509 67 
0.220754 -0.378759 0.219138 0.283133 68 
0.145086 -0.373885 0.152139 0.281213 69 
0.0710115 -0.369114 0.086391 0.279329 70 
-0.00152015 -0.364443 0.0218587 0.27748 71 
-0.0725564 -0.359867 -0.0414911 0.275665 72 
-0.142143 -0.355385 -0.103691 0.273883 73 
-0.210324 -0.350994 -0.164771 0.272133 74 
-0.277141 -0.34669 -0.224761 0.270414 75 
-0.342635 -0.342472 -0.283692 0.268726 76 
-0.406845 -0.338336 -0.34159 0.267067 77 
-0.469808 -0.334281 -0.398482 0.265437 78 
-0.53156 -0.330303 -0.454394 0.263835 79 
