-0.595097 0.24607 -0.550005 0.960046 20 
-0.527497 0.240455 -0.479465 0.959254 21 
-0.458972 0.234763 -0.407922 0.958451 22 
-0.389502 0.228993 -0.335354 0.957636 23 
-0.319069 0.223142 -0.26174 0.95681 24 
-0.247651 0.21721 -0.187055 0.955971 25 
-0.175228 0.211194 -0.111278 0.955121 26 
-0.101779 0.205093 -0.0343828 0.954257 27 
-0.027282 0.198905 0.0436544 0.953381 28 
0.0482862 0.192628 0.12286 0.952492 29 
0.124949 0.18626 0.203259 0.951589 30 
0.202729 0.179799 0.28488 0.950673 31 
0.281653 0.173243 0.367751 0.949742 32 
0.361744 0.16659 0.4519 0.948798 33 
0.44303 0.159838 0.537357 0.947838 34 
0.525537 0.152985 0.624154 0.946864 35 
0.609293 0.146028 0.712322 0.945874 36 
0.694326 0.138964 0.801893 0.944868 37 
0.780666 0.131792 0.892901 0.943846 38 
0.868344 0.12451 0.985382 0.942808 39 
-9.61198 2.85564 -18.0603 25.6293 46 
-4.75956 1.45131 -5.80816 8.36798 47 
-3.14062 0.98277 -3.42814 5.0149 48 
-2.33088 0.748423 -2.4151 3.58767 49 
-1.84495 0.607788 -1.85409 2.7973 50 
-1.52095 0.514022 -1.49774 2.29526 51 
-1.28951 0.44704 -1.25134 1.94813 52 
-1.11592 0.396802 -1.07081 1.69378 53 
-0.980899 0.357725 -0.932842 1.4994 54 
-0.872879 0.326463 -0.823975 1.34603 55 
-0.784496 0.300884 -0.73588 1.22192 56 
-0.710842 0.279568 -0.66313 1.11942 57 
-0.648518 0.261531 -0.602036 1.03335 58 
-0.595097 0.24607 -0.550005 0.960046 59 
7.88477 0.849507 15.1863 15.3331 68 
4.3547 0.48475 6.23925 6.26676 69 
3.02719 0.34758 3.9536 3.95063 70 
2.33101 0.275644 2.90805 2.89113 71 
1.90231 0.231348 2.30872 2.2838 72 
1.61178 0.201328 1.92019 1.89009 73 
1.40189 0.17964 1.64788 1.61415 74 
1.24316 0.163239 1.44643 1.41001 75 
1.11892 0.150401 1.29136 1.25287 76 
1.01903 0.140079 1.16831 1.12817 77 
0.936961 0.1316 1.06829 1.02682 78 
0.868344 0.12451 0.985382 0.942808 79 
