2.97888 0.784434 4.93604 5.01971 0 
2.43105 0.699657 3.67724 4.00656 1 
2.01259 0.634901 2.85211 3.34246 2 
1.68252 0.583822 2.26948 2.87352 3 
1.4155 0.542502 1.83614 2.52475 4 
1.19505 0.508387 1.50122 2.25519 5 
1.00996 0.479744 1.23462 2.04062 6 
0.852347 0.455354 1.01737 1.86576 7 
0.716524 0.434336 0.83692 1.72053 8 
0.598262 0.416035 0.684655 1.59798 9 
0.494361 0.399956 0.554449 1.49318 10 
0.402356 0.385718 0.441832 1.40254 11 
0.320314 0.373022 0.343466 1.32337 12 
0.2467 0.361631 0.256806 1.25363 13 
0.180279 0.351352 0.17988 1.19171 14 
0.120045 0.342031 0.111136 1.13638 15 
0.0651727 0.33354 0.0493338 1.08664 16 
0.0149767 0.325772 -0.00652755 1.04168 17 
-0.0311164 0.318639 -0.0572652 1.00085 18 
-0.0735901 0.312066 -0.103553 0.963591 19 
-6.71489 1.08882 -136.13 120.315 37 
-5.24288 0.842459 -17.8988 15.0906 38 
-4.38348 0.698625 -10.0622 8.11603 39 
2.97888 0.784434 4.93604 5.01971 40 
3.3932 0.898064 6.53961 6.93951 41 
4.01738 1.06925 10.2827 11.4208 42 
5.06498 1.35657 29.0287 33.8636 43 
-0.0735901 0.312066 -0.103553 0.963591 60 
-0.1183 0.316076 -0.155248 1.00072 61 
-0.167186 0.320461 -0.212393 1.04176 62 
-0.220859 0.325275 -0.275897 1.08737 63 
-0.28006 0.330585 -0.346887 1.13836 64 
-0.34569 0.336471 -0.426767 1.19573 65 
-0.418855 0.343033 -0.51732 1.26076 66 
-0.500933 0.350395 -0.620836 1.33511 67 
-0.593657 0.358712 -0.740316 1.42092 68 
-0.699242 0.368182 -0.87976 1.52108 69 
-0.820565 0.379063 -1.04463 1.63949 70 
-0.961426 0.391697 -1.24257 1.78165 71 
-1.12696 0.406544 -1.48465 1.95552 72 
-1.32427 0.424241 -1.78748 2.17301 73 
-1.56347 0.445695 -2.17721 2.45292 74 
-1.8595 0.472246 -2.69751 2.82661 75 
-2.23534 0.505956 -3.4272 3.35069 76 
-2.72828 0.550168 -4.52455 4.13882 77 
-3.40315 0.610698 -6.36095 5.45776 78 
-4.38348 0.698625 -10.0622 8.11603 79 
