-4 0.210526 2 1 21.5581 6.03761 
-4 0.631579 2 1 7.42874 1.90549 
-4 1.05263 2 1 4.68052 1.10178 
-4 1.47368 2 1 3.5104 0.759581 
-4 1.89474 2 1 2.86231 0.570049 
-4 2.31579 2 1 2.45063 0.449652 
-4 2.73684 2 1 2.16595 0.366398 
-4 3.15789 2 1 1.95736 0.305395 
-4 3.57895 2 1 1.79794 0.258775 
-4 4 2 1 1.67215 0.221987 
4 -4 2 1 -8.52001 0.51448 
4 -3.57895 2 1 -5.16396 0.292132 
4 -3.15789 2 1 -3.61273 0.189359 
4 -2.73684 2 1 -2.71893 0.130143 
4 -2.31579 2 1 -2.13771 0.0916355 
4 -1.89474 2 1 -1.7295 0.0645904 
4 -1.47368 2 1 -1.42706 0.0445526 
4 -1.05263 2 1 -1.19399 0.0291112 
4 -0.631579 2 1 -1.00888 0.0168474 
4 -0.210526 2 1 -0.858311 0.00687177 
4 0.210526 2 1 -0.733439 -0.00140135 
4 0.631579 2 1 -0.628202 -0.00837356 
4 1.05263 2 1 -0.538307 -0.0143293 
4 1.47368 2 1 -0.460627 -0.0194759 
4 1.89474 2 1 -0.392831 -0.0239676 
4 2.31579 2 1 -0.333144 -0.027922 
4 2.73684 2 1 -0.280195 -0.03143 
4 3.15789 2 1 -0.232903 -0.0345632 
4 3.57895 2 1 -0.190407 -0.0373787 
4 4 2 1 -0.152014 -0.0399223 
3.15789 -4 2 1 -23.5807 2.22479 
3.57895 -4 2 1 -12.1011 0.921156 
4 -4 2 1 -8.52001 0.51448 
-4 4 2 1 1.67215 0.221987 
-3.57895 4 2 1 1.4747 0.193637 
-3.15789 4 2 1 1.29914 0.168431 
-2.73684 4 2 1 1.14203 0.145873 
-2.31579 4 2 1 1.0006 0.125568 
-1.89474 4 2 1 0.87262 0.107192 
-1.47368 4 2 1 0.756254 0.0904846 
-1.05263 4 2 1 0.649991 0.0752277 
-0.631579 4 2 1 0.552571 0.0612402 
-0.210526 4 2 1 0.462933 0.0483702 
0.210526 4 2 1 0.38018 0.0364889 
0.631579 4 2 1 0.30355 0.0254864 
1.05263 4 2 1 0.232386 0.0152689 
1.47368 4 2 1 0.166124 0.00575517 
1.89474 4 2 1 0.104275 -0.00312506 
2.31579 4 2 1 0.0464106 -0.011433 
2.73684 4 2 1 -0.00784081 -0.0192223 
3.15789 4 2 1 -0.0588078 -0.0265401 
3.57895 4 2 1 -0.10678 -0.0334278 
4 4 2 1 -0.152014 -0.0399223 
-4 -0.210526 6 1 9.26585 14.4466 
-4 0.210526 6 1 4.86937 7.06736 
-4 0.631579 6 1 3.43355 4.65739 
-4 1.05263 6 1 2.72107 3.46154 
-4 1.47368 6 1 2.29531 2.74692 
-4 1.89474 6 1 2.01219 2.2717 
-4 2.31579 6 1 1.8103 1.93285 
-4 2.73684 6 1 1.65908 1.67903 
-4 3.15789 6 1 1.54157 1.4818 
-4 3.57895 6 1 1.44764 1.32414 
-4 4 6 1 1.37083 1.19522 
4 -4 6 1 -4.82372 3.70894 
4 -3.57895 6 1 -3.53299 2.8057 
4 -3.15789 6 1 -2.73813 2.24946 
4 -2.73684 6 1 -2.19942 1.87248 
4 -2.31579 6 1 -1.81023 1.60013 
4 -1.89474 6 1 -1.5159 1.39415 
4 -1.47368 6 1 -1.28551 1.23293 
4 -1.05263 6 1 -1.10027 1.1033 
4 -0.631579 6 1 -0.948088 0.996804 
4 -0.210526 6 1 -0.820843 0.907759 
4 0.210526 6 1 -0.712868 0.832199 
4 0.631579 6 1 -0.620095 0.767277 
4 1.05263 6 1 -0.539524 0.710894 
4 1.47368 6 1 -0.468896 0.661469 
4 1.89474 6 1 -0.406478 0.61779 
4 2.31579 6 1 -0.350917 0.578909 
4 2.73684 6 1 -0.301142 0.544076 
4 3.15789 6 1 -0.256293 0.512692 
4 3.57895 6 1 -0.215675 0.484267 
4 4 6 1 -0.178714 0.458402 
1.89474 -4 6 1 -41.9982 50.8264 
2.31579 -4 6 1 -13.6388 14.8817 
2.73684 -4 6 1 -8.70452 8.62772 
3.15789 -4 6 1 -6.65471 6.02966 
3.57895 -4 6 1 -5.53215 4.60685 
4 -4 6 1 -4.82372 3.70894 
-4 4 6 1 1.37083 1.19522 
-3.57895 4 6 1 1.21419 1.12074 
-3.15789 4 6 1 1.07279 1.0535 
-2.73684 4 6 1 0.944514 0.992505 
-2.31579 4 6 1 0.827615 0.936919 
-1.89474 4 6 1 0.720643 0.886053 
-1.47368 4 6 1 0.622387 0.839331 
-1.05263 4 6 1 0.531821 0.796267 
-0.631579 4 6 1 0.448078 0.756446 
-0.210526 4 6 1 0.370414 0.719517 
0.210526 4 6 1 0.298191 0.685174 
0.631579 4 6 1 0.230855 0.653156 
1.05263 4 6 1 0.167929 0.623234 
1.47368 4 6 1 0.108991 0.595208 
1.89474 4 6 1 0.053674 0.568905 
2.31579 4 6 1 0.00165507 0.544169 
2.73684 4 6 1 -0.0473527 0.520866 
3.15789 4 6 1 -0.0936033 0.498873 
3.57895 4 6 1 -0.137323 0.478084 
4 4 6 1 -0.178714 0.458402 
