0.272512 -0.0617076 0.243287 0.440269 0 
0.226113 -0.0580191 0.200939 0.456016 1 
0.177078 -0.054121 0.156439 0.472562 2 
0.125176 -0.049995 0.10962 0.489972 3 
0.0701481 -0.0456206 0.0602932 0.508313 4 
0.0117028 -0.0409744 0.00825364 0.527664 5 
-0.0504882 -0.0360305 -0.0467294 0.548109 6 
-0.116797 -0.0307592 -0.104913 0.569744 7 
-0.187647 -0.025127 -0.166585 0.592676 8 
-0.26352 -0.0190954 -0.232068 0.617025 9 
-0.344972 -0.0126204 -0.301728 0.642927 10 
-0.432639 -0.0056512 -0.375977 0.670536 11 
-0.527263 0.00187097 -0.455284 0.700025 12 
-0.629705 0.0100147 -0.540184 0.731594 13 
-0.740976 0.0188602 -0.63129 0.765471 14 
-0.862269 0.0285025 -0.729309 0.801918 15 
-0.995001 0.0390541 -0.835058 0.84124 16 
-1.14087 0.0506502 -0.949489 0.88379 17 
-1.30193 0.0634538 -1.07372 0.929983 18 
-1.48069 0.077664 -1.20906 0.980309 19 
34.2176 5.96093 5.86569 5.11272 20 
0.272512 -0.0617076 0.243287 0.440269 40 
0.31615 -0.0539651 0.280913 0.471538 41 
0.364789 -0.0453354 0.322374 0.505994 42 
0.419342 -0.0356564 0.368288 0.54415 43 
0.480957 -0.0247246 0.419413 0.586637 44 
0.551099 -0.0122798 0.47669 0.634236 45 
0.631671 0.00201542 0.541299 0.687929 46 
0.725185 0.018607 0.614745 0.748966 47 
0.835032 0.0380964 0.698975 0.818964 48 
0.965902 0.0613157 0.796551 0.900054 49 
1.12447 0.0894487 0.910918 0.995098 50 
1.32056 0.12424 1.04682 1.10804 51 
1.56929 0.16837 1.21097 1.24445 52 
1.89514 0.226183 1.41319 1.41251 53 
2.34054 0.305209 1.66848 1.62466 54 
2.98611 0.419747 2.00087 1.90089 55 
4.00584 0.60067 2.4515 2.27539 56 
5.85778 0.929246 3.09712 2.81193 57 
10.2629 1.71082 4.09923 3.64472 58 
34.2176 5.96093 5.86569 5.11272 59 
-1.48069 0.077664 -1.20906 0.980309 60 
-1.59199 0.110798 -1.27234 1.09116 61 
-1.7329 0.152747 -1.34868 1.22488 62 
-1.91706 0.207568 -1.4426 1.38939 63 
-2.16796 0.282259 -1.56094 1.59669 64 
-2.52994 0.390018 -1.71467 1.86597 65 
-3.09773 0.559042 -1.92243 2.22991 66 
-4.11654 0.862334 -2.21882 2.74908 67 
-6.47794 1.5653 -2.67588 3.54971 68 
-17.9618 4.98395 -3.47286 4.94578 69 
