-4 -4 2 1 -0.851455 0.274345 
-4 -3.57895 2 1 -0.912164 0.284542 
-4 -3.15789 2 1 -0.983974 0.296602 
-4 -2.73684 2 1 -1.07023 0.31109 
-4 -2.31579 2 1 -1.1758 0.328819 
-4 -1.89474 2 1 -1.30796 0.351015 
-4 -1.47368 2 1 -1.47821 0.37961 
-4 -1.05263 2 1 -1.70581 0.417835 
-4 -0.631579 2 1 -2.02558 0.471541 
-4 -0.210526 2 1 -2.50775 0.552522 
-4 0.210526 2 1 -3.31812 0.688624 
-4 0.631579 2 1 -4.96469 0.965168 
-4 1.05263 2 1 -10.1212 1.83121 
4 -4 2 1 0.53965 0.335018 
4 -3.57895 2 1 0.586786 0.34792 
4 -3.15789 2 1 0.641099 0.362787 
4 -2.73684 2 1 0.704361 0.380104 
4 -2.31579 2 1 0.778985 0.400531 
4 -1.89474 2 1 0.868333 0.424988 
4 -1.47368 2 1 0.977238 0.454798 
4 -1.05263 2 1 1.11291 0.491936 
4 -0.631579 2 1 1.28661 0.539482 
4 -0.210526 2 1 1.51692 0.602524 
4 0.210526 2 1 1.8369 0.690112 
4 0.631579 2 1 2.31159 0.820048 
4 1.05263 2 1 3.08896 1.03284 
4 1.47368 2 1 4.59401 1.44481 
4 1.89474 2 1 8.74743 2.58172 
4 2.31579 2 1 73.7212 20.3669 
-4 -4 2 1 -0.851455 0.274345 
-3.57895 -4 2 1 -0.766558 0.278048 
-3.15789 -4 2 1 -0.683152 0.281686 
-2.73684 -4 2 1 -0.6012 0.28526 
-2.31579 -4 2 1 -0.520662 0.288773 
-1.89474 -4 2 1 -0.441503 0.292225 
-1.47368 -4 2 1 -0.363689 0.295619 
-1.05263 -4 2 1 -0.287183 0.298956 
-0.631579 -4 2 1 -0.211955 0.302237 
-0.210526 -4 2 1 -0.137972 0.305464 
0.210526 -4 2 1 -0.0652037 0.308637 
0.631579 -4 2 1 0.0063797 0.31176 
1.05263 -4 2 1 0.0768069 0.314831 
1.47368 -4 2 1 0.146106 0.317854 
1.89474 -4 2 1 0.214303 0.320828 
2.31579 -4 2 1 0.281425 0.323755 
2.73684 -4 2 1 0.347496 0.326637 
3.15789 -4 2 1 0.412542 0.329474 
3.57895 -4 2 1 0.476586 0.332267 
4 -4 2 1 0.53965 0.335018 
-4 -4 6 1 -1.01668 1.14793 
-4 -3.57895 6 1 -1.10219 1.24356 
-4 -3.15789 6 1 -1.20589 1.35953 
-4 -2.73684 6 1 -1.33425 1.50307 
-4 -2.31579 6 1 -1.49726 1.68538 
-4 -1.89474 6 1 -1.71115 1.92459 
-4 -1.47368 6 1 -2.00416 2.25226 
-4 -1.05263 6 1 -2.43011 2.72862 
-4 -0.631579 6 1 -3.10606 3.48457 
-4 -0.210526 6 1 -4.34351 4.86846 
-4 0.210526 6 1 -7.33912 8.21857 
-4 0.631579 6 1 -25.0311 28.0042 
4 -4 6 1 0.557607 1.07428 
4 -3.57895 6 1 0.61189 1.14739 
4 -3.15789 6 1 0.675528 1.23311 
4 -2.73684 6 1 0.751166 1.33498 
4 -2.31579 6 1 0.842553 1.45807 
4 -1.89474 6 1 0.955177 1.60976 
4 -1.47368 6 1 1.09742 1.80133 
4 -1.05263 6 1 1.28272 2.05091 
4 -0.631579 6 1 1.53413 2.38953 
4 -0.210526 6 1 1.8947 2.87517 
4 0.210526 6 1 2.45526 3.63018 
4 0.631579 6 1 3.44603 4.96461 
4 1.05263 6 1 5.67061 7.96083 
4 1.47368 6 1 15.2368 20.8452 
-4 -4 6 1 -1.01668 1.14793 
-3.57895 -4 6 1 -0.918849 1.14335 
-3.15789 -4 6 1 -0.822962 1.13887 
-2.73684 -4 6 1 -0.728962 1.13447 
-2.31579 -4 6 1 -0.636795 1.13016 
-1.89474 -4 6 1 -0.546408 1.12593 
-1.47368 -4 6 1 -0.457748 1.12178 
-1.05263 -4 6 1 -0.370768 1.11771 
-0.631579 -4 6 1 -0.28542 1.11372 
-0.210526 -4 6 1 -0.201658 1.1098 
0.210526 -4 6 1 -0.119439 1.10596 
0.631579 -4 6 1 -0.0387204 1.10218 
1.05263 -4 6 1 0.0405385 1.09847 
1.47368 -4 6 1 0.118377 1.09483 
1.89474 -4 6 1 0.194833 1.09125 
2.31579 -4 6 1 0.269942 1.08774 
2.73684 -4 6 1 0.343741 1.08429 
3.15789 -4 6 1 0.416263 1.08089 
3.57895 -4 6 1 0.487541 1.07756 
4 -4 6 1 0.557607 1.07428 
