-4 -4 2 1 0.663371 -0.103284 
-4 -3.57895 2 1 0.59442 -0.110663 
-4 -3.15789 2 1 0.524728 -0.118121 
-4 -2.73684 2 1 0.454284 -0.125659 
-4 -2.31579 2 1 0.383075 -0.13328 
-4 -1.89474 2 1 0.311088 -0.140983 
-4 -1.47368 2 1 0.238311 -0.148771 
-4 -1.05263 2 1 0.164732 -0.156645 
-4 -0.631579 2 1 0.0903351 -0.164606 
-4 -0.210526 2 1 0.0151084 -0.172657 
-4 0.210526 2 1 -0.0609625 -0.180797 
-4 0.631579 2 1 -0.137892 -0.18903 
-4 1.05263 2 1 -0.215695 -0.197356 
-4 1.47368 2 1 -0.294385 -0.205777 
-4 1.89474 2 1 -0.373979 -0.214294 
-4 2.31579 2 1 -0.454492 -0.22291 
-4 2.73684 2 1 -0.53594 -0.231626 
-4 3.15789 2 1 -0.61834 -0.240444 
-4 3.57895 2 1 -0.701708 -0.249365 
-4 4 2 1 -0.786061 -0.258392 
-4 -4 2 1 0.663371 -0.103284 
-3.57895 -4 2 1 0.720466 -0.107191 
-3.15789 -4 2 1 0.78722 -0.111758 
-2.73684 -4 2 1 0.866311 -0.117169 
-2.31579 -4 2 1 0.961508 -0.123682 
-1.89474 -4 2 1 1.07829 -0.131672 
-1.47368 -4 2 1 1.22493 -0.141705 
-1.05263 -4 2 1 1.41456 -0.154679 
-0.631579 -4 2 1 1.66934 -0.172111 
-0.210526 -4 2 1 2.02981 -0.196773 
0.210526 -4 2 1 2.57892 -0.234342 
0.631579 -4 2 1 3.51727 -0.298542 
1.05263 -4 2 1 5.48586 -0.433229 
1.47368 -4 2 1 12.2467 -0.895792 
-4 4 2 1 -0.786061 -0.258392 
-3.57895 4 2 1 -0.848845 -0.27635 
-3.15789 4 2 1 -0.923672 -0.297753 
-2.73684 4 2 1 -1.01438 -0.323697 
-2.31579 4 2 1 -1.12661 -0.355798 
-1.89474 4 2 1 -1.26907 -0.396545 
-1.47368 4 2 1 -1.45586 -0.449973 
-1.05263 4 2 1 -1.7115 -0.523094 
-0.631579 4 2 1 -2.08266 -0.629253 
-0.210526 4 2 1 -2.67046 -0.79738 
0.210526 4 2 1 -3.74278 -1.10409 
0.631579 4 2 1 -6.31876 -1.84089 
1.05263 4 2 1 -20.98 -6.03441 
-4 -4 6 1 0.577992 0.564631 
-4 -3.57895 6 1 0.510741 0.560938 
-4 -3.15789 6 1 0.44279 0.557207 
-4 -2.73684 6 1 0.374129 0.553437 
-4 -2.31579 6 1 0.304746 0.549627 
-4 -1.89474 6 1 0.234629 0.545777 
-4 -1.47368 6 1 0.163767 0.541887 
-4 -1.05263 6 1 0.0921483 0.537954 
-4 -0.631579 6 1 0.0197603 0.533979 
-4 -0.210526 6 1 -0.0534094 0.529962 
-4 0.210526 6 1 -0.127373 0.525901 
-4 0.631579 6 1 -0.202145 0.521795 
-4 1.05263 6 1 -0.277737 0.517644 
-4 1.47368 6 1 -0.354163 0.513448 
-4 1.89474 6 1 -0.431438 0.509205 
-4 2.31579 6 1 -0.509575 0.504915 
-4 2.73684 6 1 -0.588589 0.500576 
-4 3.15789 6 1 -0.668494 0.496189 
-4 3.57895 6 1 -0.749307 0.491751 
-4 4 6 1 -0.831042 0.487263 
-4 -4 6 1 0.577992 0.564631 
-3.57895 -4 6 1 0.626751 0.611216 
-3.15789 -4 6 1 0.683463 0.665399 
-2.73684 -4 6 1 0.750246 0.729204 
-2.31579 -4 6 1 0.830044 0.805444 
-1.89474 -4 6 1 0.927072 0.898146 
-1.47368 -4 6 1 1.04759 1.01329 
-1.05263 -4 6 1 1.20129 1.16014 
-0.631579 -4 6 1 1.40408 1.35389 
-0.210526 -4 6 1 1.68395 1.62127 
0.210526 -4 6 1 2.09513 2.01412 
0.631579 -4 6 1 2.75839 2.64781 
1.05263 -4 6 1 4.00797 3.84168 
1.47368 -4 6 1 7.23728 6.927 
1.89474 -4 6 1 35.0811 33.5293 
-4 4 6 1 -0.831042 0.487263 
-3.57895 4 6 1 -0.895284 0.532806 
-3.15789 4 6 1 -0.971349 0.586731 
-2.73684 4 6 1 -1.06283 0.651586 
-2.31579 4 6 1 -1.17495 0.731069 
-1.89474 4 6 1 -1.31557 0.830758 
-1.47368 4 6 1 -1.49715 0.959482 
-1.05263 4 6 1 -1.74062 1.13208 
-0.631579 4 6 1 -2.08414 1.37561 
-0.210526 4 6 1 -2.60532 1.74509 
0.210526 4 6 1 -3.49005 2.3723 
0.631579 4 6 1 -5.3225 3.67136 
1.05263 4 6 1 -11.3814 7.9667 
