-4 -4 2 1 -0.703506 0.194854 
-4 -3.57895 2 1 -0.755163 0.195305 
-4 -3.15789 2 1 -0.815375 0.19583 
-4 -2.73684 2 1 -0.886456 0.196451 
-4 -2.31579 2 1 -0.971642 0.197194 
-4 -1.89474 2 1 -1.07559 0.198101 
-4 -1.47368 2 1 -1.20528 0.199233 
-4 -1.05263 2 1 -1.37161 0.200685 
-4 -0.631579 2 1 -1.59266 0.202614 
-4 -0.210526 2 1 -1.90077 0.205303 
-4 0.210526 2 1 -2.35996 0.209311 
-4 0.631579 2 1 -3.11744 0.215922 
-4 1.05263 2 1 -4.60375 0.228894 
-4 1.47368 2 1 -8.8458 0.265917 
-4 1.89474 2 1 -120.908 1.24395 
4 -4 2 1 0.65074 0.241046 
4 -3.57895 2 1 0.701096 0.244911 
4 -3.15789 2 1 0.759524 0.249396 
4 -2.73684 2 1 0.828135 0.254662 
4 -2.31579 2 1 0.909842 0.260934 
4 -1.89474 2 1 1.00879 0.268529 
4 -1.47368 2 1 1.13109 0.277916 
4 -1.05263 2 1 1.28611 0.289814 
4 -0.631579 2 1 1.48899 0.305387 
4 -0.210526 2 1 1.76596 0.326646 
4 0.210526 2 1 2.16667 0.357403 
4 0.631579 2 1 2.7979 0.405853 
4 1.05263 2 1 3.93886 0.493429 
4 1.47368 2 1 6.62516 0.699617 
4 1.89474 2 1 20.5828 1.77094 
-4 -4 2 1 -0.703506 0.194854 
-3.57895 -4 2 1 -0.630324 0.19735 
-3.15789 -4 2 1 -0.557359 0.199839 
-2.73684 -4 2 1 -0.48461 0.20232 
-2.31579 -4 2 1 -0.412076 0.204794 
-1.89474 -4 2 1 -0.339757 0.207261 
-1.47368 -4 2 1 -0.267651 0.209721 
-1.05263 -4 2 1 -0.195757 0.212173 
-0.631579 -4 2 1 -0.124075 0.214618 
-0.210526 -4 2 1 -0.0526029 0.217056 
0.210526 -4 2 1 0.0186594 0.219487 
0.631579 -4 2 1 0.0897131 0.22191 
1.05263 -4 2 1 0.160559 0.224327 
1.47368 -4 2 1 0.231198 0.226736 
1.89474 -4 2 1 0.301631 0.229138 
2.31579 -4 2 1 0.37186 0.231534 
2.73684 -4 2 1 0.441884 0.233922 
3.15789 -4 2 1 0.511705 0.236304 
3.57895 -4 2 1 0.581323 0.238679 
4 -4 2 1 0.65074 0.241046 
-4 -4 6 1 -0.833722 0.997114 
-4 -3.57895 6 1 -0.905192 1.06879 
-4 -3.15789 6 1 -0.990573 1.15442 
-4 -2.73684 6 1 -1.09437 1.25851 
-4 -2.31579 6 1 -1.22324 1.38776 
-4 -1.89474 6 1 -1.38755 1.55254 
-4 -1.47368 6 1 -1.60423 1.76984 
-4 -1.05263 6 1 -1.90305 2.06953 
-4 -0.631579 6 1 -2.34168 2.50942 
-4 -0.210526 6 1 -3.04816 3.21794 
-4 0.210526 6 1 -4.3757 4.54931 
-4 0.631579 6 1 -7.78552 7.96897 
-4 1.05263 6 1 -35.9862 36.2511 
4 -4 6 1 0.717347 1.02469 
4 -3.57895 6 1 0.781189 1.09628 
4 -3.15789 6 1 0.856995 1.18129 
4 -2.73684 6 1 0.948474 1.28388 
4 -2.31579 6 1 1.06105 1.41012 
4 -1.89474 6 1 1.20297 1.56927 
4 -1.47368 6 1 1.38742 1.77612 
4 -1.05263 6 1 1.6369 2.05589 
4 -0.631579 6 1 1.99315 2.4554 
4 -0.210526 6 1 2.54338 3.07245 
4 0.210526 6 1 3.5053 4.15117 
4 0.631579 6 1 5.61712 6.51942 
4 1.05263 6 1 14.0042 15.9249 
-4 -4 6 1 -0.833722 0.997114 
-3.57895 -4 6 1 -0.749583 0.998609 
-3.15789 -4 6 1 -0.665731 1.0001 
-2.73684 -4 6 1 -0.582164 1.00159 
-2.31579 -4 6 1 -0.49888 1.00307 
-1.89474 -4 6 1 -0.415877 1.00454 
-1.47368 -4 6 1 -0.333155 1.00601 
-1.05263 -4 6 1 -0.250712 1.00748 
-0.631579 -4 6 1 -0.168547 1.00894 
-0.210526 -4 6 1 -0.0866577 1.01039 
0.210526 -4 6 1 -0.0050432 1.01184 
0.631579 -4 6 1 0.0762979 1.01329 
1.05263 -4 6 1 0.157367 1.01473 
1.47368 -4 6 1 0.238165 1.01617 
1.89474 -4 6 1 0.318694 1.0176 
2.31579 -4 6 1 0.398955 1.01903 
2.73684 -4 6 1 0.47895 1.02045 
3.15789 -4 6 1 0.558679 1.02187 
3.57895 -4 6 1 0.638144 1.02328 
4 -4 6 1 0.717347 1.02469 
