-4 -1.05263 2 1 10.515 -3.236 
-4 -0.631579 2 1 5.03886 -1.62944 
-4 -0.210526 2 1 3.33903 -1.13075 
-4 0.210526 2 1 2.51085 -0.887777 
-4 0.631579 2 1 2.02068 -0.743973 
-4 1.05263 2 1 1.69666 -0.648915 
-4 1.47368 2 1 1.46656 -0.581408 
-4 1.89474 2 1 1.29471 -0.530991 
-4 2.31579 2 1 1.16148 -0.491904 
-4 2.73684 2 1 1.05516 -0.460712 
-4 3.15789 2 1 0.968349 -0.435244 
-4 3.57895 2 1 0.896128 -0.414056 
-4 4 2 1 0.835104 -0.396153 
4 -2.31579 2 1 -103.47 -18.7037 
4 -1.89474 2 1 -9.14811 -1.83831 
4 -1.47368 2 1 -4.73611 -1.04942 
4 -1.05263 2 1 -3.17227 -0.769794 
4 -0.631579 2 1 -2.37162 -0.626633 
4 -0.210526 2 1 -1.88507 -0.539635 
4 0.210526 2 1 -1.55809 -0.481169 
4 0.631579 2 1 -1.32324 -0.439177 
4 1.05263 2 1 -1.14639 -0.407555 
4 1.47368 2 1 -1.00842 -0.382885 
4 1.89474 2 1 -0.897773 -0.363101 
4 2.31579 2 1 -0.807067 -0.346882 
4 2.73684 2 1 -0.731356 -0.333344 
4 3.15789 2 1 -0.667205 -0.321874 
4 3.57895 2 1 -0.612155 -0.31203 
4 4 2 1 -0.564397 -0.303491 
-4 4 2 1 0.835104 -0.396153 
-3.57895 4 2 1 0.749663 -0.390496 
-3.15789 4 2 1 0.665727 -0.384938 
-2.73684 4 2 1 0.583257 -0.379478 
-2.31579 4 2 1 0.502215 -0.374112 
-1.89474 4 2 1 0.422563 -0.368838 
-1.47368 4 2 1 0.344268 -0.363654 
-1.05263 4 2 1 0.267293 -0.358558 
-0.631579 4 2 1 0.191607 -0.353547 
-0.210526 4 2 1 0.117177 -0.348619 
0.210526 4 2 1 0.0439715 -0.343772 
0.631579 4 2 1 -0.0280388 -0.339004 
1.05263 4 2 1 -0.0988831 -0.334313 
1.47368 4 2 1 -0.16859 -0.329698 
1.89474 4 2 1 -0.237185 -0.325156 
2.31579 4 2 1 -0.304697 -0.320686 
2.73684 4 2 1 -0.371149 -0.316286 
3.15789 4 2 1 -0.436568 -0.311955 
3.57895 4 2 1 -0.500976 -0.30769 
4 4 2 1 -0.564397 -0.303491 
-4 -1.89474 6 1 16.1787 11.6801 
-4 -1.47368 6 1 6.13369 4.26456 
-4 -1.05263 6 1 3.81626 2.55378 
-4 -0.631579 6 1 2.78638 1.79349 
-4 -0.210526 6 1 2.20429 1.36377 
-4 0.210526 6 1 1.8301 1.08753 
-4 0.631579 6 1 1.5693 0.895007 
-4 1.05263 6 1 1.37714 0.753146 
-4 1.47368 6 1 1.22966 0.644277 
-4 1.89474 6 1 1.11291 0.55809 
-4 2.31579 6 1 1.01819 0.488165 
-4 2.73684 6 1 0.939805 0.430296 
-4 3.15789 6 1 0.873859 0.381613 
-4 3.57895 6 1 0.817611 0.340089 
-4 4 6 1 0.769068 0.304253 
4 -2.73684 6 1 -12.2967 9.904 
4 -2.31579 6 1 -5.39573 4.29275 
4 -1.89474 6 1 -3.42814 2.69289 
4 -1.47368 6 1 -2.49677 1.93558 
4 -1.05263 6 1 -1.95366 1.49398 
4 -0.631579 6 1 -1.5979 1.20471 
4 -0.210526 6 1 -1.34681 1.00055 
4 0.210526 6 1 -1.16013 0.848752 
4 0.631579 6 1 -1.01588 0.731465 
4 1.05263 6 1 -0.90108 0.638119 
4 1.47368 6 1 -0.807543 0.562064 
4 1.89474 6 1 -0.729863 0.498902 
4 2.31579 6 1 -0.664323 0.44561 
4 2.73684 6 1 -0.608283 0.400044 
4 3.15789 6 1 -0.559817 0.360636 
4 3.57895 6 1 -0.517487 0.326217 
4 4 6 1 -0.480197 0.295896 
-4 4 6 1 0.769068 0.304253 
-3.57895 4 6 1 0.694014 0.303751 
-3.15789 4 6 1 0.62013 0.303257 
-2.73684 4 6 1 0.547391 0.30277 
-2.31579 4 6 1 0.475768 0.302291 
-1.89474 4 6 1 0.405237 0.301819 
-1.47368 4 6 1 0.335773 0.301355 
-1.05263 4 6 1 0.267352 0.300897 
-0.631579 4 6 1 0.19995 0.300446 
-0.210526 4 6 1 0.133546 0.300002 
0.210526 4 6 1 0.0681162 0.299564 
0.631579 4 6 1 0.0036404 0.299133 
1.05263 4 6 1 -0.0599024 0.298708 
1.47368 4 6 1 -0.122532 0.298289 
1.89474 4 6 1 -0.184269 0.297876 
2.31579 4 6 1 -0.245131 0.297469 
2.73684 4 6 1 -0.305137 0.297067 
3.15789 4 6 1 -0.364305 0.296671 
3.57895 4 6 1 -0.422653 0.296281 
4 4 6 1 -0.480197 0.295896 
