-1.75336 0.352863 -2.32715 2.11487 20 
-1.52839 0.347517 -2.00057 1.96826 21 
-1.33031 0.34281 -1.72204 1.84321 22 
-1.15458 0.338634 -1.48169 1.73531 23 
-0.997622 0.334904 -1.27217 1.64125 24 
-0.856572 0.331552 -1.08791 1.55853 25 
-0.729132 0.328523 -0.924597 1.48521 26 
-0.613423 0.325773 -0.778852 1.41978 27 
-0.507895 0.323265 -0.647986 1.36103 28 
-0.411263 0.320969 -0.529831 1.30799 29 
-0.322446 0.318858 -0.422621 1.25986 30 
-0.240533 0.316912 -0.324902 1.21599 31 
-0.16475 0.315111 -0.235467 1.17583 32 
-0.0944332 0.31344 -0.153306 1.13895 33 
-0.0290116 0.311885 -0.0775658 1.10495 34 
0.0320086 0.310435 -0.00752226 1.0735 35 
0.0890571 0.309079 0.0574441 1.04434 36 
0.14251 0.307809 0.117866 1.01721 37 
0.192695 0.306616 0.174204 0.991918 38 
0.239905 0.305494 0.226859 0.968279 39 
-4.81705 0.940192 -22.0527 24.5422 53 
-3.53254 0.693942 -8.03255 8.60173 54 
-2.84561 0.562255 -5.08853 5.25447 55 
-2.41796 0.48027 -3.81176 3.80282 56 
-2.12609 0.424317 -3.09848 2.99185 57 
-1.91419 0.383695 -2.64309 2.47409 58 
-1.75336 0.352863 -2.32715 2.11487 59 
7.18641 1.81175 57.8518 61.0318 62 
4.6023 1.25142 10.649 11.8315 63 
3.30856 0.970891 5.63154 6.60168 64 
2.53176 0.802454 3.7133 4.60226 65 
2.01368 0.690114 2.70035 3.54644 66 
1.64351 0.609847 2.07417 2.89377 67 
1.36581 0.549633 1.64876 2.45036 68 
1.1498 0.502792 1.34091 2.12947 69 
0.976961 0.465315 1.10779 1.88649 70 
0.835534 0.434649 0.925144 1.69611 71 
0.717668 0.409091 0.778178 1.54293 72 
0.617928 0.387463 0.657368 1.41701 73 
0.532432 0.368925 0.556301 1.31166 74 
0.45833 0.352857 0.470503 1.22223 75 
0.393489 0.338797 0.396758 1.14537 76 
0.336273 0.32639 0.332692 1.07859 77 
0.285413 0.315362 0.276516 1.02004 78 
0.239905 0.305494 0.226859 0.968279 79 
