-4 -4 2 1 1.38238 -0.0602141 
-4 -3.57895 2 1 1.22445 -0.0661431 
-4 -3.15789 2 1 1.0795 -0.071585 
-4 -2.73684 2 1 0.945986 -0.0765974 
-4 -2.31579 2 1 0.822612 -0.0812292 
-4 -1.89474 2 1 0.708263 -0.0855222 
-4 -1.47368 2 1 0.601985 -0.0895122 
-4 -1.05263 2 1 0.502951 -0.0932302 
-4 -0.631579 2 1 0.410445 -0.0967031 
-4 -0.210526 2 1 0.323843 -0.0999544 
-4 0.210526 2 1 0.242596 -0.103005 
-4 0.631579 2 1 0.166223 -0.105872 
-4 1.05263 2 1 0.0942988 -0.108572 
-4 1.47368 2 1 0.0264447 -0.11112 
-4 1.89474 2 1 -0.0376751 -0.113527 
-4 2.31579 2 1 -0.0983604 -0.115805 
-4 2.73684 2 1 -0.15588 -0.117964 
-4 3.15789 2 1 -0.210476 -0.120014 
-4 3.57895 2 1 -0.262364 -0.121962 
-4 4 2 1 -0.311742 -0.123816 
-4 -4 2 1 1.38238 -0.0602141 
-3.57895 -4 2 1 1.49251 -0.0755143 
-3.15789 -4 2 1 1.63138 -0.0948058 
-2.73684 -4 2 1 1.81191 -0.119885 
-2.31579 -4 2 1 2.05614 -0.153815 
-1.89474 -4 2 1 2.40505 -0.202285 
-1.47368 -4 2 1 2.94427 -0.277194 
-1.05263 -4 2 1 3.88788 -0.408281 
-0.631579 -4 2 1 5.96372 -0.69666 
-0.210526 -4 2 1 14.2658 -1.85 
-4 4 2 1 -0.311742 -0.123816 
-3.57895 4 2 1 -0.355535 -0.135434 
-3.15789 4 2 1 -0.404841 -0.148514 
-2.73684 4 2 1 -0.46077 -0.163351 
-2.31579 4 2 1 -0.524753 -0.180325 
-1.89474 4 2 1 -0.598665 -0.199933 
-1.47368 4 2 1 -0.685011 -0.22284 
-1.05263 4 2 1 -0.787217 -0.249954 
-0.631579 4 2 1 -0.910094 -0.282552 
-0.210526 4 2 1 -1.06062 -0.322485 
0.210526 4 2 1 -1.24931 -0.372542 
0.631579 4 2 1 -1.49279 -0.437134 
1.05263 4 2 1 -1.81896 -0.523663 
1.47368 4 2 1 -2.27858 -0.645595 
1.89474 4 2 1 -2.9746 -0.830241 
2.31579 4 2 1 -4.15256 -1.14274 
2.73684 4 2 1 -6.57809 -1.7862 
3.15789 4 2 1 -14.4639 -3.87821 
-4 -4 6 1 1.31874 1.0385 
-4 -3.57895 6 1 1.15865 0.983822 
-4 -3.15789 6 1 1.01211 0.933777 
-4 -2.73684 6 1 0.87747 0.887796 
-4 -2.31579 6 1 0.753339 0.845404 
-4 -1.89474 6 1 0.638531 0.806195 
-4 -1.47368 6 1 0.532034 0.769825 
-4 -1.05263 6 1 0.432977 0.735996 
-4 -0.631579 6 1 0.340608 0.704451 
-4 -0.210526 6 1 0.25427 0.674965 
-4 0.210526 6 1 0.173393 0.647345 
-4 0.631579 6 1 0.0974724 0.621417 
-4 1.05263 6 1 0.0260678 0.597031 
-4 1.47368 6 1 -0.0412127 0.574054 
-4 1.89474 6 1 -0.104716 0.552367 
-4 2.31579 6 1 -0.164752 0.531864 
-4 2.73684 6 1 -0.221597 0.512451 
-4 3.15789 6 1 -0.275499 0.494043 
-4 3.57895 6 1 -0.32668 0.476564 
-4 4 6 1 -0.375341 0.459945 
-4 -4 6 1 1.31874 1.0385 
-3.57895 -4 6 1 1.42533 1.15408 
-3.15789 -4 6 1 1.56088 1.30108 
-2.73684 -4 6 1 1.73908 1.49432 
-2.31579 -4 6 1 1.98379 1.75969 
-1.89474 -4 6 1 2.34079 2.14683 
-1.47368 -4 6 1 2.91039 2.76452 
-1.05263 -4 6 1 3.96304 3.90605 
-0.631579 -4 6 1 6.56557 6.7283 
-0.210526 -4 6 1 23.6925 25.3012 
-4 4 6 1 -0.375341 0.459945 
-3.57895 4 6 1 -0.423785 0.48332 
-3.15789 4 6 1 -0.478447 0.509695 
-2.73684 4 6 1 -0.540608 0.539689 
-2.31579 4 6 1 -0.611923 0.5741 
-1.89474 4 6 1 -0.694576 0.613982 
-1.47368 4 6 1 -0.791504 0.660751 
-1.05263 4 6 1 -0.906756 0.716362 
-0.631579 4 6 1 -1.04607 0.783582 
-0.210526 4 6 1 -1.21785 0.866472 
0.210526 4 6 1 -1.43497 0.971233 
0.631579 4 6 1 -1.71807 1.10784 
1.05263 4 6 1 -2.10264 1.2934 
1.47368 4 6 1 -2.65516 1.56 
1.89474 4 6 1 -3.51633 1.97553 
2.31579 4 6 1 -5.0451 2.71319 
2.73684 4 6 1 -8.50902 4.38459 
3.15789 4 6 1 -23.9178 11.8196 
