-4 -4 2 1 0.611739 -0.199116 
-4 -3.57895 2 1 0.547209 -0.206631 
-4 -3.15789 2 1 0.481422 -0.214292 
-4 -2.73684 2 1 0.414342 -0.222103 
-4 -2.31579 2 1 0.345929 -0.23007 
-4 -1.89474 2 1 0.276145 -0.238196 
-4 -1.47368 2 1 0.204945 -0.246488 
-4 -1.05263 2 1 0.132289 -0.254948 
-4 -0.631579 2 1 0.0581297 -0.263584 
-4 -0.210526 2 1 -0.0175794 -0.272401 
-4 0.210526 2 1 -0.0948875 -0.281403 
-4 0.631579 2 1 -0.173846 -0.290598 
-4 1.05263 2 1 -0.254507 -0.299991 
-4 1.47368 2 1 -0.336928 -0.309589 
-4 1.89474 2 1 -0.421167 -0.319399 
-4 2.31579 2 1 -0.507283 -0.329427 
-4 2.73684 2 1 -0.595342 -0.339682 
-4 3.15789 2 1 -0.685408 -0.35017 
-4 3.57895 2 1 -0.777552 -0.3609 
-4 4 2 1 -0.871847 -0.371881 
-4 -4 2 1 0.611739 -0.199116 
-3.57895 -4 2 1 0.667278 -0.206823 
-3.15789 -4 2 1 0.731818 -0.215779 
-2.73684 -4 2 1 0.807737 -0.226314 
-2.31579 -4 2 1 0.898339 -0.238886 
-1.89474 -4 2 1 1.00834 -0.25415 
-1.47368 -4 2 1 1.14471 -0.273073 
-1.05263 -4 2 1 1.31822 -0.297151 
-0.631579 -4 2 1 1.54646 -0.328822 
-0.210526 -4 2 1 1.86015 -0.37235 
0.210526 -4 2 1 2.31832 -0.435928 
0.631579 -4 2 1 3.05067 -0.537553 
1.05263 -4 2 1 4.40841 -0.725958 
1.47368 -4 2 1 7.78948 -1.19513 
1.89474 -4 2 1 30.9378 -4.40729 
-4 4 2 1 -0.871847 -0.371881 
-3.57895 4 2 1 -0.940992 -0.397543 
-3.15789 4 2 1 -1.02434 -0.428474 
-2.73684 4 2 1 -1.12675 -0.466484 
-2.31579 4 2 1 -1.25564 -0.514316 
-1.89474 4 2 1 -1.42277 -0.576343 
-1.47368 4 2 1 -1.64814 -0.659985 
-1.05263 4 2 1 -1.96861 -0.778922 
-0.631579 4 2 1 -2.46049 -0.961473 
-0.210526 4 2 1 -3.31149 -1.2773 
0.210526 4 2 1 -5.14096 -1.95627 
0.631579 4 2 1 -11.9189 -4.47177 
-4 -4 6 1 0.521779 0.441838 
-4 -3.57895 6 1 0.459898 0.440576 
-4 -3.15789 6 1 0.396877 0.439291 
-4 -2.73684 6 1 0.332685 0.437982 
-4 -2.31579 6 1 0.267288 0.436648 
-4 -1.89474 6 1 0.200652 0.435289 
-4 -1.47368 6 1 0.132743 0.433904 
-4 -1.05263 6 1 0.063522 0.432493 
-4 -0.631579 6 1 -0.00704824 0.431053 
-4 -0.210526 6 1 -0.0790078 0.429586 
-4 0.210526 6 1 -0.152398 0.428089 
-4 0.631579 6 1 -0.227262 0.426562 
-4 1.05263 6 1 -0.303645 0.425005 
-4 1.47368 6 1 -0.381593 0.423415 
-4 1.89474 6 1 -0.461155 0.421792 
-4 2.31579 6 1 -0.542381 0.420136 
-4 2.73684 6 1 -0.625325 0.418444 
-4 3.15789 6 1 -0.710042 0.416717 
-4 3.57895 6 1 -0.796588 0.414952 
-4 4 6 1 -0.885025 0.413148 
-4 -4 6 1 0.521779 0.441838 
-3.57895 -4 6 1 0.567792 0.47987 
-3.15789 -4 6 1 0.620804 0.523687 
-2.73684 -4 6 1 0.682543 0.574718 
-2.31579 -4 6 1 0.755356 0.634902 
-1.89474 -4 6 1 0.842518 0.706946 
-1.47368 -4 6 1 0.948734 0.794738 
-1.05263 -4 6 1 1.08102 0.904077 
-0.631579 -4 6 1 1.25031 1.044 
-0.210526 -4 6 1 1.47466 1.22944 
0.210526 -4 6 1 1.78614 1.4869 
0.631579 -4 6 1 2.24777 1.86846 
1.05263 -4 6 1 3.00257 2.49234 
1.47368 -4 6 1 4.45976 3.69678 
1.89474 -4 6 1 8.45285 6.99728 
2.31579 -4 6 1 65.9574 54.5278 
-4 4 6 1 -0.885025 0.413148 
-3.57895 4 6 1 -0.950477 0.457268 
-3.15789 4 6 1 -1.02834 0.509755 
-2.73684 4 6 1 -1.12252 0.573239 
-2.31579 4 6 1 -1.23873 0.651578 
-1.89474 4 6 1 -1.38575 0.750678 
-1.47368 4 6 1 -1.57768 0.880054 
-1.05263 4 6 1 -1.83882 1.05608 
-0.631579 4 6 1 -2.21482 1.30954 
-0.210526 4 6 1 -2.80287 1.70593 
0.210526 4 6 1 -3.85275 2.41364 
0.631579 4 6 1 -6.26034 4.03654 
1.05263 4 6 1 -17.4778 11.598 
