-4 -4 2 1 -0.73605 0.220023 
-4 -3.57895 2 1 -0.789654 0.222939 
-4 -3.15789 2 1 -0.852345 0.22635 
-4 -2.73684 2 1 -0.92665 0.230393 
-4 -2.31579 2 1 -1.01613 0.235262 
-4 -1.89474 2 1 -1.12594 0.241237 
-4 -1.47368 2 1 -1.26393 0.248745 
-4 -1.05263 2 1 -1.44253 0.258463 
-4 -0.631579 2 1 -1.68276 0.271534 
-4 -0.210526 2 1 -2.02315 0.290055 
-4 0.210526 2 1 -2.54287 0.318333 
-4 0.631579 2 1 -3.43431 0.366837 
-4 1.05263 2 1 -5.31826 0.469344 
-4 1.47368 2 1 -11.9339 0.829306 
4 -4 2 1 0.626624 0.272168 
4 -3.57895 2 1 0.676411 0.27875 
4 -3.15789 2 1 0.734107 0.286378 
4 -2.73684 2 1 0.801756 0.295321 
4 -2.31579 2 1 0.882178 0.305953 
4 -1.89474 2 1 0.979367 0.318801 
4 -1.47368 2 1 1.09918 0.334641 
4 -1.05263 2 1 1.25055 0.354652 
4 -0.631579 2 1 1.44784 0.380734 
4 -0.210526 2 1 1.71569 0.416144 
4 0.210526 2 1 2.10017 0.466974 
4 0.631579 2 1 2.6987 0.546101 
4 1.05263 2 1 3.75895 0.686267 
4 1.47368 2 1 6.15063 1.00245 
4 1.89474 2 1 16.6137 2.38568 
-4 -4 2 1 -0.73605 0.220023 
-3.57895 -4 2 1 -0.660421 0.222917 
-3.15789 -4 2 1 -0.585248 0.225793 
-2.73684 -4 2 1 -0.510528 0.228653 
-2.31579 -4 2 1 -0.436256 0.231495 
-1.89474 -4 2 1 -0.362429 0.23432 
-1.47368 -4 2 1 -0.289042 0.237128 
-1.05263 -4 2 1 -0.216092 0.23992 
-0.631579 -4 2 1 -0.143575 0.242695 
-0.210526 -4 2 1 -0.0714864 0.245453 
0.210526 -4 2 1 0.000176978 0.248196 
0.631579 -4 2 1 0.0714191 0.250922 
1.05263 -4 2 1 0.142244 0.253632 
1.47368 -4 2 1 0.212654 0.256327 
1.89474 -4 2 1 0.282654 0.259005 
2.31579 -4 2 1 0.352248 0.261669 
2.73684 -4 2 1 0.421438 0.264316 
3.15789 -4 2 1 0.490228 0.266949 
3.57895 -4 2 1 0.558622 0.269566 
4 -4 2 1 0.626624 0.272168 
-4 -4 6 1 -0.8756 1.04109 
-4 -3.57895 6 1 -0.950364 1.11884 
-4 -3.15789 6 1 -1.04002 1.21207 
-4 -2.73684 6 1 -1.14951 1.32592 
-4 -2.31579 6 1 -1.28623 1.46809 
-4 -1.89474 6 1 -1.46178 1.65065 
-4 -1.47368 6 1 -1.69546 1.89364 
-4 -1.05263 6 1 -2.02184 2.23304 
-4 -0.631579 6 1 -2.50975 2.7404 
-4 -0.210526 6 1 -3.31854 3.58145 
-4 0.210526 6 1 -4.91983 5.24658 
-4 0.631579 6 1 -9.59722 10.1105 
-4 1.05263 6 1 -241.785 251.556 
4 -4 6 1 0.682042 1.04943 
4 -3.57895 6 1 0.743894 1.12265 
4 -3.15789 6 1 0.81716 1.20939 
4 -2.73684 6 1 0.905322 1.31375 
4 -2.31579 6 1 1.01344 1.44174 
4 -1.89474 6 1 1.14914 1.60238 
4 -1.47368 6 1 1.32453 1.81001 
4 -1.05263 6 1 1.56002 2.08879 
4 -0.631579 6 1 1.89288 2.48281 
4 -0.210526 6 1 2.3992 3.0822 
4 0.210526 6 1 3.26242 4.10408 
4 0.631579 6 1 5.06524 6.23823 
4 1.05263 6 1 11.1736 13.4693 
-4 -4 6 1 -0.8756 1.04109 
-3.57895 -4 6 1 -0.788501 1.04156 
-3.15789 -4 6 1 -0.702003 1.04202 
-2.73684 -4 6 1 -0.616102 1.04248 
-2.31579 -4 6 1 -0.53079 1.04294 
-1.89474 -4 6 1 -0.446062 1.04339 
-1.47368 -4 6 1 -0.361911 1.04384 
-1.05263 -4 6 1 -0.278333 1.04429 
-0.631579 -4 6 1 -0.19532 1.04474 
-0.210526 -4 6 1 -0.112868 1.04518 
0.210526 -4 6 1 -0.030971 1.04562 
0.631579 -4 6 1 0.0503774 1.04605 
1.05263 -4 6 1 0.131182 1.04648 
1.47368 -4 6 1 0.211449 1.04691 
1.89474 -4 6 1 0.291182 1.04734 
2.31579 -4 6 1 0.370389 1.04777 
2.73684 -4 6 1 0.449073 1.04819 
3.15789 -4 6 1 0.527239 1.04861 
3.57895 -4 6 1 0.604894 1.04902 
4 -4 6 1 0.682042 1.04943 
