1.4504 -0.0852224 1.42096 1.07862 0 
1.28109 -0.0886083 1.24379 1.01686 1 
1.12711 -0.0916878 1.0835 0.960977 2 
0.98645 -0.0945008 0.937772 0.910177 3 
0.857465 -0.0970803 0.804718 0.863794 4 
0.738755 -0.0994544 0.682752 0.821277 5 
0.629141 -0.101647 0.570543 0.78216 6 
0.527615 -0.103677 0.466965 0.746052 7 
0.433314 -0.105563 0.371058 0.712619 8 
0.345494 -0.107319 0.282003 0.681574 9 
0.263508 -0.108959 0.199088 0.65267 10 
0.186793 -0.110493 0.121701 0.625693 11 
0.114858 -0.111932 0.0493069 0.600456 12 
0.0472689 -0.113283 -0.018563 0.576796 13 
-0.0163565 -0.114556 -0.0823197 0.554571 14 
-0.0763569 -0.115756 -0.142326 0.533652 15 
-0.133034 -0.116889 -0.198904 0.513929 16 
-0.186655 -0.117962 -0.252338 0.495302 17 
-0.237462 -0.118978 -0.302884 0.477681 18 
-0.285671 -0.119942 -0.35077 0.460988 19 
1.4504 -0.0852224 1.42096 1.07862 40 
1.56698 -0.106499 1.54146 1.20252 41 
1.71483 -0.13348 1.69667 1.36211 42 
1.90844 -0.168815 1.90415 1.57544 43 
2.17298 -0.217094 2.1956 1.87512 44 
2.55616 -0.287024 2.63497 2.3269 45 
3.16085 -0.397379 3.37315 3.08591 46 
4.2572 -0.597464 4.87203 4.6271 47 
6.85572 -1.07169 9.55727 9.44458 48 
-0.285671 -0.119942 -0.35077 0.460988 60 
-0.328763 -0.132282 -0.399043 0.482682 61 
-0.377109 -0.146126 -0.453395 0.507108 62 
-0.431735 -0.161769 -0.515052 0.534816 63 
-0.493947 -0.179585 -0.585592 0.566517 64 
-0.565445 -0.200059 -0.667085 0.60314 65 
-0.648475 -0.223836 -0.762295 0.645928 66 
-0.746071 -0.251784 -0.875006 0.696581 67 
-0.862436 -0.285107 -1.01053 0.757486 68 
-1.00356 -0.32552 -1.17658 0.832106 69 
-1.17828 -0.375555 -1.38476 0.925664 70 
-1.40023 -0.439112 -1.65345 1.04641 71 
-1.69154 -0.522532 -2.01351 1.20823 72 
-2.09073 -0.636848 -2.52111 1.43634 73 
-2.67138 -0.803126 -3.29028 1.78201 74 
-3.59359 -1.06721 -4.5934 2.36764 75 
-5.28431 -1.55138 -7.28202 3.5759 76 
-9.39036 -2.7272 -16.0736 7.52684 77 
