-11.5538 -0.747881 -4.46943 2.81586 0 
-20.078 -1.25478 -5.11845 3.47305 1 
-126.048 -7.5563 -6.13659 4.504 2 
-0.192807 -0.251026 -0.160048 0.276595 20 
-0.14762 -0.254342 -0.118431 0.289548 21 
-0.0992905 -0.257889 -0.0742215 0.303306 22 
-0.0474812 -0.26169 -0.0271706 0.31795 23 
0.00819856 -0.265776 0.0230052 0.333566 24 
0.0681992 -0.270179 0.0766278 0.350254 25 
0.133044 -0.274938 0.134065 0.36813 26 
0.203345 -0.280096 0.195739 0.387325 27 
0.279819 -0.285708 0.262137 0.407989 28 
0.363319 -0.291835 0.333822 0.4303 29 
0.454858 -0.298553 0.411453 0.45446 30 
0.555657 -0.305949 0.495802 0.480712 31 
0.667194 -0.314134 0.587778 0.509337 32 
0.791284 -0.32324 0.688468 0.540674 33 
0.930171 -0.333432 0.799169 0.575127 34 
1.08667 -0.344916 0.921454 0.613185 35 
1.26436 -0.357955 1.05724 0.655445 36 
1.46785 -0.372887 1.2089 0.702644 37 
1.7032 -0.390158 1.37938 0.755701 38 
1.97854 -0.410363 1.57241 0.81578 39 
-11.5538 -0.747881 -4.46943 2.81586 40 
-6.55384 -0.529217 -3.3675 2.16656 41 
-4.45659 -0.437497 -2.65459 1.74648 42 
-3.30298 -0.387045 -2.1556 1.45246 43 
-2.5731 -0.355125 -1.78681 1.23515 44 
-2.06972 -0.33311 -1.50314 1.068 45 
-1.70156 -0.317009 -1.27817 0.935439 46 
-1.42059 -0.304721 -1.09539 0.827735 47 
-1.19911 -0.295036 -0.943941 0.738498 48 
-1.02005 -0.287204 -0.816411 0.663352 49 
-0.872271 -0.280742 -0.707546 0.599204 50 
-0.748244 -0.275317 -0.613528 0.543804 51 
-0.642667 -0.2707 -0.531513 0.495478 52 
-0.551707 -0.266722 -0.459341 0.452951 53 
-0.472526 -0.263259 -0.39534 0.415239 54 
-0.402975 -0.260218 -0.338197 0.381568 55 
-0.341398 -0.257525 -0.286865 0.351321 56 
-0.286497 -0.255124 -0.240501 0.324002 57 
-0.237243 -0.252969 -0.198418 0.299204 58 
-0.192807 -0.251026 -0.160048 0.276595 59 
13.119 -2.0902 3.64641 3.18402 72 
6.28492 -1.05971 2.91027 2.34344 73 
4.29527 -0.759697 2.46615 1.83632 74 
3.34693 -0.616698 2.16906 1.49707 75 
2.79197 -0.533018 1.95635 1.25418 76 
2.42767 -0.478086 1.79654 1.0717 77 
2.17019 -0.43926 1.67208 0.929589 78 
1.97854 -0.410363 1.57241 0.81578 79 
