-4 -4 2 1 2.87312 0.74427 
-4 -3.57895 2 1 2.35745 0.667117 
-4 -3.15789 2 1 1.95931 0.60755 
-4 -2.73684 2 1 1.64263 0.560169 
-4 -2.31579 2 1 1.38473 0.521584 
-4 -1.89474 2 1 1.17063 0.489552 
-4 -1.47368 2 1 0.990058 0.462535 
-4 -1.05263 2 1 0.835698 0.43944 
-4 -0.631579 2 1 0.702234 0.419472 
-4 -0.210526 2 1 0.58569 0.402035 
-4 0.210526 2 1 0.483041 0.386677 
-4 0.631579 2 1 0.391942 0.373047 
-4 1.05263 2 1 0.310547 0.360869 
-4 1.47368 2 1 0.237384 0.349923 
-4 1.89474 2 1 0.171265 0.340031 
-4 2.31579 2 1 0.111219 0.331047 
-4 2.73684 2 1 0.0564451 0.322852 
-4 3.15789 2 1 0.00627932 0.315346 
-4 3.57895 2 1 -0.0398368 0.308447 
-4 4 2 1 -0.0823745 0.302082 
4 2.31579 2 1 -24.9029 3.7598 
4 2.73684 2 1 -10.692 1.59803 
4 3.15789 2 1 -7.11629 1.05409 
4 3.57895 2 1 -5.48793 0.806386 
4 4 2 1 -4.55657 0.664708 
-4 -4 2 1 2.87312 0.74427 
-3.57895 -4 2 1 3.25838 0.846717 
-3.15789 -4 2 1 3.83158 0.999137 
-2.73684 -4 2 1 4.77459 1.24989 
-2.31579 -4 2 1 6.61569 1.73947 
-1.89474 -4 2 1 11.8043 3.11918 
-1.47368 -4 2 1 120.77 32.0946 
-4 4 2 1 -0.0823745 0.302082 
-3.57895 4 2 1 -0.126985 0.305698 
-3.15789 4 2 1 -0.175802 0.309654 
-2.73684 4 2 1 -0.229451 0.314003 
-2.31579 4 2 1 -0.288686 0.318804 
-1.89474 4 2 1 -0.354429 0.324132 
-1.47368 4 2 1 -0.427812 0.330079 
-1.05263 4 2 1 -0.510252 0.336761 
-0.631579 4 2 1 -0.603534 0.344321 
-0.210526 4 2 1 -0.709948 0.352946 
0.210526 4 2 1 -0.832477 0.362877 
0.631579 4 2 1 -0.975082 0.374435 
1.05263 4 2 1 -1.14314 0.388055 
1.47368 4 2 1 -1.34412 0.404344 
1.89474 4 2 1 -1.58876 0.424172 
2.31579 4 2 1 -1.89302 0.448832 
2.73684 4 2 1 -2.28172 0.480335 
3.15789 4 2 1 -2.79567 0.52199 
3.57895 4 2 1 -3.50703 0.579644 
4 4 2 1 -4.55657 0.664708 
-4 -4 6 1 4.59868 4.67198 
-4 -3.57895 6 1 3.47772 3.78701 
-4 -3.15789 6 1 2.72332 3.19143 
-4 -2.73684 6 1 2.18095 2.76324 
-4 -2.31579 6 1 1.77223 2.44057 
-4 -1.89474 6 1 1.45318 2.18869 
-4 -1.47368 6 1 1.19721 1.9866 
-4 -1.05263 6 1 0.987289 1.82088 
-4 -0.631579 6 1 0.812023 1.68251 
-4 -0.210526 6 1 0.663482 1.56524 
-4 0.210526 6 1 0.535987 1.46459 
-4 0.631579 6 1 0.42536 1.37725 
-4 1.05263 6 1 0.328463 1.30076 
-4 1.47368 6 1 0.242888 1.2332 
-4 1.89474 6 1 0.16676 1.1731 
-4 2.31579 6 1 0.0985968 1.11928 
-4 2.73684 6 1 0.0372107 1.07082 
-4 3.15789 6 1 -0.0183612 1.02695 
-4 3.57895 6 1 -0.0689076 0.987043 
-4 4 6 1 -0.115081 0.950591 
4 3.15789 6 1 -1454.39 1264.73 
4 3.57895 6 1 -20.4165 16.9216 
4 4 6 1 -10.8407 8.58902 
-4 -4 6 1 4.59868 4.67198 
-3.57895 -4 6 1 5.96249 6.31657 
-3.15789 -4 6 1 8.92519 9.88921 
-2.73684 -4 6 1 20.2813 23.5833 
-4 4 6 1 -0.115081 0.950591 
-3.57895 4 6 1 -0.166732 0.987375 
-3.15789 4 6 1 -0.223874 1.02807 
-2.73684 4 6 1 -0.287432 1.07333 
-2.31579 4 6 1 -0.358551 1.12398 
-1.89474 4 6 1 -0.438665 1.18104 
-1.47368 4 6 1 -0.529596 1.24579 
-1.05263 4 6 1 -0.633693 1.31993 
-0.631579 4 6 1 -0.754038 1.40563 
-0.210526 4 6 1 -0.89476 1.50585 
0.210526 4 6 1 -1.06151 1.6246 
0.631579 4 6 1 -1.26224 1.76756 
1.05263 4 6 1 -1.50854 1.94296 
1.47368 4 6 1 -1.81787 2.16326 
1.89474 4 6 1 -2.21802 2.44823 
2.31579 4 6 1 -2.75585 2.83126 
2.73684 4 6 1 -3.51718 3.37344 
3.15789 4 6 1 -4.67785 4.20004 
3.57895 4 6 1 -6.6638 5.61436 
4 4 6 1 -10.8407 8.58902 
