-4 -4 2 1 -0.986306 0.203847 
-4 -3.57895 2 1 -1.05471 0.2133 
-4 -3.15789 2 1 -1.13658 0.224613 
-4 -2.73684 2 1 -1.23632 0.238396 
-4 -2.31579 2 1 -1.3605 0.255555 
-4 -1.89474 2 1 -1.51935 0.277507 
-4 -1.47368 2 1 -1.72976 0.306583 
-4 -1.05263 2 1 -2.02168 0.346923 
-4 -0.631579 2 1 -2.45388 0.406647 
-4 -0.210526 2 1 -3.15942 0.504143 
-4 0.210526 2 1 -4.51753 0.691816 
-4 0.631579 2 1 -8.21253 1.20241 
-4 1.05263 2 1 -57.433 8.00403 
4 -4 2 1 0.433935 0.278115 
4 -3.57895 2 1 0.477134 0.289942 
4 -3.15789 2 1 0.526418 0.303434 
4 -2.73684 2 1 0.583169 0.318971 
4 -2.31579 2 1 0.649222 0.337055 
4 -1.89474 2 1 0.72707 0.358368 
4 -1.47368 2 1 0.82018 0.38386 
4 -1.05263 2 1 0.93353 0.414892 
4 -0.631579 2 1 1.07452 0.453493 
4 -0.210526 2 1 1.25468 0.502815 
4 0.210526 2 1 1.49294 0.568044 
4 0.631579 2 1 1.82282 0.658358 
4 1.05263 2 1 2.30975 0.79167 
4 1.47368 2 1 3.10094 1.00828 
4 1.89474 2 1 4.6111 1.42173 
4 2.31579 2 1 8.63636 2.52375 
4 2.73684 2 1 52.7384 14.5978 
-4 -4 2 1 -0.986306 0.203847 
-3.57895 -4 2 1 -0.888445 0.208965 
-3.15789 -4 2 1 -0.79389 0.213909 
-2.73684 -4 2 1 -0.702476 0.218689 
-2.31579 -4 2 1 -0.614047 0.223313 
-1.89474 -4 2 1 -0.528461 0.227789 
-1.47368 -4 2 1 -0.445583 0.232123 
-1.05263 -4 2 1 -0.365286 0.236322 
-0.631579 -4 2 1 -0.287451 0.240392 
-0.210526 -4 2 1 -0.211967 0.244339 
0.210526 -4 2 1 -0.138729 0.248169 
0.631579 -4 2 1 -0.0676381 0.251886 
1.05263 -4 2 1 0.00139886 0.255496 
1.47368 -4 2 1 0.0684695 0.259004 
1.89474 -4 2 1 0.133657 0.262412 
2.31579 -4 2 1 0.197038 0.265727 
2.73684 -4 2 1 0.258689 0.268951 
3.15789 -4 2 1 0.318678 0.272088 
3.57895 -4 2 1 0.377073 0.275141 
4 -4 2 1 0.433935 0.278115 
-4 -4 6 1 -1.15888 1.10196 
-4 -3.57895 6 1 -1.25218 1.20198 
-4 -3.15789 6 1 -1.36613 1.32414 
-4 -2.73684 6 1 -1.50844 1.47672 
-4 -2.31579 6 1 -1.69122 1.67267 
-4 -1.89474 6 1 -1.93458 1.93358 
-4 -1.47368 6 1 -2.27463 2.29813 
-4 -1.05263 6 1 -2.78326 2.84343 
-4 -0.631579 6 1 -3.62715 3.74815 
-4 -0.210526 6 1 -5.30077 5.54241 
-4 0.210526 6 1 -10.211 10.8066 
-4 0.631579 6 1 -302.542 324.211 
4 -4 6 1 0.413899 0.941146 
4 -3.57895 6 1 0.459138 1.00104 
4 -3.15789 6 1 0.511299 1.07009 
4 -2.73684 6 1 0.5721 1.15058 
4 -2.31579 6 1 0.643884 1.24561 
4 -1.89474 6 1 0.72992 1.35951 
4 -1.47368 6 1 0.834923 1.49852 
4 -1.05263 6 1 0.96594 1.67196 
4 -0.631579 6 1 1.13401 1.89446 
4 -0.210526 6 1 1.35742 2.19023 
4 0.210526 6 1 1.66892 2.60261 
4 0.631579 6 1 2.13339 3.2175 
4 1.05263 6 1 2.90019 4.23261 
4 1.47368 6 1 4.40687 6.22723 
4 1.89474 6 1 8.72264 11.9407 
4 2.31579 6 1 131.736 174.792 
-4 -4 6 1 -1.15888 1.10196 
-3.57895 -4 6 1 -1.04794 1.09061 
-3.15789 -4 6 1 -0.941122 1.07969 
-2.73684 -4 6 1 -0.83819 1.06917 
-2.31579 -4 6 1 -0.73894 1.05902 
-1.89474 -4 6 1 -0.643178 1.04923 
-1.47368 -4 6 1 -0.550724 1.03978 
-1.05263 -4 6 1 -0.461407 1.03064 
-0.631579 -4 6 1 -0.375073 1.02182 
-0.210526 -4 6 1 -0.291573 1.01328 
0.210526 -4 6 1 -0.21077 1.00502 
0.631579 -4 6 1 -0.132537 0.997017 
1.05263 -4 6 1 -0.0567512 0.989268 
1.47368 -4 6 1 0.0166994 0.981758 
1.89474 -4 6 1 0.0879211 0.974476 
2.31579 -4 6 1 0.157014 0.967411 
2.73684 -4 6 1 0.224072 0.960555 
3.15789 -4 6 1 0.289184 0.953897 
3.57895 -4 6 1 0.352434 0.94743 
4 -4 6 1 0.413899 0.941146 
