23.6308 -0.335555 9.05975 9.55838 12 
8.66542 -0.10466 5.37707 5.30623 13 
5.54985 -0.056591 3.96488 3.67567 14 
4.20156 -0.0357888 3.21819 2.81352 15 
3.44908 -0.0241792 2.75629 2.28019 16 
2.96896 -0.0167715 2.44233 1.91769 17 
2.63598 -0.0116341 2.21506 1.65527 18 
2.39149 -0.00786192 2.04293 1.45652 19 
-4.46009 -0.859504 -3.9844 2.08845 20 
-3.3136 -0.668369 -3.08289 1.69776 21 
-2.57771 -0.545685 -2.46745 1.43104 22 
-2.06534 -0.460266 -2.02056 1.23737 23 
-1.68808 -0.397372 -1.68133 1.09036 24 
-1.39871 -0.349131 -1.41502 0.974947 25 
-1.16973 -0.310956 -1.20042 0.881942 26 
-0.984013 -0.279995 -1.02378 0.805394 27 
-0.830359 -0.254379 -0.875868 0.741291 28 
-0.701126 -0.232834 -0.75019 0.686825 29 
-0.590919 -0.214461 -0.642085 0.639975 30 
-0.495825 -0.198607 -0.54811 0.599249 31 
-0.412934 -0.184788 -0.465664 0.563519 32 
-0.34004 -0.172636 -0.392747 0.531919 33 
-0.275436 -0.161865 -0.327799 0.503772 34 
-0.217785 -0.152254 -0.26958 0.478541 35 
-0.166021 -0.143624 -0.217096 0.455796 36 
-0.119287 -0.135833 -0.169539 0.435186 37 
-0.0768831 -0.128764 -0.126247 0.416424 38 
-0.0382343 -0.122321 -0.0866713 0.399273 39 
-29.0076 -6.06343 -11.6328 8.43805 55 
-10.7797 -2.19922 -7.35884 4.88988 56 
-7.00308 -1.3986 -5.57792 3.41137 57 
-5.37064 -1.05253 -4.60126 2.60055 58 
-4.46009 -0.859504 -3.9844 2.08845 59 
2.39149 -0.00786192 2.04293 1.45652 60 
2.04429 -0.0242175 1.75389 1.31303 61 
1.7575 -0.0377275 1.51147 1.19268 62 
1.51661 -0.0490752 1.30523 1.09029 63 
1.31143 -0.0587411 1.12763 1.00212 64 
1.13455 -0.0670735 0.973088 0.925394 65 
0.980499 -0.0743304 0.837393 0.858028 66 
0.845127 -0.0807074 0.717294 0.798405 67 
0.725231 -0.0863554 0.610248 0.745261 68 
0.618299 -0.0913927 0.514237 0.697596 69 
0.522338 -0.0959133 0.427637 0.654603 70 
0.43574 -0.0999927 0.349131 0.615629 71 
0.3572 -0.103693 0.277633 0.580133 72 
0.285642 -0.107063 0.212246 0.547672 73 
0.220175 -0.110147 0.152218 0.517871 74 
0.160054 -0.11298 0.0969169 0.490416 75 
0.104649 -0.11559 0.0458047 0.465041 76 
0.0534261 -0.118003 -0.00157705 0.441518 77 
0.00592905 -0.12024 -0.0456222 0.419652 78 
-0.0382343 -0.122321 -0.0866713 0.399273 79 
