-0.0897162 -0.0020294 -0.0360956 0.525279 0 
-0.128039 0.00231094 -0.0714043 0.554684 1 
-0.170244 0.00709099 -0.110245 0.587031 2 
-0.216953 0.0123811 -0.153176 0.622784 3 
-0.268927 0.0182676 -0.200878 0.662511 4 
-0.32711 0.0248573 -0.254194 0.706913 5 
-0.392685 0.0322841 -0.314177 0.756867 6 
-0.467156 0.0407186 -0.382161 0.813485 7 
-0.552466 0.0503806 -0.459862 0.878195 8 
-0.651166 0.0615591 -0.549522 0.952864 9 
-0.766677 0.0746417 -0.654133 1.03998 10 
-0.903695 0.09016 -0.777774 1.14295 11 
-1.06884 0.108864 -0.926159 1.26653 12 
-1.27177 0.131848 -1.10754 1.41759 13 
-1.52712 0.160768 -1.3343 1.60643 14 
-1.85822 0.198268 -1.62591 1.84929 15 
-2.30465 0.248829 -2.01481 2.17317 16 
-2.93936 0.320715 -2.55947 2.62677 17 
-3.9133 0.431021 -3.37687 3.3075 18 
-5.59761 0.621783 -4.7403 4.44298 19 
2.06191 -0.199035 2.13696 1.17262 20 
2.24931 -0.213812 2.32809 1.34144 21 
2.4968 -0.233326 2.5781 1.56228 22 
2.83874 -0.260288 2.91917 1.86354 23 
3.34201 -0.299971 3.41212 2.29895 24 
4.15599 -0.364153 4.18746 2.98379 25 
5.69692 -0.485655 5.58521 4.21841 26 
9.72434 -0.803215 8.85748 7.10876 27 
47.3921 -3.77331 25.4497 21.7644 28 
-0.0897162 -0.0020294 -0.0360956 0.525279 40 
-0.0453511 -0.00609154 0.00953497 0.538872 41 
0.00211723 -0.0104378 0.058318 0.553404 42 
0.053026 -0.0150991 0.110592 0.568976 43 
0.107763 -0.0201109 0.166746 0.585704 44 
0.166778 -0.0255144 0.227227 0.603721 45 
0.230592 -0.0313573 0.292557 0.623183 46 
0.299815 -0.0376954 0.363343 0.64427 47 
0.375166 -0.0445946 0.440299 0.667194 48 
0.457495 -0.0521328 0.524266 0.692208 49 
0.54782 -0.0604031 0.61625 0.71961 50 
0.647365 -0.0695176 0.717457 0.749758 51 
0.757617 -0.0796124 0.829345 0.78309 52 
0.880402 -0.0908547 0.953702 0.820135 53 
1.01799 -0.103452 1.09273 0.861551 54 
1.17321 -0.117665 1.2492 0.908162 55 
1.34972 -0.133826 1.4266 0.961009 56 
1.55219 -0.152364 1.62944 1.02143 57 
1.78681 -0.173847 1.8636 1.09119 58 
2.06191 -0.199035 2.13696 1.17262 59 
-5.59761 0.621783 -4.7403 4.44298 60 
-7.06518 0.797962 -5.77914 5.78906 61 
-10.1121 1.16374 -7.75686 8.35172 62 
-20.2579 2.38172 -12.9958 15.1401 63 
