-4 -4 2 1 -0.409361 0.0845145 
-4 -3.57895 2 1 -0.45033 0.0790461 
-4 -3.15789 2 1 -0.496761 0.0728485 
-4 -2.73684 2 1 -0.549827 0.0657654 
-4 -2.31579 2 1 -0.611057 0.0575925 
-4 -1.89474 2 1 -0.682494 0.0480571 
-4 -1.47368 2 1 -0.766922 0.0367879 
-4 -1.05263 2 1 -0.868238 0.0232643 
-4 -0.631579 2 1 -0.992073 0.00673497 
-4 -0.210526 2 1 -1.14687 -0.0139276 
-4 0.210526 2 1 -1.34591 -0.0404953 
-4 0.631579 2 1 -1.61132 -0.0759214 
-4 1.05263 2 1 -1.98293 -0.125523 
-4 1.47368 2 1 -2.54042 -0.199936 
-4 1.89474 2 1 -3.46979 -0.323987 
-4 2.31579 2 1 -5.32934 -0.572198 
-4 2.73684 2 1 -10.9145 -1.3177 
4 -4 2 1 0.980895 -0.0165902 
4 -3.57895 2 1 1.04456 -0.0329299 
4 -3.15789 2 1 1.12031 -0.0523696 
4 -2.73684 2 1 1.21193 -0.0758838 
4 -2.31579 2 1 1.32501 -0.104904 
4 -1.89474 2 1 1.46807 -0.141619 
4 -1.47368 2 1 1.65487 -0.18956 
4 -1.05263 2 1 1.90908 -0.254802 
4 -0.631579 2 1 2.27524 -0.348774 
4 -0.210526 2 1 2.84815 -0.495809 
4 0.210526 2 1 3.87187 -0.758537 
4 0.631579 2 1 6.2235 -1.36207 
4 1.05263 2 1 17.2556 -4.19337 
-4 -4 2 1 -0.409361 0.0845145 
-3.57895 -4 2 1 -0.354618 0.0805334 
-3.15789 -4 2 1 -0.298321 0.0764393 
-2.73684 -4 2 1 -0.240403 0.0722273 
-2.31579 -4 2 1 -0.180793 0.0678922 
-1.89474 -4 2 1 -0.119417 0.0634287 
-1.47368 -4 2 1 -0.0561939 0.0588309 
-1.05263 -4 2 1 0.00896048 0.0540926 
-0.631579 -4 2 1 0.0761361 0.0492073 
-0.210526 -4 2 1 0.145428 0.0441681 
0.210526 -4 2 1 0.216939 0.0389676 
0.631579 -4 2 1 0.290776 0.0335979 
1.05263 -4 2 1 0.367055 0.0280506 
1.47368 -4 2 1 0.4459 0.0223167 
1.89474 -4 2 1 0.527441 0.0163867 
2.31579 -4 2 1 0.61182 0.0102504 
2.73684 -4 2 1 0.699187 0.00389668 
3.15789 -4 2 1 0.789704 -0.00268607 
3.57895 -4 2 1 0.883545 -0.00951051 
4 -4 2 1 0.980895 -0.0165902 
-4 -4 6 1 -0.429616 0.735008 
-4 -3.57895 6 1 -0.477138 0.774606 
-4 -3.15789 6 1 -0.531852 0.820196 
-4 -2.73684 6 1 -0.595521 0.873249 
-4 -2.31579 6 1 -0.670542 0.93576 
-4 -1.89474 6 1 -0.760247 1.01051 
-4 -1.47368 6 1 -0.869415 1.10147 
-4 -1.05263 6 1 -1.00515 1.21457 
-4 -0.631579 6 1 -1.1785 1.35901 
-4 -0.210526 6 1 -1.4076 1.54991 
-4 0.210526 6 1 -1.72452 1.81398 
-4 0.631579 6 1 -2.1917 2.20327 
-4 1.05263 6 1 -2.94924 2.83449 
-4 1.47368 6 1 -4.38987 4.03489 
-4 1.89474 6 1 -8.19609 7.20643 
-4 2.31579 6 1 -46.9233 39.4759 
4 -4 6 1 1.18224 0.886551 
4 -3.57895 6 1 1.27815 0.959752 
4 -3.15789 6 1 1.39594 1.04966 
4 -2.73684 6 1 1.54409 1.16274 
4 -2.31579 6 1 1.73606 1.30926 
4 -1.89474 6 1 1.99468 1.50665 
4 -1.47368 6 1 2.36191 1.78695 
4 -1.05263 6 1 2.9244 2.21628 
4 -0.631579 6 1 3.89427 2.95654 
4 -0.210526 6 1 5.96527 4.53726 
4 0.210526 6 1 13.4751 10.2692 
-4 -4 6 1 -0.429616 0.735008 
-3.57895 -4 6 1 -0.368685 0.740737 
-3.15789 -4 6 1 -0.305816 0.746647 
-2.73684 -4 6 1 -0.240916 0.752749 
-2.31579 -4 6 1 -0.173883 0.759052 
-1.89474 -4 6 1 -0.104612 0.765564 
-1.47368 -4 6 1 -0.0329872 0.772298 
-1.05263 -4 6 1 0.0411119 0.779265 
-0.631579 -4 6 1 0.117816 0.786476 
-0.210526 -4 6 1 0.197266 0.793946 
0.210526 -4 6 1 0.279611 0.801688 
0.631579 -4 6 1 0.365013 0.809717 
1.05263 -4 6 1 0.453644 0.81805 
1.47368 -4 6 1 0.545692 0.826704 
1.89474 -4 6 1 0.641358 0.835699 
2.31579 -4 6 1 0.74086 0.845054 
2.73684 -4 6 1 0.844433 0.854791 
3.15789 -4 6 1 0.952332 0.864936 
3.57895 -4 6 1 1.06483 0.875513 
4 -4 6 1 1.18224 0.886551 
