4 -4 2 1 -1.16255 0.170692 
4 -3.57895 2 1 -1.03504 0.171342 
4 -3.15789 2 1 -0.914682 0.171955 
4 -2.73684 2 1 -0.80089 0.172536 
4 -2.31579 2 1 -0.693141 0.173085 
4 -1.89474 2 1 -0.590968 0.173606 
4 -1.47368 2 1 -0.493948 0.174101 
4 -1.05263 2 1 -0.401701 0.174571 
4 -0.631579 2 1 -0.313884 0.175019 
4 -0.210526 2 1 -0.230183 0.175446 
4 0.210526 2 1 -0.150318 0.175853 
4 0.631579 2 1 -0.0740293 0.176242 
4 1.05263 2 1 -0.00108284 0.176614 
4 1.47368 2 1 0.0687366 0.17697 
4 1.89474 2 1 0.135626 0.177311 
4 2.31579 2 1 0.199765 0.177638 
4 2.73684 2 1 0.261321 0.177952 
4 3.15789 2 1 0.320447 0.178253 
4 3.57895 2 1 0.377284 0.178543 
4 4 2 1 0.431961 0.178822 
-0.210526 -4 2 1 -16.5794 -0.429875 
0.210526 -4 2 1 -6.06893 -0.0204371 
0.631579 -4 2 1 -3.81151 0.067501 
1.05263 -4 2 1 -2.82694 0.105855 
1.47368 -4 2 1 -2.27542 0.12734 
1.89474 -4 2 1 -1.92276 0.141078 
2.31579 -4 2 1 -1.67782 0.150619 
2.73684 -4 2 1 -1.4978 0.157632 
3.15789 -4 2 1 -1.3599 0.163004 
3.57895 -4 2 1 -1.25089 0.16725 
4 -4 2 1 -1.16255 0.170692 
-2.73684 4 2 1 24.3961 -0.60996 
-2.31579 4 2 1 7.93579 -0.068167 
-1.89474 4 2 1 4.63579 0.0404526 
-1.47368 4 2 1 3.2207 0.0870306 
-1.05263 4 2 1 2.43432 0.112914 
-0.631579 4 2 1 1.93382 0.129388 
-0.210526 4 2 1 1.58729 0.140794 
0.210526 4 2 1 1.33314 0.149159 
0.631579 4 2 1 1.13879 0.155557 
1.05263 4 2 1 0.985342 0.160607 
1.47368 4 2 1 0.86112 0.164696 
1.89474 4 2 1 0.758499 0.168074 
2.31579 4 2 1 0.672296 0.170911 
2.73684 4 2 1 0.598862 0.173328 
3.15789 4 2 1 0.535556 0.175412 
3.57895 4 2 1 0.480417 0.177227 
4 4 2 1 0.431961 0.178822 
4 -4 6 1 -1.43412 1.37821 
4 -3.57895 6 1 -1.2679 1.33621 
4 -3.15789 6 1 -1.11305 1.29709 
4 -2.73684 6 1 -0.968455 1.26056 
4 -2.31579 6 1 -0.833122 1.22637 
4 -1.89474 6 1 -0.706191 1.1943 
4 -1.47368 6 1 -0.586903 1.16417 
4 -1.05263 6 1 -0.474586 1.13579 
4 -0.631579 6 1 -0.368648 1.10903 
4 -0.210526 6 1 -0.26856 1.08374 
4 0.210526 6 1 -0.173851 1.05981 
4 0.631579 6 1 -0.0840979 1.03714 
4 1.05263 6 1 0.00107801 1.01562 
4 1.47368 6 1 0.0820182 0.995171 
4 1.89474 6 1 0.159031 0.975715 
4 2.31579 6 1 0.232395 0.95718 
4 2.73684 6 1 0.302364 0.939503 
4 3.15789 6 1 0.369169 0.922626 
4 3.57895 6 1 0.433019 0.906495 
4 4 6 1 0.494105 0.891062 
0.631579 -4 6 1 -18.2694 19.1152 
1.05263 -4 6 1 -6.53579 6.75313 
1.47368 -4 6 1 -4.07845 4.16417 
1.89474 -4 6 1 -3.01344 3.04212 
2.31579 -4 6 1 -2.41866 2.41548 
2.73684 -4 6 1 -2.03899 2.01548 
3.15789 -4 6 1 -1.77561 1.73799 
3.57895 -4 6 1 -1.58219 1.53421 
4 -4 6 1 -1.43412 1.37821 
-1.89474 4 6 1 24.0056 20.7668 
-1.47368 4 6 1 7.61723 6.91268 
-1.05263 4 6 1 4.42257 4.21204 
-0.631579 4 6 1 3.06167 3.06158 
-0.210526 4 6 1 2.30773 2.42424 
0.210526 4 6 1 1.82874 2.01932 
0.631579 4 6 1 1.49749 1.73929 
1.05263 4 6 1 1.25476 1.53409 
1.47368 4 6 1 1.06925 1.37727 
1.89474 4 6 1 0.922857 1.25351 
2.31579 4 6 1 0.804391 1.15337 
2.73684 4 6 1 0.706556 1.07066 
3.15789 4 6 1 0.624394 1.0012 
3.57895 4 6 1 0.554418 0.942049 
4 4 6 1 0.494105 0.891062 
