-4 -4 2 1 -2.33835 -0.111145 
-4 -3.57895 2 1 -2.56653 -0.0967808 
-4 -3.15789 2 1 -2.87467 -0.0773824 
-4 -2.73684 2 1 -3.31375 -0.0497413 
-4 -2.31579 2 1 -3.98973 -0.00718631 
-4 -1.89474 2 1 -5.16519 0.066812 
-4 -1.47368 2 1 -7.71807 0.227522 
-4 -1.05263 2 1 -17.495 0.843003 
4 -4 2 1 0.0572268 -0.0879133 
4 -3.57895 2 1 0.0963915 -0.0825012 
4 -3.15789 2 1 0.13927 -0.0765758 
4 -2.73684 2 1 0.186416 -0.0700606 
4 -2.31579 2 1 0.238501 -0.0628629 
4 -1.89474 2 1 0.296344 -0.0548696 
4 -1.47368 2 1 0.360955 -0.045941 
4 -1.05263 2 1 0.433596 -0.0359028 
4 -0.631579 2 1 0.515863 -0.0245343 
4 -0.210526 2 1 0.609805 -0.0115524 
4 0.210526 2 1 0.718097 0.00341256 
4 0.631579 2 1 0.8443 0.0208526 
4 1.05263 2 1 0.993257 0.041437 
4 1.47368 2 1 1.17173 0.0661006 
4 1.89474 2 1 1.38946 0.0961891 
4 2.31579 2 1 1.66101 0.133714 
4 2.73684 2 1 2.00912 0.18182 
4 3.15789 2 1 2.47151 0.245717 
4 3.57895 2 1 3.11548 0.334709 
4 4 2 1 4.07417 0.467189 
-4 -4 2 1 -2.33835 -0.111145 
-3.57895 -4 2 1 -1.99648 -0.10783 
-3.15789 -4 2 1 -1.71397 -0.10509 
-2.73684 -4 2 1 -1.4766 -0.102788 
-2.31579 -4 2 1 -1.27436 -0.100827 
-1.89474 -4 2 1 -1.09998 -0.0991356 
-1.47368 -4 2 1 -0.948069 -0.0976625 
-1.05263 -4 2 1 -0.814557 -0.0963677 
-0.631579 -4 2 1 -0.696288 -0.0952207 
-0.210526 -4 2 1 -0.590793 -0.0941977 
0.210526 -4 2 1 -0.496108 -0.0932795 
0.631579 -4 2 1 -0.410654 -0.0924507 
1.05263 -4 2 1 -0.333142 -0.091699 
1.47368 -4 2 1 -0.262515 -0.0910141 
1.89474 -4 2 1 -0.197895 -0.0903875 
2.31579 -4 2 1 -0.138546 -0.0898119 
2.73684 -4 2 1 -0.0838486 -0.0892815 
3.15789 -4 2 1 -0.0332767 -0.088791 
3.57895 -4 2 1 0.0136195 -0.0883362 
4 -4 2 1 0.0572268 -0.0879133 
1.89474 4 2 1 265.017 50.8093 
2.31579 4 2 1 14.7651 2.52972 
2.73684 4 2 1 8.18861 1.26096 
3.15789 4 2 1 5.91897 0.823096 
3.57895 4 2 1 4.76904 0.601246 
4 4 2 1 4.07417 0.467189 
-4 -4 6 1 -1.95555 1.18013 
-4 -3.57895 6 1 -2.0888 1.34126 
-4 -3.15789 6 1 -2.25707 1.54473 
-4 -2.73684 6 1 -2.47623 1.80974 
-4 -2.31579 6 1 -2.7735 2.16921 
-4 -1.89474 6 1 -3.1997 2.68457 
-4 -1.47368 6 1 -3.8619 3.48531 
-4 -1.05263 6 1 -5.0312 4.89925 
-4 -0.631579 6 1 -7.65151 8.06778 
-4 -0.210526 6 1 -18.839 21.5959 
4 -4 6 1 0.0218601 0.406818 
4 -3.57895 6 1 0.0564422 0.432417 
4 -3.15789 6 1 0.0940317 0.460241 
4 -2.73684 6 1 0.135039 0.490596 
4 -2.31579 6 1 0.179952 0.523841 
4 -1.89474 6 1 0.229357 0.560412 
4 -1.47368 6 1 0.283963 0.600833 
4 -1.05263 6 1 0.344637 0.645745 
4 -0.631579 6 1 0.412451 0.695942 
4 -0.210526 6 1 0.488742 0.752415 
4 0.210526 6 1 0.575207 0.816419 
4 0.631579 6 1 0.674027 0.889567 
4 1.05263 6 1 0.788052 0.973972 
4 1.47368 6 1 0.921086 1.07245 
4 1.89474 6 1 1.07831 1.18883 
4 2.31579 6 1 1.26699 1.32849 
4 2.73684 6 1 1.49761 1.49921 
4 3.15789 6 1 1.78591 1.71261 
4 3.57895 6 1 2.1566 1.987 
4 4 6 1 2.6509 2.3529 
-4 -4 6 1 -1.95555 1.18013 
-3.57895 -4 6 1 -1.70591 1.0825 
-3.15789 -4 6 1 -1.49227 0.998952 
-2.73684 -4 6 1 -1.30737 0.926641 
-2.31579 -4 6 1 -1.14577 0.863443 
-1.89474 -4 6 1 -1.00332 0.807738 
-1.47368 -4 6 1 -0.876824 0.758268 
-1.05263 -4 6 1 -0.763732 0.71404 
-0.631579 -4 6 1 -0.662023 0.674265 
-0.210526 -4 6 1 -0.570061 0.638301 
0.210526 -4 6 1 -0.48651 0.605627 
0.631579 -4 6 1 -0.410265 0.57581 
1.05263 -4 6 1 -0.340409 0.548491 
1.47368 -4 6 1 -0.27617 0.523369 
1.89474 -4 6 1 -0.216898 0.500189 
2.31579 -4 6 1 -0.162038 0.478735 
2.73684 -4 6 1 -0.111114 0.458821 
3.15789 -4 6 1 -0.0637188 0.440285 
3.57895 -4 6 1 -0.0194968 0.422992 
4 -4 6 1 0.0218601 0.406818 
1.05263 4 6 1 26.658 44.1956 
1.47368 4 6 1 8.59692 12.7164 
1.89474 4 6 1 5.54681 7.40025 
2.31579 4 6 1 4.28751 5.20539 
2.73684 4 6 1 3.5998 4.00675 
3.15789 4 6 1 3.16649 3.25153 
3.57895 4 6 1 2.86846 2.73208 
4 4 6 1 2.6509 2.3529 
