-4 -4 2 1 -45.8919 -4.99618 
4 -4 2 1 -0.242631 -0.294217 
4 -3.57895 2 1 -0.195889 -0.300085 
4 -3.15789 2 1 -0.146103 -0.306335 
4 -2.73684 2 1 -0.0929656 -0.313005 
4 -2.31579 2 1 -0.0361276 -0.32014 
4 -1.89474 2 1 0.0248121 -0.327789 
4 -1.47368 2 1 0.0903139 -0.336012 
4 -1.05263 2 1 0.16091 -0.344874 
4 -0.631579 2 1 0.237219 -0.354453 
4 -0.210526 2 1 0.319964 -0.36484 
4 0.210526 2 1 0.409994 -0.376141 
4 0.631579 2 1 0.508315 -0.388483 
4 1.05263 2 1 0.61613 -0.402017 
4 1.47368 2 1 0.734882 -0.416924 
4 1.89474 2 1 0.866324 -0.433424 
4 2.31579 2 1 1.01261 -0.451787 
4 2.73684 2 1 1.17639 -0.472347 
4 3.15789 2 1 1.36102 -0.495523 
4 3.57895 2 1 1.57074 -0.521849 
4 4 2 1 1.81105 -0.552015 
-4 -4 2 1 -45.8919 -4.99618 
-3.57895 -4 2 1 -11.3999 -1.44344 
-3.15789 -4 2 1 -6.29163 -0.917276 
-2.73684 -4 2 1 -4.23518 -0.705458 
-2.31579 -4 2 1 -3.12473 -0.591079 
-1.89474 -4 2 1 -2.42957 -0.519477 
-1.47368 -4 2 1 -1.95345 -0.470435 
-1.05263 -4 2 1 -1.60692 -0.434742 
-0.631579 -4 2 1 -1.34342 -0.4076 
-0.210526 -4 2 1 -1.13629 -0.386266 
0.210526 -4 2 1 -0.969197 -0.369055 
0.631579 -4 2 1 -0.831554 -0.354878 
1.05263 -4 2 1 -0.716206 -0.342996 
1.47368 -4 2 1 -0.618141 -0.332896 
1.89474 -4 2 1 -0.533746 -0.324203 
2.31579 -4 2 1 -0.460349 -0.316643 
2.73684 -4 2 1 -0.395931 -0.310008 
3.15789 -4 2 1 -0.33894 -0.304137 
3.57895 -4 2 1 -0.288161 -0.298907 
4 -4 2 1 -0.242631 -0.294217 
0.631579 4 2 1 89.5352 -25.3101 
1.05263 4 2 1 9.48649 -2.71823 
1.47368 4 2 1 5.27364 -1.52925 
1.89474 4 2 1 3.76906 -1.10462 
2.31579 4 2 1 2.99644 -0.886564 
2.73684 4 2 1 2.52615 -0.753835 
3.15789 4 2 1 2.20977 -0.664545 
3.57895 4 2 1 1.98238 -0.600368 
4 4 2 1 1.81105 -0.552015 
-4 -4 6 1 -6.55655 3.93453 
-4 -3.57895 6 1 -8.17119 5.28554 
-4 -3.15789 6 1 -11.4067 7.9928 
-4 -2.73684 6 1 -21.1634 16.1566 
4 -4 6 1 -0.197481 0.249721 
4 -3.57895 6 1 -0.153984 0.25991 
4 -3.15789 6 1 -0.107937 0.270697 
4 -2.73684 6 1 -0.0591096 0.282135 
4 -2.31579 6 1 -0.00724183 0.294285 
4 -1.89474 6 1 0.0479594 0.307217 
4 -1.47368 6 1 0.106826 0.321006 
4 -1.05263 6 1 0.169736 0.335743 
4 -0.631579 6 1 0.23712 0.351529 
4 -0.210526 6 1 0.309474 0.368478 
4 0.210526 6 1 0.387368 0.386725 
4 0.631579 6 1 0.471464 0.406425 
4 1.05263 6 1 0.562533 0.427758 
4 1.47368 6 1 0.66148 0.450937 
4 1.89474 6 1 0.769374 0.476212 
4 2.31579 6 1 0.887485 0.50388 
4 2.73684 6 1 1.01734 0.534299 
4 3.15789 6 1 1.16077 0.567899 
4 3.57895 6 1 1.32004 0.605209 
4 4 6 1 1.49791 0.646877 
-4 -4 6 1 -6.55655 3.93453 
-3.57895 -4 6 1 -4.42945 2.70196 
-3.15789 -4 6 1 -3.27785 2.03466 
-2.73684 -4 6 1 -2.55587 1.6163 
-2.31579 -4 6 1 -2.06089 1.32948 
-1.89474 -4 6 1 -1.70039 1.12059 
-1.47368 -4 6 1 -1.42613 0.961668 
-1.05263 -4 6 1 -1.21046 0.836699 
-0.631579 -4 6 1 -1.03643 0.735853 
-0.210526 -4 6 1 -0.893027 0.65276 
0.210526 -4 6 1 -0.772831 0.583111 
0.631579 -4 6 1 -0.670626 0.523888 
1.05263 -4 6 1 -0.582654 0.472912 
1.47368 -4 6 1 -0.506137 0.428574 
1.89474 -4 6 1 -0.438973 0.389655 
2.31579 -4 6 1 -0.379547 0.35522 
2.73684 -4 6 1 -0.326593 0.324536 
3.15789 -4 6 1 -0.27911 0.297021 
3.57895 -4 6 1 -0.236291 0.27221 
4 -4 6 1 -0.197481 0.249721 
-0.210526 4 6 1 74.2286 69.3495 
0.210526 4 6 1 8.74287 7.49058 
0.631579 4 6 1 4.90653 3.86671 
1.05263 4 6 1 3.52587 2.56252 
1.47368 4 6 1 2.81472 1.89075 
1.89474 4 6 1 2.38111 1.48116 
2.31579 4 6 1 2.08911 1.20533 
2.73684 4 6 1 1.87907 1.00693 
3.15789 4 6 1 1.72074 0.857365 
3.57895 4 6 1 1.59712 0.740586 
4 4 6 1 1.49791 0.646877 
