-0.958147 0.235403 -1.13188 1.13145 0 
-1.02504 0.246344 -1.22414 1.23258 1 
-1.1049 0.259407 -1.33672 1.35599 2 
-1.20192 0.275277 -1.47715 1.50992 3 
-1.32229 0.294965 -1.65723 1.70732 4 
-1.47559 0.320039 -1.89652 1.96962 5 
-1.67747 0.353059 -2.22995 2.33512 6 
-1.95537 0.398514 -2.7267 2.87963 7 
-2.36219 0.465056 -3.54564 3.77733 8 
-3.01476 0.571794 -5.15075 5.53679 9 
-4.23209 0.770906 -9.71891 10.5443 10 
-7.30653 1.27378 -123.818 135.615 11 
0.455809 0.303764 0.442905 0.984702 20 
0.499822 0.316628 0.489918 1.04839 21 
0.550152 0.331337 0.544331 1.12211 22 
0.608263 0.34832 0.608038 1.20841 23 
0.676113 0.368149 0.683645 1.31084 24 
0.756371 0.391605 0.774828 1.43437 25 
0.852785 0.419783 0.886954 1.58627 26 
0.97078 0.454268 1.02817 1.77758 27 
1.11851 0.497444 1.2115 2.02594 28 
1.30885 0.55307 1.45906 2.36132 29 
1.56332 0.627441 1.8118 2.83917 30 
1.92092 0.73195 2.35479 3.57478 31 
2.46024 0.88957 3.29884 4.85371 32 
3.36703 1.15458 5.34845 7.63037 33 
5.21087 1.69346 13.1893 18.2525 34 
-0.958147 0.235403 -1.13188 1.13145 40 
-0.863289 0.239989 -1.02375 1.12137 41 
-0.771282 0.244438 -0.919222 1.11163 42 
-0.682 0.248754 -0.818116 1.10221 43 
-0.595323 0.252945 -0.720265 1.09309 44 
-0.511139 0.257015 -0.625516 1.08426 45 
-0.429342 0.26097 -0.533723 1.07571 46 
-0.349832 0.264814 -0.44475 1.06742 47 
-0.272514 0.268552 -0.358469 1.05938 48 
-0.197299 0.272188 -0.27476 1.05158 49 
-0.124103 0.275727 -0.193509 1.04401 50 
-0.0528439 0.279172 -0.11461 1.03665 51 
0.0165528 0.282527 -0.0379619 1.02951 52 
0.0841595 0.285796 0.0365303 1.02257 53 
0.150044 0.288981 0.108956 1.01582 54 
0.214273 0.292087 0.179401 1.00926 55 
0.276906 0.295115 0.247944 1.00287 56 
0.338003 0.298069 0.314661 0.996653 57 
0.397619 0.300951 0.379626 0.990599 58 
0.455809 0.303764 0.442905 0.984702 59 
