-4 -3.15789 2 1 13.5858 -1.90274 
-4 -2.73684 2 1 6.11943 -0.827606 
-4 -2.31579 2 1 3.86469 -0.502931 
-4 -1.89474 2 1 2.77662 -0.346251 
-4 -1.47368 2 1 2.13582 -0.253978 
-4 -1.05263 2 1 1.71353 -0.19317 
-4 -0.631579 2 1 1.41426 -0.150076 
-4 -0.210526 2 1 1.1911 -0.117941 
-4 0.210526 2 1 1.01827 -0.0930547 
-4 0.631579 2 1 0.880486 -0.0732139 
-4 1.05263 2 1 0.768063 -0.0570252 
-4 1.47368 2 1 0.674589 -0.0435653 
-4 1.89474 2 1 0.595647 -0.0321979 
-4 2.31579 2 1 0.528092 -0.0224701 
-4 2.73684 2 1 0.469625 -0.0140512 
-4 3.15789 2 1 0.41853 -0.0066935 
-4 3.57895 2 1 0.373493 -0.000208356 
-4 4 2 1 0.333498 0.00555078 
4 -0.631579 2 1 -37.4729 1.15682 
4 -0.210526 2 1 -7.72262 0.312236 
4 0.210526 2 1 -4.43917 0.219022 
4 0.631579 2 1 -3.17747 0.183204 
4 1.05263 2 1 -2.50978 0.164249 
4 1.47368 2 1 -2.09653 0.152517 
4 1.89474 2 1 -1.81557 0.144541 
4 2.31579 2 1 -1.61213 0.138766 
4 2.73684 2 1 -1.45802 0.134391 
4 3.15789 2 1 -1.33724 0.130962 
4 3.57895 2 1 -1.24003 0.128202 
4 4 2 1 -1.16011 0.125933 
-4 4 2 1 0.333498 0.00555078 
-3.57895 4 2 1 0.28302 0.00961923 
-3.15789 4 2 1 0.230494 0.0138527 
-2.73684 4 2 1 0.175793 0.0182616 
-2.31579 4 2 1 0.118779 0.0228568 
-1.89474 4 2 1 0.0593021 0.0276506 
-1.47368 4 2 1 -0.00280109 0.032656 
-1.05263 4 2 1 -0.0677082 0.0378874 
-0.631579 4 2 1 -0.135614 0.0433605 
-0.210526 4 2 1 -0.20673 0.0490923 
0.210526 4 2 1 -0.28129 0.0551018 
0.631579 4 2 1 -0.359551 0.0614095 
1.05263 4 2 1 -0.441795 0.0680382 
1.47368 4 2 1 -0.528334 0.0750132 
1.89474 4 2 1 -0.619513 0.0823621 
2.31579 4 2 1 -0.715717 0.090116 
2.73684 4 2 1 -0.817372 0.0983092 
3.15789 4 2 1 -0.924954 0.10698 
3.57895 4 2 1 -1.039 0.116172 
4 4 2 1 -1.16011 0.125933 
-4 -3.15789 6 1 80.5479 53.0971 
-4 -2.73684 6 1 10.6727 7.31835 
-4 -2.31579 6 1 5.56815 3.97408 
-4 -1.89474 6 1 3.69675 2.74803 
-4 -1.47368 6 1 2.72557 2.11176 
-4 -1.05263 6 1 2.131 1.72223 
-4 -0.631579 6 1 1.72954 1.45921 
-4 -0.210526 6 1 1.44026 1.26969 
-4 0.210526 6 1 1.2219 1.12663 
-4 0.631579 6 1 1.05123 1.01482 
-4 1.05263 6 1 0.914165 0.92502 
-4 1.47368 6 1 0.801669 0.851318 
-4 1.89474 6 1 0.707679 0.78974 
-4 2.31579 6 1 0.627976 0.737522 
-4 2.73684 6 1 0.559532 0.692681 
-4 3.15789 6 1 0.500119 0.653757 
-4 3.57895 6 1 0.44806 0.619651 
-4 4 6 1 0.40207 0.58952 
4 -0.210526 6 1 -16.0941 19.2527 
4 0.210526 6 1 -5.86789 6.82132 
4 0.631579 6 1 -3.69235 4.17667 
4 1.05263 6 1 -2.74577 3.02597 
4 1.47368 6 1 -2.21615 2.38214 
4 1.89474 6 1 -1.8777 1.97072 
4 2.31579 6 1 -1.64276 1.68511 
4 2.73684 6 1 -1.47012 1.47525 
4 3.15789 6 1 -1.33792 1.31454 
4 3.57895 6 1 -1.23343 1.18751 
4 4 6 1 -1.14876 1.08459 
-4 4 6 1 0.40207 0.58952 
-3.57895 4 6 1 0.350888 0.605859 
-3.15789 4 6 1 0.29754 0.622889 
-2.73684 4 6 1 0.241885 0.640656 
-2.31579 4 6 1 0.183772 0.659207 
-1.89474 4 6 1 0.123033 0.678597 
-1.47368 4 6 1 0.0594863 0.698883 
-1.05263 4 6 1 -0.00706747 0.720129 
-0.631579 4 6 1 -0.076847 0.742405 
-0.210526 4 6 1 -0.150092 0.765787 
0.210526 4 6 1 -0.227069 0.79036 
0.631579 4 6 1 -0.308068 0.816218 
1.05263 4 6 1 -0.393415 0.843463 
1.47368 4 6 1 -0.483469 0.872211 
1.89474 4 6 1 -0.57863 0.902589 
2.31579 4 6 1 -0.679345 0.93474 
2.73684 4 6 1 -0.786116 0.968825 
3.15789 4 6 1 -0.899505 1.00502 
3.57895 4 6 1 -1.02015 1.04353 
4 4 6 1 -1.14876 1.08459 
