-4 -4 2 1 0.144982 -0.20503 
-4 -3.57895 2 1 0.101784 -0.203722 
-4 -3.15789 2 1 0.0553978 -0.202318 
-4 -2.73684 2 1 0.00545777 -0.200806 
-4 -2.31579 2 1 -0.0484612 -0.199174 
-4 -1.89474 2 1 -0.106854 -0.197406 
-4 -1.47368 2 1 -0.170303 -0.195486 
-4 -1.05263 2 1 -0.239493 -0.193391 
-4 -0.631579 2 1 -0.31524 -0.191098 
-4 -0.210526 2 1 -0.398524 -0.188577 
-4 0.210526 2 1 -0.490528 -0.185792 
-4 0.631579 2 1 -0.592697 -0.182699 
-4 1.05263 2 1 -0.706814 -0.179244 
-4 1.47368 2 1 -0.835106 -0.17536 
-4 1.89474 2 1 -0.980387 -0.170962 
-4 2.31579 2 1 -1.14627 -0.165941 
-4 2.73684 2 1 -1.33748 -0.160152 
-4 3.15789 2 1 -1.56029 -0.153407 
-4 3.57895 2 1 -1.82324 -0.145447 
-4 4 2 1 -2.13824 -0.135911 
4 -4 2 1 6.74022 -0.626442 
4 -3.57895 2 1 8.877 -0.779182 
4 -3.15789 2 1 13.8282 -1.1331 
4 -2.73684 2 1 37.8807 -2.85241 
-4 -4 2 1 0.144982 -0.20503 
-3.57895 -4 2 1 0.188984 -0.207842 
-3.15789 -4 2 1 0.237473 -0.21094 
-2.73684 -4 2 1 0.291173 -0.214371 
-2.31579 -4 2 1 0.350971 -0.218192 
-1.89474 -4 2 1 0.417967 -0.222473 
-1.47368 -4 2 1 0.493546 -0.227302 
-1.05263 -4 2 1 0.579468 -0.232792 
-0.631579 -4 2 1 0.678014 -0.239089 
-0.210526 -4 2 1 0.792187 -0.246384 
0.210526 -4 2 1 0.926022 -0.254936 
0.631579 -4 2 1 1.08508 -0.265099 
1.05263 -4 2 1 1.27723 -0.277376 
1.47368 -4 2 1 1.51399 -0.292505 
1.89474 -4 2 1 1.81296 -0.311608 
2.31579 -4 2 1 2.20234 -0.336488 
2.73684 -4 2 1 2.73047 -0.370233 
3.15789 -4 2 1 3.48757 -0.418609 
3.57895 -4 2 1 4.66377 -0.493764 
4 -4 2 1 6.74022 -0.626442 
-4 4 2 1 -2.13824 -0.135911 
-3.57895 4 2 1 -2.34989 -0.134194 
-3.15789 4 2 1 -2.63846 -0.131853 
-2.73684 4 2 1 -3.05522 -0.128473 
-2.31579 4 2 1 -3.70998 -0.123162 
-1.89474 4 2 1 -4.88804 -0.113605 
-1.47368 4 2 1 -7.63436 -0.0913275 
-1.05263 4 2 1 -21.3142 0.0196414 
-4 -4 6 1 0.154136 0.311116 
-4 -3.57895 6 1 0.115253 0.32896 
-4 -3.15789 6 1 0.0737757 0.347995 
-4 -2.73684 6 1 0.0294366 0.368343 
-4 -2.31579 6 1 -0.0180713 0.390145 
-4 -1.89474 6 1 -0.0691002 0.413563 
-4 -1.47368 6 1 -0.124057 0.438783 
-4 -1.05263 6 1 -0.183413 0.466022 
-4 -0.631579 6 1 -0.247718 0.495533 
-4 -0.210526 6 1 -0.317619 0.527611 
-4 0.210526 6 1 -0.393879 0.562608 
-4 0.631579 6 1 -0.477407 0.60094 
-4 1.05263 6 1 -0.569294 0.643108 
-4 1.47368 6 1 -0.670861 0.689719 
-4 1.89474 6 1 -0.783723 0.741513 
-4 2.31579 6 1 -0.909876 0.799406 
-4 2.73684 6 1 -1.05181 0.864542 
-4 3.15789 6 1 -1.21269 0.938373 
-4 3.57895 6 1 -1.39658 1.02276 
-4 4 6 1 -1.60879 1.12015 
4 -4 6 1 3.81584 2.14238 
4 -3.57895 6 1 4.27072 2.58379 
4 -3.15789 6 1 4.93232 3.2258 
4 -2.73684 6 1 5.98297 4.24534 
4 -2.31579 6 1 7.90874 6.11408 
4 -1.89474 6 1 12.5834 10.6503 
4 -1.47368 6 1 40.5649 37.8032 
-4 -4 6 1 0.154136 0.311116 
-3.57895 -4 6 1 0.194401 0.331253 
-3.15789 -4 6 1 0.238367 0.353241 
-2.73684 -4 6 1 0.286571 0.377348 
-2.31579 -4 6 1 0.339654 0.403896 
-1.89474 -4 6 1 0.398399 0.433275 
-1.47368 -4 6 1 0.463762 0.465964 
-1.05263 -4 6 1 0.536927 0.502554 
-0.631579 -4 6 1 0.619381 0.543791 
-0.210526 -4 6 1 0.713012 0.590617 
0.210526 -4 6 1 0.820258 0.644252 
0.631579 -4 6 1 0.944322 0.706297 
1.05263 -4 6 1 1.0895 0.778901 
1.47368 -4 6 1 1.26167 0.865007 
1.89474 -4 6 1 1.46915 0.968768 
2.31579 -4 6 1 1.72403 1.09624 
2.73684 -4 6 1 2.04465 1.25658 
3.15789 -4 6 1 2.46021 1.46441 
3.57895 -4 6 1 3.02022 1.74448 
4 -4 6 1 3.81584 2.14238 
-4 4 6 1 -1.60879 1.12015 
-3.57895 4 6 1 -1.70676 1.26676 
-3.15789 4 6 1 -1.83036 1.45174 
-2.73684 4 6 1 -1.99117 1.69241 
-2.31579 4 6 1 -2.20898 2.01837 
-1.89474 4 6 1 -2.5206 2.48473 
-1.47368 4 6 1 -3.00329 3.20711 
-1.05263 4 6 1 -3.8512 4.47606 
-0.631579 4 6 1 -5.73109 7.28945 
-0.210526 4 6 1 -13.4559 18.8501 
