-0.779649 0.0788192 -0.811639 0.917081 20 
-0.697436 0.0735157 -0.719675 0.906579 21 
-0.616023 0.0682639 -0.628711 0.896192 22 
-0.535399 0.0630629 -0.53873 0.885916 23 
-0.455553 0.0579121 -0.449717 0.875752 24 
-0.376474 0.0528108 -0.361655 0.865696 25 
-0.29815 0.0477582 -0.27453 0.855747 26 
-0.220571 0.0427537 -0.188328 0.845903 27 
-0.143727 0.0377965 -0.103032 0.836163 28 
-0.0676056 0.032886 -0.01863 0.826525 29 
0.00780175 0.0280215 0.0648931 0.816987 30 
0.0825054 0.0232025 0.147551 0.807548 31 
0.156515 0.0184282 0.229356 0.798207 32 
0.229841 0.013698 0.310323 0.788961 33 
0.302491 0.00901139 0.390464 0.779809 34 
0.374477 0.00436769 0.469791 0.770751 35 
0.445805 -0.000233662 0.548316 0.761784 36 
0.516487 -0.00479325 0.626053 0.752907 37 
0.586529 -0.00931163 0.703012 0.744119 38 
0.655942 -0.0137894 0.779206 0.735418 39 
-5.23377 -0.32749 -19.2438 19.682 48 
-3.37947 -0.158339 -6.0322 6.23191 49 
-2.50273 -0.0783615 -3.59438 3.75007 50 
-1.99177 -0.0317514 -2.56875 2.70592 51 
-1.65719 -0.00123115 -2.00381 2.13078 52 
-1.42111 0.0203043 -1.64609 1.7666 53 
-1.24561 0.0363134 -1.39925 1.5153 54 
-1.11003 0.0486815 -1.21865 1.33144 55 
-1.00214 0.0585239 -1.08078 1.19108 56 
-0.914231 0.0665425 -0.972085 1.08042 57 
-0.841235 0.0732013 -0.884187 0.990939 58 
-0.779649 0.0788192 -0.811639 0.917081 59 
4.93453 -0.972123 16.1949 11.6666 67 
3.26594 -0.598386 6.33593 4.67566 68 
2.43389 -0.41202 3.92313 2.96475 69 
1.93537 -0.300361 2.83311 2.19183 70 
1.60333 -0.225989 2.21211 1.75148 71 
1.3663 -0.172898 1.81101 1.46707 72 
1.18861 -0.133098 1.53058 1.26821 73 
1.05045 -0.102153 1.32348 1.12136 74 
0.939954 -0.0774035 1.16428 1.00847 75 
0.849568 -0.0571584 1.03808 0.918981 76 
0.774259 -0.0402905 0.935578 0.846301 77 
0.710546 -0.0260198 0.850679 0.7861 78 
0.655942 -0.0137894 0.779206 0.735418 79 
