-4 -2.31579 2 1 19.1731 1.95231 
-4 -1.89474 2 1 6.59523 0.637773 
-4 -1.47368 2 1 3.94763 0.361068 
-4 -1.05263 2 1 2.79871 0.240993 
-4 -0.631579 2 1 2.15668 0.173893 
-4 -0.210526 2 1 1.74671 0.131047 
-4 0.210526 2 1 1.46224 0.101317 
-4 0.631579 2 1 1.2533 0.0794802 
-4 1.05263 2 1 1.09333 0.0627613 
-4 1.47368 2 1 0.966919 0.04955 
-4 1.89474 2 1 0.864511 0.0388471 
-4 2.31579 2 1 0.779862 0.0300003 
-4 2.73684 2 1 0.70872 0.0225652 
-4 3.15789 2 1 0.648092 0.0162288 
-4 3.57895 2 1 0.595808 0.0107645 
-4 4 2 1 0.550255 0.00600374 
4 -1.47368 2 1 -16.7157 5.28451 
4 -1.05263 2 1 -5.90376 1.80226 
4 -0.631579 2 1 -3.61959 1.06659 
4 -0.210526 2 1 -2.62747 0.747057 
4 0.210526 2 1 -2.07283 0.56842 
4 0.631579 2 1 -1.71857 0.454323 
4 1.05263 2 1 -1.47272 0.375141 
4 1.47368 2 1 -1.29212 0.316975 
4 1.89474 2 1 -1.15384 0.272437 
4 2.31579 2 1 -1.04456 0.237241 
4 2.73684 2 1 -0.956022 0.208726 
4 3.15789 2 1 -0.882836 0.185154 
4 3.57895 2 1 -0.821327 0.165344 
4 4 2 1 -0.768906 0.14846 
-4 4 2 1 0.550255 0.00600374 
-3.57895 4 2 1 0.489342 0.0125818 
-3.15789 4 2 1 0.427593 0.0192501 
-2.73684 4 2 1 0.36499 0.0260105 
-2.31579 4 2 1 0.301517 0.032865 
-1.89474 4 2 1 0.237154 0.0398156 
-1.47368 4 2 1 0.171883 0.0468642 
-1.05263 4 2 1 0.105685 0.054013 
-0.631579 4 2 1 0.0385392 0.0612641 
-0.210526 4 2 1 -0.0295744 0.0686197 
0.210526 4 2 1 -0.098677 0.0760821 
0.631579 4 2 1 -0.16879 0.0836536 
1.05263 4 2 1 -0.239936 0.0913367 
1.47368 4 2 1 -0.312139 0.0991338 
1.89474 4 2 1 -0.38542 0.107048 
2.31579 4 2 1 -0.459806 0.115081 
2.73684 4 2 1 -0.535322 0.123235 
3.15789 4 2 1 -0.611992 0.131515 
3.57895 4 2 1 -0.689844 0.139922 
4 4 2 1 -0.768906 0.14846 
-4 -2.73684 6 1 48.0822 45.4772 
-4 -2.31579 6 1 9.00873 8.55513 
-4 -1.89474 6 1 4.92508 4.69633 
-4 -1.47368 6 1 3.36733 3.22435 
-4 -1.05263 6 1 2.54551 2.44779 
-4 -0.631579 6 1 2.03776 1.96799 
-4 -0.210526 6 1 1.69292 1.64214 
-4 0.210526 6 1 1.44343 1.40638 
-4 0.631579 6 1 1.25454 1.22789 
-4 1.05263 6 1 1.10656 1.08807 
-4 1.47368 6 1 0.98751 0.975567 
-4 1.89474 6 1 0.889652 0.883097 
-4 2.31579 6 1 0.807792 0.805745 
-4 2.73684 6 1 0.738304 0.740083 
-4 3.15789 6 1 0.67858 0.683648 
-4 3.57895 6 1 0.626698 0.634622 
-4 4 6 1 0.581207 0.591636 
4 -1.89474 6 1 -33.7246 52.5896 
4 -1.47368 6 1 -6.52724 9.98632 
4 -1.05263 6 1 -3.65792 5.49168 
4 -0.631579 6 1 -2.56204 3.77503 
4 -0.210526 6 1 -1.98358 2.86891 
4 0.210526 6 1 -1.62609 2.30891 
4 0.631579 6 1 -1.38325 1.92852 
4 1.05263 6 1 -1.20753 1.65326 
4 1.47368 6 1 -1.07448 1.44485 
4 1.89474 6 1 -0.970247 1.28157 
4 2.31579 6 1 -0.886378 1.1502 
4 2.73684 6 1 -0.817437 1.0422 
4 3.15789 6 1 -0.759765 0.951864 
4 3.57895 6 1 -0.710808 0.875175 
4 4 6 1 -0.668729 0.80926 
-4 4 6 1 0.581207 0.591636 
-3.57895 4 6 1 0.52314 0.601746 
-3.15789 4 6 1 0.464311 0.611989 
-2.73684 4 6 1 0.404704 0.622367 
-2.31579 4 6 1 0.344306 0.632882 
-1.89474 4 6 1 0.283098 0.643539 
-1.47368 4 6 1 0.221066 0.654339 
-1.05263 4 6 1 0.158192 0.665286 
-0.631579 4 6 1 0.0944597 0.676383 
-0.210526 4 6 1 0.0298504 0.687632 
0.210526 4 6 1 -0.0356537 0.699036 
0.631579 4 6 1 -0.102071 0.7106 
1.05263 4 6 1 -0.169422 0.722327 
1.47368 4 6 1 -0.237725 0.734219 
1.89474 4 6 1 -0.307001 0.74628 
2.31579 4 6 1 -0.377271 0.758515 
2.73684 4 6 1 -0.448556 0.770926 
3.15789 4 6 1 -0.520878 0.783518 
3.57895 4 6 1 -0.594262 0.796295 
4 4 6 1 -0.668729 0.80926 
