-4 -4 2 1 -0.370664 0.124535 
-4 -3.57895 2 1 -0.411343 0.122773 
-4 -3.15789 2 1 -0.457344 0.12078 
-4 -2.73684 2 1 -0.509783 0.118509 
-4 -2.31579 2 1 -0.570114 0.115896 
-4 -1.89474 2 1 -0.640263 0.112857 
-4 -1.47368 2 1 -0.72284 0.109281 
-4 -1.05263 2 1 -0.821467 0.105009 
-4 -0.631579 2 1 -0.941328 0.0998172 
-4 -0.210526 2 1 -1.09011 0.093373 
-4 0.210526 2 1 -1.27971 0.0851608 
-4 0.631579 2 1 -1.5296 0.0743371 
-4 1.05263 2 1 -1.87398 0.0594209 
-4 1.47368 2 1 -2.37893 0.0375499 
-4 1.89474 2 1 -3.19089 0.0023814 
-4 2.31579 2 1 -4.71214 -0.0635091 
-4 2.73684 2 1 -8.59288 -0.231597 
-4 3.15789 2 1 -39.2858 -1.56101 
4 -4 2 1 1.06661 0.0170311 
4 -3.57895 2 1 1.13713 0.00463142 
4 -3.15789 2 1 1.22178 -0.010252 
4 -2.73684 2 1 1.32527 -0.0284485 
4 -2.31579 2 1 1.45468 -0.051203 
4 -1.89474 2 1 1.62114 -0.0804731 
4 -1.47368 2 1 1.84324 -0.119525 
4 -1.05263 2 1 2.15445 -0.174246 
4 -0.631579 2 1 2.62187 -0.256434 
4 -0.210526 2 1 3.40252 -0.393697 
4 0.210526 2 1 4.96989 -0.66929 
4 0.631579 2 1 9.72113 -1.50471 
-4 -4 2 1 -0.370664 0.124535 
-3.57895 -4 2 1 -0.317368 0.120548 
-3.15789 -4 2 1 -0.262292 0.116429 
-2.73684 -4 2 1 -0.205348 0.112169 
-2.31579 -4 2 1 -0.146437 0.107763 
-1.89474 -4 2 1 -0.0854565 0.103202 
-1.47368 -4 2 1 -0.0222951 0.0984777 
-1.05263 -4 2 1 0.0431663 0.0935815 
-0.631579 -4 2 1 0.111056 0.0885036 
-0.210526 -4 2 1 0.18151 0.0832338 
0.210526 -4 2 1 0.254679 0.077761 
0.631579 -4 2 1 0.330721 0.0720733 
1.05263 -4 2 1 0.40981 0.0661577 
1.47368 -4 2 1 0.492132 0.0600003 
1.89474 -4 2 1 0.577889 0.053586 
2.31579 -4 2 1 0.667301 0.0468982 
2.73684 -4 2 1 0.760608 0.0399192 
3.15789 -4 2 1 0.858068 0.0326295 
3.57895 -4 2 1 0.959966 0.0250079 
4 -4 2 1 1.06661 0.0170311 
-4 -4 6 1 -0.375675 0.768218 
-4 -3.57895 6 1 -0.421334 0.810274 
-4 -3.15789 6 1 -0.473696 0.858505 
-4 -2.73684 6 1 -0.534354 0.914378 
-4 -2.31579 6 1 -0.60545 0.979865 
-4 -1.89474 6 1 -0.689932 1.05768 
-4 -1.47368 6 1 -0.791973 1.15167 
-4 -1.05263 6 1 -0.917681 1.26746 
-4 -0.631579 6 1 -1.07637 1.41363 
-4 -0.210526 6 1 -1.28298 1.60394 
-4 0.210526 6 1 -1.56309 1.86195 
-4 0.631579 6 1 -1.96437 2.23157 
-4 1.05263 6 1 -2.5872 2.80526 
-4 1.47368 6 1 -3.68495 3.8164 
-4 1.89474 6 1 -6.13561 6.07371 
-4 2.31579 6 1 -16.4561 15.58 
4 -4 6 1 1.29119 0.974297 
4 -3.57895 6 1 1.39843 1.06241 
4 -3.15789 6 1 1.53145 1.17172 
4 -2.73684 6 1 1.70082 1.31089 
4 -2.31579 6 1 1.92381 1.49413 
4 -1.89474 6 1 2.23067 1.74628 
4 -1.47368 6 1 2.67966 2.11522 
4 -1.05263 6 1 3.3993 2.70655 
4 -0.631579 6 1 4.73988 3.80812 
4 -0.210526 6 1 8.11491 6.58142 
4 0.210526 6 1 32.724 26.803 
-4 -4 6 1 -0.375675 0.768218 
-3.57895 -4 6 1 -0.316681 0.775512 
-3.15789 -4 6 1 -0.255499 0.783076 
-2.73684 -4 6 1 -0.192007 0.790925 
-2.31579 -4 6 1 -0.126071 0.799077 
-1.89474 -4 6 1 -0.0575472 0.807549 
-1.47368 -4 6 1 0.0137205 0.81636 
-1.05263 -4 6 1 0.0878997 0.825531 
-0.631579 -4 6 1 0.165173 0.835084 
-0.210526 -4 6 1 0.245737 0.845045 
0.210526 -4 6 1 0.329808 0.855439 
0.631579 -4 6 1 0.417619 0.866295 
1.05263 -4 6 1 0.509425 0.877645 
1.47368 -4 6 1 0.605506 0.889524 
1.89474 -4 6 1 0.706167 0.901969 
2.31579 -4 6 1 0.811745 0.915022 
2.73684 -4 6 1 0.922607 0.928728 
3.15789 -4 6 1 1.03916 0.943138 
3.57895 -4 6 1 1.16186 0.958307 
4 -4 6 1 1.29119 0.974297 
