9.28579 -0.295911 14.702 11.4726 3 
4.94516 -0.131548 6.49892 5.22978 4 
3.31313 -0.0697493 4.09907 3.40342 5 
2.45732 -0.0373429 2.95336 2.5315 6 
1.93034 -0.0173883 2.28236 2.02084 7 
1.57322 -0.00386546 1.84166 1.68546 8 
1.31523 0.00590371 1.53006 1.44832 9 
1.12012 0.0132916 1.29809 1.27178 10 
0.967408 0.0190744 1.11867 1.13524 11 
0.844623 0.0237238 0.975771 1.02649 12 
0.743753 0.0275433 0.859266 0.937825 13 
0.659413 0.030737 0.762463 0.864155 14 
0.587846 0.033447 0.680754 0.801971 15 
0.526356 0.0357754 0.610864 0.748782 16 
0.472954 0.0377975 0.5504 0.702768 17 
0.426142 0.0395701 0.497578 0.662568 18 
0.384773 0.0411366 0.451033 0.627146 19 
-13.4143 2.38082 -26.7982 37.4477 28 
-5.62013 1.00688 -6.50415 8.83428 29 
-3.63292 0.656578 -3.80797 5.03282 30 
-2.72442 0.496429 -2.74267 3.53081 31 
-2.20381 0.404656 -2.17211 2.72636 32 
-1.86636 0.345171 -1.8166 2.22511 33 
-1.62988 0.303485 -1.57384 1.88283 34 
-1.45495 0.272648 -1.39753 1.63424 35 
-1.3203 0.248913 -1.26367 1.4455 36 
-1.21346 0.23008 -1.15857 1.29733 37 
-1.12662 0.214772 -1.07388 1.17791 38 
-1.05465 0.202084 -1.00416 1.07961 39 
0.384773 0.0411366 0.451033 0.627146 60 
0.332439 0.0469882 0.398667 0.643428 61 
0.278276 0.0530444 0.344429 0.660293 62 
0.222185 0.0593161 0.288214 0.677771 63 
0.164063 0.0658149 0.229914 0.695899 64 
0.103797 0.0725535 0.169411 0.714711 65 
0.0412658 0.0795454 0.106576 0.734248 66 
-0.0236607 0.0868051 0.0412736 0.754553 67 
-0.0911227 0.0943483 -0.0266458 0.775671 68 
-0.161272 0.102192 -0.0973425 0.797652 69 
-0.234272 0.110354 -0.17099 0.820552 70 
-0.3103 0.118855 -0.247778 0.844427 71 
-0.389548 0.127716 -0.32791 0.869343 72 
-0.472227 0.136961 -0.411611 0.895368 73 
-0.558562 0.146615 -0.499124 0.922578 74 
-0.648804 0.156705 -0.590716 0.951057 75 
-0.743221 0.167262 -0.686678 0.980894 76 
-0.842112 0.178319 -0.787332 1.01219 77 
-0.945802 0.189913 -0.893029 1.04505 78 
-1.05465 0.202084 -1.00416 1.07961 79 
