-4 -1.89474 2 1 93.4675 -12.235 
-4 -1.47368 2 1 8.6826 -1.26403 
-4 -1.05263 2 1 4.55775 -0.730285 
-4 -0.631579 2 1 3.09214 -0.540638 
-4 -0.210526 2 1 2.34106 -0.44345 
-4 0.210526 2 1 1.88439 -0.384358 
-4 0.631579 2 1 1.5774 -0.344633 
-4 1.05263 2 1 1.35685 -0.316095 
-4 1.47368 2 1 1.19075 -0.294601 
-4 1.89474 2 1 1.06114 -0.27783 
-4 2.31579 2 1 0.957189 -0.26438 
-4 2.73684 2 1 0.871966 -0.253352 
-4 3.15789 2 1 0.800826 -0.244147 
-4 3.57895 2 1 0.740546 -0.236346 
-4 4 2 1 0.688815 -0.229652 
4 -1.89474 2 1 -19.175 0.12615 
4 -1.47368 2 1 -6.38223 -0.0526103 
4 -1.05263 2 1 -3.82468 -0.0883484 
4 -0.631579 2 1 -2.72869 -0.103663 
4 -0.210526 2 1 -2.11983 -0.112171 
4 0.210526 2 1 -1.73239 -0.117585 
4 0.631579 2 1 -1.46416 -0.121333 
4 1.05263 2 1 -1.26747 -0.124082 
4 1.47368 2 1 -1.11705 -0.126184 
4 1.89474 2 1 -0.998304 -0.127843 
4 2.31579 2 1 -0.902176 -0.129186 
4 2.73684 2 1 -0.822766 -0.130296 
4 3.15789 2 1 -0.756062 -0.131228 
4 3.57895 2 1 -0.69924 -0.132022 
4 4 2 1 -0.650256 -0.132706 
-4 4 2 1 0.688815 -0.229652 
-3.57895 4 2 1 0.616458 -0.224414 
-3.15789 4 2 1 0.544316 -0.219191 
-2.73684 4 2 1 0.472386 -0.213983 
-2.31579 4 2 1 0.400669 -0.208791 
-1.89474 4 2 1 0.329163 -0.203614 
-1.47368 4 2 1 0.257867 -0.198453 
-1.05263 4 2 1 0.186781 -0.193306 
-0.631579 4 2 1 0.115903 -0.188175 
-0.210526 4 2 1 0.0452326 -0.183058 
0.210526 4 2 1 -0.0252313 -0.177957 
0.631579 4 2 1 -0.0954894 -0.17287 
1.05263 4 2 1 -0.165543 -0.167799 
1.47368 4 2 1 -0.235392 -0.162742 
1.89474 4 2 1 -0.305039 -0.157699 
2.31579 4 2 1 -0.374483 -0.152672 
2.73684 4 2 1 -0.443726 -0.147659 
3.15789 4 2 1 -0.512769 -0.14266 
3.57895 4 2 1 -0.581612 -0.137676 
4 4 2 1 -0.650256 -0.132706 
-4 -2.31579 6 1 23.2358 19.0128 
-4 -1.89474 6 1 7.10913 5.71223 
-4 -1.47368 6 1 4.20024 3.31312 
-4 -1.05263 6 1 2.9825 2.30878 
-4 -0.631579 6 1 2.31327 1.75684 
-4 -0.210526 6 1 1.89007 1.4078 
-4 0.210526 6 1 1.5983 1.16717 
-4 0.631579 6 1 1.38496 0.991213 
-4 1.05263 6 1 1.22217 0.856955 
-4 1.47368 6 1 1.09387 0.75114 
-4 1.89474 6 1 0.990153 0.665597 
-4 2.31579 6 1 0.904565 0.595008 
-4 2.73684 6 1 0.832738 0.535768 
-4 3.15789 6 1 0.771598 0.485344 
-4 3.57895 6 1 0.718927 0.441903 
-4 4 6 1 0.673078 0.404089 
4 -2.31579 6 1 -10.6435 11.5598 
4 -1.89474 6 1 -4.84551 5.19195 
4 -1.47368 6 1 -3.13403 3.31225 
4 -1.05263 6 1 -2.3145 2.41216 
4 -0.631579 6 1 -1.83379 1.88419 
4 -0.210526 6 1 -1.51777 1.53711 
4 0.210526 6 1 -1.29418 1.29155 
4 0.631579 6 1 -1.12765 1.10865 
4 1.05263 6 1 -0.99881 0.967142 
4 1.47368 6 1 -0.89616 0.854402 
4 1.89474 6 1 -0.812454 0.762468 
4 2.31579 6 1 -0.74289 0.686066 
4 2.73684 6 1 -0.684163 0.621567 
4 3.15789 6 1 -0.633925 0.566391 
4 3.57895 6 1 -0.590458 0.518651 
4 4 6 1 -0.552481 0.476941 
-4 4 6 1 0.673078 0.404089 
-3.57895 4 6 1 0.607004 0.408017 
-3.15789 4 6 1 0.541109 0.411934 
-2.73684 4 6 1 0.475391 0.41584 
-2.31579 4 6 1 0.409851 0.419736 
-1.89474 4 6 1 0.344486 0.423622 
-1.47368 4 6 1 0.279298 0.427497 
-1.05263 4 6 1 0.214284 0.431361 
-0.631579 4 6 1 0.149445 0.435216 
-0.210526 4 6 1 0.0847796 0.43906 
0.210526 4 6 1 0.0202869 0.442893 
0.631579 4 6 1 -0.0440336 0.446717 
1.05263 4 6 1 -0.108183 0.45053 
1.47368 4 6 1 -0.172161 0.454333 
1.89474 4 6 1 -0.235969 0.458126 
2.31579 4 6 1 -0.299608 0.461909 
2.73684 4 6 1 -0.363077 0.465682 
3.15789 4 6 1 -0.426379 0.469445 
3.57895 4 6 1 -0.489513 0.473198 
4 4 6 1 -0.552481 0.476941 
