19.8134 -1.97035 1102.66 769.239 2 
7.13127 -0.673357 12.1368 8.77411 3 
4.25205 -0.378902 5.94453 4.45598 4 
2.978 -0.248607 3.86477 3.00568 5 
2.25941 -0.175117 2.82194 2.27847 6 
1.79803 -0.127933 2.19528 1.84148 7 
1.47674 -0.0950739 1.77712 1.54987 8 
1.24013 -0.0708765 1.47823 1.34145 9 
1.05863 -0.0523147 1.25396 1.18506 10 
0.914992 -0.0376249 1.07947 1.06337 11 
0.798487 -0.0257101 0.93983 0.965999 12 
0.702092 -0.0158519 0.825556 0.886311 13 
0.621012 -0.00755995 0.73031 0.819892 14 
0.551867 -0.000488566 0.649704 0.763682 15 
0.492203 0.0056133 0.580604 0.715495 16 
0.440193 0.0109322 0.52071 0.673729 17 
0.394455 0.0156099 0.468297 0.63718 18 
0.353918 0.0197556 0.422047 0.604927 19 
-6.77074 0.656324 -10.2878 12.9833 29 
-4.09711 0.421043 -4.86172 5.96494 30 
-2.99008 0.323623 -3.26046 3.8938 31 
-2.38473 0.270352 -2.49378 2.90214 32 
-2.00303 0.236763 -2.04409 2.32049 33 
-1.74036 0.213648 -1.74847 1.93813 34 
-1.54856 0.196769 -1.53933 1.66761 35 
-1.40236 0.183903 -1.38356 1.46613 36 
-1.28722 0.17377 -1.26304 1.31024 37 
-1.19419 0.165584 -1.16702 1.18605 38 
-1.11746 0.158832 -1.08872 1.08478 39 
0.353918 0.0197556 0.422047 0.604927 60 
0.302717 0.0245951 0.370405 0.62133 61 
0.249551 0.0296204 0.316712 0.638384 62 
0.194305 0.0348423 0.260843 0.656129 63 
0.136855 0.0402726 0.202663 0.674608 64 
0.0770662 0.0459239 0.142026 0.693867 65 
0.0147923 0.0518101 0.0787716 0.713958 66 
-0.0501246 0.0579461 0.012728 0.734934 67 
-0.117857 0.0643482 -0.0562938 0.756857 68 
-0.188591 0.0710341 -0.1285 0.779791 69 
-0.262531 0.078023 -0.204116 0.803808 70 
-0.3399 0.0853361 -0.28339 0.828987 71 
-0.420944 0.0929964 -0.366592 0.855414 72 
-0.505928 0.101029 -0.454024 0.883183 73 
-0.595149 0.109462 -0.546015 0.912402 74 
-0.688931 0.118327 -0.642932 0.943184 75 
-0.787633 0.127656 -0.745182 0.97566 76 
-0.891652 0.137488 -0.853216 1.00997 77 
-1.00143 0.147865 -0.967541 1.04629 78 
-1.11746 0.158832 -1.08872 1.08478 79 
