-4 -4 2 1 6.61832 -0.78123 
-4 -3.57895 2 1 4.42572 -0.482058 
-4 -3.15789 2 1 3.24922 -0.321529 
-4 -2.73684 2 1 2.51537 -0.221398 
-4 -2.31579 2 1 2.01391 -0.152975 
-4 -1.89474 2 1 1.64955 -0.103258 
-4 -1.47368 2 1 1.37281 -0.0654989 
-4 -1.05263 2 1 1.15549 -0.035846 
-4 -0.631579 2 1 0.980301 -0.0119422 
-4 -0.210526 2 1 0.836076 0.00773668 
-4 0.210526 2 1 0.715273 0.0242198 
-4 0.631579 2 1 0.612615 0.0382273 
-4 1.05263 2 1 0.524298 0.0502777 
-4 1.47368 2 1 0.447514 0.0607546 
-4 1.89474 2 1 0.380143 0.0699472 
-4 2.31579 2 1 0.320553 0.0780781 
-4 2.73684 2 1 0.26747 0.0853211 
-4 3.15789 2 1 0.219883 0.0918141 
-4 3.57895 2 1 0.176981 0.0976679 
-4 4 2 1 0.138105 0.102972 
4 0.631579 2 1 -11.509 -0.931005 
4 1.05263 2 1 -6.01505 -0.353266 
4 1.47368 2 1 -4.21299 -0.163763 
4 1.89474 2 1 -3.31734 -0.0695775 
4 2.31579 2 1 -2.78167 -0.0132464 
4 2.73684 2 1 -2.42526 0.0242329 
4 3.15789 2 1 -2.17103 0.0509674 
4 3.57895 2 1 -1.98055 0.0709983 
4 4 2 1 -1.83251 0.0865661 
-4 -4 2 1 6.61832 -0.78123 
-3.57895 -4 2 1 8.58534 -1.13051 
-3.15789 -4 2 1 13.0651 -1.92597 
-2.73684 -4 2 1 33.3836 -5.53389 
-4 4 2 1 0.138105 0.102972 
-3.57895 4 2 1 0.0930561 0.102597 
-3.15789 4 2 1 0.0450845 0.102198 
-2.73684 4 2 1 -0.00610432 0.101772 
-2.31579 4 2 1 -0.0608453 0.101316 
-1.89474 4 2 1 -0.119522 0.100828 
-1.47368 4 2 1 -0.182573 0.100303 
-1.05263 4 2 1 -0.250508 0.0997371 
-0.631579 4 2 1 -0.323917 0.0991259 
-0.210526 4 2 1 -0.40349 0.0984634 
0.210526 4 2 1 -0.490036 0.0977429 
0.631579 4 2 1 -0.584514 0.0969563 
1.05263 4 2 1 -0.688067 0.0960942 
1.47368 4 2 1 -0.802069 0.095145 
1.89474 4 2 1 -0.928185 0.0940951 
2.31579 4 2 1 -1.06845 0.0929272 
2.73684 4 2 1 -1.2254 0.0916206 
3.15789 4 2 1 -1.40219 0.0901487 
3.57895 4 2 1 -1.60283 0.0884783 
4 4 2 1 -1.83251 0.0865661 
-4 -4 6 1 63.5986 38.2384 
-4 -3.57895 6 1 12.1429 7.78342 
-4 -3.15789 6 1 6.45298 4.41577 
-4 -2.73684 6 1 4.26602 3.12137 
-4 -2.31579 6 1 3.10854 2.4363 
-4 -1.89474 6 1 2.39212 2.01228 
-4 -1.47368 6 1 1.905 1.72397 
-4 -1.05263 6 1 1.55229 1.51521 
-4 -0.631579 6 1 1.2851 1.35706 
-4 -0.210526 6 1 1.07568 1.23312 
-4 0.210526 6 1 0.907134 1.13336 
-4 0.631579 6 1 0.768554 1.05134 
-4 1.05263 6 1 0.652603 0.982713 
-4 1.47368 6 1 0.554155 0.924445 
-4 1.89474 6 1 0.469525 0.874355 
-4 2.31579 6 1 0.395996 0.830835 
-4 2.73684 6 1 0.331517 0.792673 
-4 3.15789 6 1 0.274514 0.758935 
-4 3.57895 6 1 0.223759 0.728894 
-4 4 6 1 0.178277 0.701975 
4 1.47368 6 1 -13.2549 11.9117 
4 1.89474 6 1 -6.65352 5.78287 
4 2.31579 6 1 -4.59045 3.8675 
4 2.73684 6 1 -3.58288 2.93207 
4 3.15789 6 1 -2.9858 2.37773 
4 3.57895 6 1 -2.5908 2.01102 
4 4 6 1 -2.31015 1.75045 
-4 -4 6 1 63.5986 38.2384 
-4 4 6 1 0.178277 0.701975 
-3.57895 4 6 1 0.129625 0.722474 
-3.15789 4 6 1 0.0774525 0.744457 
-2.73684 4 6 1 0.0213626 0.76809 
-2.31579 4 6 1 -0.0391027 0.793567 
-1.89474 4 6 1 -0.104476 0.821111 
-1.47368 4 6 1 -0.175381 0.850986 
-1.05263 4 6 1 -0.252549 0.883501 
-0.631579 4 6 1 -0.336851 0.91902 
-0.210526 4 6 1 -0.429321 0.957982 
0.210526 4 6 1 -0.531209 1.00091 
0.631579 4 6 1 -0.644029 1.04845 
1.05263 4 6 1 -0.769642 1.10137 
1.47368 4 6 1 -0.910355 1.16066 
1.89474 4 6 1 -1.06906 1.22753 
2.31579 4 6 1 -1.24945 1.30354 
2.73684 4 6 1 -1.4563 1.39069 
3.15789 4 6 1 -1.69587 1.49163 
3.57895 4 6 1 -1.97662 1.60993 
4 4 6 1 -2.31015 1.75045 
