-4 -4 2 1 4.91151 0.46954 
-4 -3.57895 2 1 3.61625 0.411237 
-4 -3.15789 2 1 2.7995 0.374472 
-4 -2.73684 2 1 2.23744 0.349172 
-4 -2.31579 2 1 1.827 0.330697 
-4 -1.89474 2 1 1.51413 0.316613 
-4 -1.47368 2 1 1.26773 0.305522 
-4 -1.05263 2 1 1.06865 0.296561 
-4 -0.631579 2 1 0.904458 0.28917 
-4 -0.210526 2 1 0.766717 0.28297 
-4 0.210526 2 1 0.649513 0.277694 
-4 0.631579 2 1 0.548573 0.27315 
-4 1.05263 2 1 0.460729 0.269196 
-4 1.47368 2 1 0.38359 0.265724 
-4 1.89474 2 1 0.31531 0.26265 
-4 2.31579 2 1 0.254446 0.259911 
-4 2.73684 2 1 0.199852 0.257453 
-4 3.15789 2 1 0.150607 0.255236 
-4 3.57895 2 1 0.105962 0.253227 
-4 4 2 1 0.0652998 0.251397 
4 1.05263 2 1 -34.825 3.98765 
4 1.47368 2 1 -9.69458 1.19871 
4 1.89474 2 1 -5.91794 0.779584 
4 2.31579 2 1 -4.39351 0.610404 
4 2.73684 2 1 -3.56937 0.518942 
4 3.15789 2 1 -3.0531 0.461647 
4 3.57895 2 1 -2.69934 0.422388 
4 4 2 1 -2.4418 0.393806 
-4 -4 2 1 4.91151 0.46954 
-3.57895 -4 2 1 6.00682 0.556536 
-3.15789 -4 2 1 8.05176 0.718957 
-2.73684 -4 2 1 13.2263 1.12995 
-2.31579 -4 2 1 52.1293 4.21985 
-4 4 2 1 0.0652998 0.251397 
-3.57895 4 2 1 0.0204204 0.253946 
-3.15789 4 2 1 -0.0278747 0.256689 
-2.73684 4 2 1 -0.079991 0.259649 
-2.31579 4 2 1 -0.136401 0.262854 
-1.89474 4 2 1 -0.197657 0.266333 
-1.47368 4 2 1 -0.264413 0.270125 
-1.05263 4 2 1 -0.337443 0.274273 
-0.631579 4 2 1 -0.417677 0.278831 
-0.210526 4 2 1 -0.506235 0.283861 
0.210526 4 2 1 -0.604483 0.289442 
0.631579 4 2 1 -0.714103 0.295668 
1.05263 4 2 1 -0.837193 0.30266 
1.47368 4 2 1 -0.976396 0.310567 
1.89474 4 2 1 -1.1351 0.319582 
2.31579 4 2 1 -1.31771 0.329955 
2.73684 4 2 1 -1.53006 0.342017 
3.15789 4 2 1 -1.78008 0.356218 
3.57895 4 2 1 -2.07874 0.373183 
4 4 2 1 -2.4418 0.393806 
-4 -4 6 1 17.2348 13.961 
-4 -3.57895 6 1 8.13747 7.02774 
-4 -3.15789 6 1 5.13953 4.74296 
-4 -2.73684 6 1 3.64696 3.60544 
-4 -2.31579 6 1 2.75345 2.92448 
-4 -1.89474 6 1 2.15862 2.47115 
-4 -1.47368 6 1 1.73416 2.14766 
-4 -1.05263 6 1 1.41603 1.90521 
-4 -0.631579 6 1 1.16874 1.71675 
-4 -0.210526 6 1 0.970988 1.56604 
-4 0.210526 6 1 0.809246 1.44277 
-4 0.631579 6 1 0.6745 1.34008 
-4 1.05263 6 1 0.560511 1.2532 
-4 1.47368 6 1 0.462826 1.17876 
-4 1.89474 6 1 0.37818 1.11425 
-4 2.31579 6 1 0.304127 1.05781 
-4 2.73684 6 1 0.238794 1.00802 
-4 3.15789 6 1 0.180727 0.963764 
-4 3.57895 6 1 0.128778 0.924173 
-4 4 6 1 0.0820285 0.888544 
4 2.31579 6 1 -15.7735 15.3501 
4 2.73684 6 1 -7.98982 7.47808 
4 3.15789 6 1 -5.53194 4.99233 
4 3.57895 6 1 -4.32712 3.77384 
4 4 6 1 -3.61176 3.05037 
-4 -4 6 1 17.2348 13.961 
-3.57895 -4 6 1 83.6193 71.3272 
-4 4 6 1 0.0820285 0.888544 
-3.57895 4 6 1 0.0321556 0.917733 
-3.15789 4 6 1 -0.0220148 0.949437 
-2.73684 4 6 1 -0.0810629 0.983995 
-2.31579 4 6 1 -0.145679 1.02181 
-1.89474 4 6 1 -0.216689 1.06337 
-1.47368 4 6 1 -0.295091 1.10926 
-1.05263 4 6 1 -0.382104 1.16018 
-0.631579 4 6 1 -0.479229 1.21703 
-0.210526 4 6 1 -0.588336 1.28088 
0.210526 4 6 1 -0.711789 1.35313 
0.631579 4 6 1 -0.852616 1.43555 
1.05263 4 6 1 -1.01476 1.53045 
1.47368 4 6 1 -1.20347 1.64089 
1.89474 4 6 1 -1.42584 1.77104 
2.31579 4 6 1 -1.69176 1.92667 
2.73684 4 6 1 -2.01543 2.1161 
3.15789 4 6 1 -2.41793 2.35167 
3.57895 4 6 1 -2.93207 2.65257 
4 4 6 1 -3.61176 3.05037 
