-4 -4 2 1 -29.2892 -2.99376 
4 -4 2 1 -0.2327 -0.288118 
4 -3.57895 2 1 -0.18626 -0.293563 
4 -3.15789 2 1 -0.136752 -0.299367 
4 -2.73684 2 1 -0.0838623 -0.305568 
4 -2.31579 2 1 -0.0272325 -0.312208 
4 -1.89474 2 1 0.0335491 -0.319334 
4 -1.47368 2 1 0.0989562 -0.327002 
4 -1.05263 2 1 0.169538 -0.335277 
4 -0.631579 2 1 0.245934 -0.344234 
4 -0.210526 2 1 0.328892 -0.35396 
4 0.210526 2 1 0.419298 -0.364559 
4 0.631579 2 1 0.5182 -0.376155 
4 1.05263 2 1 0.626855 -0.388893 
4 1.47368 2 1 0.746782 -0.402954 
4 1.89474 2 1 0.879829 -0.418552 
4 2.31579 2 1 1.02828 -0.435956 
4 2.73684 2 1 1.19496 -0.455498 
4 3.15789 2 1 1.38346 -0.477598 
4 3.57895 2 1 1.59836 -0.502793 
4 4 2 1 1.84562 -0.531782 
-4 -4 2 1 -29.2892 -2.99376 
-3.57895 -4 2 1 -9.99741 -1.19737 
-3.15789 -4 2 1 -5.83799 -0.810063 
-2.73684 -4 2 1 -4.02208 -0.640972 
-2.31579 -4 2 1 -3.00442 -0.546211 
-1.89474 -4 2 1 -2.3535 -0.4856 
-1.47368 -4 2 1 -1.90135 -0.443497 
-1.05263 -4 2 1 -1.56897 -0.412547 
-0.631579 -4 2 1 -1.31434 -0.388837 
-0.210526 -4 2 1 -1.11305 -0.370093 
0.210526 -4 2 1 -0.949909 -0.354902 
0.631579 -4 2 1 -0.815021 -0.342342 
1.05263 -4 2 1 -0.70163 -0.331783 
1.47368 -4 2 1 -0.604976 -0.322783 
1.89474 -4 2 1 -0.521608 -0.31502 
2.31579 -4 2 1 -0.448963 -0.308256 
2.73684 -4 2 1 -0.385097 -0.302309 
3.15789 -4 2 1 -0.328509 -0.29704 
3.57895 -4 2 1 -0.278022 -0.292339 
4 -4 2 1 -0.2327 -0.288118 
0.631579 4 2 1 232.618 -60.5639 
1.05263 4 2 1 10.1525 -2.6927 
1.47368 4 2 1 5.48047 -1.47734 
1.89474 4 2 1 3.87922 -1.0608 
2.31579 4 2 1 3.07009 -0.850313 
2.73684 4 2 1 2.58187 -0.723307 
3.15789 4 2 1 2.25522 -0.638336 
3.57895 4 2 1 2.02134 -0.577494 
4 4 2 1 1.84562 -0.531782 
-4 -4 6 1 -6.00398 3.62465 
-4 -3.57895 6 1 -7.3104 4.75679 
-4 -3.15789 6 1 -9.75005 6.87096 
-4 -2.73684 6 1 -15.9267 12.2236 
-4 -2.31579 6 1 -62.5178 52.599 
4 -4 6 1 -0.189929 0.252912 
4 -3.57895 6 1 -0.146805 0.263602 
4 -3.15789 6 1 -0.101121 0.274927 
4 -2.73684 6 1 -0.0526407 0.286945 
4 -2.31579 6 1 -0.00109959 0.299722 
4 -1.89474 6 1 0.0538016 0.313332 
4 -1.47368 6 1 0.112403 0.327859 
4 -1.05263 6 1 0.17509 0.343399 
4 -0.631579 6 1 0.242308 0.360062 
4 -0.210526 6 1 0.314564 0.377974 
4 0.210526 6 1 0.392449 0.397281 
4 0.631579 6 1 0.476645 0.418153 
4 1.05263 6 1 0.567953 0.440788 
4 1.47368 6 1 0.667313 0.465419 
4 1.89474 6 1 0.775841 0.492323 
4 2.31579 6 1 0.894865 0.521829 
4 2.73684 6 1 1.02599 0.554333 
4 3.15789 6 1 1.17115 0.590318 
4 3.57895 6 1 1.33273 0.630374 
4 4 6 1 1.51369 0.675233 
-4 -4 6 1 -6.00398 3.62465 
-3.57895 -4 6 1 -4.17119 2.56176 
-3.15789 -4 6 1 -3.13395 1.96024 
-2.73684 -4 6 1 -2.46665 1.57325 
-2.31579 -4 6 1 -2.00133 1.3034 
-1.89474 -4 6 1 -1.65834 1.10449 
-1.47368 -4 6 1 -1.39504 0.951794 
-1.05263 -4 6 1 -1.18656 0.830887 
-0.631579 -4 6 1 -1.01738 0.732776 
-0.210526 -4 6 1 -0.877353 0.65157 
0.210526 -4 6 1 -0.759538 0.583245 
0.631579 -4 6 1 -0.65904 0.524963 
1.05263 -4 6 1 -0.572301 0.474661 
1.47368 -4 6 1 -0.496677 0.430804 
1.89474 -4 6 1 -0.43016 0.392229 
2.31579 -4 6 1 -0.371199 0.358036 
2.73684 -4 6 1 -0.318575 0.327518 
3.15789 -4 6 1 -0.271319 0.300112 
3.57895 -4 6 1 -0.228649 0.275367 
4 -4 6 1 -0.189929 0.252912 
-0.210526 4 6 1 91.3835 88.4994 
0.210526 4 6 1 8.91859 7.91159 
0.631579 4 6 1 4.96263 4.04567 
1.05263 4 6 1 3.55827 2.67327 
1.47368 4 6 1 2.83883 1.97021 
1.89474 4 6 1 2.40148 1.54282 
2.31579 4 6 1 2.1075 1.25553 
2.73684 4 6 1 1.89633 1.04917 
3.15789 4 6 1 1.73729 0.893748 
3.57895 4 6 1 1.61321 0.772485 
4 4 6 1 1.51369 0.675233 
