-4 -4 2 1 0.239212 -0.0835589 
-4 -3.57895 2 1 0.194 -0.0795554 
-4 -3.15789 2 1 0.146025 -0.0753074 
-4 -2.73684 2 1 0.0950286 -0.0707917 
-4 -2.31579 2 1 0.0407145 -0.0659824 
-4 -1.89474 2 1 -0.0172514 -0.0608496 
-4 -1.47368 2 1 -0.0792504 -0.0553597 
-4 -1.05263 2 1 -0.145719 -0.0494741 
-4 -0.631579 2 1 -0.217157 -0.0431484 
-4 -0.210526 2 1 -0.294145 -0.0363313 
-4 0.210526 2 1 -0.377356 -0.0289632 
-4 0.631579 2 1 -0.467575 -0.0209745 
-4 1.05263 2 1 -0.565727 -0.0122834 
-4 1.47368 2 1 -0.672906 -0.00279287 
-4 1.89474 2 1 -0.790419 0.00761256 
-4 2.31579 2 1 -0.919834 0.019072 
-4 2.73684 2 1 -1.06306 0.031754 
-4 3.15789 2 1 -1.22242 0.0458653 
-4 3.57895 2 1 -1.40082 0.0616621 
-4 4 2 1 -1.60188 0.0794653 
4 -4 2 1 15.1142 1.93325 
4 -3.57895 2 1 31.0728 4.50578 
-4 -4 2 1 0.239212 -0.0835589 
-3.57895 -4 2 1 0.282764 -0.077654 
-3.15789 -4 2 1 0.331138 -0.0710953 
-2.73684 -4 2 1 0.385183 -0.0637676 
-2.31579 -4 2 1 0.445958 -0.0555275 
-1.89474 -4 2 1 0.514804 -0.046193 
-1.47368 -4 2 1 0.593444 -0.0355308 
-1.05263 -4 2 1 0.684126 -0.0232358 
-0.631579 -4 2 1 0.789845 -0.00890194 
-0.210526 -4 2 1 0.914682 0.00802392 
0.210526 -4 2 1 1.06434 0.0283147 
0.631579 -4 2 1 1.24703 0.0530844 
1.05263 -4 2 1 1.47505 0.0840003 
1.47368 -4 2 1 1.76766 0.123674 
1.89474 -4 2 1 2.15684 0.17644 
2.31579 -4 2 1 2.69984 0.250062 
2.73684 -4 2 1 3.5103 0.359948 
3.15789 -4 2 1 4.85043 0.541647 
3.57895 -4 2 1 7.49146 0.899729 
4 -4 2 1 15.1142 1.93325 
-4 4 2 1 -1.60188 0.0794653 
-3.57895 4 2 1 -1.72683 0.113526 
-3.15789 4 2 1 -1.88704 0.157194 
-2.73684 4 2 1 -2.09985 0.215201 
-2.31579 4 2 1 -2.39627 0.295998 
-1.89474 4 2 1 -2.83761 0.416298 
-1.47368 4 2 1 -3.56455 0.614445 
-1.05263 4 2 1 -4.98692 1.00215 
-0.631579 4 2 1 -9.01759 2.10082 
-0.210526 4 2 1 -101.981 27.4406 
-4 -4 6 1 0.220158 0.41722 
-4 -3.57895 6 1 0.17905 0.434141 
-4 -3.15789 6 1 0.135694 0.451988 
-4 -2.73684 6 1 0.0899018 0.470837 
-4 -2.31579 6 1 0.0414606 0.490777 
-4 -1.89474 6 1 -0.00986575 0.511904 
-4 -1.47368 6 1 -0.064343 0.534329 
-4 -1.05263 6 1 -0.122271 0.558174 
-4 -0.631579 6 1 -0.183987 0.583578 
-4 -0.210526 6 1 -0.249876 0.6107 
-4 0.210526 6 1 -0.320377 0.63972 
-4 0.631579 6 1 -0.39599 0.670845 
-4 1.05263 6 1 -0.477292 0.704311 
-4 1.47368 6 1 -0.564952 0.740395 
-4 1.89474 6 1 -0.659745 0.779414 
-4 2.31579 6 1 -0.762578 0.821743 
-4 2.73684 6 1 -0.87452 0.867822 
-4 3.15789 6 1 -0.996837 0.918172 
-4 3.57895 6 1 -1.13104 0.973414 
-4 4 6 1 -1.27896 1.0343 
4 -4 6 1 4.92766 3.97711 
4 -3.57895 6 1 5.60492 4.8756 
4 -3.15789 6 1 6.65129 6.26375 
4 -2.73684 6 1 8.48151 8.69179 
4 -2.31579 6 1 12.5038 14.028 
4 -1.89474 6 1 28.5364 35.2973 
-4 -4 6 1 0.220158 0.41722 
-3.57895 -4 6 1 0.258282 0.446051 
-3.15789 -4 6 1 0.300168 0.477725 
-2.73684 -4 6 1 0.3464 0.512687 
-2.31579 -4 6 1 0.397693 0.551475 
-1.89474 -4 6 1 0.454924 0.594754 
-1.47368 -4 6 1 0.519189 0.643352 
-1.05263 -4 6 1 0.591869 0.698314 
-0.631579 -4 6 1 0.674733 0.760978 
-0.210526 -4 6 1 0.770082 0.833083 
0.210526 -4 6 1 0.880969 0.916938 
0.631579 -4 6 1 1.01153 1.01567 
1.05263 -4 6 1 1.1675 1.13362 
1.47368 -4 6 1 1.35712 1.27701 
1.89474 -4 6 1 1.59257 1.45506 
2.31579 -4 6 1 1.89277 1.68208 
2.73684 -4 6 1 2.28867 1.98146 
3.15789 -4 6 1 2.83471 2.39439 
3.57895 -4 6 1 3.63631 3.00057 
4 -4 6 1 4.92766 3.97711 
-4 4 6 1 -1.27896 1.0343 
-3.57895 4 6 1 -1.34573 1.15371 
-3.15789 4 6 1 -1.42687 1.2988 
-2.73684 4 6 1 -1.52754 1.47882 
-2.31579 4 6 1 -1.65578 1.70814 
-1.89474 4 6 1 -1.82471 2.01022 
-1.47368 4 6 1 -2.05734 2.42621 
-1.05263 4 6 1 -2.39808 3.03551 
-0.631579 4 6 1 -2.94507 4.01366 
-0.210526 4 6 1 -3.96694 5.84096 
0.210526 4 6 1 -6.5563 10.4713 
0.631579 4 6 1 -26.1911 45.5823 
