12.808 0.339008 17.6178 14.7101 3 
5.80014 0.180647 7.00129 5.99768 4 
3.68627 0.132879 4.29759 3.77889 5 
2.66657 0.109836 3.06195 2.76486 6 
2.06616 0.0962679 2.35398 2.18387 7 
1.67054 0.0873277 1.89515 1.80733 8 
1.39019 0.0809925 1.57363 1.54347 9 
1.18114 0.0762685 1.33579 1.34829 10 
1.01926 0.0726105 1.15274 1.19806 11 
0.890207 0.0696941 1.00749 1.07887 12 
0.784909 0.0673146 0.889439 0.981987 13 
0.697363 0.0653363 0.791593 0.901689 14 
0.623428 0.0636655 0.709176 0.834054 15 
0.560158 0.0622358 0.638805 0.776304 16 
0.505402 0.0609984 0.57802 0.726421 17 
0.457549 0.059917 0.524986 0.682898 18 
0.415371 0.0589639 0.47831 0.644593 19 
-9.26225 2.34737 -10.1285 15.0072 28 
-4.72368 1.18683 -4.65583 6.71441 29 
-3.22615 0.803905 -3.08611 4.33579 30 
-2.48022 0.613169 -2.3416 3.20763 31 
-2.03357 0.498958 -1.90703 2.54911 32 
-1.73618 0.422914 -1.62219 2.11749 33 
-1.52395 0.368644 -1.42108 1.81274 34 
-1.36487 0.327967 -1.2715 1.58609 35 
-1.2412 0.296345 -1.1559 1.41092 36 
-1.1423 0.271056 -1.06388 1.27148 37 
-1.06141 0.250372 -0.988901 1.15786 38 
-0.994022 0.23314 -0.926621 1.06349 39 
0.415371 0.0589639 0.47831 0.644593 60 
0.361839 0.0655796 0.425173 0.660437 61 
0.306624 0.0724031 0.370348 0.676783 62 
0.249648 0.0794444 0.313754 0.693657 63 
0.190824 0.0867139 0.255303 0.711085 64 
0.130061 0.0942232 0.194903 0.729093 65 
0.0672618 0.101984 0.132455 0.747713 66 
0.00232157 0.11001 0.0678514 0.766975 67 
-0.0648707 0.118313 0.000980343 0.786913 68 
-0.134434 0.12691 -0.0682803 0.807564 69 
-0.206497 0.135816 -0.140061 0.828966 70 
-0.281196 0.145047 -0.214502 0.851161 71 
-0.358678 0.154623 -0.291753 0.874194 72 
-0.439102 0.164562 -0.371977 0.898114 73 
-0.52264 0.174885 -0.45535 0.922972 74 
-0.609474 0.185617 -0.542059 0.948825 75 
-0.699805 0.19678 -0.63231 0.975734 76 
-0.793847 0.208402 -0.726323 1.00376 77 
-0.891835 0.220511 -0.82434 1.03299 78 
-0.994022 0.23314 -0.926621 1.06349 79 
