9.75683 -2.64481 3.37383 2.428 8 
4.9619 -1.418 2.56752 1.75693 9 
3.3738 -1.01167 2.08895 1.35862 10 
2.58165 -0.808997 1.77205 1.09487 11 
2.10697 -0.687547 1.54674 0.90734 12 
1.79076 -0.606644 1.37832 0.767165 13 
1.56503 -0.548888 1.24766 0.658418 14 
1.39579 -0.505588 1.14334 0.571595 15 
1.26421 -0.471921 1.05812 0.500673 16 
1.15896 -0.444993 0.987208 0.44165 17 
1.07287 -0.422966 0.927269 0.391764 18 
1.00114 -0.404613 0.875941 0.349045 19 
-377.918 -71.1288 -5.40939 3.92172 23 
-10.2777 -2.17059 -3.50905 2.52756 24 
-5.10622 -1.20058 -2.56885 1.83779 25 
-3.34993 -0.871158 -2.00787 1.42624 26 
-2.46556 -0.705277 -1.63518 1.15282 27 
-1.93294 -0.605373 -1.36962 0.957993 28 
-1.57701 -0.538612 -1.17079 0.812124 29 
-1.32237 -0.490848 -1.01635 0.698821 30 
-1.13116 -0.454983 -0.892922 0.608273 31 
-0.982303 -0.427063 -0.792023 0.53425 32 
-0.863136 -0.404711 -0.708 0.472608 33 
-0.765579 -0.386412 -0.636945 0.420479 34 
-0.684243 -0.371156 -0.57607 0.375819 35 
-0.615393 -0.358242 -0.523335 0.337131 36 
-0.556359 -0.347169 -0.477209 0.303291 37 
-0.505181 -0.337569 -0.436522 0.273442 38 
-0.460389 -0.329168 -0.400367 0.246917 39 
1.00114 -0.404613 0.875941 0.349045 60 
0.900102 -0.399397 0.790584 0.342215 61 
0.802524 -0.39436 0.707756 0.335587 62 
0.70823 -0.389493 0.627347 0.329153 63 
0.617058 -0.384786 0.549251 0.322904 64 
0.528855 -0.380233 0.473371 0.316832 65 
0.443478 -0.375826 0.399614 0.31093 66 
0.360793 -0.371558 0.327891 0.305191 67 
0.280676 -0.367422 0.25812 0.299608 68 
0.203008 -0.363413 0.190222 0.294175 69 
0.127679 -0.359524 0.124123 0.288886 70 
0.0545843 -0.355751 0.059752 0.283735 71 
-0.0163734 -0.352088 -0.00295796 0.278717 72 
-0.0852868 -0.348531 -0.0640701 0.273827 73 
-0.152243 -0.345075 -0.123645 0.26906 74 
-0.217324 -0.341715 -0.181739 0.264411 75 
-0.280607 -0.338448 -0.238408 0.259877 76 
-0.342167 -0.335271 -0.293703 0.255452 77 
-0.402072 -0.332178 -0.347674 0.251133 78 
-0.460389 -0.329168 -0.400367 0.246917 79 
