0.697156 -0.0111054 0.618339 0.681516 0 
0.624713 -0.0184792 0.546723 0.675842 1 
0.551929 -0.0258877 0.474775 0.670142 2 
0.478804 -0.0333309 0.402494 0.664416 3 
0.405334 -0.0408093 0.329878 0.658662 4 
0.331517 -0.0483229 0.256923 0.652883 5 
0.257351 -0.0558721 0.183628 0.647076 6 
0.182833 -0.0634571 0.10999 0.641242 7 
0.107961 -0.0710782 0.0360068 0.635381 8 
0.0327313 -0.0787356 -0.038324 0.629492 9 
-0.0428575 -0.0864296 -0.113005 0.623575 10 
-0.118808 -0.0941605 -0.188038 0.617631 11 
-0.195124 -0.101928 -0.263427 0.611658 12 
-0.271806 -0.109734 -0.339173 0.605657 13 
-0.348859 -0.117577 -0.41528 0.599628 14 
-0.426284 -0.125458 -0.491749 0.593569 15 
-0.504085 -0.133377 -0.568584 0.587482 16 
-0.582264 -0.141335 -0.645786 0.581366 17 
-0.660823 -0.149331 -0.723359 0.57522 18 
-0.739767 -0.157366 -0.801306 0.569045 19 
0.697156 -0.0111054 0.618339 0.681516 40 
0.755421 -0.0101519 0.669503 0.737173 41 
0.823846 -0.00903222 0.729445 0.802379 42 
0.905345 -0.00769858 0.800634 0.879821 43 
1.00406 -0.00608323 0.886566 0.9733 44 
1.12609 -0.00408636 0.992349 1.08837 45 
1.28079 -0.00155473 1.12576 1.2335 46 
1.48334 0.0017597 1.29924 1.42222 47 
1.75996 0.00628639 1.53405 1.67765 48 
2.16041 0.0128393 1.86968 2.04275 49 
2.79179 0.0231711 2.38882 2.60748 50 
3.93478 0.041875 3.29858 3.59714 51 
6.63483 0.0860585 5.3058 5.78064 52 
20.8699 0.319 13.4144 14.6014 53 
-0.739767 -0.157366 -0.801306 0.569045 60 
-0.799616 -0.168686 -0.865315 0.618132 61 
-0.870476 -0.182088 -0.940899 0.676096 62 
-0.955693 -0.198205 -1.03151 0.745582 63 
-1.06012 -0.217956 -1.14212 0.830405 64 
-1.19109 -0.242726 -1.28017 0.936275 65 
-1.36017 -0.274705 -1.45733 1.07213 66 
-1.58686 -0.317579 -1.69294 1.25282 67 
-1.90662 -0.378055 -2.02167 1.50491 68 
-2.39158 -0.469778 -2.5123 1.88117 69 
-3.21438 -0.625395 -3.32352 2.50327 70 
-4.91667 -0.947354 -4.92199 3.7291 71 
-10.5276 -2.00856 -9.53404 7.26597 72 
