4 -4 2 1 -0.923484 0.0113885 
4 -3.57895 2 1 -0.82636 0.0104648 
4 -3.15789 2 1 -0.732063 0.00956807 
4 -2.73684 2 1 -0.640472 0.00869703 
4 -2.31579 2 1 -0.55147 0.00785064 
4 -1.89474 2 1 -0.464951 0.00702784 
4 -1.47368 2 1 -0.380812 0.00622768 
4 -1.05263 2 1 -0.298955 0.00544922 
4 -0.631579 2 1 -0.219289 0.0046916 
4 -0.210526 2 1 -0.141727 0.003954 
4 0.210526 2 1 -0.0661878 0.00323562 
4 0.631579 2 1 0.00740771 0.00253573 
4 1.05263 2 1 0.0791334 0.00185362 
4 1.47368 2 1 0.14906 0.00118863 
4 1.89474 2 1 0.217253 0.000540109 
4 2.31579 2 1 0.283778 -9.25359e-05 
4 2.73684 2 1 0.348694 -0.000709885 
4 3.15789 2 1 0.412059 -0.00131249 
4 3.57895 2 1 0.473928 -0.00190086 
4 4 2 1 0.534354 -0.00247551 
-1.05263 -4 2 1 -1816.97 -436.757 
-0.631579 -4 2 1 -9.11464 -1.95862 
-0.210526 -4 2 1 -4.65592 -0.88628 
0.210526 -4 2 1 -3.16479 -0.527656 
0.631579 -4 2 1 -2.4183 -0.348122 
1.05263 -4 2 1 -1.97011 -0.240331 
1.47368 -4 2 1 -1.6712 -0.168441 
1.89474 -4 2 1 -1.45763 -0.117076 
2.31579 -4 2 1 -1.29742 -0.0785448 
2.73684 -4 2 1 -1.17279 -0.0485711 
3.15789 -4 2 1 -1.07308 -0.0245893 
3.57895 -4 2 1 -0.991483 -0.00496579 
4 -4 2 1 -0.923484 0.0113885 
-2.31579 4 2 1 25.6492 -6.86403 
-1.89474 4 2 1 7.51102 -1.90855 
-1.47368 4 2 1 4.33984 -1.04216 
-1.05263 4 2 1 3.02111 -0.681875 
-0.631579 4 2 1 2.29859 -0.484477 
-0.210526 4 2 1 1.8425 -0.359869 
0.210526 4 2 1 1.52841 -0.274057 
0.631579 4 2 1 1.29893 -0.211363 
1.05263 4 2 1 1.12394 -0.163555 
1.47368 4 2 1 0.986088 -0.125892 
1.89474 4 2 1 0.874685 -0.0954562 
2.31579 4 2 1 0.782785 -0.0703487 
2.73684 4 2 1 0.70568 -0.049283 
3.15789 4 2 1 0.640063 -0.0313559 
3.57895 4 2 1 0.583544 -0.0159146 
4 4 2 1 0.534354 -0.00247551 
4 -4 6 1 -1.04452 0.956136 
4 -3.57895 6 1 -0.928741 0.938724 
4 -3.15789 6 1 -0.816896 0.921904 
4 -2.73684 6 1 -0.708789 0.905646 
4 -2.31579 6 1 -0.604234 0.889922 
4 -1.89474 6 1 -0.503061 0.874707 
4 -1.47368 6 1 -0.405107 0.859976 
4 -1.05263 6 1 -0.310221 0.845706 
4 -0.631579 6 1 -0.218262 0.831877 
4 -0.210526 6 1 -0.129095 0.818467 
4 0.210526 6 1 -0.0425961 0.805459 
4 0.631579 6 1 0.0413532 0.792834 
4 1.05263 6 1 0.122864 0.780576 
4 1.47368 6 1 0.202041 0.768669 
4 1.89474 6 1 0.278983 0.757097 
4 2.31579 6 1 0.353783 0.745848 
4 2.73684 6 1 0.426529 0.734908 
4 3.15789 6 1 0.497306 0.724264 
4 3.57895 6 1 0.566191 0.713905 
4 4 6 1 0.633261 0.703818 
-0.210526 -4 6 1 -38.9002 34.2572 
0.210526 -4 6 1 -7.40755 6.55359 
0.631579 -4 6 1 -4.16382 3.70013 
1.05263 -4 6 1 -2.9288 2.61371 
1.47368 -4 6 1 -2.27777 2.04101 
1.89474 -4 6 1 -1.87571 1.68732 
2.31579 -4 6 1 -1.60273 1.44719 
2.73684 -4 6 1 -1.40527 1.27348 
3.15789 -4 6 1 -1.2558 1.14199 
3.57895 -4 6 1 -1.13871 1.039 
4 -4 6 1 -1.04452 0.956136 
-1.47368 4 6 1 16.8398 10.9771 
-1.05263 4 6 1 6.51809 4.43422 
-0.631579 4 6 1 3.99088 2.83221 
-0.210526 4 6 1 2.84902 2.10839 
0.210526 4 6 1 2.19845 1.69599 
0.631579 4 6 1 1.77823 1.42961 
1.05263 4 6 1 1.48442 1.24337 
1.47368 4 6 1 1.26744 1.10582 
1.89474 4 6 1 1.10063 1.00009 
2.31579 4 6 1 0.968407 0.916268 
2.73684 4 6 1 0.861015 0.848192 
3.15789 4 6 1 0.772062 0.791805 
3.57895 4 6 1 0.697174 0.744333 
4 4 6 1 0.633261 0.703818 
