16.5648 4.80845 4.44813 6.46232 10 
6.75129 1.79445 3.22771 4.38653 11 
4.40709 1.07448 2.59401 3.30869 12 
3.35529 0.751443 2.20593 2.64861 13 
2.75805 0.568015 1.94385 2.20284 14 
2.37306 0.449775 1.75497 1.88158 15 
2.10425 0.367216 1.61239 1.63906 16 
1.90593 0.306304 1.50093 1.44949 17 
1.75357 0.259512 1.41142 1.29724 18 
1.63287 0.22244 1.33795 1.17227 19 
-9.10664 0.678716 -4.89921 3.84275 20 
-5.37204 0.379844 -3.5695 2.88854 21 
-3.71405 0.247159 -2.75828 2.3064 22 
-2.77742 0.172202 -2.21176 1.91421 23 
-2.17549 0.124031 -1.81856 1.63205 24 
-1.75605 0.0904646 -1.52209 1.41931 25 
-1.44704 0.0657349 -1.29058 1.25317 26 
-1.20992 0.0467584 -1.10478 1.11983 27 
-1.02221 0.0317367 -0.952362 1.01046 28 
-0.869931 0.0195501 -0.825081 0.919124 29 
-0.743914 0.00946519 -0.717188 0.841699 30 
-0.637904 0.000981484 -0.624568 0.775234 31 
-0.547488 -0.00625433 -0.544191 0.717555 32 
-0.469461 -0.0124987 -0.473781 0.667028 33 
-0.401439 -0.0179424 -0.411592 0.622401 34 
-0.341613 -0.0227301 -0.356264 0.582697 35 
-0.288588 -0.0269736 -0.30672 0.547144 36 
-0.241265 -0.0307607 -0.262099 0.515124 37 
-0.198772 -0.0341614 -0.221702 0.486134 38 
-0.160405 -0.0372318 -0.184955 0.459765 39 
-28.3575 3.14338 -6.74984 6.24483 57 
-13.2814 1.21321 -5.61519 4.77208 58 
-9.10664 0.678716 -4.89921 3.84275 59 
1.63287 0.22244 1.33795 1.17227 60 
1.44237 0.194856 1.18683 1.10157 61 
1.27228 0.170226 1.04988 1.0375 62 
1.11948 0.148099 0.925201 0.979164 63 
0.981452 0.128113 0.811207 0.925831 64 
0.856162 0.109971 0.706583 0.876882 65 
0.741923 0.0934284 0.61022 0.831797 66 
0.637334 0.0782835 0.521176 0.790137 67 
0.541222 0.0643661 0.438648 0.751525 68 
0.452596 0.0515328 0.361947 0.715639 69 
0.370615 0.0396616 0.290475 0.682201 70 
0.294558 0.0286483 0.223716 0.650967 71 
0.223805 0.0184031 0.161219 0.621727 72 
0.157821 0.00884836 0.102588 0.594295 73 
0.0961389 -8.34539e-05 0.0474749 0.56851 74 
0.0383511 -0.00845132 -0.00442745 0.544227 75 
-0.0158997 -0.016307 -0.0533917 0.521318 76 
-0.0669287 -0.0236962 -0.0996604 0.499671 77 
-0.115014 -0.0306592 -0.14345 0.479183 78 
-0.160405 -0.0372318 -0.184955 0.459765 79 
