5.20703 0.255173 20.9616 15.9799 0 
3.76996 0.245343 8.86623 7.2049 1 
2.89002 0.239323 5.42078 4.70526 2 
2.29583 0.235259 3.79032 3.52238 3 
1.86764 0.23233 2.8397 2.83271 4 
1.54441 0.230119 2.21706 2.381 5 
1.29177 0.228391 1.77765 2.06221 6 
1.08887 0.227003 1.45095 1.8252 7 
0.922331 0.225863 1.19853 1.64207 8 
0.783188 0.224912 0.997646 1.49633 9 
0.665193 0.224104 0.833972 1.37758 10 
0.563865 0.223411 0.698047 1.27897 11 
0.475906 0.22281 0.583366 1.19577 12 
0.398834 0.222282 0.485309 1.12463 13 
0.330745 0.221817 0.400506 1.06311 14 
0.270156 0.221402 0.32644 1.00937 15 
0.215891 0.221031 0.261193 0.962038 16 
0.16701 0.220697 0.203279 0.920022 17 
0.12275 0.220394 0.151527 0.882477 18 
0.0824841 0.220118 0.105003 0.848724 19 
-5.02502 0.496252 -36.0853 35.5065 34 
-3.88603 0.420785 -10.3838 9.82221 35 
-3.22801 0.377186 -6.33412 5.7752 36 
-2.79942 0.348789 -4.68489 4.12707 37 
-2.49807 0.328822 -3.78975 3.23253 38 
-2.27463 0.314018 -3.22775 2.6709 39 
5.20703 0.255173 20.9616 15.9799 40 
6.42809 0.282194 417.32 335.459 41 
0.0824841 0.220118 0.105003 0.848724 60 
0.0376355 0.221905 0.0554873 0.875797 61 
-0.0105119 0.223823 0.00185916 0.905118 62 
-0.0623358 0.225888 -0.0564162 0.93698 63 
-0.118274 0.228116 -0.11997 0.971728 64 
-0.178837 0.230529 -0.189554 1.00977 65 
-0.244623 0.233149 -0.266069 1.05161 66 
-0.316338 0.236006 -0.350604 1.09783 67 
-0.39482 0.239133 -0.444491 1.14916 68 
-0.481077 0.242569 -0.549371 1.2065 69 
-0.576323 0.246363 -0.667297 1.27098 70 
-0.68204 0.250574 -0.800863 1.34401 71 
-0.800056 0.255276 -0.953402 1.42741 72 
-0.932649 0.260558 -1.12927 1.52356 73 
-1.0827 0.266535 -1.33425 1.63563 74 
-1.25389 0.273355 -1.57623 1.76794 75 
-1.45105 0.281209 -1.86622 1.92649 76 
-1.68054 0.290351 -2.2201 2.11997 77 
-1.95104 0.301127 -2.66156 2.36134 78 
-2.27463 0.314018 -3.22775 2.6709 79 
