8.2035 -2.18707 73.8744 37.4072 1 
4.8605 -1.27943 11.2872 6.06124 2 
3.37656 -0.876532 5.9107 3.36846 3 
2.53831 -0.648944 3.90719 2.36503 4 
1.99963 -0.502688 2.86048 1.8408 5 
1.62427 -0.400777 2.21728 1.51866 6 
1.34774 -0.325696 1.78197 1.30064 7 
1.13554 -0.268084 1.46778 1.14328 8 
0.967566 -0.222479 1.23034 1.02436 9 
0.831297 -0.185481 1.04458 0.931329 10 
0.71853 -0.154864 0.895287 0.856558 11 
0.623667 -0.129108 0.772683 0.795153 12 
0.542759 -0.107141 0.670198 0.743825 13 
0.472936 -0.088184 0.583255 0.700281 14 
0.412067 -0.0716578 0.508568 0.662875 15 
0.358534 -0.0571232 0.443716 0.630395 16 
0.311085 -0.0442405 0.386876 0.601927 17 
0.268739 -0.0327434 0.336651 0.576772 18 
0.230714 -0.0224196 0.291948 0.554383 19 
-7.37013 -1.24417 -4155.64 3791.57 30 
-4.51061 -0.657754 -10.0621 8.91612 31 
-3.32783 -0.415195 -5.2748 4.54789 32 
-2.68136 -0.28262 -3.67657 3.08957 33 
-2.27385 -0.199049 -2.87699 2.35999 34 
-1.99347 -0.14155 -2.39709 1.92211 35 
-1.78876 -0.0995684 -2.0771 1.63013 36 
-1.63273 -0.0675697 -1.8485 1.42155 37 
-1.50986 -0.0423715 -1.67704 1.2651 38 
-1.41059 -0.022014 -1.54367 1.1434 39 
0.230714 -0.0224196 0.291948 0.554383 60 
0.183661 -0.022408 0.242823 0.570147 61 
0.134166 -0.0223957 0.190941 0.586795 62 
0.0820327 -0.0223828 0.13606 0.604405 63 
0.0270458 -0.0223693 0.0779158 0.623063 64 
-0.0310359 -0.0223549 0.0162063 0.642864 65 
-0.0924813 -0.0223397 -0.0494064 0.663918 66 
-0.157591 -0.0223236 -0.119305 0.686347 67 
-0.226704 -0.0223066 -0.193922 0.710291 68 
-0.3002 -0.0222884 -0.273754 0.735908 69 
-0.37851 -0.0222691 -0.359367 0.763379 70 
-0.462123 -0.0222484 -0.451411 0.792915 71 
-0.551597 -0.0222263 -0.550641 0.824756 72 
-0.647569 -0.0222026 -0.657931 0.859183 73 
-0.750776 -0.0221771 -0.774306 0.896526 74 
-0.862066 -0.0221496 -0.900969 0.93717 75 
-0.982429 -0.0221198 -1.03935 0.981574 76 
-1.11302 -0.0220876 -1.19115 1.03029 77 
-1.2552 -0.0220524 -1.35843 1.08396 78 
-1.41059 -0.022014 -1.54367 1.1434 79 
