-0.598402 0.105594 -0.693878 0.841662 0 
-0.644423 0.0987752 -0.754947 0.894117 1 
-0.697463 0.0909162 -0.826923 0.955942 2 
-0.759262 0.0817594 -0.913016 1.02989 3 
-0.832185 0.0709545 -1.01783 1.11992 4 
-0.91953 0.0580125 -1.14821 1.23192 5 
-1.02605 0.0422298 -1.31483 1.37503 6 
-1.15883 0.0225557 -1.5352 1.56432 7 
-1.32895 -0.00265129 -1.84038 1.82646 8 
-1.55475 -0.0361071 -2.29095 2.21348 9 
-1.86888 -0.0826528 -3.02334 2.84257 10 
-2.33582 -0.151839 -4.4222 4.04413 11 
-3.10288 -0.265494 -8.15686 7.25204 12 
-4.59644 -0.486793 -49.6609 42.9022 13 
0.732426 0.115416 0.837904 0.913092 20 
0.784378 0.108828 0.908148 0.976587 21 
0.844906 0.101153 0.992163 1.05253 22 
0.916324 0.0920965 1.09444 1.14498 23 
1.00186 0.0812499 1.22165 1.25997 24 
1.10617 0.0680236 1.38419 1.40689 25 
1.23618 0.0515379 1.59915 1.6012 26 
1.40272 0.0304188 1.89675 1.87021 27 
1.62374 0.00239339 2.336 2.26725 28 
1.93115 -0.0365882 3.04961 2.9123 29 
2.38794 -0.0945116 4.41137 4.14322 30 
3.13794 -0.189614 8.03896 7.42226 31 
4.59684 -0.374609 47.5842 43.1679 32 
-0.598402 0.105594 -0.693878 0.841662 40 
-0.532746 0.106079 -0.619043 0.845151 41 
-0.466632 0.106567 -0.54361 0.848669 42 
-0.400054 0.107058 -0.46757 0.852215 43 
-0.333008 0.107553 -0.390916 0.855789 44 
-0.265488 0.108051 -0.313641 0.859393 45 
-0.197491 0.108553 -0.235738 0.863026 46 
-0.12901 0.109058 -0.157198 0.866688 47 
-0.0600402 0.109567 -0.0780143 0.870381 48 
0.00942315 0.11008 0.00182195 0.874104 49 
0.0793856 0.110596 0.0823184 0.877857 50 
0.149853 0.111116 0.163483 0.881642 51 
0.22083 0.11164 0.245325 0.885459 52 
0.292322 0.112168 0.327853 0.889307 53 
0.364336 0.112699 0.411074 0.893188 54 
0.436877 0.113234 0.494998 0.897101 55 
0.50995 0.113774 0.579634 0.901048 56 
0.583562 0.114317 0.66499 0.905029 57 
0.657719 0.114864 0.751077 0.909043 58 
0.732426 0.115416 0.837904 0.913092 59 
