-0.380373 0.113701 -0.389108 0.759 0 
-0.421123 0.110951 -0.435226 0.800371 1 
-0.467229 0.10784 -0.488165 0.847862 2 
-0.51982 0.104291 -0.549561 0.90294 3 
-0.58037 0.100205 -0.621616 0.96758 4 
-0.650831 0.0954507 -0.70737 1.04451 5 
-0.733854 0.0898484 -0.81114 1.1376 6 
-0.833128 0.0831495 -0.93927 1.25255 7 
-0.953943 0.0749971 -1.10148 1.39806 8 
-1.10416 0.0648607 -1.31344 1.58821 9 
-1.296 0.0519154 -1.60221 1.84726 10 
-1.54955 0.0348062 -2.01876 2.22094 11 
-1.90029 0.0111389 -2.67198 2.80695 12 
-2.41735 -0.0237512 -3.84368 3.85807 13 
-3.25578 -0.0803275 -6.55726 6.2924 14 
-4.85033 -0.187926 -19.711 18.0925 15 
1.04401 0.00656797 1.26291 0.949442 20 
1.11263 -0.00706843 1.3671 1.03335 21 
1.1948 -0.023398 1.49601 1.13717 22 
1.29498 -0.043306 1.65964 1.26893 23 
1.41981 -0.0681134 1.87416 1.44169 24 
1.57967 -0.0998826 2.16772 1.6781 25 
1.79172 -0.142023 2.59384 2.02127 26 
2.0865 -0.200602 3.26852 2.5646 27 
2.52414 -0.287573 4.49877 3.55534 28 
3.24172 -0.430174 7.45112 5.93292 29 
4.63413 -0.706883 24.1742 19.4003 30 
-0.380373 0.113701 -0.389108 0.759 40 
-0.326737 0.109667 -0.329656 0.765853 41 
-0.271379 0.105503 -0.268077 0.772952 42 
-0.214214 0.101203 -0.204256 0.780309 43 
-0.155151 0.096761 -0.138067 0.787939 44 
-0.0940941 0.0921687 -0.069377 0.795858 45 
-0.0309415 0.0874188 0.00195898 0.804081 46 
0.034417 0.0825029 0.0760968 0.812628 47 
0.102099 0.0774123 0.153205 0.821517 48 
0.172231 0.0721375 0.233465 0.830769 49 
0.244948 0.0666682 0.317076 0.840408 50 
0.320395 0.0609935 0.40425 0.850457 51 
0.398731 0.0551016 0.49522 0.860944 52 
0.480122 0.0489798 0.590241 0.871898 53 
0.564753 0.0426144 0.689589 0.883351 54 
0.65282 0.0359906 0.793567 0.895337 55 
0.744537 0.0290922 0.902505 0.907895 56 
0.840136 0.0219019 1.01677 0.921067 57 
0.939868 0.0144007 1.13675 0.934899 58 
1.04401 0.00656797 1.26291 0.949442 59 
