4 -4 2 1 -1.0904 0.110775 
4 -3.57895 2 1 -0.972524 0.111849 
4 -3.15789 2 1 -0.860367 0.112871 
4 -2.73684 2 1 -0.753517 0.113844 
4 -2.31579 2 1 -0.651607 0.114773 
4 -1.89474 2 1 -0.554301 0.11566 
4 -1.47368 2 1 -0.461295 0.116507 
4 -1.05263 2 1 -0.37231 0.117318 
4 -0.631579 2 1 -0.287091 0.118095 
4 -0.210526 2 1 -0.205403 0.118839 
4 0.210526 2 1 -0.127032 0.119553 
4 0.631579 2 1 -0.0517787 0.120239 
4 1.05263 2 1 0.0205383 0.120898 
4 1.47368 2 1 0.0900878 0.121532 
4 1.89474 2 1 0.157026 0.122141 
4 2.31579 2 1 0.221496 0.122729 
4 2.73684 2 1 0.283634 0.123295 
4 3.15789 2 1 0.343563 0.123841 
4 3.57895 2 1 0.401398 0.124368 
4 4 2 1 0.457248 0.124877 
-0.210526 -4 2 1 -9.48582 -0.864147 
0.210526 -4 2 1 -4.79648 -0.319596 
0.631579 -4 2 1 -3.27276 -0.142653 
1.05263 -4 2 1 -2.51807 -0.0550149 
1.47368 -4 2 1 -2.06753 -0.00269583 
1.89474 -4 2 1 -1.76811 0.0320744 
2.31579 -4 2 1 -1.5547 0.056857 
2.73684 -4 2 1 -1.39489 0.0754149 
3.15789 -4 2 1 -1.27074 0.0898316 
3.57895 -4 2 1 -1.17152 0.101354 
4 -4 2 1 -1.0904 0.110775 
-2.73684 4 2 1 44.6408 -4.64041 
-2.31579 4 2 1 9.20616 -0.81871 
-1.89474 4 2 1 5.02216 -0.367458 
-1.47368 4 2 1 3.39893 -0.192389 
-1.05263 4 2 1 2.53639 -0.0993621 
-0.631579 4 2 1 2.00133 -0.0416547 
-0.210526 4 2 1 1.637 -0.00236128 
0.210526 4 2 1 1.37293 0.0261191 
0.631579 4 2 1 1.17274 0.0477099 
1.05263 4 2 1 1.01575 0.0646415 
1.47368 4 2 1 0.889343 0.078275 
1.89474 4 2 1 0.78537 0.0894886 
2.31579 4 2 1 0.698349 0.0988741 
2.73684 4 2 1 0.624445 0.106845 
3.15789 4 2 1 0.5609 0.113698 
3.57895 4 2 1 0.50568 0.119654 
4 4 2 1 0.457248 0.124877 
4 -4 6 1 -1.31698 1.23347 
4 -3.57895 6 1 -1.16704 1.20092 
4 -3.15789 6 1 -1.02588 1.17028 
4 -2.73684 6 1 -0.892751 1.14138 
4 -2.31579 6 1 -0.766983 1.11407 
4 -1.89474 6 1 -0.647983 1.08824 
4 -1.47368 6 1 -0.535219 1.06376 
4 -1.05263 6 1 -0.428215 1.04053 
4 -0.631579 6 1 -0.326538 1.01846 
4 -0.210526 6 1 -0.229802 0.997455 
4 0.210526 6 1 -0.137655 0.97745 
4 0.631579 6 1 -0.0497777 0.958373 
4 1.05263 6 1 0.03412 0.940159 
4 1.47368 6 1 0.114302 0.922752 
4 1.89474 6 1 0.191011 0.9061 
4 2.31579 6 1 0.264466 0.890153 
4 2.73684 6 1 0.334872 0.874869 
4 3.15789 6 1 0.402413 0.860206 
4 3.57895 6 1 0.467261 0.846128 
4 4 6 1 0.529574 0.832601 
0.631579 -4 6 1 -9.76172 9.6297 
1.05263 -4 6 1 -4.97479 4.87026 
1.47368 -4 6 1 -3.40025 3.30477 
1.89474 -4 6 1 -2.61687 2.5259 
2.31579 -4 6 1 -2.14809 2.0598 
2.73684 -4 6 1 -1.83608 1.74959 
3.15789 -4 6 1 -1.61347 1.52826 
3.57895 -4 6 1 -1.44665 1.3624 
4 -4 6 1 -1.31698 1.23347 
-1.89474 4 6 1 40.351 31.638 
-1.47368 4 6 1 8.73949 7.1837 
-1.05263 4 6 1 4.79195 4.12992 
-0.631579 4 6 1 3.24749 2.93515 
-0.210526 4 6 1 2.42384 2.29798 
0.210526 4 6 1 1.91186 1.90192 
0.631579 4 6 1 1.56278 1.63188 
1.05263 4 6 1 1.30954 1.43597 
1.47368 4 6 1 1.11743 1.28736 
1.89474 4 6 1 0.966694 1.17075 
2.31579 4 6 1 0.845271 1.07682 
2.73684 4 6 1 0.745366 0.999535 
3.15789 4 6 1 0.661725 0.934832 
3.57895 4 6 1 0.590676 0.879869 
4 4 6 1 0.529574 0.832601 
