1.22608 0.0461854 1.10983 1.00922 0 
1.09153 0.0346967 0.981164 0.96667 1 
0.965569 0.0239411 0.860586 0.926794 2 
0.847398 0.0138506 0.747355 0.889348 3 
0.736316 0.00436542 0.64082 0.854115 4 
0.631703 -0.00456737 0.540402 0.820906 5 
0.53301 -0.0129946 0.445591 0.789551 6 
0.439749 -0.0209581 0.355928 0.759899 7 
0.351482 -0.0284951 0.271007 0.731815 8 
0.26782 -0.0356389 0.19046 0.705177 9 
0.188411 -0.0424196 0.113958 0.679877 10 
0.112938 -0.0488641 0.0412039 0.655817 11 
0.0411173 -0.0549968 -0.0280713 0.632907 12 
-0.0273113 -0.0608398 -0.0941113 0.611067 13 
-0.0925823 -0.0664133 -0.157137 0.590223 14 
-0.154909 -0.0717353 -0.217352 0.57031 15 
-0.214487 -0.0768226 -0.274938 0.551266 16 
-0.271494 -0.0816903 -0.330064 0.533035 17 
-0.326092 -0.0863524 -0.382885 0.515566 18 
-0.378431 -0.0908216 -0.433543 0.498814 19 
1.22608 0.0461854 1.10983 1.00922 40 
1.32132 0.0492453 1.19097 1.11483 41 
1.43974 0.0530499 1.29147 1.24563 42 
1.59098 0.0579089 1.41919 1.41185 43 
1.79087 0.0643309 1.58691 1.63013 44 
2.06739 0.0732148 1.8169 1.92947 45 
2.47505 0.0863117 2.15178 2.36531 46 
3.13613 0.10755 2.68449 3.05862 47 
4.39352 0.147947 3.66377 4.33313 48 
7.71688 0.254718 6.05644 7.44716 49 
41.6371 1.34449 20.8556 26.708 50 
-0.378431 -0.0908216 -0.433543 0.498814 60 
-0.424324 -0.0976933 -0.482396 0.528862 61 
-0.476404 -0.105492 -0.537763 0.562917 62 
-0.536014 -0.114417 -0.601038 0.601835 63 
-0.604915 -0.124734 -0.674046 0.646741 64 
-0.68546 -0.136795 -0.759221 0.699129 65 
-0.780874 -0.151082 -0.859879 0.761041 66 
-0.895696 -0.168274 -0.980665 0.835334 67 
-1.03651 -0.18936 -1.12829 0.926132 68 
-1.21329 -0.215829 -1.31281 1.03962 69 
-1.4418 -0.250045 -1.55003 1.18554 70 
-1.74865 -0.295992 -1.86631 1.38007 71 
-2.18248 -0.360952 -2.30904 1.65238 72 
-2.84265 -0.459803 -2.97305 2.0608 73 
-3.96882 -0.628431 -4.07945 2.74131 74 
-6.32352 -0.981013 -6.29124 4.10173 75 
-14.3293 -2.17976 -12.9184 8.17794 76 
