0.0190766 -0.26375 0.0588485 0.262477 0 
-0.0221734 -0.266426 0.0218118 0.280806 1 
-0.0670669 -0.269338 -0.0182783 0.300646 2 
-0.116109 -0.272519 -0.0618157 0.322191 3 
-0.169902 -0.276008 -0.109265 0.345673 4 
-0.229173 -0.279853 -0.161178 0.371364 5 
-0.294802 -0.28411 -0.218217 0.399592 6 
-0.367871 -0.28885 -0.281178 0.430751 7 
-0.44972 -0.294159 -0.351036 0.465322 8 
-0.542034 -0.300147 -0.42899 0.5039 9 
-0.646957 -0.306953 -0.516532 0.547224 10 
-0.767261 -0.314756 -0.615549 0.596226 11 
-0.906596 -0.323794 -0.728455 0.652101 12 
-1.06986 -0.334384 -0.858391 0.716404 13 
-1.26382 -0.346965 -1.00953 0.791199 14 
-1.49799 -0.362155 -1.18751 0.879279 15 
-1.78636 -0.38086 -1.40019 0.984532 16 
-2.15018 -0.404459 -1.65881 1.11252 17 
-2.62354 -0.435163 -1.98006 1.2715 18 
-3.26466 -0.47675 -2.38983 1.47429 19 
3.4961 -1.01955 2.86598 1.05232 20 
4.03492 -1.19595 3.16502 1.25249 21 
4.86955 -1.46921 3.57779 1.52878 22 
6.33575 -1.94923 4.18439 1.93482 23 
9.58673 -3.01358 5.16328 2.59006 24 
22.9494 -7.38845 7.00889 3.82545 25 
0.0190766 -0.26375 0.0588485 0.262477 40 
0.0627545 -0.273245 0.101307 0.274423 41 
0.11029 -0.283577 0.147266 0.287355 42 
0.162219 -0.294865 0.197176 0.301398 43 
0.219179 -0.307246 0.251572 0.316703 44 
0.281938 -0.320888 0.311085 0.333448 45 
0.35143 -0.335994 0.376473 0.351847 46 
0.428799 -0.352811 0.448651 0.372155 47 
0.515466 -0.37165 0.528736 0.394689 48 
0.613214 -0.392897 0.618101 0.419834 49 
0.724312 -0.417047 0.718458 0.448071 50 
0.851697 -0.444736 0.83197 0.48001 51 
0.999233 -0.476806 0.961404 0.516429 52 
1.17211 -0.514384 1.11036 0.558341 53 
1.37748 -0.559025 1.28362 0.607091 54 
1.62544 -0.612923 1.48766 0.664501 55 
1.93078 -0.679294 1.73147 0.733103 56 
2.31601 -0.763033 2.02795 0.816525 57 
2.81723 -0.871983 2.39623 0.920147 58 
3.4961 -1.01955 2.86598 1.05232 59 
-3.26466 -0.47675 -2.38983 1.47429 60 
-3.74949 -0.570971 -2.60971 1.71612 61 
-4.50049 -0.71692 -2.91322 2.04991 62 
-5.81977 -0.973309 -3.35926 2.54047 63 
-8.74497 -1.54179 -4.07905 3.33208 64 
-20.7685 -3.87844 -5.43613 4.8246 65 
