3.3217 0.87696 6.17916 6.22577 0 
2.66358 0.770377 4.36129 4.7019 1 
2.17785 0.691712 3.27435 3.79074 2 
1.80461 0.631266 2.55129 3.18463 3 
1.50884 0.583367 2.03559 2.75233 4 
1.26869 0.544475 1.64924 2.42845 5 
1.06982 0.512268 1.34899 2.17676 6 
0.902433 0.485159 1.10894 1.97554 7 
0.759594 0.462026 0.912643 1.81098 8 
0.636274 0.442054 0.749132 1.67392 9 
0.528729 0.424637 0.610827 1.55798 10 
0.434113 0.409314 0.492316 1.45864 11 
0.350227 0.395729 0.389634 1.37256 12 
0.275344 0.383601 0.299808 1.29726 13 
0.208089 0.372709 0.220566 1.23083 14 
0.147351 0.362873 0.150142 1.1718 15 
0.0922288 0.353946 0.0871402 1.11899 16 
0.0419767 0.345807 0.0304471 1.07146 17 
-0.00402319 0.338358 -0.02084 1.02847 18 
-0.0462886 0.331513 -0.0674591 0.98939 19 
-5.66432 1.09453 -32.6637 29.9677 37 
-4.57297 0.876025 -12.5376 11.0003 38 
-3.89876 0.74104 -8.06761 6.78776 39 
3.3217 0.87696 6.17916 6.22577 40 
3.83717 1.02212 8.89134 9.36578 41 
4.64565 1.24979 17.5492 19.3894 42 
-0.0462886 0.331513 -0.0674591 0.98939 60 
-0.0912162 0.336289 -0.119125 1.02684 61 
-0.140205 0.341496 -0.176085 1.06812 62 
-0.193833 0.347197 -0.239198 1.11386 63 
-0.25279 0.353464 -0.309516 1.16483 64 
-0.317913 0.360387 -0.388348 1.22196 65 
-0.390222 0.368074 -0.477341 1.28647 66 
-0.470978 0.376658 -0.578593 1.35985 67 
-0.56175 0.386308 -0.694827 1.44409 68 
-0.664526 0.397233 -0.829632 1.5418 69 
-0.781855 0.409705 -0.987845 1.65647 70 
-0.917065 0.424078 -1.17614 1.79294 71 
-1.07458 0.440823 -1.40401 1.9581 72 
-1.26042 0.460578 -1.68538 2.16203 73 
-1.48297 0.484235 -2.04161 2.42022 74 
-1.7543 0.513078 -2.50715 2.75764 75 
-2.09243 0.549023 -3.14144 3.21736 76 
-2.5255 0.595059 -4.05654 3.8806 77 
-3.1 0.65613 -5.49193 4.92095 78 
-3.89876 0.74104 -8.06761 6.78776 79 
