-0.626692 0.129218 -0.732143 0.883376 0 
-0.674099 0.124123 -0.795914 0.940713 1 
-0.728903 0.118232 -0.871359 1.00855 2 
-0.792982 0.111345 -0.962007 1.09005 3 
-0.868909 0.103184 -1.07297 1.18982 4 
-0.960305 0.0933604 -1.21193 1.31476 5 
-1.07243 0.0813086 -1.39103 1.47579 6 
-1.21325 0.0661733 -1.63058 1.69118 7 
-1.39538 0.0465975 -1.96741 1.99403 8 
-1.64012 0.0202912 -2.47587 2.4512 9 
-1.98649 -0.0169372 -3.332 3.22096 10 
-2.51433 -0.073672 -5.07758 4.79045 11 
-3.41693 -0.170687 -10.5972 9.75326 12 
0.70928 0.151695 0.803756 0.94583 20 
0.760789 0.14807 0.872208 1.0117 21 
0.820729 0.143851 0.953917 1.09033 22 
0.891354 0.13888 1.05315 1.18582 23 
0.9758 0.132937 1.1762 1.30424 24 
1.07856 0.125704 1.33285 1.45498 25 
1.20633 0.116711 1.539 1.65337 26 
1.36949 0.105228 1.82254 1.92622 27 
1.58512 0.0900518 2.23711 2.32517 28 
1.88336 0.069061 2.90082 2.96387 29 
2.32294 0.0381218 4.13474 4.15129 30 
3.03558 -0.0120348 7.22709 7.12711 31 
4.39024 -0.107379 29.1794 28.2521 32 
-0.626692 0.129218 -0.732143 0.883376 40 
-0.559068 0.130356 -0.654853 0.886519 41 
-0.491156 0.131499 -0.577185 0.889677 42 
-0.422954 0.132646 -0.499137 0.89285 43 
-0.35446 0.133798 -0.420705 0.89604 44 
-0.285672 0.134956 -0.341887 0.899245 45 
-0.216589 0.136118 -0.262681 0.902466 46 
-0.147208 0.137285 -0.183082 0.905702 47 
-0.0775283 0.138458 -0.103089 0.908955 48 
-0.00754699 0.139635 -0.0226978 0.912224 49 
0.0627377 0.140817 0.0580939 0.915509 50 
0.133328 0.142005 0.139289 0.918811 51 
0.204225 0.143198 0.220891 0.922129 52 
0.275431 0.144396 0.302903 0.925464 53 
0.346949 0.145599 0.385328 0.928816 54 
0.41878 0.146808 0.468169 0.932184 55 
0.490927 0.148021 0.551429 0.93557 56 
0.563391 0.149241 0.635111 0.938973 57 
0.636174 0.150465 0.719219 0.942393 58 
0.70928 0.151695 0.803756 0.94583 59 
