4 -4 2 1 -0.46587 0.127357 
4 -3.57895 2 1 -0.40825 0.123367 
4 -3.15789 2 1 -0.348848 0.119255 
4 -2.73684 2 1 -0.287579 0.115013 
4 -2.31579 2 1 -0.224354 0.110635 
4 -1.89474 2 1 -0.159077 0.106116 
4 -1.47368 2 1 -0.0916472 0.101447 
4 -1.05263 2 1 -0.0219564 0.0966218 
4 -0.631579 2 1 0.0501113 0.0916321 
4 -0.210526 2 1 0.12468 0.0864692 
4 0.210526 2 1 0.201881 0.0811241 
4 0.631579 2 1 0.281857 0.0755868 
4 1.05263 2 1 0.364761 0.0698468 
4 1.47368 2 1 0.450756 0.0638928 
4 1.89474 2 1 0.540018 0.0577126 
4 2.31579 2 1 0.632738 0.0512931 
4 2.73684 2 1 0.729119 0.04462 
4 3.15789 2 1 0.829383 0.037678 
4 3.57895 2 1 0.93377 0.0304506 
4 4 2 1 1.04254 0.0229198 
-2.31579 -4 2 1 -17.0417 4.45624 
-1.89474 -4 2 1 -6.44588 1.68907 
-1.47368 -4 2 1 -3.90745 1.02615 
-1.05263 -4 2 1 -2.76757 0.72846 
-0.631579 -4 2 1 -2.12007 0.559362 
-0.210526 -4 2 1 -1.70258 0.450333 
0.210526 -4 2 1 -1.41104 0.374193 
0.631579 -4 2 1 -1.19591 0.318011 
1.05263 -4 2 1 -1.03063 0.274849 
1.47368 -4 2 1 -0.899686 0.240651 
1.89474 -4 2 1 -0.793375 0.212887 
2.31579 -4 2 1 -0.705345 0.189897 
2.73684 -4 2 1 -0.631256 0.170548 
3.15789 -4 2 1 -0.568038 0.154039 
3.57895 -4 2 1 -0.513462 0.139786 
4 -4 2 1 -0.46587 0.127357 
-0.631579 4 2 1 52.4599 4.92334 
-0.210526 4 2 1 7.96166 0.682359 
0.210526 4 2 1 4.40501 0.343386 
0.631579 4 2 1 3.08966 0.218024 
1.05263 4 2 1 2.4046 0.152733 
1.47368 4 2 1 1.98437 0.112682 
1.89474 4 2 1 1.70027 0.0856056 
2.31579 4 2 1 1.49537 0.0660779 
2.73684 4 2 1 1.34061 0.0513283 
3.15789 4 2 1 1.21959 0.0397943 
3.57895 4 2 1 1.12237 0.0305278 
4 4 2 1 1.04254 0.0229198 
4 -4 6 1 -0.396521 0.734174 
4 -3.57895 6 1 -0.338994 0.739326 
4 -3.15789 6 1 -0.279722 0.744635 
4 -2.73684 6 1 -0.218625 0.750107 
4 -2.31579 6 1 -0.155617 0.75575 
4 -1.89474 6 1 -0.090607 0.761573 
4 -1.47368 6 1 -0.0234985 0.767583 
4 -1.05263 6 1 0.0458121 0.773791 
4 -0.631579 6 1 0.117435 0.780206 
4 -0.210526 6 1 0.191488 0.786838 
4 0.210526 6 1 0.268096 0.7937 
4 0.631579 6 1 0.347395 0.800802 
4 1.05263 6 1 0.429528 0.808158 
4 1.47368 6 1 0.514651 0.815782 
4 1.89474 6 1 0.602929 0.823688 
4 2.31579 6 1 0.694542 0.831894 
4 2.73684 6 1 0.789681 0.840415 
4 3.15789 6 1 0.888556 0.84927 
4 3.57895 6 1 0.991389 0.85848 
4 4 6 1 1.09842 0.868067 
-2.31579 -4 6 1 -10.428 13.3534 
-1.89474 -4 6 1 -4.92674 6.433 
-1.47368 -4 6 1 -3.17108 4.22446 
-1.05263 -4 6 1 -2.3072 3.13773 
-0.631579 -4 6 1 -1.79325 2.4912 
-0.210526 -4 6 1 -1.45242 2.06245 
0.210526 -4 6 1 -1.20985 1.7573 
0.631579 -4 6 1 -1.02839 1.52904 
1.05263 -4 6 1 -0.887549 1.35187 
1.47368 -4 6 1 -0.775049 1.21035 
1.89474 -4 6 1 -0.683121 1.0947 
2.31579 -4 6 1 -0.606594 0.998437 
2.73684 -4 6 1 -0.541898 0.917051 
3.15789 -4 6 1 -0.486485 0.847345 
3.57895 -4 6 1 -0.438492 0.786971 
4 -4 6 1 -0.396521 0.734174 
-0.631579 4 6 1 20.9447 21.9613 
-0.210526 4 6 1 6.95899 7.09685 
0.210526 4 6 1 4.24706 4.21453 
0.631579 4 6 1 3.09322 2.98819 
1.05263 4 6 1 2.45436 2.30919 
1.47368 4 6 1 2.04861 1.87795 
1.89474 4 6 1 1.76807 1.57979 
2.31579 4 6 1 1.56253 1.36133 
2.73684 4 6 1 1.40546 1.1944 
3.15789 4 6 1 1.28153 1.06267 
3.57895 4 6 1 1.18124 0.956087 
4 4 6 1 1.09842 0.868067 
