-4 -0.210526 2 1 12.5049 3.24581 
-4 0.210526 2 1 5.78623 1.3463 
-4 0.631579 2 1 3.87909 0.807115 
-4 1.05263 2 1 2.97762 0.552254 
-4 1.47368 2 1 2.45234 0.403746 
-4 1.89474 2 1 2.10841 0.306512 
-4 2.31579 2 1 1.86575 0.237907 
-4 2.73684 2 1 1.68537 0.186909 
-4 3.15789 2 1 1.54601 0.147512 
-4 3.57895 2 1 1.43512 0.11616 
-4 4 2 1 1.34478 0.0906184 
4 -4 2 1 -53.4399 6.40428 
4 -3.57895 2 1 -10.3745 1.1599 
4 -3.15789 2 1 -5.56252 0.573909 
4 -2.73684 2 1 -3.71032 0.348353 
4 -2.31579 2 1 -2.72941 0.228902 
4 -1.89474 2 1 -2.12208 0.154942 
4 -1.47368 2 1 -1.70904 0.104643 
4 -1.05263 2 1 -1.40991 0.0682169 
4 -0.631579 2 1 -1.18329 0.0406196 
4 -0.210526 2 1 -1.00566 0.0189882 
4 0.210526 2 1 -0.862686 0.00157696 
4 0.631579 2 1 -0.745124 -0.0127394 
4 1.05263 2 1 -0.646754 -0.0247187 
4 1.47368 2 1 -0.56323 -0.03489 
4 1.89474 2 1 -0.491427 -0.0436339 
4 2.31579 2 1 -0.42904 -0.0512312 
4 2.73684 2 1 -0.374331 -0.0578936 
4 3.15789 2 1 -0.325964 -0.0637835 
4 3.57895 2 1 -0.282897 -0.0690281 
4 4 2 1 -0.244305 -0.0737278 
4 -4 2 1 -53.4399 6.40428 
-4 4 2 1 1.34478 0.0906184 
-3.57895 4 2 1 1.2015 0.0758006 
-3.15789 4 2 1 1.06915 0.062112 
-2.73684 4 2 1 0.946507 0.0494284 
-2.31579 4 2 1 0.832552 0.037643 
-1.89474 4 2 1 0.726391 0.0266636 
-1.47368 4 2 1 0.627251 0.0164103 
-1.05263 4 2 1 0.534458 0.00681344 
-0.631579 4 2 1 0.44742 -0.00218816 
-0.210526 4 2 1 0.365619 -0.0106482 
0.210526 4 2 1 0.288596 -0.0186141 
0.631579 4 2 1 0.215944 -0.0261279 
1.05263 4 2 1 0.147301 -0.0332271 
1.47368 4 2 1 0.0823445 -0.0399451 
1.89474 4 2 1 0.020785 -0.0463117 
2.31579 4 2 1 -0.0376371 -0.0523538 
2.73684 4 2 1 -0.0931557 -0.0580956 
3.15789 4 2 1 -0.145982 -0.063559 
3.57895 4 2 1 -0.196307 -0.0687638 
4 4 2 1 -0.244305 -0.0737278 
-4 -1.05263 6 1 12.786 19.9256 
-4 -0.631579 6 1 5.38966 7.87331 
-4 -0.210526 6 1 3.54095 4.86081 
-4 0.210526 6 1 2.70067 3.49157 
-4 0.631579 6 1 2.22052 2.70917 
-4 1.05263 6 1 1.90985 2.20292 
-4 1.47368 6 1 1.69237 1.84854 
-4 1.89474 6 1 1.53164 1.58662 
-4 2.31579 6 1 1.40799 1.38514 
-4 2.73684 6 1 1.30993 1.22535 
-4 3.15789 6 1 1.23025 1.09551 
-4 3.57895 6 1 1.16424 0.987939 
-4 4 6 1 1.10864 0.89735 
4 -4 6 1 -6.54756 5.6459 
4 -3.57895 6 1 -4.30536 3.78837 
4 -3.15789 6 1 -3.1502 2.83139 
4 -2.73684 6 1 -2.44581 2.24784 
4 -2.31579 6 1 -1.9714 1.85483 
4 -1.89474 6 1 -1.63016 1.57213 
4 -1.47368 6 1 -1.37291 1.35901 
4 -1.05263 6 1 -1.17204 1.19261 
4 -0.631579 6 1 -1.01085 1.05907 
4 -0.210526 6 1 -0.878639 0.949538 
4 0.210526 6 1 -0.768233 0.858073 
4 0.631579 6 1 -0.674651 0.780545 
4 1.05263 6 1 -0.594318 0.713995 
4 1.47368 6 1 -0.524608 0.656244 
4 1.89474 6 1 -0.463544 0.605656 
4 2.31579 6 1 -0.409611 0.560976 
4 2.73684 6 1 -0.36163 0.521226 
4 3.15789 6 1 -0.318666 0.485633 
4 3.57895 6 1 -0.279971 0.453577 
4 4 6 1 -0.24494 0.424556 
2.31579 -4 6 1 -28.6477 36.2931 
2.73684 -4 6 1 -13.7787 15.6736 
3.15789 -4 6 1 -9.63041 9.921 
3.57895 -4 6 1 -7.68054 7.21704 
4 -4 6 1 -6.54756 5.6459 
-4 4 6 1 1.10864 0.89735 
-3.57895 4 6 1 0.993862 0.857258 
-3.15789 4 6 1 0.886618 0.819798 
-2.73684 4 6 1 0.786194 0.784721 
-2.31579 4 6 1 0.691959 0.751806 
-1.89474 4 6 1 0.603358 0.720858 
-1.47368 4 6 1 0.519901 0.691708 
-1.05263 4 6 1 0.441152 0.664201 
-0.631579 4 6 1 0.366724 0.638204 
-0.210526 4 6 1 0.29627 0.613596 
0.210526 4 6 1 0.229482 0.590267 
0.631579 4 6 1 0.166079 0.568121 
1.05263 4 6 1 0.105811 0.54707 
1.47368 4 6 1 0.0484504 0.527034 
1.89474 4 6 1 -0.0062074 0.507943 
2.31579 4 6 1 -0.0583494 0.48973 
2.73684 4 6 1 -0.108145 0.472337 
3.15789 4 6 1 -0.15575 0.455709 
3.57895 4 6 1 -0.201305 0.439797 
4 4 6 1 -0.24494 0.424556 
