-4 -4 2 1 1.40487 -0.0705693 
-4 -3.57895 2 1 1.24327 -0.0756183 
-4 -3.15789 2 1 1.09539 -0.0802387 
-4 -2.73684 2 1 0.959548 -0.0844828 
-4 -2.31579 2 1 0.83434 -0.0883947 
-4 -1.89474 2 1 0.718561 -0.092012 
-4 -1.47368 2 1 0.611185 -0.0953668 
-4 -1.05263 2 1 0.51133 -0.0984866 
-4 -0.631579 2 1 0.418231 -0.101395 
-4 -0.210526 2 1 0.331226 -0.104114 
-4 0.210526 2 1 0.249736 -0.10666 
-4 0.631579 2 1 0.173251 -0.109049 
-4 1.05263 2 1 0.101325 -0.111297 
-4 1.47368 2 1 0.0335612 -0.113414 
-4 1.89474 2 1 -0.0303906 -0.115412 
-4 2.31579 2 1 -0.0908436 -0.117301 
-4 2.73684 2 1 -0.148077 -0.119089 
-4 3.15789 2 1 -0.202342 -0.120784 
-4 3.57895 2 1 -0.253863 -0.122394 
-4 4 2 1 -0.302844 -0.123924 
-4 -4 2 1 1.40487 -0.0705693 
-3.57895 -4 2 1 1.51713 -0.0880762 
-3.15789 -4 2 1 1.65894 -0.110192 
-2.73684 -4 2 1 1.84374 -0.139012 
-2.31579 -4 2 1 2.09458 -0.178131 
-1.89474 -4 2 1 2.45454 -0.234268 
-1.47368 -4 2 1 3.01464 -0.321618 
-1.05263 -4 2 1 4.00606 -0.476233 
-0.631579 -4 2 1 6.23898 -0.824463 
-0.210526 -4 2 1 15.9506 -2.33901 
-4 4 2 1 -0.302844 -0.123924 
-3.57895 4 2 1 -0.346384 -0.135877 
-3.15789 4 2 1 -0.395348 -0.149318 
-2.73684 4 2 1 -0.450815 -0.164545 
-2.31579 4 2 1 -0.514175 -0.181939 
-1.89474 4 2 1 -0.587241 -0.201997 
-1.47368 4 2 1 -0.672428 -0.225382 
-1.05263 4 2 1 -0.773025 -0.252998 
-0.631579 4 2 1 -0.893629 -0.286106 
-0.210526 4 2 1 -1.04087 -0.326526 
0.210526 4 2 1 -1.22466 -0.376981 
0.631579 4 2 1 -1.46055 -0.441737 
1.05263 4 2 1 -1.77434 -0.527878 
1.47368 4 2 1 -2.21225 -0.648093 
1.89474 4 2 1 -2.86609 -0.827586 
2.31579 4 2 1 -3.94783 -1.12454 
2.73684 4 2 1 -6.08181 -1.71037 
3.15789 4 2 1 -12.2572 -3.40562 
3.57895 4 2 1 -238.723 -65.575 
-4 -4 6 1 1.35178 1.0491 
-4 -3.57895 6 1 1.1863 0.992269 
-4 -3.15789 6 1 1.03539 0.940447 
-4 -2.73684 6 1 0.897212 0.892996 
-4 -2.31579 6 1 0.770221 0.849387 
-4 -1.89474 6 1 0.65311 0.80917 
-4 -1.47368 6 1 0.544768 0.771965 
-4 -1.05263 6 1 0.444248 0.737446 
-4 -0.631579 6 1 0.35073 0.705331 
-4 -0.210526 6 1 0.263509 0.675379 
-4 0.210526 6 1 0.181968 0.647378 
-4 0.631579 6 1 0.105571 0.621143 
-4 1.05263 6 1 0.0338454 0.596512 
-4 1.47368 6 1 -0.0336243 0.573342 
-4 1.89474 6 1 -0.097206 0.551508 
-4 2.31579 6 1 -0.157226 0.530897 
-4 2.73684 6 1 -0.213977 0.511408 
-4 3.15789 6 1 -0.267717 0.492954 
-4 3.57895 6 1 -0.31868 0.475453 
-4 4 6 1 -0.367076 0.458833 
-4 -4 6 1 1.35178 1.0491 
-3.57895 -4 6 1 1.46274 1.16702 
-3.15789 -4 6 1 1.60445 1.3176 
-2.73684 -4 6 1 1.79173 1.51662 
-2.31579 -4 6 1 2.05079 1.79191 
-1.89474 -4 6 1 2.43265 2.1977 
-1.47368 -4 6 1 3.05178 2.85563 
-1.05263 -4 6 1 4.22897 4.10659 
-0.631579 -4 6 1 7.33781 7.41027 
-0.210526 -4 6 1 38.8586 40.9064 
-4 4 6 1 -0.367076 0.458833 
-3.57895 4 6 1 -0.415455 0.481551 
-3.15789 4 6 1 -0.470006 0.507168 
-2.73684 4 6 1 -0.53199 0.536275 
-2.31579 4 6 1 -0.603037 0.569639 
-1.89474 4 6 1 -0.685292 0.608265 
-1.47368 4 6 1 -0.781635 0.653507 
-1.05263 4 6 1 -0.896024 0.707223 
-0.631579 4 6 1 -1.03405 0.77204 
-0.210526 4 6 1 -1.20389 0.851796 
0.210526 4 6 1 -1.41797 0.952327 
0.631579 4 6 1 -1.69617 1.08297 
1.05263 4 6 1 -2.07237 1.25963 
1.47368 4 6 1 -2.60941 1.51182 
1.89474 4 6 1 -3.43849 1.90115 
2.31579 4 6 1 -4.88682 2.58127 
2.73684 4 6 1 -8.06164 4.07215 
3.15789 4 6 1 -20.605 9.96241 
