-4 -4 2 1 1.24832 0.0292366 
-4 -3.57895 2 1 1.11065 0.0183825 
-4 -3.15789 2 1 0.982116 0.00824873 
-4 -2.73684 2 1 0.861836 -0.00123413 
-4 -2.31579 2 1 0.749042 -0.0101268 
-4 -1.89474 2 1 0.643055 -0.0184828 
-4 -1.47368 2 1 0.543278 -0.0263492 
-4 -1.05263 2 1 0.449181 -0.0337679 
-4 -0.631579 2 1 0.360291 -0.040776 
-4 -0.210526 2 1 0.276188 -0.0474067 
-4 0.210526 2 1 0.196495 -0.0536896 
-4 0.631579 2 1 0.120876 -0.0596515 
-4 1.05263 2 1 0.0490239 -0.0653163 
-4 1.47368 2 1 -0.0193346 -0.0707057 
-4 1.89474 2 1 -0.0844486 -0.0758393 
-4 2.31579 2 1 -0.146544 -0.0807349 
-4 2.73684 2 1 -0.205825 -0.0854086 
-4 3.15789 2 1 -0.262479 -0.0898752 
-4 3.57895 2 1 -0.316678 -0.0941483 
-4 4 2 1 -0.368577 -0.09824 
-4 -4 2 1 1.24832 0.0292366 
-3.57895 -4 2 1 1.34571 0.0296074 
-3.15789 -4 2 1 1.46706 0.0300695 
-2.73684 -4 2 1 1.62244 0.0306612 
-2.31579 -4 2 1 1.82853 0.031446 
-1.89474 -4 2 1 2.11498 0.0325368 
-1.47368 -4 2 1 2.54015 0.0341559 
-1.05263 -4 2 1 3.23705 0.0368097 
-0.631579 -4 2 1 4.58849 0.041956 
-0.210526 -4 2 1 8.33303 0.0562152 
0.210526 -4 2 1 69.9308 0.29078 
-4 4 2 1 -0.368577 -0.09824 
-3.57895 4 2 1 -0.414152 -0.10601 
-3.15789 4 2 1 -0.465816 -0.114819 
-2.73684 4 2 1 -0.524877 -0.124889 
-2.31579 4 2 1 -0.593045 -0.136512 
-1.89474 4 2 1 -0.672604 -0.150076 
-1.47368 4 2 1 -0.766669 -0.166114 
-1.05263 4 2 1 -0.879603 -0.185369 
-0.631579 4 2 1 -1.01772 -0.208918 
-0.210526 4 2 1 -1.1905 -0.238377 
0.210526 4 2 1 -1.41286 -0.276289 
0.631579 4 2 1 -1.70971 -0.326902 
1.05263 4 2 1 -2.12604 -0.397886 
1.47368 4 2 1 -2.75214 -0.504634 
1.89474 4 2 1 -3.79992 -0.683279 
2.31579 4 2 1 -5.9117 -1.04334 
2.73684 4 2 1 -12.3799 -2.14616 
-4 -4 6 1 1.13749 1.01088 
-4 -3.57895 6 1 1.00491 0.966763 
-4 -3.15789 6 1 0.881048 0.925548 
-4 -2.73684 6 1 0.765069 0.886956 
-4 -2.31579 6 1 0.656244 0.850745 
-4 -1.89474 6 1 0.553933 0.816701 
-4 -1.47368 6 1 0.457566 0.784635 
-4 -1.05263 6 1 0.36664 0.75438 
-4 -0.631579 6 1 0.280707 0.725786 
-4 -0.210526 6 1 0.199368 0.69872 
-4 0.210526 6 1 0.122262 0.673063 
-4 0.631579 6 1 0.0490685 0.648708 
-4 1.05263 6 1 -0.0205034 0.625558 
-4 1.47368 6 1 -0.086716 0.603526 
-4 1.89474 6 1 -0.149807 0.582533 
-4 2.31579 6 1 -0.209992 0.562506 
-4 2.73684 6 1 -0.267467 0.543382 
-4 3.15789 6 1 -0.322411 0.525099 
-4 3.57895 6 1 -0.374988 0.507604 
-4 4 6 1 -0.425347 0.490847 
-4 -4 6 1 1.13749 1.01088 
-3.57895 -4 6 1 1.2218 1.11758 
-3.15789 -4 6 1 1.32659 1.25021 
-2.73684 -4 6 1 1.46036 1.41953 
-2.31579 -4 6 1 1.63706 1.64318 
-1.89474 -4 6 1 1.88133 1.95234 
-1.47368 -4 6 1 2.24104 2.40762 
-1.05263 -4 6 1 2.82339 3.1447 
-0.631579 -4 6 1 3.92771 4.54242 
-0.210526 -4 6 1 6.82565 8.21029 
0.210526 -4 6 1 34.7721 43.5817 
-4 4 6 1 -0.425347 0.490847 
-3.57895 4 6 1 -0.474166 0.51978 
-3.15789 4 6 1 -0.529462 0.552553 
-2.73684 4 6 1 -0.592618 0.589983 
-2.31579 4 6 1 -0.665438 0.633141 
-1.89474 4 6 1 -0.750322 0.683449 
-1.47368 4 6 1 -0.850539 0.742845 
-1.05263 4 6 1 -0.970659 0.814036 
-0.631579 4 6 1 -1.11726 0.900922 
-0.210526 4 6 1 -1.30019 1.00934 
0.210526 4 6 1 -1.53486 1.14842 
0.631579 4 6 1 -1.84682 1.33331 
1.05263 4 6 1 -2.28182 1.59112 
1.47368 4 6 1 -2.9305 1.97557 
1.89474 4 6 1 -4.00157 2.61036 
2.31579 4 6 1 -6.10678 3.85805 
2.73684 4 6 1 -12.1417 7.43476 
3.15789 4 6 1 -187.144 111.153 
