4 -4 2 1 -0.894369 0.0092515 
4 -3.57895 2 1 -0.800562 0.00749967 
4 -3.15789 2 1 -0.709134 0.00579225 
4 -2.73684 2 1 -0.619994 0.00412756 
4 -2.31579 2 1 -0.533057 0.00250403 
4 -1.89474 2 1 -0.448243 0.00092014 
4 -1.47368 2 1 -0.365476 -0.00062554 
4 -1.05263 2 1 -0.284681 -0.00213438 
4 -0.631579 2 1 -0.205789 -0.00360767 
4 -0.210526 2 1 -0.128735 -0.00504667 
4 0.210526 2 1 -0.0534531 -0.00645254 
4 0.631579 2 1 0.0201157 -0.00782643 
4 1.05263 2 1 0.0920294 -0.00916942 
4 1.47368 2 1 0.162343 -0.0104825 
4 1.89474 2 1 0.23111 -0.0117667 
4 2.31579 2 1 0.298381 -0.013023 
4 2.73684 2 1 0.364203 -0.0142522 
4 3.15789 2 1 0.428624 -0.0154553 
4 3.57895 2 1 0.491687 -0.016633 
4 4 2 1 0.553434 -0.0177861 
-1.05263 -4 2 1 -50.0392 -11.6441 
-0.631579 -4 2 1 -7.80539 -1.62951 
-0.210526 -4 2 1 -4.29672 -0.797523 
0.210526 -4 2 1 -2.99392 -0.4886 
0.631579 -4 2 1 -2.31429 -0.327444 
1.05263 -4 2 1 -1.89701 -0.228496 
1.47368 -4 2 1 -1.61474 -0.161564 
1.89474 -4 2 1 -1.41108 -0.113273 
2.31579 -4 2 1 -1.25721 -0.0767869 
2.73684 -4 2 1 -1.13686 -0.0482489 
3.15789 -4 2 1 -1.04015 -0.025317 
3.57895 -4 2 1 -0.960741 -0.00648691 
4 -4 2 1 -0.894369 0.0092515 
-2.31579 4 2 1 56.0666 -15.988 
-1.89474 4 2 1 8.8508 -2.4048 
-1.47368 4 2 1 4.7411 -1.22251 
-1.05263 4 2 1 3.20746 -0.781306 
-0.631579 4 2 1 2.40575 -0.550667 
-0.210526 4 2 1 1.91295 -0.408895 
0.210526 4 2 1 1.57935 -0.312925 
0.631579 4 2 1 1.33854 -0.243648 
1.05263 4 2 1 1.15653 -0.191286 
1.47368 4 2 1 1.01413 -0.15032 
1.89474 4 2 1 0.899672 -0.117393 
2.31579 4 2 1 0.805672 -0.0903508 
2.73684 4 2 1 0.727095 -0.0677453 
3.15789 4 2 1 0.660431 -0.0485673 
3.57895 4 2 1 0.603163 -0.0320921 
4 4 2 1 0.553434 -0.0177861 
4 -4 6 1 -0.996758 0.928281 
4 -3.57895 6 1 -0.886335 0.912552 
4 -3.15789 6 1 -0.779156 0.897286 
4 -2.73684 6 1 -0.675077 0.882462 
4 -2.31579 6 1 -0.573968 0.86806 
4 -1.89474 6 1 -0.475703 0.854063 
4 -1.47368 6 1 -0.380163 0.840455 
4 -1.05263 6 1 -0.287237 0.827219 
4 -0.631579 6 1 -0.196819 0.81434 
4 -0.210526 6 1 -0.108808 0.801804 
4 0.210526 6 1 -0.0231097 0.789598 
4 0.631579 6 1 0.0603655 0.777708 
4 1.05263 6 1 0.141703 0.766122 
4 1.47368 6 1 0.220985 0.75483 
4 1.89474 6 1 0.298287 0.743819 
4 2.31579 6 1 0.373683 0.73308 
4 2.73684 6 1 0.447243 0.722602 
4 3.15789 6 1 0.519032 0.712377 
4 3.57895 6 1 0.589114 0.702395 
4 4 6 1 0.65755 0.692647 
-0.210526 -4 6 1 -18.9176 16.6962 
0.210526 -4 6 1 -6.16287 5.47374 
0.631579 -4 6 1 -3.73065 3.33372 
1.05263 -4 6 1 -2.69978 2.4267 
1.47368 -4 6 1 -2.13002 1.92539 
1.89474 -4 6 1 -1.76853 1.60733 
2.31579 -4 6 1 -1.51877 1.38758 
2.73684 -4 6 1 -1.33586 1.22665 
3.15789 -4 6 1 -1.19614 1.10371 
3.57895 -4 6 1 -1.08592 1.00673 
4 -4 6 1 -0.996758 0.928281 
-1.47368 4 6 1 22.5569 14.4149 
-1.05263 4 6 1 7.22028 4.80488 
-0.631579 4 6 1 4.24834 2.94266 
-0.210526 4 6 1 2.98407 2.15045 
0.210526 4 6 1 2.28411 1.71186 
0.631579 4 6 1 1.83958 1.43331 
1.05263 4 6 1 1.53223 1.24073 
1.47368 4 6 1 1.30706 1.09963 
1.89474 4 6 1 1.13498 0.991809 
2.31579 4 6 1 0.999209 0.906732 
2.73684 4 6 1 0.889345 0.837891 
3.15789 4 6 1 0.79862 0.781042 
3.57895 4 6 1 0.722433 0.733303 
4 4 6 1 0.65755 0.692647 
