-1.72589 0.371894 -2.29288 2.12225 20 
-1.50655 0.365643 -1.97423 1.97918 21 
-1.31268 0.360119 -1.7013 1.85664 22 
-1.1401 0.355202 -1.46489 1.7505 23 
-0.985475 0.350796 -1.25814 1.65767 24 
-0.846148 0.346826 -1.07579 1.5758 25 
-0.719954 0.34323 -0.913767 1.50306 26 
-0.60512 0.339958 -0.768851 1.438 27 
-0.500177 0.336967 -0.638467 1.37946 28 
-0.403901 0.334224 -0.520535 1.32651 29 
-0.31526 0.331698 -0.413351 1.27838 30 
-0.233382 0.329365 -0.315511 1.23446 31 
-0.157519 0.327203 -0.225843 1.1942 32 
-0.087034 0.325195 -0.143365 1.15717 33 
-0.0213733 0.323324 -0.0672453 1.12299 34 
0.0399415 0.321577 0.00322408 1.09135 35 
0.0973281 0.319941 0.0686497 1.06198 36 
0.151152 0.318408 0.129554 1.03463 37 
0.201736 0.316966 0.186391 1.00911 38 
0.249363 0.315609 0.239554 0.985246 39 
-4.66719 0.974715 -20.5966 23.1928 53 
-3.44888 0.725021 -7.80661 8.46945 54 
-2.7886 0.589697 -4.98494 5.22125 55 
-2.3744 0.504806 -3.74575 3.79474 56 
-2.09032 0.446584 -3.04934 2.99305 57 
-1.88337 0.404169 -2.60315 2.47943 58 
-1.72589 0.371894 -2.29288 2.12225 59 
7.8971 2.01807 1161.41 1228.07 62 
4.88761 1.34813 12.9756 14.4443 63 
3.45704 1.02967 6.24456 7.33113 64 
2.62105 0.843568 3.98332 4.94153 65 
2.07273 0.721507 2.84937 3.74321 66 
1.68539 0.635283 2.16794 3.0231 67 
1.39722 0.571133 1.7132 2.54255 68 
1.17445 0.521543 1.38817 2.19907 69 
0.997091 0.48206 1.14428 1.94133 70 
0.852537 0.449881 0.954518 1.7408 71 
0.732459 0.423151 0.802662 1.58032 72 
0.631126 0.400593 0.678386 1.44899 73 
0.544466 0.381302 0.574803 1.33953 74 
0.469507 0.364615 0.487141 1.24689 75 
0.404029 0.350039 0.411992 1.16747 76 
0.34634 0.337197 0.346855 1.09864 77 
0.295129 0.325797 0.289854 1.0384 78 
0.249363 0.315609 0.239554 0.985246 79 
