-4 -4 2 1 2.41578 0.509492 
-4 -3.57895 2 1 2.02915 0.467 
-4 -3.15789 2 1 1.71611 0.432596 
-4 -2.73684 2 1 1.45747 0.404171 
-4 -2.31579 2 1 1.24018 0.380291 
-4 -1.89474 2 1 1.05507 0.359946 
-4 -1.47368 2 1 0.895477 0.342406 
-4 -1.05263 2 1 0.756465 0.327129 
-4 -0.631579 2 1 0.634295 0.313702 
-4 -0.210526 2 1 0.526081 0.301809 
-4 0.210526 2 1 0.42956 0.291201 
-4 0.631579 2 1 0.342936 0.281681 
-4 1.05263 2 1 0.264759 0.273089 
-4 1.47368 2 1 0.193851 0.265296 
-4 1.89474 2 1 0.129244 0.258195 
-4 2.31579 2 1 0.0701341 0.251699 
-4 2.73684 2 1 0.0158477 0.245733 
-4 3.15789 2 1 -0.0341824 0.240234 
-4 3.57895 2 1 -0.0804377 0.235151 
-4 4 2 1 -0.12333 0.230437 
4 2.31579 2 1 -396.177 20.037 
4 2.73684 2 1 -17.8665 0.943598 
4 3.15789 2 1 -9.74174 0.533538 
4 3.57895 2 1 -6.95537 0.392909 
4 4 2 1 -5.54706 0.321831 
-4 -4 2 1 2.41578 0.509492 
-3.57895 -4 2 1 2.6882 0.55955 
-3.15789 -4 2 1 3.07205 0.630084 
-2.73684 -4 2 1 3.65329 0.736888 
-2.31579 -4 2 1 4.63686 0.917622 
-1.89474 -4 2 1 6.6616 1.28968 
-1.47368 -4 2 1 13.2397 2.49842 
-4 4 2 1 -0.12333 0.230437 
-3.57895 4 2 1 -0.167267 0.231177 
-3.15789 4 2 1 -0.215539 0.23199 
-2.73684 4 2 1 -0.268819 0.232888 
-2.31579 4 2 1 -0.327931 0.233884 
-1.89474 4 2 1 -0.393886 0.234996 
-1.47368 4 2 1 -0.467947 0.236244 
-1.05263 4 2 1 -0.551705 0.237655 
-0.631579 4 2 1 -0.647198 0.239264 
-0.210526 4 2 1 -0.757079 0.241116 
0.210526 4 2 1 -0.884863 0.243269 
0.631579 4 2 1 -1.03532 0.245804 
1.05263 4 2 1 -1.21505 0.248833 
1.47368 4 2 1 -1.43355 0.252515 
1.89474 4 2 1 -1.70486 0.257087 
2.31579 4 2 1 -2.05077 0.262916 
2.73684 4 2 1 -2.50693 0.270602 
3.15789 4 2 1 -3.13605 0.281204 
3.57895 4 2 1 -4.05954 0.296765 
4 4 2 1 -5.54706 0.321831 
-4 -4 6 1 3.33967 3.28069 
-4 -3.57895 6 1 2.67459 2.82161 
-4 -3.15789 6 1 2.17753 2.47851 
-4 -2.73684 6 1 1.79197 2.21236 
-4 -2.31579 6 1 1.48416 1.9999 
-4 -1.89474 6 1 1.23276 1.82636 
-4 -1.47368 6 1 1.02354 1.68195 
-4 -1.05263 6 1 0.846723 1.5599 
-4 -0.631579 6 1 0.695316 1.45539 
-4 -0.210526 6 1 0.56421 1.36489 
-4 0.210526 6 1 0.449578 1.28576 
-4 0.631579 6 1 0.348498 1.21599 
-4 1.05263 6 1 0.258703 1.15401 
-4 1.47368 6 1 0.178401 1.09858 
-4 1.89474 6 1 0.106163 1.04871 
-4 2.31579 6 1 0.0408321 1.00362 
-4 2.73684 6 1 -0.0185368 0.962638 
-4 3.15789 6 1 -0.0727243 0.925234 
-4 3.57895 6 1 -0.12238 0.890958 
-4 4 6 1 -0.168051 0.859433 
4 3.57895 6 1 -48.5674 35.9757 
4 4 6 1 -15.9931 11.2765 
-4 -4 6 1 3.33967 3.28069 
-3.57895 -4 6 1 4.00662 4.0895 
-3.15789 -4 6 1 5.15153 5.47792 
-2.73684 -4 6 1 7.5751 8.41698 
-2.31579 -4 6 1 16.1282 18.7892 
-4 4 6 1 -0.168051 0.859433 
-3.57895 4 6 1 -0.219129 0.893056 
-3.15789 4 6 1 -0.275827 0.930379 
-2.73684 4 6 1 -0.339127 0.972047 
-2.31579 4 6 1 -0.410254 1.01887 
-1.89474 4 6 1 -0.490754 1.07186 
-1.47368 4 6 1 -0.582611 1.13232 
-1.05263 4 6 1 -0.688412 1.20197 
-0.631579 4 6 1 -0.811591 1.28305 
-0.210526 4 6 1 -0.956814 1.37865 
0.210526 4 6 1 -1.13058 1.49303 
0.631579 4 6 1 -1.34222 1.63235 
1.05263 4 6 1 -1.60563 1.80574 
1.47368 4 6 1 -1.94245 2.02746 
1.89474 4 6 1 -2.38835 2.32098 
2.31579 4 6 1 -3.00655 2.72792 
2.73684 4 6 1 -3.92082 3.32975 
3.15789 4 6 1 -5.41083 4.31056 
3.57895 4 6 1 -8.27034 6.19288 
4 4 6 1 -15.9931 11.2765 
