-4 1.05263 2 1 18.4911 0.146838 
-4 1.47368 2 1 7.87237 0.0636138 
-4 1.89474 2 1 5.21398 0.0427786 
-4 2.31579 2 1 4.00513 0.0333043 
-4 2.73684 2 1 3.31423 0.0278893 
-4 3.15789 2 1 2.86711 0.0243851 
-4 3.57895 2 1 2.55411 0.0219319 
-4 4 2 1 2.32275 0.0201186 
4 -4 2 1 -4.66186 -0.809659 
4 -3.57895 2 1 -3.42654 -0.624043 
4 -3.15789 2 1 -2.6483 -0.507106 
4 -2.73684 2 1 -2.11306 -0.426683 
4 -2.31579 2 1 -1.72238 -0.36798 
4 -1.89474 2 1 -1.42466 -0.323245 
4 -1.47368 2 1 -1.19025 -0.288023 
4 -1.05263 2 1 -1.00089 -0.259571 
4 -0.631579 2 1 -0.844744 -0.236108 
4 -0.210526 2 1 -0.713768 -0.216428 
4 0.210526 2 1 -0.602334 -0.199684 
4 0.631579 2 1 -0.506371 -0.185265 
4 1.05263 2 1 -0.422866 -0.172718 
4 1.47368 2 1 -0.349542 -0.1617 
4 1.89474 2 1 -0.284643 -0.151949 
4 2.31579 2 1 -0.226796 -0.143257 
4 2.73684 2 1 -0.174912 -0.135461 
4 3.15789 2 1 -0.128112 -0.128429 
4 3.57895 2 1 -0.0856858 -0.122054 
4 4 2 1 -0.0470465 -0.116248 
2.31579 -4 2 1 -39.3299 -7.19069 
2.73684 -4 2 1 -11.9597 -2.15291 
3.15789 -4 2 1 -7.4916 -1.3305 
3.57895 -4 2 1 -5.65939 -0.993265 
4 -4 2 1 -4.66186 -0.809659 
-4 4 2 1 2.32275 0.0201186 
-3.57895 4 2 1 1.99178 0.00107366 
-3.15789 4 2 1 1.71651 -0.0147666 
-2.73684 4 2 1 1.48396 -0.0281483 
-2.31579 4 2 1 1.28491 -0.0396026 
-1.89474 4 2 1 1.1126 -0.049518 
-1.47368 4 2 1 0.961981 -0.058185 
-1.05263 4 2 1 0.829204 -0.0658255 
-0.631579 4 2 1 0.711274 -0.0726116 
-0.210526 4 2 1 0.605833 -0.078679 
0.210526 4 2 1 0.510997 -0.0841363 
0.631579 4 2 1 0.425242 -0.0890709 
1.05263 4 2 1 0.347324 -0.0935546 
1.47368 4 2 1 0.276215 -0.0976465 
1.89474 4 2 1 0.21106 -0.101396 
2.31579 4 2 1 0.151141 -0.104844 
2.73684 4 2 1 0.0958522 -0.108025 
3.15789 4 2 1 0.044676 -0.11097 
3.57895 4 2 1 -0.00282986 -0.113704 
4 4 2 1 -0.0470465 -0.116248 
-4 0.631579 6 1 22.856 26.4109 
-4 1.05263 6 1 7.70017 8.28452 
-4 1.47368 6 1 4.88322 4.91544 
-4 1.89474 6 1 3.69616 3.49572 
-4 2.31579 6 1 3.04182 2.71313 
-4 2.73684 6 1 2.62732 2.21738 
-4 3.15789 6 1 2.34121 1.87519 
-4 3.57895 6 1 2.13184 1.62479 
-4 4 6 1 1.97199 1.43361 
4 -4 6 1 -4.05563 2.19652 
4 -3.57895 6 1 -3.12461 1.77516 
4 -3.15789 6 1 -2.49421 1.48986 
4 -2.73684 6 1 -2.03907 1.28388 
4 -2.31579 6 1 -1.69503 1.12817 
4 -1.89474 6 1 -1.42582 1.00634 
4 -1.47368 6 1 -1.20943 0.908405 
4 -1.05263 6 1 -1.0317 0.827971 
4 -0.631579 6 1 -0.883126 0.760729 
4 -0.210526 6 1 -0.757071 0.70368 
4 0.210526 6 1 -0.648777 0.654669 
4 0.631579 6 1 -0.554739 0.61211 
4 1.05263 6 1 -0.472314 0.574807 
4 1.47368 6 1 -0.399477 0.541843 
4 1.89474 6 1 -0.334647 0.512503 
4 2.31579 6 1 -0.276572 0.48622 
4 2.73684 6 1 -0.224249 0.46254 
4 3.15789 6 1 -0.176864 0.441095 
4 3.57895 6 1 -0.133748 0.421582 
4 4 6 1 -0.0943505 0.403752 
1.89474 -4 6 1 -38.1528 31.4799 
2.31579 -4 6 1 -11.9463 8.97321 
2.73684 -4 6 1 -7.51499 5.16748 
3.15789 -4 6 1 -5.68496 3.59582 
3.57895 -4 6 1 -4.68544 2.73741 
4 -4 6 1 -4.05563 2.19652 
-4 4 6 1 1.97199 1.43361 
-3.57895 4 6 1 1.69877 1.29743 
-3.15789 4 6 1 1.4679 1.18237 
-2.73684 4 6 1 1.27024 1.08386 
-2.31579 4 6 1 1.09911 0.998566 
-1.89474 4 6 1 0.949501 0.924001 
-1.47368 4 6 1 0.817594 0.85826 
-1.05263 4 6 1 0.700424 0.799863 
-0.631579 4 6 1 0.595651 0.747644 
-0.210526 4 6 1 0.501406 0.700673 
0.210526 4 6 1 0.416179 0.658197 
0.631579 4 6 1 0.338734 0.619599 
1.05263 4 6 1 0.268053 0.584371 
1.47368 4 6 1 0.203285 0.552091 
1.89474 4 6 1 0.143719 0.522404 
2.31579 4 6 1 0.0887524 0.495009 
2.73684 4 6 1 0.0378721 0.469651 
3.15789 4 6 1 -0.00936124 0.44611 
3.57895 4 6 1 -0.0533261 0.424198 
4 4 6 1 -0.0943505 0.403752 
