268.015 89.154 5.38863 8.28254 9 
10.0055 3.03729 3.59246 5.16323 10 
5.36343 1.4879 2.769 3.73315 11 
3.77873 0.958966 2.29645 2.9125 12 
2.97919 0.6921 1.98991 2.38015 13 
2.49714 0.531204 1.77497 2.00687 14 
2.17479 0.423615 1.6159 1.73063 15 
1.94407 0.346605 1.49343 1.51795 16 
1.77076 0.28876 1.39624 1.34914 17 
1.63581 0.243717 1.31722 1.21191 18 
1.52775 0.20765 1.25171 1.09816 19 
-11.6208 1.24693 -5.17961 4.26435 20 
-6.14739 0.633038 -3.70272 3.13491 21 
-4.06954 0.39999 -2.83106 2.46832 22 
-2.97556 0.27729 -2.25587 2.02845 23 
-2.30042 0.201567 -1.84788 1.71644 24 
-1.84223 0.150177 -1.54343 1.48362 25 
-1.5109 0.113015 -1.30755 1.30324 26 
-1.26015 0.0848907 -1.11942 1.15936 27 
-1.06376 0.0628646 -0.965871 1.04194 28 
-0.905796 0.0451472 -0.83817 0.94428 29 
-0.775978 0.0305869 -0.730298 0.861786 30 
-0.6674 0.0184089 -0.637968 0.791178 31 
-0.575243 0.00807272 -0.558049 0.73006 32 
-0.496045 -0.0008101 -0.488194 0.67664 33 
-0.427251 -0.00852596 -0.426616 0.629549 34 
-0.366937 -0.0152906 -0.371926 0.587725 35 
-0.313627 -0.0212698 -0.323029 0.550332 36 
-0.266168 -0.0265928 -0.279052 0.5167 37 
-0.223646 -0.031362 -0.239286 0.48629 38 
-0.18533 -0.0356596 -0.203156 0.458659 39 
-80.6133 12.0215 -7.1407 6.95685 57 
-19.221 2.43385 -5.93588 5.30268 58 
-11.6208 1.24693 -5.17961 4.26435 59 
1.52775 0.20765 1.25171 1.09816 60 
1.35529 0.183155 1.11471 1.03794 61 
1.19947 0.161024 0.989219 0.982776 62 
1.058 0.140932 0.873844 0.932062 63 
0.92899 0.122608 0.76741 0.885278 64 
0.810855 0.105829 0.668916 0.841984 65 
0.702277 0.0904076 0.577505 0.801804 66 
0.602143 0.0761855 0.492441 0.764414 67 
0.509504 0.063028 0.413084 0.729532 68 
0.423549 0.0508198 0.338878 0.696914 69 
0.343581 0.0394618 0.269338 0.666347 70 
0.268993 0.0288681 0.204038 0.637644 71 
0.199262 0.0189642 0.1426 0.610639 72 
0.133928 0.00968468 0.0846925 0.585185 73 
0.0725869 0.000972417 0.0300191 0.561153 74 
0.0148845 -0.00722309 -0.0216837 0.538427 75 
-0.039494 -0.0149465 -0.0706514 0.516903 76 
-0.0908278 -0.0222374 -0.117096 0.496488 77 
-0.139365 -0.0291313 -0.161206 0.477098 78 
-0.18533 -0.0356596 -0.203156 0.458659 79 
