0.335074 -0.0701064 0.287996 0.4477 0 
0.285887 -0.0685999 0.242792 0.460356 1 
0.234249 -0.0670183 0.195572 0.473576 2 
0.179973 -0.0653559 0.146195 0.487401 3 
0.122851 -0.0636064 0.0945119 0.501871 4 
0.0626528 -0.0617626 0.0403565 0.517033 5 
-0.00087606 -0.0598169 -0.0164527 0.532939 6 
-0.0680203 -0.0577604 -0.0761159 0.549643 7 
-0.139098 -0.0555834 -0.138854 0.567209 8 
-0.214464 -0.0532751 -0.20491 0.585703 9 
-0.29452 -0.0508232 -0.274555 0.605202 10 
-0.379716 -0.0482138 -0.34809 0.62579 11 
-0.470566 -0.0454312 -0.425849 0.647561 12 
-0.56765 -0.0424577 -0.508208 0.67062 13 
-0.671633 -0.0392729 -0.595587 0.695084 14 
-0.783278 -0.0358535 -0.68846 0.721087 15 
-0.903464 -0.0321724 -0.787361 0.748777 16 
-1.03321 -0.0281986 -0.892897 0.778325 17 
-1.1737 -0.0238956 -1.00576 0.809924 18 
-1.32634 -0.0192207 -1.12674 0.843796 19 
0.335074 -0.0701064 0.287996 0.4477 40 
0.37978 -0.062173 0.325567 0.48169 41 
0.429992 -0.0532624 0.367255 0.519404 42 
0.486794 -0.0431822 0.413773 0.561488 43 
0.551577 -0.031686 0.466015 0.60875 44 
0.626147 -0.0184529 0.525104 0.662208 45 
0.712904 -0.00305699 0.592483 0.723164 46 
0.815103 0.0150791 0.670027 0.793317 47 
0.937267 0.0367583 0.760224 0.874916 48 
1.08588 0.0631314 0.866445 0.971013 49 
1.27058 0.0959079 0.993378 1.08585 50 
1.50632 0.137742 1.14774 1.22549 51 
1.81765 0.192991 1.33948 1.39896 52 
2.24788 0.269338 1.58407 1.62023 53 
2.88117 0.381722 1.90684 1.91224 54 
3.90572 0.563537 2.35239 2.31533 55 
5.84618 0.907889 3.00728 2.90779 56 
10.9234 1.8089 4.06429 3.86405 57 
58.8063 10.3062 6.0579 5.66763 58 
-1.32634 -0.0192207 -1.12674 0.843796 60 
-1.42515 0.00159256 -1.18938 0.939006 61 
-1.54862 0.0275993 -1.2645 1.05319 62 
-1.70729 0.0610204 -1.35625 1.19265 63 
-1.91871 0.105554 -1.47084 1.36683 64 
-2.21445 0.167846 -1.618 1.59052 65 
-2.6575 0.261168 -1.81393 1.88834 66 
-3.39443 0.41639 -2.08769 2.30446 67 
-4.86273 0.725664 -2.49715 2.92683 68 
-9.22371 1.64423 -3.17641 3.95932 69 
-587.826 123.518 -4.52323 6.0065 70 
