-4 -4 2 1 1.72022 2.18454e-05 
-4 -3.57895 2 1 1.49879 -0.00183781 
-4 -3.15789 2 1 1.30455 -0.0034691 
-4 -2.73684 2 1 1.13278 -0.00491166 
-4 -2.31579 2 1 0.9798 -0.00619645 
-4 -1.89474 2 1 0.842682 -0.00734801 
-4 -1.47368 2 1 0.719082 -0.00838605 
-4 -1.05263 2 1 0.607096 -0.00932655 
-4 -0.631579 2 1 0.505159 -0.0101827 
-4 -0.210526 2 1 0.411976 -0.0109652 
-4 0.210526 2 1 0.326468 -0.0116834 
-4 0.631579 2 1 0.247722 -0.0123447 
-4 1.05263 2 1 0.174968 -0.0129557 
-4 1.47368 2 1 0.107546 -0.0135219 
-4 1.89474 2 1 0.044891 -0.0140481 
-4 2.31579 2 1 -0.0134851 -0.0145384 
-4 2.73684 2 1 -0.0680063 -0.0149963 
-4 3.15789 2 1 -0.119042 -0.0154249 
-4 3.57895 2 1 -0.166917 -0.015827 
-4 4 2 1 -0.211915 -0.0162049 
4 3.57895 2 1 -26.4613 -6.09306 
4 4 2 1 -13.4966 -2.9222 
-4 -4 2 1 1.72022 2.18454e-05 
-3.57895 -4 2 1 1.86688 -0.0210089 
-3.15789 -4 2 1 2.05765 -0.0483628 
-2.73684 -4 2 1 2.31591 -0.0853962 
-2.31579 -4 2 1 2.68521 -0.138351 
-1.89474 -4 2 1 3.25675 -0.220306 
-1.47368 -4 2 1 4.25932 -0.364068 
-1.05263 -4 2 1 6.47565 -0.681877 
-0.631579 -4 2 1 15.4906 -1.97457 
-4 4 2 1 -0.211915 -0.0162049 
-3.57895 4 2 1 -0.254187 -0.0254518 
-3.15789 4 2 1 -0.301115 -0.0357171 
-2.73684 4 2 1 -0.353512 -0.047179 
-2.31579 4 2 1 -0.412396 -0.0600596 
-1.89474 4 2 1 -0.479048 -0.0746397 
-1.47368 4 2 1 -0.555116 -0.0912793 
-1.05263 4 2 1 -0.642746 -0.110448 
-0.631579 4 2 1 -0.744791 -0.13277 
-0.210526 4 2 1 -0.865126 -0.159093 
0.210526 4 2 1 -1.00915 -0.190599 
0.631579 4 2 1 -1.18463 -0.228985 
1.05263 4 2 1 -1.40313 -0.276781 
1.47368 4 2 1 -1.68268 -0.337931 
1.89474 4 2 1 -2.05301 -0.418941 
2.31579 4 2 1 -2.56694 -0.53136 
2.73684 4 2 1 -3.32804 -0.69785 
3.15789 4 2 1 -4.57112 -0.969771 
3.57895 4 2 1 -6.96613 -1.49367 
4 4 2 1 -13.4966 -2.9222 
-4 -4 6 1 1.87988 1.49071 
-4 -3.57895 6 1 1.61256 1.37614 
-4 -3.15789 6 1 1.38273 1.27765 
-4 -2.73684 6 1 1.18302 1.19206 
-4 -2.31579 6 1 1.00788 1.117 
-4 -1.89474 6 1 0.853034 1.05064 
-4 -1.47368 6 1 0.715147 0.991542 
-4 -1.05263 6 1 0.591579 0.938585 
-4 -0.631579 6 1 0.480209 0.890856 
-4 -0.210526 6 1 0.379316 0.847616 
-4 0.210526 6 1 0.287488 0.808262 
-4 0.631579 6 1 0.203556 0.772292 
-4 1.05263 6 1 0.126544 0.739287 
-4 1.47368 6 1 0.0556289 0.708895 
-4 1.89474 6 1 -0.00988506 0.680818 
-4 2.31579 6 1 -0.0705924 0.6548 
-4 2.73684 6 1 -0.127003 0.630625 
-4 3.15789 6 1 -0.179558 0.608101 
-4 3.57895 6 1 -0.22864 0.587066 
-4 4 6 1 -0.274581 0.567378 
-4 -4 6 1 1.87988 1.49071 
-3.57895 -4 6 1 2.07942 1.69769 
-3.15789 -4 6 1 2.35252 1.98099 
-2.73684 -4 6 1 2.74909 2.39234 
-2.31579 -4 6 1 3.37725 3.04394 
-1.89474 -4 6 1 4.5236 4.23305 
-1.47368 -4 6 1 7.27943 7.09169 
-1.05263 -4 6 1 23.0195 23.4189 
-4 4 6 1 -0.274581 0.567378 
-3.57895 4 6 1 -0.323242 0.590044 
-3.15789 4 6 1 -0.377651 0.615388 
-2.73684 4 6 1 -0.43889 0.643914 
-2.31579 4 6 1 -0.508333 0.676261 
-1.89474 4 6 1 -0.587745 0.713252 
-1.47368 4 6 1 -0.67944 0.755964 
-1.05263 4 6 1 -0.786506 0.805836 
-0.631579 4 6 1 -0.913162 0.864834 
-0.210526 4 6 1 -1.06533 0.935713 
0.210526 4 6 1 -1.25157 1.02247 
0.631579 4 6 1 -1.48477 1.13109 
1.05263 4 6 1 -1.78528 1.27107 
1.47368 4 6 1 -2.18712 1.45825 
1.89474 4 6 1 -2.75195 1.72136 
2.31579 4 6 1 -3.60417 2.11833 
2.73684 4 6 1 -5.03796 2.7862 
3.15789 4 6 1 -7.95696 4.14589 
3.57895 4 6 1 -17.1482 8.42724 
