4.76992 0.561622 15.7069 13.0874 0 
3.54008 0.484452 7.78334 6.91528 1 
2.75357 0.4351 4.9945 4.74287 2 
2.20727 0.40082 3.57064 3.63373 3 
1.80572 0.375624 2.70666 2.96072 4 
1.49811 0.356322 2.12659 2.50887 5 
1.25494 0.341063 1.71024 2.18455 6 
1.05787 0.328698 1.39687 1.94044 7 
0.894937 0.318474 1.15247 1.75006 8 
0.757969 0.309879 0.956537 1.59744 9 
0.64122 0.302553 0.795949 1.47234 10 
0.540521 0.296235 0.661935 1.36795 11 
0.452775 0.290729 0.548402 1.27951 12 
0.375633 0.285888 0.450989 1.20363 13 
0.307284 0.281599 0.36649 1.13781 14 
0.246304 0.277773 0.292497 1.08017 15 
0.191564 0.274338 0.227165 1.02928 16 
0.142151 0.271237 0.169057 0.984016 17 
0.0973246 0.268425 0.117038 0.943496 18 
0.0564742 0.265861 0.0701991 0.90701 19 
-4.69579 0.71801 -21.027 20.7182 35 
-3.76539 0.596091 -9.13972 8.65187 36 
-3.19549 0.521413 -6.05925 5.52498 37 
-2.81058 0.470974 -4.64409 4.0885 38 
-2.53316 0.434621 -3.83119 3.26334 39 
4.76992 0.561622 15.7069 13.0874 40 
5.80732 0.672311 58.0226 50.8773 41 
0.0564742 0.265861 0.0701991 0.90701 60 
0.0115721 0.268788 0.0201385 0.937245 61 
-0.036805 0.27194 -0.0343128 0.970132 62 
-0.0890766 0.275347 -0.0937589 1.00604 63 
-0.145733 0.279039 -0.15892 1.04539 64 
-0.207349 0.283054 -0.230662 1.08872 65 
-0.274608 0.287437 -0.310035 1.13666 66 
-0.348319 0.292241 -0.398325 1.18999 67 
-0.429461 0.297528 -0.497123 1.24966 68 
-0.519214 0.303377 -0.608425 1.31688 69 
-0.619028 0.309882 -0.734764 1.39319 70 
-0.730693 0.317159 -0.87941 1.48055 71 
-0.856454 0.325355 -1.04665 1.58156 72 
-0.999161 0.334654 -1.24223 1.69968 73 
-1.16248 0.345298 -1.47402 1.83967 74 
-1.35124 0.357599 -1.75309 2.00823 75 
-1.57187 0.371977 -2.09557 2.21508 76 
-1.8332 0.389007 -2.52582 2.47494 77 
-2.14762 0.409497 -3.08257 2.8112 78 
-2.53316 0.434621 -3.83119 3.26334 79 
