8.50377 1.05667 26.1069 22.2944 19 
-1.99065 0.0223145 -2.56347 1.82734 20 
-1.70977 0.0397693 -2.17213 1.67149 21 
-1.47147 0.0545784 -1.85056 1.54344 22 
-1.26674 0.067301 -1.58164 1.43635 23 
-1.08896 0.078349 -1.35342 1.34546 24 
-0.933131 0.0880326 -1.1573 1.26736 25 
-0.79543 0.0965898 -0.986965 1.19952 26 
-0.672865 0.104206 -0.837634 1.14006 27 
-0.563071 0.111029 -0.705651 1.0875 28 
-0.46415 0.117177 -0.588159 1.04071 29 
-0.374564 0.122744 -0.482895 0.998788 30 
-0.29305 0.12781 -0.388045 0.961016 31 
-0.218565 0.132438 -0.302136 0.926804 32 
-0.150238 0.136684 -0.223961 0.895672 33 
-0.0873337 0.140594 -0.152521 0.867222 34 
-0.0292326 0.144204 -0.0869809 0.841122 35 
0.0245956 0.147549 -0.0266389 0.817092 36 
0.0746055 0.150657 0.0290996 0.794895 37 
0.121189 0.153552 0.0807421 0.774329 38 
0.164688 0.156255 0.128724 0.755221 39 
-6.31469 -0.11176 -30.0192 27.9369 53 
-4.29824 -0.0492365 -9.16625 8.1064 54 
-3.34845 -0.0197866 -5.64994 4.76248 55 
-2.79599 -0.0026567 -4.19861 3.38231 56 
-2.43467 0.0085468 -3.40614 2.62869 57 
-2.17992 0.0164458 -2.90686 2.15389 58 
-1.99065 0.0223145 -2.56347 1.82734 59 
8.50377 1.05667 26.1069 22.2944 60 
5.41967 0.723664 9.46668 8.49755 61 
3.8828 0.55772 5.57072 5.26732 62 
2.96232 0.458331 3.83235 3.82599 63 
2.34936 0.392147 2.84793 3.00978 64 
1.91187 0.344908 2.21437 2.48448 65 
1.58393 0.309499 1.77246 2.11809 66 
1.32898 0.28197 1.44668 1.84797 67 
1.12509 0.259955 1.19655 1.64059 68 
0.958309 0.241947 0.998479 1.47636 69 
0.819358 0.226944 0.837736 1.34308 70 
0.701807 0.214251 0.70468 1.23276 71 
0.601065 0.203373 0.592724 1.13994 72 
0.513767 0.193947 0.49722 1.06075 73 
0.437391 0.1857 0.414787 0.992403 74 
0.370007 0.178425 0.342915 0.932813 75 
0.310116 0.171958 0.279697 0.880397 76 
0.256534 0.166172 0.223658 0.833933 77 
0.208313 0.160966 0.173641 0.792463 78 
0.164688 0.156255 0.128724 0.755221 79 
