17.2546 -1.64622 3.76285 3.49558 8 
6.39571 -0.721057 2.79086 2.45871 9 
4.01496 -0.51822 2.24466 1.87604 10 
2.97111 -0.429284 1.89474 1.50276 11 
2.38492 -0.379342 1.65141 1.24319 12 
2.00953 -0.347359 1.47241 1.05224 13 
1.74856 -0.325125 1.3352 0.905875 14 
1.55662 -0.308771 1.22668 0.790112 15 
1.40951 -0.296238 1.1387 0.696262 16 
1.29318 -0.286327 1.06594 0.618641 17 
1.19887 -0.278292 1.00476 0.553375 18 
1.12088 -0.271647 0.952594 0.497731 19 
-141.408 -11.1621 -5.52051 4.31013 22 
-10.338 -1.02408 -3.63477 2.84774 23 
-5.22777 -0.628808 -2.67226 2.10131 24 
-3.43463 -0.490112 -2.08832 1.64846 25 
-2.52023 -0.419385 -1.6963 1.34445 26 
-1.96575 -0.376497 -1.41494 1.12626 27 
-1.59363 -0.347715 -1.20318 0.96204 28 
-1.32662 -0.327062 -1.03804 0.833972 29 
-1.12568 -0.31152 -0.905645 0.731302 30 
-0.969004 -0.299401 -0.797139 0.647155 31 
-0.843408 -0.289686 -0.70659 0.576935 32 
-0.74048 -0.281725 -0.629881 0.517447 33 
-0.654592 -0.275082 -0.564065 0.466406 34 
-0.581835 -0.269454 -0.506974 0.422133 35 
-0.519412 -0.264626 -0.456982 0.383364 36 
-0.465267 -0.260438 -0.412843 0.349133 37 
-0.417857 -0.256771 -0.373584 0.318688 38 
-0.375997 -0.253533 -0.33844 0.291434 39 
1.12088 -0.271647 0.952594 0.497731 60 
1.00734 -0.270273 0.859002 0.482775 61 
0.899228 -0.268965 0.769254 0.468434 62 
0.796172 -0.267718 0.683118 0.454671 63 
0.697821 -0.266527 0.60038 0.44145 64 
0.603862 -0.26539 0.520842 0.42874 65 
0.514005 -0.264303 0.444324 0.416513 66 
0.427989 -0.263262 0.370655 0.404742 67 
0.345571 -0.262265 0.29968 0.3934 68 
0.266532 -0.261308 0.231254 0.382466 69 
0.190667 -0.26039 0.165241 0.371918 70 
0.117788 -0.259508 0.101517 0.361735 71 
0.0477241 -0.25866 0.039964 0.3519 72 
-0.0196862 -0.257845 -0.0195268 0.342394 73 
-0.0845906 -0.257059 -0.0770574 0.333201 74 
-0.147126 -0.256303 -0.132723 0.324306 75 
-0.20742 -0.255573 -0.186613 0.315695 76 
-0.265591 -0.254869 -0.238811 0.307354 77 
-0.321749 -0.254189 -0.289395 0.299271 78 
-0.375997 -0.253533 -0.33844 0.291434 79 
