23.5704 2.06848 21.8783 19.5938 3 
7.30277 0.662518 7.55212 6.89532 4 
4.25029 0.398701 4.49762 4.18786 5 
2.96124 0.287293 3.16786 3.00918 6 
2.24998 0.225822 2.42365 2.34952 7 
1.79917 0.186859 1.948 1.92792 8 
1.48788 0.159955 1.61777 1.63521 9 
1.26003 0.140263 1.37511 1.42012 10 
1.08603 0.125224 1.18927 1.25539 11 
0.948806 0.113365 1.04238 1.12519 12 
0.837817 0.103772 0.923357 1.01969 13 
0.746195 0.0958538 0.824958 0.932469 14 
0.669277 0.089206 0.742251 0.859158 15 
0.603786 0.0835459 0.671758 0.796675 16 
0.547352 0.0786685 0.610961 0.742785 17 
0.498218 0.074422 0.557987 0.69583 18 
0.455053 0.0706914 0.511418 0.654552 19 
-20.9634 6.94429 -15.7007 25.0592 27 
-6.37869 2.0727 -5.39442 8.39289 28 
-3.83356 1.22257 -3.32392 5.0447 29 
-2.77559 0.869185 -2.43561 3.60822 30 
-2.19604 0.675602 -1.94186 2.80978 31 
-1.83023 0.553416 -1.62757 2.30154 32 
-1.57834 0.469277 -1.40994 1.94961 33 
-1.39431 0.407808 -1.25032 1.69149 34 
-1.25399 0.360936 -1.12825 1.49409 35 
-1.14344 0.324012 -1.03187 1.33823 36 
-1.05411 0.294173 -0.953839 1.21205 37 
-0.980419 0.269559 -0.889378 1.10781 38 
-0.918592 0.248907 -0.835228 1.02025 39 
0.455053 0.0706914 0.511418 0.654552 60 
0.399782 0.0778623 0.457151 0.669288 61 
0.343044 0.0852234 0.401452 0.684414 62 
0.284783 0.0927822 0.344264 0.699944 63 
0.224934 0.100547 0.285527 0.715895 64 
0.163434 0.108526 0.225176 0.732284 65 
0.100211 0.116728 0.163145 0.749129 66 
0.035193 0.125164 0.099361 0.766451 67 
-0.0316976 0.133842 0.0337501 0.784268 68 
-0.100543 0.142774 -0.0337677 0.802603 69 
-0.17143 0.151971 -0.103277 0.821479 70 
-0.244452 0.161445 -0.174867 0.840921 71 
-0.319705 0.171208 -0.248632 0.860952 72 
-0.397294 0.181274 -0.324674 0.881602 73 
-0.477329 0.191658 -0.403099 0.9029 74 
-0.559927 0.202374 -0.484021 0.924875 75 
-0.645215 0.213439 -0.567561 0.947561 76 
-0.733325 0.224871 -0.653849 0.970994 77 
-0.8244 0.236687 -0.743022 0.99521 78 
-0.918592 0.248907 -0.835228 1.02025 79 
