-4 -0.210526 2 1 11.3357 2.70154 
-4 0.210526 2 1 5.5311 1.17371 
-4 0.631579 2 1 3.76333 0.708405 
-4 1.05263 2 1 2.90776 0.483207 
-4 1.47368 2 1 2.40313 0.350382 
-4 1.89474 2 1 2.07026 0.262768 
-4 2.31579 2 1 1.83422 0.200638 
-4 2.73684 2 1 1.65812 0.154286 
-4 3.15789 2 1 1.5217 0.118378 
-4 3.57895 2 1 1.41291 0.0897419 
-4 4 2 1 1.32412 0.066372 
4 -4 2 1 -136.92 15.647 
4 -3.57895 2 1 -11.7419 1.23858 
4 -3.15789 2 1 -5.93024 0.569647 
4 -2.73684 2 1 -3.87124 0.332649 
4 -2.31579 2 1 -2.81727 0.211334 
4 -1.89474 2 1 -2.17683 0.137617 
4 -1.47368 2 1 -1.74646 0.0880807 
4 -1.05263 2 1 -1.43737 0.0525033 
4 -0.631579 2 1 -1.20462 0.0257133 
4 -0.210526 2 1 -1.02305 0.00481287 
4 0.210526 2 1 -0.877431 -0.0119478 
4 0.631579 2 1 -0.75806 -0.0256878 
4 1.05263 2 1 -0.658424 -0.0371562 
4 1.47368 2 1 -0.574003 -0.0468734 
4 1.89474 2 1 -0.501558 -0.055212 
4 2.31579 2 1 -0.438711 -0.0624459 
4 2.73684 2 1 -0.383672 -0.0687811 
4 3.15789 2 1 -0.335071 -0.0743752 
4 3.57895 2 1 -0.291841 -0.0793511 
4 4 2 1 -0.253139 -0.0838058 
4 -4 2 1 -136.92 15.647 
-4 4 2 1 1.32412 0.066372 
-3.57895 4 2 1 1.18393 0.0530239 
-3.15789 4 2 1 1.05407 0.0406597 
-2.73684 4 2 1 0.933447 0.0291744 
-2.31579 4 2 1 0.821103 0.0184776 
-1.89474 4 2 1 0.716214 0.00849069 
-1.47368 4 2 1 0.618064 -0.000854655 
-1.05263 4 2 1 0.526022 -0.00961835 
-0.631579 4 2 1 0.439537 -0.0178531 
-0.210526 4 2 1 0.358118 -0.0256053 
0.210526 4 2 1 0.281334 -0.0329162 
0.631579 4 2 1 0.2088 -0.0398225 
1.05263 4 2 1 0.140173 -0.0463568 
1.47368 4 2 1 0.0751453 -0.0525484 
1.89474 4 2 1 0.0134407 -0.0584236 
2.31579 4 2 1 -0.045189 -0.064006 
2.73684 4 2 1 -0.100968 -0.069317 
3.15789 4 2 1 -0.154099 -0.0743758 
3.57895 4 2 1 -0.204767 -0.0792002 
4 4 2 1 -0.253139 -0.0838058 
-4 -1.05263 6 1 11.1306 16.8818 
-4 -0.631579 6 1 5.10246 7.26338 
-4 -0.210526 6 1 3.42325 4.58403 
-4 0.210526 6 1 2.63434 3.32525 
-4 0.631579 6 1 2.17605 2.594 
-4 1.05263 6 1 1.87655 2.11613 
-4 1.47368 6 1 1.6655 1.77938 
-4 1.89474 6 1 1.50876 1.52928 
-4 2.31579 6 1 1.38776 1.33621 
-4 2.73684 6 1 1.29152 1.18265 
-4 3.15789 6 1 1.21314 1.0576 
-4 3.57895 6 1 1.14809 0.95379 
-4 4 6 1 1.09322 0.86624 
4 -4 6 1 -6.90672 5.95128 
4 -3.57895 6 1 -4.4503 3.90848 
4 -3.15789 6 1 -3.224 2.88867 
4 -2.73684 6 1 -2.48883 2.27729 
4 -2.31579 6 1 -1.99898 1.86992 
4 -1.89474 6 1 -1.6492 1.57904 
4 -1.47368 6 1 -1.38694 1.36094 
4 -1.05263 6 1 -1.183 1.19134 
4 -0.631579 6 1 -1.01987 1.05567 
4 -0.210526 6 1 -0.886416 0.944694 
4 0.210526 6 1 -0.775218 0.852219 
4 0.631579 6 1 -0.681135 0.773978 
4 1.05263 6 1 -0.600499 0.70692 
4 1.47368 6 1 -0.530618 0.648806 
4 1.89474 6 1 -0.469476 0.597959 
4 2.31579 6 1 -0.41553 0.553097 
4 2.73684 6 1 -0.36758 0.513221 
4 3.15789 6 1 -0.324679 0.477543 
4 3.57895 6 1 -0.286069 0.445435 
4 4 6 1 -0.251138 0.416385 
2.31579 -4 6 1 -36.9708 46.9864 
2.73684 -4 6 1 -15.4293 17.5839 
3.15789 -4 6 1 -10.4096 10.7324 
3.57895 -4 6 1 -8.17267 7.67921 
4 -4 6 1 -6.90672 5.95128 
-4 4 6 1 1.09322 0.86624 
-3.57895 4 6 1 0.980727 0.828598 
-3.15789 4 6 1 0.875376 0.793345 
-2.73684 4 6 1 0.776504 0.76026 
-2.31579 4 6 1 0.683532 0.729149 
-1.89474 4 6 1 0.595947 0.699841 
-1.47368 4 6 1 0.513294 0.672183 
-1.05263 4 6 1 0.435168 0.64604 
-0.631579 4 6 1 0.361207 0.621291 
-0.210526 4 6 1 0.291087 0.597827 
0.210526 4 6 1 0.224515 0.575551 
0.631579 4 6 1 0.161229 0.554374 
1.05263 4 6 1 0.100992 0.534217 
1.47368 4 6 1 0.0435891 0.515008 
1.89474 4 6 1 -0.0111761 0.496683 
2.31579 4 6 1 -0.0634808 0.47918 
2.73684 4 6 1 -0.113487 0.462447 
3.15789 4 6 1 -0.161344 0.446433 
3.57895 4 6 1 -0.207186 0.431093 
4 4 6 1 -0.251138 0.416385 
