-16.7226 -1.42749 -5.12812 3.1529 0 
-44.4586 -3.79787 -6.02558 3.99176 1 
-0.212729 -0.271828 -0.174883 0.262801 20 
-0.166906 -0.276287 -0.132511 0.274576 21 
-0.117975 -0.281048 -0.0875602 0.287067 22 
-0.0656088 -0.286144 -0.0397874 0.300343 23 
-0.00943154 -0.291611 0.0110814 0.31448 24 
0.050988 -0.29749 0.0653574 0.329563 25 
0.116149 -0.303831 0.123395 0.345691 26 
0.186633 -0.31069 0.185599 0.362977 27 
0.26312 -0.318133 0.252434 0.381551 28 
0.346411 -0.326238 0.324439 0.40156 29 
0.437455 -0.335098 0.402236 0.42318 30 
0.537389 -0.344823 0.486555 0.446612 31 
0.64758 -0.355546 0.578251 0.472094 32 
0.769694 -0.367429 0.678336 0.499907 33 
0.905778 -0.380671 0.788018 0.530387 34 
1.05837 -0.39552 0.908745 0.563937 35 
1.23068 -0.412287 1.04227 0.601044 36 
1.42677 -0.43137 1.19076 0.642307 37 
1.65195 -0.453283 1.35685 0.688465 38 
1.91321 -0.478706 1.5439 0.740443 39 
-16.7226 -1.42749 -5.12812 3.1529 40 
-7.95585 -0.813833 -3.7292 2.33667 41 
-5.07201 -0.611969 -2.87645 1.8391 42 
-3.63718 -0.511534 -2.30225 1.50407 43 
-2.77855 -0.451431 -1.88928 1.26311 44 
-2.20706 -0.411427 -1.578 1.08149 45 
-1.79931 -0.382886 -1.33496 0.939677 46 
-1.49375 -0.361497 -1.13993 0.825886 47 
-1.25624 -0.344872 -0.97998 0.732556 48 
-1.06632 -0.331578 -0.846414 0.654624 49 
-0.910999 -0.320705 -0.733205 0.588569 50 
-0.781606 -0.311648 -0.636028 0.531868 51 
-0.672148 -0.303986 -0.551703 0.482667 52 
-0.57835 -0.297421 -0.477839 0.439568 53 
-0.497074 -0.291731 -0.412602 0.401504 54 
-0.42597 -0.286754 -0.354564 0.367641 55 
-0.363241 -0.282363 -0.302597 0.337319 56 
-0.30749 -0.278461 -0.255794 0.310011 57 
-0.257613 -0.27497 -0.213423 0.285288 58 
-0.212729 -0.271828 -0.174883 0.262801 59 
11.5793 -2.50075 3.61017 2.9162 72 
5.88909 -1.31042 2.87929 2.14659 73 
4.09279 -0.934652 2.43701 1.68087 74 
3.21236 -0.750474 2.14058 1.36874 75 
2.68964 -0.641126 1.92807 1.14497 76 
2.34343 -0.568704 1.76825 0.976686 77 
2.09725 -0.517204 1.6437 0.845534 78 
1.91321 -0.478706 1.5439 0.740443 79 
