1.72022 2.18454e-05 1.87988 1.49071 0 
1.49879 -0.00183781 1.61256 1.37614 1 
1.30455 -0.0034691 1.38273 1.27765 2 
1.13278 -0.00491166 1.18302 1.19206 3 
0.9798 -0.00619645 1.00788 1.117 4 
0.842682 -0.00734801 0.853034 1.05064 5 
0.719082 -0.00838605 0.715147 0.991542 6 
0.607096 -0.00932655 0.591579 0.938585 7 
0.505159 -0.0101827 0.480209 0.890856 8 
0.411976 -0.0109652 0.379316 0.847616 9 
0.326468 -0.0116834 0.287488 0.808262 10 
0.247722 -0.0123447 0.203556 0.772292 11 
0.174968 -0.0129557 0.126544 0.739287 12 
0.107546 -0.0135219 0.0556289 0.708895 13 
0.044891 -0.0140481 -0.00988506 0.680818 14 
-0.0134851 -0.0145384 -0.0705924 0.6548 15 
-0.0680063 -0.0149963 -0.127003 0.630625 16 
-0.119042 -0.0154249 -0.179558 0.608101 17 
-0.166917 -0.015827 -0.22864 0.587066 18 
-0.211915 -0.0162049 -0.274581 0.567378 19 
1.72022 2.18454e-05 1.87988 1.49071 40 
1.86688 -0.0210089 2.07942 1.69769 41 
2.05765 -0.0483628 2.35252 1.98099 42 
2.31591 -0.0853962 2.74909 2.39234 43 
2.68521 -0.138351 3.37725 3.04394 44 
3.25675 -0.220306 4.5236 4.23305 45 
4.25932 -0.364068 7.27943 7.09169 46 
6.47565 -0.681877 23.0195 23.4189 47 
-0.211915 -0.0162049 -0.274581 0.567378 60 
-0.254187 -0.0254518 -0.323242 0.590044 61 
-0.301115 -0.0357171 -0.377651 0.615388 62 
-0.353512 -0.047179 -0.43889 0.643914 63 
-0.412396 -0.0600596 -0.508333 0.676261 64 
-0.479048 -0.0746397 -0.587745 0.713252 65 
-0.555116 -0.0912793 -0.67944 0.755964 66 
-0.642746 -0.110448 -0.786506 0.805836 67 
-0.744791 -0.13277 -0.913162 0.864834 68 
-0.865126 -0.159093 -1.06533 0.935713 69 
-1.00915 -0.190599 -1.25157 1.02247 70 
-1.18463 -0.228985 -1.48477 1.13109 71 
-1.40313 -0.276781 -1.78528 1.27107 72 
-1.68268 -0.337931 -2.18712 1.45825 73 
-2.05301 -0.418941 -2.75195 1.72136 74 
-2.56694 -0.53136 -3.60417 2.11833 75 
-3.32804 -0.69785 -5.03796 2.7862 76 
-4.57112 -0.969771 -7.95696 4.14589 77 
-6.96613 -1.49367 -17.1482 8.42724 78 
