-4 -4 2 1 0.782541 -0.058303 
-4 -3.57895 2 1 0.702095 -0.0627705 
-4 -3.15789 2 1 0.622166 -0.0672093 
-4 -2.73684 2 1 0.542749 -0.0716196 
-4 -2.31579 2 1 0.463839 -0.0760018 
-4 -1.89474 2 1 0.385431 -0.0803561 
-4 -1.47368 2 1 0.30752 -0.0846828 
-4 -1.05263 2 1 0.230103 -0.0889821 
-4 -0.631579 2 1 0.153173 -0.0932544 
-4 -0.210526 2 1 0.0767273 -0.0974997 
-4 0.210526 2 1 0.000760234 -0.101718 
-4 0.631579 2 1 -0.0747324 -0.105911 
-4 1.05263 2 1 -0.149755 -0.110077 
-4 1.47368 2 1 -0.224312 -0.114218 
-4 1.89474 2 1 -0.298407 -0.118333 
-4 2.31579 2 1 -0.372046 -0.122422 
-4 2.73684 2 1 -0.445232 -0.126486 
-4 3.15789 2 1 -0.517969 -0.130526 
-4 3.57895 2 1 -0.590261 -0.13454 
-4 4 2 1 -0.662113 -0.138531 
-4 -4 2 1 0.782541 -0.058303 
-3.57895 -4 2 1 0.843686 -0.0490184 
-3.15789 -4 2 1 0.915991 -0.0380391 
-2.73684 -4 2 1 1.00282 -0.0248542 
-2.31579 -4 2 1 1.10904 -0.00872511 
-1.89474 -4 2 1 1.24196 0.0114584 
-1.47368 -4 2 1 1.4131 0.037445 
-1.05263 -4 2 1 1.6417 0.0721572 
-0.631579 -4 2 1 1.96255 0.120877 
-0.210526 -4 2 1 2.44559 0.194225 
0.210526 -4 2 1 3.25543 0.317195 
0.631579 -4 2 1 4.89319 0.565883 
1.05263 -4 2 1 9.95615 1.33468 
-4 4 2 1 -0.662113 -0.138531 
-3.57895 4 2 1 -0.718071 -0.136117 
-3.15789 4 2 1 -0.783551 -0.133292 
-2.73684 4 2 1 -0.861212 -0.129942 
-2.31579 4 2 1 -0.954798 -0.125906 
-1.89474 4 2 1 -1.06977 -0.120946 
-1.47368 4 2 1 -1.2144 -0.114708 
-1.05263 4 2 1 -1.40188 -0.106621 
-0.631579 4 2 1 -1.65453 -0.0957228 
-0.210526 4 2 1 -2.01351 -0.0802382 
0.210526 4 2 1 -2.56382 -0.0565005 
0.631579 4 2 1 -3.51402 -0.015514 
1.05263 4 2 1 -5.54866 0.0722504 
1.47368 4 2 1 -12.9918 0.39331 
-4 -4 6 1 0.660682 0.599041 
-4 -3.57895 6 1 0.589565 0.593189 
-4 -3.15789 6 1 0.518854 0.587372 
-4 -2.73684 6 1 0.448547 0.581587 
-4 -2.31579 6 1 0.378638 0.575835 
-4 -1.89474 6 1 0.309125 0.570116 
-4 -1.47368 6 1 0.240005 0.564429 
-4 -1.05263 6 1 0.171274 0.558774 
-4 -0.631579 6 1 0.102928 0.553151 
-4 -0.210526 6 1 0.0349658 0.547559 
-4 0.210526 6 1 -0.0326173 0.541999 
-4 0.631579 6 1 -0.0998241 0.536469 
-4 1.05263 6 1 -0.166658 0.530971 
-4 1.47368 6 1 -0.233121 0.525502 
-4 1.89474 6 1 -0.299218 0.520064 
-4 2.31579 6 1 -0.364951 0.514656 
-4 2.73684 6 1 -0.430322 0.509277 
-4 3.15789 6 1 -0.495336 0.503928 
-4 3.57895 6 1 -0.559994 0.498609 
-4 4 6 1 -0.624301 0.493318 
-4 -4 6 1 0.660682 0.599041 
-3.57895 -4 6 1 0.70551 0.65558 
-3.15789 -4 6 1 0.757459 0.721101 
-2.73684 -4 6 1 0.818374 0.797929 
-2.31579 -4 6 1 0.890792 0.889268 
-1.89474 -4 6 1 0.978315 0.999655 
-1.47368 -4 6 1 1.08622 1.13574 
-1.05263 -4 6 1 1.22255 1.3077 
-0.631579 -4 6 1 1.40026 1.53184 
-0.210526 -4 6 1 1.64156 1.83617 
0.210526 -4 6 1 1.98801 2.27313 
0.631579 -4 6 1 2.52748 2.95354 
1.05263 -4 6 1 3.48359 4.15943 
1.47368 -4 6 1 5.64259 6.88247 
1.89474 -4 6 1 15.1244 18.8413 
-4 4 6 1 -0.624301 0.493318 
-3.57895 4 6 1 -0.671277 0.539379 
-3.15789 4 6 1 -0.725271 0.592323 
-2.73684 4 6 1 -0.787985 0.653815 
-2.31579 4 6 1 -0.861714 0.72611 
-1.89474 4 6 1 -0.949642 0.812326 
-1.47368 4 6 1 -1.05631 0.916914 
-1.05263 4 6 1 -1.18841 1.04645 
-0.631579 4 6 1 -1.35629 1.21105 
-0.210526 4 6 1 -1.57674 1.42722 
0.210526 4 6 1 -1.87906 1.72365 
0.631579 4 6 1 -2.31924 2.15527 
1.05263 4 6 1 -3.01945 2.84184 
1.47368 4 6 1 -4.30664 4.10398 
1.89474 4 6 1 -7.45157 7.18769 
2.31579 4 6 1 -26.9015 26.2591 
