-0.972331 0.220732 -1.14568 1.11795 0 
-1.03999 0.231026 -1.2385 1.21866 1 
-1.12087 0.243332 -1.35182 1.34162 2 
-1.21926 0.258303 -1.49327 1.49509 3 
-1.34155 0.276909 -1.67481 1.69206 4 
-1.49764 0.300658 -1.91628 1.95407 5 
-1.70379 0.332025 -2.25326 2.31969 6 
-1.98869 0.375373 -2.75636 2.86556 7 
-2.40812 0.43919 -3.5886 3.76854 8 
-3.08681 0.542454 -5.22998 5.54944 9 
-4.37266 0.738098 -9.97684 10.6998 10 
-7.73981 1.25042 -181.035 196.299 11 
0.444724 0.291751 0.428157 0.963718 20 
0.488321 0.304141 0.474261 1.02554 21 
0.538118 0.318293 0.52752 1.09696 22 
0.595536 0.334612 0.589739 1.1804 23 
0.662471 0.353634 0.663387 1.27916 24 
0.741503 0.376095 0.751931 1.3979 25 
0.836237 0.403018 0.860399 1.54336 26 
0.951867 0.43588 0.996369 1.72569 27 
1.09617 0.47689 1.17182 1.96097 28 
1.28131 0.529507 1.40686 2.27616 29 
1.52748 0.599469 1.73807 2.72032 30 
1.87083 0.697048 2.23966 3.39294 31 
2.38303 0.842617 3.08858 4.53135 32 
3.22929 1.08312 4.83673 6.87561 33 
4.8945 1.55637 10.5215 14.499 34 
-0.972331 0.220732 -1.14568 1.11795 40 
-0.875985 0.22556 -1.03614 1.10722 41 
-0.782713 0.230235 -0.930459 1.09686 42 
-0.69237 0.234763 -0.828432 1.08686 43 
-0.604821 0.23915 -0.729873 1.0772 44 
-0.519937 0.243405 -0.634608 1.06787 45 
-0.4376 0.247531 -0.542475 1.05884 46 
-0.357695 0.251536 -0.453322 1.0501 47 
-0.280117 0.255424 -0.367006 1.04164 48 
-0.204766 0.2592 -0.283395 1.03345 49 
-0.131547 0.26287 -0.202363 1.02551 50 
-0.0603713 0.266437 -0.123792 1.01781 51 
0.0088463 0.269906 -0.0475729 1.01034 52 
0.076185 0.273281 0.0263995 1.00309 53 
0.14172 0.276565 0.0982226 0.996051 54 
0.205524 0.279763 0.167989 0.989214 55 
0.267663 0.282877 0.235785 0.98257 56 
0.328203 0.285911 0.301695 0.976111 57 
0.387204 0.288868 0.365794 0.969829 58 
0.444724 0.291751 0.428157 0.963718 59 
