-4 -4 2 1 3.08909 0.820519 
-4 -3.57895 2 1 2.50681 0.728171 
-4 -3.15789 2 1 2.06695 0.658411 
-4 -2.73684 2 1 1.72296 0.603854 
-4 -2.31579 2 1 1.44656 0.560018 
-4 -1.89474 2 1 1.21962 0.524026 
-4 -1.47368 2 1 1.02996 0.493946 
-4 -1.05263 2 1 0.869079 0.468431 
-4 -0.631579 2 1 0.730897 0.446516 
-4 -0.210526 2 1 0.610925 0.427489 
-4 0.210526 2 1 0.505784 0.410814 
-4 0.631579 2 1 0.412886 0.396081 
-4 1.05263 2 1 0.330209 0.382968 
-4 1.47368 2 1 0.256155 0.371223 
-4 1.89474 2 1 0.189441 0.360643 
-4 2.31579 2 1 0.129028 0.351061 
-4 2.73684 2 1 0.0740627 0.342344 
-4 3.15789 2 1 0.0238408 0.334379 
-4 3.57895 2 1 -0.0222267 0.327073 
-4 4 2 1 -0.0646346 0.320347 
4 2.31579 2 1 -17.4764 3.11625 
4 2.73684 2 1 -9.04337 1.5937 
4 3.15789 2 1 -6.341 1.1058 
4 3.57895 2 1 -5.0093 0.865365 
4 4 2 1 -4.21641 0.722211 
-4 -4 2 1 3.08909 0.820519 
-3.57895 -4 2 1 3.53478 0.945165 
-3.15789 -4 2 1 4.21502 1.13541 
-2.73684 -4 2 1 5.38108 1.46152 
-2.31579 -4 2 1 7.84251 2.14992 
-1.89474 -4 2 1 16.4549 4.55857 
-4 4 2 1 -0.0646346 0.320347 
-3.57895 4 2 1 -0.109431 0.324683 
-3.15789 4 2 1 -0.158368 0.32942 
-2.73684 4 2 1 -0.212046 0.334616 
-2.31579 4 2 1 -0.27119 0.34034 
-1.89474 4 2 1 -0.33668 0.346679 
-1.47368 4 2 1 -0.409593 0.353737 
-1.05263 4 2 1 -0.49127 0.361643 
-0.631579 4 2 1 -0.58339 0.370559 
-0.210526 4 2 1 -0.688093 0.380694 
0.210526 4 2 1 -0.808146 0.392314 
0.631579 4 2 1 -0.947193 0.405773 
1.05263 4 2 1 -1.11013 0.421544 
1.47368 4 2 1 -1.30368 0.440279 
1.89474 4 2 1 -1.53739 0.4629 
2.31579 4 2 1 -1.82519 0.490757 
2.73684 4 2 1 -2.1883 0.525904 
3.15789 4 2 1 -2.66076 0.571635 
3.57895 4 2 1 -3.30072 0.633578 
4 4 2 1 -4.21641 0.722211 
-4 -4 6 1 5.30936 5.39376 
-4 -3.57895 6 1 3.89088 4.23314 
-4 -3.15789 6 1 2.98715 3.49369 
-4 -2.73684 6 1 2.361 2.98136 
-4 -2.31579 6 1 1.90158 2.60545 
-4 -1.89474 6 1 1.5501 2.31787 
-4 -1.47368 6 1 1.27254 2.09076 
-4 -1.05263 6 1 1.04778 1.90686 
-4 -0.631579 6 1 0.86208 1.75491 
-4 -0.210526 6 1 0.706061 1.62726 
-4 0.210526 6 1 0.573137 1.51849 
-4 0.631579 6 1 0.458532 1.42472 
-4 1.05263 6 1 0.358705 1.34304 
-4 1.47368 6 1 0.270969 1.27126 
-4 1.89474 6 1 0.193254 1.20767 
-4 2.31579 6 1 0.123935 1.15095 
-4 2.73684 6 1 0.0617215 1.10004 
-4 3.15789 6 1 0.00557443 1.0541 
-4 3.57895 6 1 -0.0453524 1.01243 
-4 4 6 1 -0.0917548 0.974467 
4 3.15789 6 1 -68.8353 61.7182 
4 3.57895 6 1 -15.8049 13.5293 
4 4 6 1 -9.34386 7.6581 
-4 -4 6 1 5.30936 5.39376 
-3.57895 -4 6 1 7.20715 7.64497 
-3.15789 -4 6 1 12.0308 13.3669 
-2.73684 -4 6 1 49.3091 57.5873 
-4 4 6 1 -0.0917548 0.974467 
-3.57895 4 6 1 -0.143466 1.01182 
-3.15789 4 6 1 -0.200582 1.05308 
-2.73684 4 6 1 -0.263994 1.09889 
-2.31579 4 6 1 -0.334807 1.15005 
-1.89474 4 6 1 -0.414396 1.20754 
-1.47368 4 6 1 -0.504499 1.27263 
-1.05263 4 6 1 -0.607348 1.34693 
-0.631579 4 6 1 -0.725853 1.43253 
-0.210526 4 6 1 -0.863884 1.53225 
0.210526 4 6 1 -1.0267 1.64986 
0.631579 4 6 1 -1.22163 1.79068 
1.05263 4 6 1 -1.45922 1.96232 
1.47368 4 6 1 -1.7552 2.17613 
1.89474 4 6 1 -2.13411 2.44985 
2.31579 4 6 1 -2.63646 2.81274 
2.73684 4 6 1 -3.33434 3.31688 
3.15789 4 6 1 -4.36947 4.06465 
3.57895 4 6 1 -6.06421 5.28891 
4 4 6 1 -9.34386 7.6581 
