-4 -4 2 1 1.75508 0.0246694 
-4 -3.57895 2 1 1.52629 0.0218745 
-4 -3.15789 2 1 1.32649 0.0194338 
-4 -2.73684 2 1 1.1505 0.0172838 
-4 -2.31579 2 1 0.994293 0.0153756 
-4 -1.89474 2 1 0.854718 0.0136706 
-4 -1.47368 2 1 0.729251 0.0121379 
-4 -1.05263 2 1 0.615856 0.0107527 
-4 -0.631579 2 1 0.51287 0.00949461 
-4 -0.210526 2 1 0.418924 0.00834698 
-4 0.210526 2 1 0.332878 0.00729584 
-4 0.631579 2 1 0.253774 0.00632951 
-4 1.05263 2 1 0.180806 0.00543814 
-4 1.47368 2 1 0.113286 0.00461332 
-4 1.89474 2 1 0.0506255 0.00384787 
-4 2.31579 2 1 -0.00768117 0.0031356 
-4 2.73684 2 1 -0.0620728 0.00247115 
-4 3.15789 2 1 -0.112931 0.00184987 
-4 3.57895 2 1 -0.160589 0.00126769 
-4 4 2 1 -0.20534 0.000721012 
4 3.15789 2 1 -157.865 -35.8173 
4 3.57895 2 1 -20.9286 -4.4393 
4 4 2 1 -11.9135 -2.37356 
-4 -4 2 1 1.75508 0.0246694 
-3.57895 -4 2 1 1.90645 0.00586506 
-3.15789 -4 2 1 2.10406 -0.0186833 
-2.73684 -4 2 1 2.37291 -0.0520819 
-2.31579 -4 2 1 2.76001 -0.10017 
-1.89474 -4 2 1 3.36535 -0.175369 
-1.47368 -4 2 1 4.44594 -0.309607 
-1.05263 -4 2 1 6.92316 -0.617344 
-0.631579 -4 2 1 18.4508 -2.04939 
-4 4 2 1 -0.20534 0.000721012 
-3.57895 4 2 1 -0.247661 -0.00786124 
-3.15789 4 2 1 -0.294601 -0.01738 
-2.73684 4 2 1 -0.346959 -0.0279975 
-2.31579 4 2 1 -0.40573 -0.0399156 
-1.89474 4 2 1 -0.47217 -0.0533888 
-1.47368 4 2 1 -0.547884 -0.0687428 
-1.05263 4 2 1 -0.634961 -0.0864009 
-0.631579 4 2 1 -0.736165 -0.106924 
-0.210526 4 2 1 -0.855238 -0.13107 
0.210526 4 2 1 -0.997371 -0.159893 
0.631579 4 2 1 -1.16998 -0.194896 
1.05263 4 2 1 -1.38404 -0.238306 
1.47368 4 2 1 -1.65654 -0.293564 
1.89474 4 2 1 -2.01516 -0.366289 
2.31579 4 2 1 -2.50842 -0.466316 
2.73684 4 2 1 -3.22965 -0.612573 
3.15789 4 2 1 -4.3844 -0.846741 
3.57895 4 2 1 -6.53145 -1.28214 
4 4 2 1 -11.9135 -2.37356 
-4 -4 6 1 1.94356 1.56577 
-4 -3.57895 6 1 1.66219 1.4411 
-4 -3.15789 6 1 1.42193 1.33464 
-4 -2.73684 6 1 1.21437 1.24268 
-4 -2.31579 6 1 1.03326 1.16243 
-4 -1.89474 6 1 0.873846 1.0918 
-4 -1.47368 6 1 0.732455 1.02915 
-4 -1.05263 6 1 0.606192 0.973202 
-4 -0.631579 6 1 0.492751 0.922938 
-4 -0.210526 6 1 0.390275 0.877531 
-4 0.210526 6 1 0.297246 0.836312 
-4 0.631579 6 1 0.212417 0.798725 
-4 1.05263 6 1 0.134748 0.76431 
-4 1.47368 6 1 0.0633697 0.732684 
-4 1.89474 6 1 -0.00245225 0.703519 
-4 2.31579 6 1 -0.0633425 0.676539 
-4 2.73684 6 1 -0.119835 0.651508 
-4 3.15789 6 1 -0.17239 0.628221 
-4 3.57895 6 1 -0.221405 0.606503 
-4 4 6 1 -0.267227 0.5862 
4 4 6 1 -563.745 269.314 
-4 -4 6 1 1.94356 1.56577 
-3.57895 -4 6 1 2.15651 1.78965 
-3.15789 -4 6 1 2.45061 2.09882 
-2.73684 -4 6 1 2.8831 2.5535 
-2.31579 -4 6 1 3.58177 3.28799 
-1.89474 -4 6 1 4.90157 4.67546 
-1.47368 -4 6 1 8.33352 8.28338 
-1.05263 -4 6 1 39.2529 40.7882 
-4 4 6 1 -0.267227 0.5862 
-3.57895 4 6 1 -0.316027 0.609473 
-3.15789 4 6 1 -0.370558 0.63548 
-2.73684 4 6 1 -0.431893 0.664731 
-2.31579 4 6 1 -0.501389 0.697874 
-1.89474 4 6 1 -0.580793 0.735743 
-1.47368 4 6 1 -0.672385 0.779424 
-1.05263 4 6 1 -0.779205 0.830367 
-0.631579 4 6 1 -0.905394 0.890548 
-0.210526 4 6 1 -1.05675 0.962729 
0.210526 4 6 1 -1.24162 1.0509 
0.631579 4 6 1 -1.47255 1.16103 
1.05263 4 6 1 -1.76917 1.30249 
1.47368 4 6 1 -2.16418 1.49087 
1.89474 4 6 1 -2.71627 1.75417 
2.31579 4 6 1 -3.54236 2.14814 
2.73684 4 6 1 -4.91379 2.80219 
3.15789 4 6 1 -7.63661 4.10072 
3.57895 4 6 1 -15.6482 7.9215 
4 4 6 1 -563.745 269.314 
