13.8177 -1.09693 33.0003 27.3751 15 
8.12578 -0.532419 11.3614 8.90077 16 
5.9584 -0.317467 7.22235 5.36708 17 
4.81582 -0.20415 5.46685 3.86832 18 
4.11019 -0.134168 4.49628 3.03969 19 
-2.4337 -0.575723 -2.89295 1.39799 20 
-2.02835 -0.491722 -2.39213 1.24393 21 
-1.70589 -0.424898 -2.00231 1.12401 22 
-1.44325 -0.370471 -1.69027 1.02802 23 
-1.2252 -0.325284 -1.43484 0.949448 24 
-1.04127 -0.287169 -1.2219 0.883943 25 
-0.884041 -0.254585 -1.04166 0.828498 26 
-0.748084 -0.22641 -0.887128 0.780961 27 
-0.629359 -0.201807 -0.753166 0.739751 28 
-0.524784 -0.180135 -0.635925 0.703685 29 
-0.431971 -0.160902 -0.532458 0.671857 30 
-0.349043 -0.143716 -0.440473 0.64356 31 
-0.2745 -0.128269 -0.358157 0.618238 32 
-0.207131 -0.114308 -0.284064 0.595446 33 
-0.145948 -0.101628 -0.217019 0.574821 34 
-0.0901367 -0.0900626 -0.156063 0.55607 35 
-0.0390193 -0.0794694 -0.100402 0.538947 36 
0.00797249 -0.0697312 -0.0493747 0.52325 37 
0.0513187 -0.0607485 -0.00242578 0.508808 38 
0.0914278 -0.0524366 0.040915 0.495475 39 
-13.2517 -4.36672 -65.5669 46.0252 53 
-6.60088 -2.03604 -11.318 7.3971 54 
-4.60163 -1.33544 -6.55864 4.00816 55 
-3.63837 -0.997883 -4.78101 2.74239 56 
-3.07155 -0.799249 -3.85142 2.08047 57 
-2.6982 -0.668413 -3.27989 1.67351 58 
-2.4337 -0.575723 -2.89295 1.39799 59 
4.11019 -0.134168 4.49628 3.03969 60 
3.22013 -0.116066 3.40799 2.41823 61 
2.59934 -0.103441 2.6859 2.00588 62 
2.14168 -0.0941335 2.1718 1.71231 63 
1.79032 -0.0869877 1.78713 1.49265 64 
1.51208 -0.081329 1.48849 1.32211 65 
1.28628 -0.0767368 1.24991 1.18587 66 
1.09938 -0.0729357 1.05493 1.07453 67 
0.942116 -0.0697374 0.892607 0.981831 68 
0.807962 -0.067009 0.755362 0.903458 69 
0.692172 -0.0646542 0.637803 0.836326 70 
0.591216 -0.062601 0.535978 0.778179 71 
0.502415 -0.060795 0.446925 0.727326 72 
0.4237 -0.0591941 0.368385 0.682476 73 
0.353443 -0.0577653 0.298598 0.642624 74 
0.290351 -0.0564822 0.236179 0.60698 75 
0.233382 -0.0553236 0.18002 0.574911 76 
0.181685 -0.0542722 0.129224 0.545904 77 
0.13456 -0.0533138 0.0830573 0.51954 78 
0.0914278 -0.0524366 0.040915 0.495475 79 
