0.407187 -0.129058 0.342514 0.420054 0 
0.354408 -0.131013 0.293623 0.428698 1 
0.299366 -0.133052 0.242843 0.437677 2 
0.241911 -0.135181 0.190061 0.447009 3 
0.181882 -0.137405 0.135157 0.456717 4 
0.119102 -0.139731 0.0780006 0.466823 5 
0.0533769 -0.142166 0.0184501 0.477352 6 
-0.0155055 -0.144717 -0.0436482 0.488331 7 
-0.0877781 -0.147395 -0.108461 0.499791 8 
-0.163698 -0.150208 -0.176171 0.511763 9 
-0.243547 -0.153166 -0.246977 0.524282 10 
-0.32764 -0.156281 -0.321095 0.537387 11 
-0.416323 -0.159567 -0.398765 0.55112 12 
-0.509984 -0.163037 -0.480246 0.565527 13 
-0.609053 -0.166707 -0.565828 0.580659 14 
-0.714012 -0.170596 -0.655827 0.596571 15 
-0.825404 -0.174722 -0.750594 0.613327 16 
-0.943838 -0.17911 -0.85052 0.630995 17 
-1.07 -0.183784 -0.956036 0.649652 18 
-1.20468 -0.188774 -1.06763 0.669382 19 
0.407187 -0.129058 0.342514 0.420054 40 
0.454366 -0.124995 0.381302 0.454702 41 
0.507861 -0.120389 0.424732 0.493496 42 
0.569034 -0.115121 0.473688 0.537227 43 
0.639664 -0.109039 0.529297 0.5869 44 
0.722128 -0.101938 0.593014 0.643816 45 
0.819672 -0.093539 0.666752 0.709684 46 
0.936849 -0.083449 0.753077 0.786796 47 
1.08025 -0.0711009 0.855513 0.878298 48 
1.25979 -0.0556413 0.979034 0.988634 49 
1.49108 -0.0357243 1.1309 1.12429 50 
1.8003 -0.00909764 1.32212 1.2951 51 
2.2348 0.028316 1.57028 1.51677 52 
2.89002 0.0847369 1.90526 1.816 53 
3.99147 0.179581 2.38228 2.24211 54 
6.2303 0.372365 3.116 2.89751 55 
13.249 0.976735 4.38989 4.03543 56 
-1.20468 -0.188774 -1.06763 0.669382 60 
-1.29696 -0.188234 -1.13275 0.747145 61 
-1.41141 -0.187565 -1.21078 0.840307 62 
-1.55713 -0.186713 -1.30595 0.953944 63 
-1.74896 -0.185592 -1.42462 1.09564 64 
-2.01291 -0.184049 -1.57673 1.27725 65 
-2.39904 -0.181792 -1.77869 1.5184 66 
-3.01777 -0.178175 -2.05986 1.85411 67 
-4.16981 -0.17144 -2.47818 2.35359 68 
-7.067 -0.154504 -3.16638 3.17529 69 
-28.0554 -0.0318112 -4.50995 4.77951 70 
