-1.12802 -0.060473 -1.27431 0.852408 0 
-1.20472 -0.0686315 -1.3702 0.93642 1 
-1.29771 -0.0785234 -1.48776 1.03941 2 
-1.41282 -0.0907667 -1.63525 1.16862 3 
-1.55897 -0.106313 -1.82576 1.33553 4 
-1.7507 -0.126707 -2.08136 1.55946 5 
-2.01327 -0.154636 -2.44226 1.87564 6 
-2.39482 -0.19522 -2.99041 2.35587 7 
-2.99992 -0.259584 -3.92259 3.17254 8 
-4.10643 -0.377282 -5.85994 4.86983 9 
-6.77854 -0.661509 -12.3305 10.5386 10 
0.34311 0.0840349 0.298132 0.670699 20 
0.383648 0.087625 0.337277 0.711017 21 
0.429387 0.0916758 0.381631 0.7567 22 
0.481398 0.0962819 0.432309 0.808896 23 
0.541064 0.101566 0.490767 0.869104 24 
0.610211 0.10769 0.558945 0.939324 25 
0.691294 0.114871 0.639487 1.02228 26 
0.787694 0.123408 0.736093 1.12178 27 
0.904204 0.133726 0.854099 1.24332 28 
1.04785 0.146448 1.0015 1.39514 29 
1.22936 0.162523 1.19085 1.59016 30 
1.46599 0.183479 1.44303 1.84988 31 
1.78732 0.211937 1.7955 2.21292 32 
2.24876 0.252802 2.32298 2.7562 33 
2.96748 0.316454 3.19884 3.65829 34 
4.24185 0.429314 4.93839 5.44994 35 
7.12223 0.684405 10.0616 10.7266 36 
19.8167 1.80865 378.657 390.361 37 
-1.12802 -0.060473 -1.27431 0.852408 40 
-1.01201 -0.0490779 -1.14825 0.837841 41 
-0.902256 -0.0382966 -1.02932 0.824097 42 
-0.798257 -0.0280809 -0.916918 0.811108 43 
-0.699575 -0.0183874 -0.810526 0.798814 44 
-0.60581 -0.00917694 -0.709674 0.787159 45 
-0.516606 -0.000414426 -0.613941 0.776097 46 
-0.431636 0.00793209 -0.522946 0.765582 47 
-0.350607 0.0158915 -0.436346 0.755574 48 
-0.27325 0.0234903 -0.353831 0.746039 49 
-0.199322 0.0307522 -0.275117 0.736943 50 
-0.128599 0.0376993 -0.199948 0.728257 51 
-0.0608769 0.0443515 -0.12809 0.719953 52 
0.00403042 0.0507273 -0.059329 0.712007 53 
0.0662954 0.0568436 0.00653121 0.704396 54 
0.126076 0.0627158 0.0696704 0.6971 55 
0.183518 0.0683583 0.130254 0.690099 56 
0.238757 0.0737843 0.188433 0.683376 57 
0.291915 0.0790061 0.244349 0.676914 58 
0.34311 0.0840349 0.298132 0.670699 59 
