-4 -1.05263 2 1 135.412 -36.9113 
-4 -0.631579 2 1 9.0238 -2.59726 
-4 -0.210526 2 1 4.76116 -1.43996 
-4 0.210526 2 1 3.27566 -1.03665 
-4 0.631579 2 1 2.52017 -0.831538 
-4 1.05263 2 1 2.06271 -0.70734 
-4 1.47368 2 1 1.75599 -0.624065 
-4 1.89474 2 1 1.53603 -0.564348 
-4 2.31579 2 1 1.37059 -0.519431 
-4 2.73684 2 1 1.24163 -0.484419 
-4 3.15789 2 1 1.13828 -0.456361 
-4 3.57895 2 1 1.05361 -0.433372 
-4 4 2 1 0.982966 -0.414192 
4 -2.31579 2 1 -11.6931 -2.53866 
4 -1.89474 2 1 -5.43436 -1.30903 
4 -1.47368 2 1 -3.49141 -0.927303 
4 -1.05263 2 1 -2.54475 -0.741315 
4 -0.631579 2 1 -1.98444 -0.631234 
4 -0.210526 2 1 -1.61406 -0.558467 
4 0.210526 2 1 -1.35103 -0.50679 
4 0.631579 2 1 -1.15459 -0.468196 
4 1.05263 2 1 -1.00229 -0.438273 
4 1.47368 2 1 -0.880752 -0.414396 
4 1.89474 2 1 -0.781516 -0.3949 
4 2.31579 2 1 -0.698958 -0.37868 
4 2.73684 2 1 -0.6292 -0.364975 
4 3.15789 2 1 -0.569478 -0.353241 
4 3.57895 2 1 -0.517773 -0.343083 
4 4 2 1 -0.472571 -0.334202 
-4 4 2 1 0.982966 -0.414192 
-3.57895 4 2 1 0.883704 -0.408737 
-3.15789 4 2 1 0.787651 -0.403459 
-2.73684 4 2 1 0.694654 -0.398348 
-2.31579 4 2 1 0.604569 -0.393397 
-1.89474 4 2 1 0.517261 -0.388599 
-1.47368 4 2 1 0.432605 -0.383947 
-1.05263 4 2 1 0.35048 -0.379434 
-0.631579 4 2 1 0.270776 -0.375053 
-0.210526 4 2 1 0.193386 -0.3708 
0.210526 4 2 1 0.118212 -0.366669 
0.631579 4 2 1 0.045159 -0.362655 
1.05263 4 2 1 -0.0258608 -0.358752 
1.47368 4 2 1 -0.0949313 -0.354956 
1.89474 4 2 1 -0.162132 -0.351263 
2.31579 4 2 1 -0.227537 -0.347668 
2.73684 4 2 1 -0.291218 -0.344169 
3.15789 4 2 1 -0.353242 -0.34076 
3.57895 4 2 1 -0.413673 -0.337439 
4 4 2 1 -0.472571 -0.334202 
-4 -1.47368 6 1 9.65175 7.45235 
-4 -1.05263 6 1 4.88202 3.58933 
-4 -0.631579 6 1 3.31194 2.31772 
-4 -0.210526 6 1 2.53056 1.68488 
-4 0.210526 6 1 2.0629 1.30612 
-4 0.631579 6 1 1.75161 1.054 
-4 1.05263 6 1 1.5295 0.874115 
-4 1.47368 6 1 1.36304 0.739303 
-4 1.89474 6 1 1.23366 0.634511 
-4 2.31579 6 1 1.13019 0.550716 
-4 2.73684 6 1 1.04557 0.482183 
-4 3.15789 6 1 0.975079 0.425089 
-4 3.57895 6 1 0.915446 0.376792 
-4 4 6 1 0.864343 0.335404 
4 -3.15789 6 1 -13.1894 9.6141 
4 -2.73684 6 1 -5.79957 4.19688 
4 -2.31579 6 1 -3.66567 2.6326 
4 -1.89474 6 1 -2.65134 1.88903 
4 -1.47368 6 1 -2.05859 1.45451 
4 -1.05263 6 1 -1.66982 1.16952 
4 -0.631579 6 1 -1.39519 0.968195 
4 -0.210526 6 1 -1.19087 0.818416 
4 0.210526 6 1 -1.03292 0.702632 
4 0.631579 6 1 -0.907172 0.610448 
4 1.05263 6 1 -0.804682 0.535316 
4 1.47368 6 1 -0.719545 0.472905 
4 1.89474 6 1 -0.647699 0.420237 
4 2.31579 6 1 -0.586256 0.375196 
4 2.73684 6 1 -0.533109 0.336236 
4 3.15789 6 1 -0.486685 0.302204 
4 3.57895 6 1 -0.445783 0.27222 
4 4 6 1 -0.409474 0.245604 
-4 4 6 1 0.864343 0.335404 
-3.57895 4 6 1 0.780146 0.329468 
-3.15789 4 6 1 0.698309 0.323699 
-2.73684 4 6 1 0.618734 0.318089 
-2.31579 4 6 1 0.541329 0.312632 
-1.89474 4 6 1 0.466007 0.307322 
-1.47368 4 6 1 0.392683 0.302153 
-1.05263 4 6 1 0.32128 0.297119 
-0.631579 4 6 1 0.251724 0.292216 
-0.210526 4 6 1 0.183943 0.287438 
0.210526 4 6 1 0.117871 0.28278 
0.631579 4 6 1 0.0534429 0.278238 
1.05263 4 6 1 -0.00940088 0.273807 
1.47368 4 6 1 -0.0707184 0.269485 
1.89474 4 6 1 -0.130565 0.265266 
2.31579 4 6 1 -0.188992 0.261147 
2.73684 4 6 1 -0.24605 0.257124 
3.15789 4 6 1 -0.301786 0.253195 
3.57895 4 6 1 -0.356247 0.249356 
4 4 6 1 -0.409474 0.245604 
