-4 -2.73684 2 1 39.0801 4.23266 
-4 -2.31579 2 1 8.3067 0.914025 
-4 -1.89474 2 1 4.57292 0.51137 
-4 -1.47368 2 1 3.11849 0.354523 
-4 -1.05263 2 1 2.34431 0.271035 
-4 -0.631579 2 1 1.8636 0.219194 
-4 -0.210526 2 1 1.53607 0.183873 
-4 0.210526 2 1 1.29857 0.15826 
-4 0.631579 2 1 1.11846 0.138837 
-4 1.05263 2 1 0.977185 0.123602 
-4 1.47368 2 1 0.863405 0.111332 
-4 1.89474 2 1 0.769807 0.101238 
-4 2.31579 2 1 0.691457 0.0927888 
-4 2.73684 2 1 0.62491 0.0856123 
-4 3.15789 2 1 0.567686 0.0794412 
-4 3.57895 2 1 0.517954 0.074078 
-4 4 2 1 0.474333 0.0693739 
4 -1.05263 2 1 -13.6348 4.79614 
4 -0.631579 2 1 -5.49327 1.88989 
4 -0.210526 2 1 -3.49366 1.17609 
4 0.210526 2 1 -2.58939 0.853293 
4 0.631579 2 1 -2.07395 0.6693 
4 1.05263 2 1 -1.74094 0.550423 
4 1.47368 2 1 -1.50806 0.467293 
4 1.89474 2 1 -1.33605 0.405893 
4 2.31579 2 1 -1.20382 0.358687 
4 2.73684 2 1 -1.09898 0.321264 
4 3.15789 2 1 -1.01383 0.290868 
4 3.57895 2 1 -0.943295 0.26569 
4 4 2 1 -0.883912 0.244492 
-4 4 2 1 0.474333 0.0693739 
-3.57895 4 2 1 0.418109 0.0766228 
-3.15789 4 2 1 0.360535 0.0840458 
-2.73684 4 2 1 0.301562 0.0916492 
-2.31579 4 2 1 0.241138 0.0994396 
-1.89474 4 2 1 0.17921 0.107424 
-1.47368 4 2 1 0.11572 0.11561 
-1.05263 4 2 1 0.0506086 0.124005 
-0.631579 4 2 1 -0.0161873 0.132617 
-0.210526 4 2 1 -0.0847339 0.141454 
0.210526 4 2 1 -0.155101 0.150527 
0.631579 4 2 1 -0.227362 0.159843 
1.05263 4 2 1 -0.301594 0.169414 
1.47368 4 2 1 -0.37788 0.17925 
1.89474 4 2 1 -0.456305 0.189361 
2.31579 4 2 1 -0.536961 0.19976 
2.73684 4 2 1 -0.619944 0.210459 
3.15789 4 2 1 -0.705357 0.221471 
3.57895 4 2 1 -0.793308 0.232811 
4 4 2 1 -0.883912 0.244492 
-4 -2.73684 6 1 24.2601 22.2781 
-4 -2.31579 6 1 7.78789 7.26874 
-4 -1.89474 6 1 4.57594 4.34204 
-4 -1.47368 6 1 3.20758 3.09521 
-4 -1.05263 6 1 2.44949 2.40444 
-4 -0.631579 6 1 1.96785 1.96558 
-4 -0.210526 6 1 1.63477 1.66207 
-4 0.210526 6 1 1.39069 1.43967 
-4 0.631579 6 1 1.20414 1.26969 
-4 1.05263 6 1 1.05694 1.13556 
-4 1.47368 6 1 0.937812 1.02701 
-4 1.89474 6 1 0.839431 0.937371 
-4 2.31579 6 1 0.756812 0.862088 
-4 2.73684 6 1 0.686446 0.797972 
-4 3.15789 6 1 0.625796 0.742708 
-4 3.57895 6 1 0.57298 0.694583 
-4 4 6 1 0.526572 0.652296 
4 -1.05263 6 1 -9.21349 14.8317 
4 -0.631579 6 1 -4.36171 6.85381 
4 -0.210526 6 1 -2.90348 4.45601 
4 0.210526 6 1 -2.20093 3.30079 
4 0.631579 6 1 -1.78752 2.62102 
4 1.05263 6 1 -1.51523 2.17328 
4 1.47368 6 1 -1.32233 1.85608 
4 1.89474 6 1 -1.17851 1.61961 
4 2.31579 6 1 -1.06716 1.43651 
4 2.73684 6 1 -0.978402 1.29056 
4 3.15789 6 1 -0.905988 1.17149 
4 3.57895 6 1 -0.845786 1.0725 
4 4 6 1 -0.794948 0.988903 
-4 4 6 1 0.526572 0.652296 
-3.57895 4 6 1 0.471678 0.666278 
-3.15789 4 6 1 0.415484 0.680592 
-2.73684 4 6 1 0.357942 0.695248 
-2.31579 4 6 1 0.299003 0.710261 
-1.89474 4 6 1 0.238616 0.725642 
-1.47368 4 6 1 0.176727 0.741406 
-1.05263 4 6 1 0.113279 0.757567 
-0.631579 4 6 1 0.0482127 0.77414 
-0.210526 4 6 1 -0.0185351 0.791141 
0.210526 4 6 1 -0.0870302 0.808588 
0.631579 4 6 1 -0.157342 0.826497 
1.05263 4 6 1 -0.229544 0.844888 
1.47368 4 6 1 -0.303714 0.86378 
1.89474 4 6 1 -0.379932 0.883193 
2.31579 4 6 1 -0.458285 0.903151 
2.73684 4 6 1 -0.538864 0.923675 
3.15789 4 6 1 -0.621765 0.944791 
3.57895 4 6 1 -0.707091 0.966524 
4 4 6 1 -0.794948 0.988903 
