-0.473844 0.145976 -0.405306 0.758949 20 
-0.415592 0.141988 -0.346977 0.763852 21 
-0.355611 0.137882 -0.286943 0.768897 22 
-0.293822 0.133653 -0.225129 0.774092 23 
-0.230142 0.129293 -0.161454 0.779444 24 
-0.164482 0.124799 -0.0958331 0.784959 25 
-0.0967507 0.120162 -0.0281754 0.790645 26 
-0.0268464 0.115377 0.0416151 0.796511 27 
0.0453365 0.110436 0.113641 0.802564 28 
0.119911 0.105331 0.188012 0.808814 29 
0.196999 0.100054 0.264844 0.815272 30 
0.276729 0.0945967 0.34426 0.821946 31 
0.359239 0.0889487 0.426395 0.828849 32 
0.444677 0.0831002 0.51139 0.835992 33 
0.533202 0.0770405 0.599396 0.843389 34 
0.624984 0.0707577 0.690578 0.851052 35 
0.720206 0.0642394 0.785109 0.858997 36 
0.819067 0.0574722 0.883178 0.867239 37 
0.921777 0.0504414 0.984988 0.875795 38 
1.02857 0.0431313 1.09076 0.884685 39 
-21.1859 5.90394 -12.9986 16.988 44 
-6.93914 1.94333 -5.42276 7.22498 45 
-4.07835 1.14803 -3.36698 4.57568 46 
-2.85112 0.806859 -2.40913 3.34129 47 
-2.16902 0.617236 -1.85502 2.6272 48 
-1.73485 0.496535 -1.49382 2.16172 49 
-1.43422 0.412959 -1.23972 1.83426 50 
-1.21372 0.351662 -1.05124 1.59137 51 
-1.0451 0.304784 -0.905867 1.40403 52 
-0.911962 0.267772 -0.79033 1.25513 53 
-0.804179 0.237809 -0.696298 1.13395 54 
-0.715137 0.213055 -0.618279 1.03341 55 
-0.640339 0.192261 -0.552503 0.948643 56 
-0.57662 0.174547 -0.496298 0.876211 57 
-0.521689 0.159276 -0.447716 0.813604 58 
-0.473844 0.145976 -0.405306 0.758949 59 
35.8281 3.91896 20.3274 21.4663 68 
7.46816 0.760346 6.90374 7.10407 69 
4.25473 0.402448 4.22801 4.24128 70 
3.01541 0.264418 3.08219 3.01534 71 
2.35853 0.191258 2.44585 2.33452 72 
1.95163 0.145939 2.041 1.90137 73 
1.67482 0.115109 1.76076 1.60153 74 
1.47431 0.0927769 1.55527 1.38168 75 
1.32238 0.0758553 1.39815 1.21357 76 
1.20328 0.0625903 1.27411 1.08086 77 
1.10741 0.0519121 1.1737 0.973427 78 
1.02857 0.0431313 1.09076 0.884685 79 
