4 -4 2 1 -1.06831 0.0931445 
4 -3.57895 2 1 -0.953311 0.0942137 
4 -3.15789 2 1 -0.843616 0.0952337 
4 -2.73684 2 1 -0.738861 0.0962078 
4 -2.31579 2 1 -0.638719 0.0971389 
4 -1.89474 2 1 -0.542893 0.09803 
4 -1.47368 2 1 -0.45111 0.0988834 
4 -1.05263 2 1 -0.363118 0.0997016 
4 -0.631579 2 1 -0.278688 0.100487 
4 -0.210526 2 1 -0.197608 0.101241 
4 0.210526 2 1 -0.119682 0.101965 
4 0.631579 2 1 -0.0447301 0.102662 
4 1.05263 2 1 0.0274153 0.103333 
4 1.47368 2 1 0.0969088 0.103979 
4 1.89474 2 1 0.163894 0.104602 
4 2.31579 2 1 0.228504 0.105203 
4 2.73684 2 1 0.290863 0.105783 
4 3.15789 2 1 0.351087 0.106343 
4 3.57895 2 1 0.409284 0.106884 
4 4 2 1 0.465554 0.107407 
-0.631579 -4 2 1 -92.4395 -12.6368 
-0.210526 -4 2 1 -8.3514 -0.921544 
0.210526 -4 2 1 -4.49597 -0.384401 
0.631579 -4 2 1 -3.13104 -0.194238 
1.05263 -4 2 1 -2.43256 -0.096925 
1.47368 -4 2 1 -2.0082 -0.0378033 
1.89474 -4 2 1 -1.72307 0.00192176 
2.31579 -4 2 1 -1.5183 0.0304506 
2.73684 -4 2 1 -1.36412 0.0519318 
3.15789 -4 2 1 -1.24383 0.0686899 
3.57895 -4 2 1 -1.14738 0.0821283 
4 -4 2 1 -1.06831 0.0931445 
-2.73684 4 2 1 63.2857 -8.17332 
-2.31579 4 2 1 9.758 -1.11749 
-1.89474 4 2 1 5.17344 -0.51317 
-1.47368 4 2 1 3.46561 -0.28805 
-1.05263 4 2 1 2.57349 -0.170454 
-0.631579 4 2 1 2.02533 -0.0981973 
-0.210526 4 2 1 1.65436 -0.0492971 
0.210526 4 2 1 1.38662 -0.0140042 
0.631579 4 2 1 1.18428 0.0126674 
1.05263 4 2 1 1.02599 0.0335328 
1.47368 4 2 1 0.89877 0.0503019 
1.89474 4 2 1 0.794298 0.0640731 
2.31579 4 2 1 0.70697 0.0755844 
2.73684 4 2 1 0.632886 0.0853499 
3.15789 4 2 1 0.569246 0.0937387 
3.57895 4 2 1 0.513986 0.101023 
4 4 2 1 0.465554 0.107407 
4 -4 6 1 -1.28106 1.19039 
4 -3.57895 6 1 -1.13593 1.16039 
4 -3.15789 6 1 -0.998854 1.13206 
4 -2.73684 6 1 -0.869169 1.10526 
4 -2.31579 6 1 -0.746297 1.07987 
4 -1.89474 6 1 -0.629714 1.05577 
4 -1.47368 6 1 -0.518951 1.03288 
4 -1.05263 6 1 -0.413582 1.0111 
4 -0.631579 6 1 -0.313222 0.990359 
4 -0.210526 6 1 -0.217522 0.97058 
4 0.210526 6 1 -0.126166 0.951699 
4 0.631579 6 1 -0.0388631 0.933656 
4 1.05263 6 1 0.0446494 0.916396 
4 1.47368 6 1 0.124613 0.899869 
4 1.89474 6 1 0.20125 0.88403 
4 2.31579 6 1 0.274764 0.868836 
4 2.73684 6 1 0.345341 0.85425 
4 3.15789 6 1 0.413154 0.840235 
4 3.57895 6 1 0.478362 0.826758 
4 4 6 1 0.541113 0.813788 
0.210526 -4 6 1 -71.6614 69.8278 
0.631579 -4 6 1 -8.44352 8.17547 
1.05263 -4 6 1 -4.60491 4.43192 
1.47368 -4 6 1 -3.21964 3.08096 
1.89474 -4 6 1 -2.50532 2.38433 
2.31579 -4 6 1 -2.06952 1.95932 
2.73684 -4 6 1 -1.77593 1.673 
3.15789 -4 6 1 -1.5647 1.467 
3.57895 -4 6 1 -1.40544 1.31168 
4 -4 6 1 -1.28106 1.19039 
-1.89474 4 6 1 52.034 39.5026 
-1.47368 4 6 1 9.18039 7.30484 
-1.05263 4 6 1 4.92447 4.10719 
-0.631579 4 6 1 3.31154 2.89533 
-0.210526 4 6 1 2.46294 2.25774 
0.210526 4 6 1 1.93944 1.86441 
0.631579 4 6 1 1.58426 1.59755 
1.05263 4 6 1 1.32745 1.4046 
1.47368 4 6 1 1.13313 1.25859 
1.89474 4 6 1 0.980954 1.14426 
2.31579 4 6 1 0.858558 1.0523 
2.73684 4 6 1 0.757978 0.976728 
3.15789 4 6 1 0.673859 0.913526 
3.57895 4 6 1 0.602466 0.859885 
4 4 6 1 0.541113 0.813788 
