10.4324 2.24226 3.32328 4.33244 9 
5.31329 1.00761 2.57683 3.16926 10 
3.66118 0.609142 2.13694 2.48377 11 
2.84494 0.412276 1.84692 2.03184 12 
2.35829 0.294902 1.64133 1.71147 13 
2.03513 0.216961 1.48799 1.47252 14 
1.80493 0.16144 1.36922 1.28745 15 
1.63262 0.11988 1.27452 1.13988 16 
1.4988 0.087605 1.19724 1.01946 17 
1.39187 0.0618151 1.13299 0.919327 18 
1.30446 0.0407344 1.07872 0.834757 19 
-13.6107 1.32645 -4.61807 4.04122 21 
-6.36874 0.555327 -3.30788 2.94944 22 
-4.05425 0.308881 -2.53727 2.30729 23 
-2.9148 0.187553 -2.02982 1.88444 24 
-2.23672 0.115351 -1.6704 1.58494 25 
-1.78698 0.0674616 -1.40247 1.36168 26 
-1.46685 0.0333745 -1.19505 1.18883 27 
-1.22736 0.00787419 -1.02972 1.05106 28 
-1.04146 -0.011921 -0.894848 0.938674 29 
-0.892961 -0.027733 -0.782725 0.845242 30 
-0.771613 -0.0406541 -0.688045 0.766346 31 
-0.670592 -0.0514109 -0.60703 0.698837 32 
-0.585185 -0.060505 -0.536922 0.640416 33 
-0.512032 -0.0682942 -0.475657 0.589364 34 
-0.448673 -0.0750407 -0.421661 0.54437 35 
-0.393263 -0.0809407 -0.373712 0.504415 36 
-0.344396 -0.0861441 -0.33085 0.468697 37 
-0.300976 -0.0907674 -0.292304 0.436578 38 
-0.262142 -0.0949025 -0.257455 0.407538 39 
1.30446 0.0407344 1.07872 0.834757 60 
1.16716 0.0288466 0.968356 0.799471 61 
1.03964 0.0178062 0.864763 0.766349 62 
0.920902 0.00752565 0.767332 0.735197 63 
0.810063 -0.00207082 0.675531 0.705845 64 
0.706361 -0.0110493 0.588884 0.678141 65 
0.609129 -0.0194677 0.50697 0.651951 66 
0.51778 -0.0273767 0.429411 0.627152 67 
0.431795 -0.0348213 0.355868 0.603638 68 
0.350715 -0.0418412 0.286038 0.581311 69 
0.274133 -0.0484717 0.219646 0.560084 70 
0.201683 -0.0547444 0.156445 0.539876 71 
0.133041 -0.0606875 0.0962097 0.520617 72 
0.0679139 -0.0663262 0.0387363 0.502241 73 
0.00603837 -0.0716834 -0.0161609 0.484688 74 
-0.0528231 -0.0767796 -0.0686513 0.467905 75 
-0.108886 -0.0816335 -0.11889 0.451842 76 
-0.162344 -0.0862619 -0.167018 0.436454 77 
-0.213376 -0.0906803 -0.213167 0.421699 78 
-0.262142 -0.0949025 -0.257455 0.407538 79 
