0.214345 -0.110716 0.202955 0.392323 0 
0.169839 -0.106971 0.162606 0.409814 1 
0.122465 -0.102985 0.119926 0.428315 2 
0.071937 -0.098733 0.0747064 0.447917 3 
0.0179286 -0.0941885 0.0267148 0.46872 4 
-0.0399325 -0.0893197 -0.0243124 0.49084 5 
-0.102074 -0.0840909 -0.0786725 0.514404 6 
-0.168988 -0.0784603 -0.136703 0.539559 7 
-0.241247 -0.07238 -0.198789 0.566472 8 
-0.319519 -0.0657938 -0.26537 0.595334 9 
-0.404586 -0.0586358 -0.336954 0.626364 10 
-0.497374 -0.0508282 -0.414126 0.659817 11 
-0.598982 -0.0422783 -0.497567 0.695987 12 
-0.710733 -0.032875 -0.588073 0.73522 13 
-0.834223 -0.0224838 -0.686582 0.777921 14 
-0.971407 -0.0109405 -0.794203 0.824573 15 
-1.12469 0.00195792 -0.912263 0.87575 16 
-1.2971 0.0164649 -1.04236 0.932144 17 
-1.49243 0.0329013 -1.18643 0.994594 18 
-1.7156 0.0516796 -1.34685 1.06413 19 
11.1002 0.858181 4.50431 3.35977 20 
17.8892 1.63961 5.07987 4.0813 21 
59.1883 6.39325 5.94494 5.16576 22 
0.214345 -0.110716 0.202955 0.392323 40 
0.257983 -0.106832 0.241602 0.418986 41 
0.306343 -0.102528 0.283983 0.448223 42 
0.360235 -0.0977311 0.330664 0.480428 43 
0.420665 -0.0923525 0.382337 0.516077 44 
0.488901 -0.0862792 0.439847 0.555752 45 
0.566559 -0.0793673 0.504242 0.600178 46 
0.655736 -0.0714301 0.576838 0.650261 47 
0.759199 -0.0622214 0.659307 0.707155 48 
0.880681 -0.0514089 0.75381 0.772351 49 
1.02534 -0.0385338 0.863189 0.847811 50 
1.2005 -0.0229435 0.991257 0.936164 51 
1.41695 -0.00367798 1.14325 1.04102 52 
1.69125 0.020736 1.32657 1.16749 53 
2.05016 0.0526804 1.552 1.32301 54 
2.53996 0.096275 1.83594 1.5189 55 
3.24822 0.159314 2.20458 1.77322 56 
4.36307 0.258541 2.70243 2.11668 57 
6.37554 0.43766 3.4119 2.60614 58 
11.1002 0.858181 4.50431 3.35977 59 
-1.7156 0.0516796 -1.34685 1.06413 60 
-1.85575 0.0825839 -1.41848 1.19013 61 
-2.03772 0.122709 -1.50616 1.34437 62 
-2.28351 0.176903 -1.61598 1.53752 63 
-2.6338 0.254143 -1.75751 1.78647 64 
-3.17326 0.373094 -1.94681 2.11945 65 
-4.11181 0.580042 -2.21299 2.58765 66 
-6.15226 1.02996 -2.61481 3.29443 67 
-13.9935 2.75895 -3.29138 4.48449 68 
