4 -4 2 1 -1.30108 0.281182 
4 -3.57895 2 1 -1.15399 0.279624 
4 -3.15789 2 1 -1.01723 0.278175 
4 -2.73684 2 1 -0.889747 0.276825 
4 -2.31579 2 1 -0.770635 0.275563 
4 -1.89474 2 1 -0.659093 0.274382 
4 -1.47368 2 1 -0.554422 0.273274 
4 -1.05263 2 1 -0.456006 0.272231 
4 -0.631579 2 1 -0.3633 0.271249 
4 -0.210526 2 1 -0.275822 0.270323 
4 0.210526 2 1 -0.193141 0.269447 
4 0.631579 2 1 -0.114873 0.268618 
4 1.05263 2 1 -0.0406749 0.267832 
4 1.47368 2 1 0.0297637 0.267086 
4 1.89474 2 1 0.0967211 0.266377 
4 2.31579 2 1 0.160449 0.265702 
4 2.73684 2 1 0.221176 0.265059 
4 3.15789 2 1 0.279109 0.264445 
4 3.57895 2 1 0.334436 0.263859 
4 4 2 1 0.38733 0.263299 
0.210526 -4 2 1 -11.1013 1.19477 
0.631579 -4 2 1 -5.28823 0.652869 
1.05263 -4 2 1 -3.56313 0.492052 
1.47368 -4 2 1 -2.73558 0.414908 
1.89474 -4 2 1 -2.24972 0.369614 
2.31579 -4 2 1 -1.93013 0.339822 
2.73684 -4 2 1 -1.70393 0.318736 
3.15789 -4 2 1 -1.53541 0.303026 
3.57895 -4 2 1 -1.405 0.290869 
4 -4 2 1 -1.30108 0.281182 
-2.73684 4 2 1 13.9109 1.45488 
-2.31579 4 2 1 6.42872 0.795615 
-1.89474 4 2 1 4.08847 0.589412 
-1.47368 4 2 1 2.94519 0.488676 
-1.05263 4 2 1 2.26758 0.428971 
-0.631579 4 2 1 1.81927 0.38947 
-0.210526 4 2 1 1.50072 0.361401 
0.210526 4 2 1 1.2627 0.340429 
0.631579 4 2 1 1.07811 0.324165 
1.05263 4 2 1 0.930772 0.311183 
1.47368 4 2 1 0.810443 0.30058 
1.89474 4 2 1 0.71032 0.291758 
2.31579 4 2 1 0.625708 0.284303 
2.73684 4 2 1 0.553261 0.27792 
3.15789 4 2 1 0.490531 0.272392 
3.57895 4 2 1 0.435688 0.26756 
4 4 2 1 0.38733 0.263299 
4 -4 6 1 -1.65789 1.65221 
4 -3.57895 6 1 -1.45799 1.58794 
4 -3.15789 6 1 -1.27548 1.52926 
4 -2.73684 6 1 -1.10818 1.47547 
4 -2.31579 6 1 -0.95426 1.42598 
4 -1.89474 6 1 -0.812184 1.3803 
4 -1.47368 6 1 -0.680632 1.338 
4 -1.05263 6 1 -0.558478 1.29873 
4 -0.631579 6 1 -0.444749 1.26216 
4 -0.210526 6 1 -0.338602 1.22804 
4 0.210526 6 1 -0.239304 1.19611 
4 0.631579 6 1 -0.146212 1.16618 
4 1.05263 6 1 -0.0587625 1.13806 
4 1.47368 6 1 0.0235426 1.1116 
4 1.89474 6 1 0.101144 1.08665 
4 2.31579 6 1 0.174434 1.06309 
4 2.73684 6 1 0.243763 1.04079 
4 3.15789 6 1 0.309442 1.01968 
4 3.57895 6 1 0.371753 0.999644 
4 4 6 1 0.430948 0.980611 
1.05263 -4 6 1 -12.6922 14.2507 
1.47368 -4 6 1 -5.88865 6.48272 
1.89474 -4 6 1 -3.92857 4.24478 
2.31579 -4 6 1 -2.99757 3.18181 
2.73684 -4 6 1 -2.45373 2.56087 
3.15789 -4 6 1 -2.09712 2.15371 
3.57895 -4 6 1 -1.84525 1.86614 
4 -4 6 1 -1.65789 1.65221 
-1.89474 4 6 1 13.4292 13.5329 
-1.47368 4 6 1 6.06577 6.4221 
-1.05263 4 6 1 3.82356 4.25682 
-0.631579 4 6 1 2.73843 3.20892 
-0.210526 4 6 1 2.09841 2.59086 
0.210526 4 6 1 1.67625 2.18319 
0.631579 4 6 1 1.37689 1.8941 
1.05263 4 6 1 1.15355 1.67842 
1.47368 4 6 1 0.980541 1.51135 
1.89474 4 6 1 0.842566 1.37811 
2.31579 4 6 1 0.729964 1.26937 
2.73684 4 6 1 0.636326 1.17894 
3.15789 4 6 1 0.557233 1.10256 
3.57895 4 6 1 0.48954 1.03719 
4 4 6 1 0.430948 0.980611 
