-4 -4 2 1 10.3974 -2.49747 
-4 -3.57895 2 1 5.78156 -1.36321 
-4 -3.15789 2 1 3.90448 -0.901957 
-4 -2.73684 2 1 2.88633 -0.651768 
-4 -2.31579 2 1 2.24733 -0.494746 
-4 -1.89474 2 1 1.80893 -0.387019 
-4 -1.47368 2 1 1.48949 -0.308523 
-4 -1.05263 2 1 1.24638 -0.248781 
-4 -0.631579 2 1 1.05515 -0.201791 
-4 -0.210526 2 1 0.900796 -0.163862 
-4 0.210526 2 1 0.773595 -0.132605 
-4 0.631579 2 1 0.666958 -0.106401 
-4 1.05263 2 1 0.576272 -0.0841169 
-4 1.47368 2 1 0.498207 -0.064934 
-4 1.89474 2 1 0.4303 -0.0482471 
-4 2.31579 2 1 0.370688 -0.0335988 
-4 2.73684 2 1 0.317941 -0.0206371 
-4 3.15789 2 1 0.270935 -0.00908654 
-4 3.57895 2 1 0.228783 0.00127148 
-4 4 2 1 0.19077 0.0106125 
4 0.210526 2 1 -11.3564 -2.09535 
4 0.631579 2 1 -5.7395 -0.90716 
4 1.05263 2 1 -3.96362 -0.531492 
4 1.47368 2 1 -3.09271 -0.347261 
4 1.89474 2 1 -2.5755 -0.23785 
4 2.31579 2 1 -2.23288 -0.165373 
4 2.73684 2 1 -1.98921 -0.113829 
4 3.15789 2 1 -1.80705 -0.0752928 
4 3.57895 2 1 -1.6657 -0.0453928 
4 4 2 1 -1.55284 -0.0215182 
-4 -4 2 1 10.3974 -2.49747 
-3.57895 -4 2 1 16.1234 -4.19758 
-3.15789 -4 2 1 45.0693 -12.7919 
-4 4 2 1 0.19077 0.0106125 
-3.57895 4 2 1 0.14482 0.00976578 
-3.15789 4 2 1 0.0962475 0.00887071 
-2.73684 4 2 1 0.0448226 0.00792306 
-2.31579 4 2 1 -0.00971416 0.00691807 
-1.89474 4 2 1 -0.067654 0.00585038 
-1.47368 4 2 1 -0.129326 0.00471391 
-1.05263 4 2 1 -0.195102 0.00350181 
-0.631579 4 2 1 -0.265406 0.00220626 
-0.210526 4 2 1 -0.340722 0.00081835 
0.210526 4 2 1 -0.421607 -0.000672175 
0.631579 4 2 1 -0.508702 -0.00227713 
1.05263 4 2 1 -0.60275 -0.00401021 
1.47368 4 2 1 -0.704618 -0.00588741 
1.89474 4 2 1 -0.815324 -0.00792748 
2.31579 4 2 1 -0.936071 -0.0101526 
2.73684 4 2 1 -1.06829 -0.012589 
3.15789 4 2 1 -1.2137 -0.0152686 
3.57895 4 2 1 -1.37437 -0.0182293 
4 4 2 1 -1.55284 -0.0215182 
-4 -3.57895 6 1 21.4981 11.3387 
-4 -3.15789 6 1 8.29202 4.6606 
-4 -2.73684 6 1 4.98107 2.9863 
-4 -2.31579 6 1 3.47485 2.22463 
-4 -1.89474 6 1 2.6138 1.78921 
-4 -1.47368 6 1 2.05651 1.50739 
-4 -1.05263 6 1 1.66634 1.31009 
-4 -0.631579 6 1 1.37793 1.16425 
-4 -0.210526 6 1 1.15605 1.05205 
-4 0.210526 6 1 0.980066 0.963052 
-4 0.631579 6 1 0.83707 0.890742 
-4 1.05263 6 1 0.718583 0.830825 
-4 1.47368 6 1 0.618801 0.780366 
-4 1.89474 6 1 0.533618 0.73729 
-4 2.31579 6 1 0.460049 0.700088 
-4 2.73684 6 1 0.395871 0.667633 
-4 3.15789 6 1 0.339392 0.639073 
-4 3.57895 6 1 0.289307 0.613746 
-4 4 6 1 0.244587 0.591131 
4 0.631579 6 1 -46.4533 40.6596 
4 1.05263 6 1 -8.92135 7.57488 
4 1.47368 6 1 -5.15385 4.25379 
4 1.89474 6 1 -3.72412 2.99347 
4 2.31579 6 1 -2.97147 2.33 
4 2.73684 6 1 -2.50702 1.92059 
4 3.15789 6 1 -2.19184 1.64275 
4 3.57895 6 1 -1.96392 1.44184 
4 4 6 1 -1.79144 1.2898 
-4 4 6 1 0.244587 0.591131 
-3.57895 4 6 1 0.195954 0.60782 
-3.15789 4 6 1 0.144278 0.625552 
-2.73684 4 6 1 0.0892637 0.644431 
-2.31579 4 6 1 0.0305762 0.664569 
-1.89474 4 6 1 -0.0321647 0.686099 
-1.47368 4 6 1 -0.099394 0.709169 
-1.05263 4 6 1 -0.171611 0.73395 
-0.631579 4 6 1 -0.249393 0.760641 
-0.210526 4 6 1 -0.333408 0.789471 
0.210526 4 6 1 -0.424437 0.820707 
0.631579 4 6 1 -0.523396 0.854665 
1.05263 4 6 1 -0.631369 0.891716 
1.47368 4 6 1 -0.749646 0.932303 
1.89474 4 6 1 -0.879777 0.976958 
2.31579 4 6 1 -1.02364 1.02632 
2.73684 4 6 1 -1.18352 1.08119 
3.15789 4 6 1 -1.36226 1.14252 
3.57895 4 6 1 -1.5634 1.21154 
4 4 6 1 -1.79144 1.2898 
