-4 -4 2 1 -0.752546 0.231588 
-4 -3.57895 2 1 -0.807155 0.235729 
-4 -3.15789 2 1 -0.87113 0.24058 
-4 -2.73684 2 1 -0.947109 0.246341 
-4 -2.31579 2 1 -1.03882 0.253295 
-4 -1.89474 2 1 -1.15171 0.261855 
-4 -1.47368 2 1 -1.29407 0.272649 
-4 -1.05263 2 1 -1.47918 0.286686 
-4 -0.631579 2 1 -1.7297 0.305681 
-4 -0.210526 2 1 -2.08773 0.33283 
-4 0.210526 2 1 -2.6414 0.374812 
-4 0.631579 2 1 -3.61132 0.448358 
-4 1.05263 2 1 -5.74967 0.6105 
-4 1.47368 2 1 -14.3657 1.26382 
4 -4 2 1 0.614395 0.285985 
4 -3.57895 2 1 0.663867 0.293807 
4 -3.15789 2 1 0.721156 0.302866 
4 -2.73684 2 1 0.788275 0.313478 
4 -2.31579 2 1 0.867992 0.326083 
4 -1.89474 2 1 0.96422 0.341298 
4 -1.47368 2 1 1.08268 0.360029 
4 -1.05263 2 1 1.23209 0.383653 
4 -0.631579 2 1 1.42639 0.414376 
4 -0.210526 2 1 1.6894 0.455963 
4 0.210526 2 1 2.06539 0.515413 
4 0.631579 2 1 2.64707 0.607386 
4 1.05263 2 1 3.66676 0.768616 
4 1.47368 2 1 5.918 1.12458 
4 1.89474 2 1 15.0333 2.56586 
-4 -4 2 1 -0.752546 0.231588 
-3.57895 -4 2 1 -0.675652 0.234648 
-3.15789 -4 2 1 -0.599344 0.237685 
-2.73684 -4 2 1 -0.523615 0.240698 
-2.31579 -4 2 1 -0.448458 0.243689 
-1.89474 -4 2 1 -0.373867 0.246657 
-1.47368 -4 2 1 -0.299836 0.249603 
-1.05263 -4 2 1 -0.226357 0.252528 
-0.631579 -4 2 1 -0.153426 0.25543 
-0.210526 -4 2 1 -0.0810355 0.258311 
0.210526 -4 2 1 -0.00917997 0.26117 
0.631579 -4 2 1 0.0621465 0.264008 
1.05263 -4 2 1 0.13295 0.266826 
1.47368 -4 2 1 0.203236 0.269623 
1.89474 -4 2 1 0.27301 0.2724 
2.31579 -4 2 1 0.342278 0.275156 
2.73684 -4 2 1 0.411045 0.277893 
3.15789 -4 2 1 0.479316 0.28061 
3.57895 -4 2 1 0.547098 0.283307 
4 -4 2 1 0.614395 0.285985 
-4 -4 6 1 -0.896523 1.06164 
-4 -3.57895 6 1 -0.972936 1.14236 
-4 -3.15789 6 1 -1.06474 1.23935 
-4 -2.73684 6 1 -1.17709 1.35804 
-4 -2.31579 6 1 -1.31778 1.50666 
-4 -1.89474 6 1 -1.49905 1.69817 
-4 -1.47368 6 1 -1.74145 1.95424 
-4 -1.05263 6 1 -2.08214 2.31416 
-4 -0.631579 6 1 -2.59612 2.85715 
-4 -0.210526 6 1 -3.46072 3.77053 
-4 0.210526 6 1 -5.22038 5.62948 
-4 0.631579 6 1 -10.7564 11.4779 
4 -4 6 1 0.664253 1.05938 
4 -3.57895 6 1 0.725073 1.13317 
4 -3.15789 6 1 0.797024 1.22047 
4 -2.73684 6 1 0.88347 1.32536 
4 -2.31579 6 1 0.989282 1.45375 
4 -1.89474 6 1 1.12179 1.61453 
4 -1.47368 6 1 1.29255 1.82172 
4 -1.05263 6 1 1.52092 2.09882 
4 -0.631579 6 1 1.84199 2.48839 
4 -0.210526 6 1 2.32655 3.07633 
4 0.210526 6 1 3.14212 4.06591 
4 0.631579 6 1 4.80388 6.08222 
4 1.05263 6 1 10.0483 12.4456 
-4 -4 6 1 -0.896523 1.06164 
-3.57895 -4 6 1 -0.807911 1.06151 
-3.15789 -4 6 1 -0.72007 1.06138 
-2.73684 -4 6 1 -0.632991 1.06126 
-2.31579 -4 6 1 -0.546664 1.06113 
-1.89474 -4 6 1 -0.461079 1.06101 
-1.47368 -4 6 1 -0.376227 1.06089 
-1.05263 -4 6 1 -0.292097 1.06076 
-0.631579 -4 6 1 -0.208682 1.06064 
-0.210526 -4 6 1 -0.125971 1.06052 
0.210526 -4 6 1 -0.0439563 1.0604 
0.631579 -4 6 1 0.0373712 1.06029 
1.05263 -4 6 1 0.11802 1.06017 
1.47368 -4 6 1 0.197999 1.06005 
1.89474 -4 6 1 0.277315 1.05994 
2.31579 -4 6 1 0.355978 1.05982 
2.73684 -4 6 1 0.433996 1.05971 
3.15789 -4 6 1 0.511376 1.0596 
3.57895 -4 6 1 0.588126 1.05949 
4 -4 6 1 0.664253 1.05938 
