-4 -4 2 1 0.800998 -0.0102302 
-4 -3.57895 2 1 0.718649 -0.0155476 
-4 -3.15789 2 1 0.6371 -0.0208135 
-4 -2.73684 2 1 0.556338 -0.0260284 
-4 -2.31579 2 1 0.476354 -0.0311932 
-4 -1.89474 2 1 0.397135 -0.0363085 
-4 -1.47368 2 1 0.318672 -0.0413751 
-4 -1.05263 2 1 0.240952 -0.0463936 
-4 -0.631579 2 1 0.163965 -0.0513648 
-4 -0.210526 2 1 0.0877021 -0.0562893 
-4 0.210526 2 1 0.0121518 -0.0611677 
-4 0.631579 2 1 -0.0626953 -0.0660008 
-4 1.05263 2 1 -0.136849 -0.070789 
-4 1.47368 2 1 -0.210319 -0.0755332 
-4 1.89474 2 1 -0.283115 -0.0802338 
-4 2.31579 2 1 -0.355246 -0.0848914 
-4 2.73684 2 1 -0.426721 -0.0895067 
-4 3.15789 2 1 -0.497549 -0.0940802 
-4 3.57895 2 1 -0.567738 -0.0986125 
-4 4 2 1 -0.637298 -0.103104 
-4 -4 2 1 0.800998 -0.0102302 
-3.57895 -4 2 1 0.862538 0.0024512 
-3.15789 -4 2 1 0.935446 0.0174751 
-2.73684 -4 2 1 1.02319 0.0355568 
-2.31579 -4 2 1 1.13082 0.0577355 
-1.89474 -4 2 1 1.26595 0.0855814 
-1.47368 -4 2 1 1.44067 0.121585 
-1.05263 -4 2 1 1.67536 0.169947 
-0.631579 -4 2 1 2.00729 0.238347 
-0.210526 -4 2 1 2.51269 0.342494 
0.210526 -4 2 1 3.37566 0.520325 
0.631579 -4 2 1 5.1834 0.892841 
1.05263 -4 2 1 11.3636 2.16639 
-4 4 2 1 -0.637298 -0.103104 
-3.57895 4 2 1 -0.691858 -0.0987187 
-3.15789 4 2 1 -0.755494 -0.0936037 
-2.73684 4 2 1 -0.830677 -0.0875606 
-2.31579 4 2 1 -0.920864 -0.0803115 
-1.89474 4 2 1 -1.03104 -0.0714554 
-1.47368 4 2 1 -1.16869 -0.0603914 
-1.05263 4 2 1 -1.34555 -0.0461761 
-0.631579 4 2 1 -1.58114 -0.0272397 
-0.210526 4 2 1 -1.91055 -0.000761927 
0.210526 4 2 1 -2.40377 0.0388824 
0.631579 4 2 1 -3.22341 0.104764 
1.05263 4 2 1 -4.85377 0.23581 
1.47368 4 2 1 -9.67469 0.623309 
1.89474 4 2 1 -452.892 36.2485 
-4 -4 6 1 0.67557 0.65126 
-4 -3.57895 6 1 0.602672 0.643638 
-4 -3.15789 6 1 0.530405 0.636083 
-4 -2.73684 6 1 0.458763 0.628593 
-4 -2.31579 6 1 0.387735 0.621167 
-4 -1.89474 6 1 0.317316 0.613805 
-4 -1.47368 6 1 0.247496 0.606505 
-4 -1.05263 6 1 0.178269 0.599268 
-4 -0.631579 6 1 0.109627 0.592091 
-4 -0.210526 6 1 0.0415614 0.584975 
-4 0.210526 6 1 -0.0259335 0.577919 
-4 0.631579 6 1 -0.0928655 0.570921 
-4 1.05263 6 1 -0.159241 0.563981 
-4 1.47368 6 1 -0.225068 0.557099 
-4 1.89474 6 1 -0.290353 0.550274 
-4 2.31579 6 1 -0.355102 0.543504 
-4 2.73684 6 1 -0.419322 0.53679 
-4 3.15789 6 1 -0.483019 0.530131 
-4 3.57895 6 1 -0.5462 0.523525 
-4 4 6 1 -0.608871 0.516973 
-4 -4 6 1 0.67557 0.65126 
-3.57895 -4 6 1 0.720559 0.711864 
-3.15789 -4 6 1 0.77281 0.78225 
-2.73684 -4 6 1 0.834237 0.864997 
-2.31579 -4 6 1 0.907488 0.963671 
-1.89474 -4 6 1 0.996342 1.08336 
-1.47368 -4 6 1 1.10638 1.23159 
-1.05263 -4 6 1 1.24619 1.41993 
-0.631579 -4 6 1 1.42977 1.66722 
-0.210526 -4 6 1 1.68147 2.00628 
0.210526 -4 6 1 2.04784 2.49981 
0.631579 -4 6 1 2.63038 3.28453 
1.05263 -4 6 1 3.70044 4.72599 
1.47368 -4 6 1 6.31042 8.24182 
1.89474 -4 6 1 22.3129 29.7983 
-4 4 6 1 -0.608871 0.516973 
-3.57895 4 6 1 -0.655635 0.563404 
-3.15789 4 6 1 -0.709284 0.61667 
-2.73684 4 6 1 -0.771458 0.678401 
-2.31579 4 6 1 -0.844366 0.750789 
-1.89474 4 6 1 -0.93105 0.836855 
-1.47368 4 6 1 -1.03582 0.94088 
-1.05263 4 6 1 -1.165 1.06914 
-0.631579 4 6 1 -1.32824 1.23122 
-0.210526 4 6 1 -1.54107 1.44252 
0.210526 4 6 1 -1.8301 1.7295 
0.631579 4 6 1 -2.24522 2.14166 
1.05263 4 6 1 -2.89194 2.78376 
1.47368 4 6 1 -4.03903 3.92268 
1.89474 4 6 1 -6.63365 6.4988 
2.31579 4 6 1 -18.1003 17.8837 
