-4 -4 2 1 1.52145 -0.0893139 
-4 -3.57895 2 1 1.33942 -0.0907217 
-4 -3.15789 2 1 1.17545 -0.0919897 
-4 -2.73684 2 1 1.02699 -0.0931379 
-4 -2.31579 2 1 0.891923 -0.0941824 
-4 -1.89474 2 1 0.768528 -0.0951367 
-4 -1.47368 2 1 0.65535 -0.096012 
-4 -1.05263 2 1 0.551172 -0.0968176 
-4 -0.631579 2 1 0.45496 -0.0975617 
-4 -0.210526 2 1 0.365835 -0.0982509 
-4 0.210526 2 1 0.283041 -0.0988912 
-4 0.631579 2 1 0.205927 -0.0994876 
-4 1.05263 2 1 0.133928 -0.100044 
-4 1.47368 2 1 0.0665513 -0.100565 
-4 1.89474 2 1 0.00336548 -0.101054 
-4 2.31579 2 1 -0.0560086 -0.101513 
-4 2.73684 2 1 -0.111906 -0.101946 
-4 3.15789 2 1 -0.164623 -0.102353 
-4 3.57895 2 1 -0.214423 -0.102738 
-4 4 2 1 -0.261543 -0.103103 
-4 -4 2 1 1.52145 -0.0893139 
-3.57895 -4 2 1 1.64504 -0.114228 
-3.15789 -4 2 1 1.80271 -0.146015 
-2.73684 -4 2 1 2.01086 -0.187976 
-2.31579 -4 2 1 2.29831 -0.245925 
-1.89474 -4 2 1 2.72106 -0.331149 
-1.47368 -4 2 1 3.40404 -0.468835 
-1.05263 -4 2 1 4.69436 -0.728957 
-0.631579 -4 2 1 8.05071 -1.40558 
-0.210526 -4 2 1 38.3576 -7.51531 
-4 4 2 1 -0.261543 -0.103103 
-3.57895 4 2 1 -0.304129 -0.115334 
-3.15789 4 2 1 -0.351746 -0.129011 
-2.73684 4 2 1 -0.405342 -0.144404 
-2.31579 4 2 1 -0.466118 -0.16186 
-1.89474 4 2 1 -0.535619 -0.181822 
-1.47368 4 2 1 -0.615871 -0.204871 
-1.05263 4 2 1 -0.709578 -0.231785 
-0.631579 4 2 1 -0.820432 -0.263624 
-0.210526 4 2 1 -0.953614 -0.301876 
0.210526 4 2 1 -1.11663 -0.348695 
0.631579 4 2 1 -1.32075 -0.407323 
1.05263 4 2 1 -1.58379 -0.482872 
1.47368 4 2 1 -1.93555 -0.583903 
1.89474 4 2 1 -2.43003 -0.725924 
2.31579 4 2 1 -3.17617 -0.940227 
2.73684 4 2 1 -4.43169 -1.30083 
3.15789 4 2 1 -6.98855 -2.0352 
3.57895 4 2 1 -15.0464 -4.34954 
-4 -4 6 1 1.53465 1.14924 
-4 -3.57895 6 1 1.33712 1.07781 
-4 -3.15789 6 1 1.1607 1.01402 
-4 -2.73684 6 1 1.00218 0.956692 
-4 -2.31579 6 1 0.858957 0.904902 
-4 -1.89474 6 1 0.728924 0.857882 
-4 -1.47368 6 1 0.610339 0.815001 
-4 -1.05263 6 1 0.501753 0.775736 
-4 -0.631579 6 1 0.401954 0.739648 
-4 -0.210526 6 1 0.309915 0.706367 
-4 0.210526 6 1 0.224767 0.675577 
-4 0.631579 6 1 0.145762 0.647008 
-4 1.05263 6 1 0.0722591 0.62043 
-4 1.47368 6 1 0.00370319 0.59564 
-4 1.89474 6 1 -0.0603892 0.572464 
-4 2.31579 6 1 -0.12044 0.550749 
-4 2.73684 6 1 -0.17682 0.530362 
-4 3.15789 6 1 -0.229856 0.511184 
-4 3.57895 6 1 -0.279837 0.493111 
-4 4 6 1 -0.327019 0.476049 
-4 -4 6 1 1.53465 1.14924 
-3.57895 -4 6 1 1.67201 1.28665 
-3.15789 -4 6 1 1.85152 1.46623 
-2.73684 -4 6 1 2.0961 1.7109 
-2.31579 -4 6 1 2.44895 2.06388 
-1.89474 -4 6 1 3.00241 2.61755 
-1.47368 -4 6 1 3.99551 3.61104 
-1.05263 -4 6 1 6.29728 5.91368 
-0.631579 -4 6 1 17.4905 17.1112 
-4 4 6 1 -0.327019 0.476049 
-3.57895 4 6 1 -0.375223 0.496973 
-3.15789 4 6 1 -0.429379 0.52048 
-2.73684 4 6 1 -0.490662 0.54708 
-2.31579 4 6 1 -0.560577 0.577427 
-1.89474 4 6 1 -0.641086 0.612373 
-1.47368 4 6 1 -0.734796 0.653049 
-1.05263 4 6 1 -0.845242 0.700989 
-0.631579 4 6 1 -0.977348 0.758331 
-0.210526 4 6 1 -1.13818 0.828141 
0.210526 4 6 1 -1.33824 0.914981 
0.631579 4 6 1 -1.5939 1.02595 
1.05263 4 6 1 -1.93204 1.17272 
1.47368 4 6 1 -2.40028 1.37597 
1.89474 4 6 1 -3.09159 1.67604 
2.31579 4 6 1 -4.2152 2.16375 
2.73684 4 6 1 -6.36107 3.09519 
3.15789 4 6 1 -12.0886 5.58126 
3.57895 4 6 1 -75.5907 33.145 
