-4 -2.73684 2 1 2429.01 301.111 
-4 -2.31579 2 1 10.4278 1.28714 
-4 -1.89474 2 1 5.14453 0.6322 
-4 -1.47368 2 1 3.37832 0.413249 
-4 -1.05263 2 1 2.49425 0.303654 
-4 -0.631579 2 1 1.9635 0.237858 
-4 -0.210526 2 1 1.60954 0.193978 
-4 0.210526 2 1 1.35665 0.162628 
-4 0.631579 2 1 1.16694 0.139111 
-4 1.05263 2 1 1.01937 0.120817 
-4 1.47368 2 1 0.901303 0.106181 
-4 1.89474 2 1 0.804694 0.0942042 
-4 2.31579 2 1 0.72418 0.0842231 
-4 2.73684 2 1 0.656048 0.0757771 
-4 3.15789 2 1 0.597647 0.0685372 
-4 3.57895 2 1 0.54703 0.0622625 
-4 4 2 1 0.502739 0.0567718 
4 -1.05263 2 1 -8.97452 3.21505 
4 -0.631579 2 1 -4.55602 1.59025 
4 -0.210526 2 1 -3.0886 1.05064 
4 0.210526 2 1 -2.3559 0.781207 
4 0.631579 2 1 -1.9166 0.619666 
4 1.05263 2 1 -1.62387 0.512021 
4 1.47368 2 1 -1.41484 0.435156 
4 1.89474 2 1 -1.25811 0.37752 
4 2.31579 2 1 -1.13622 0.3327 
4 2.73684 2 1 -1.03873 0.296849 
4 3.15789 2 1 -0.958972 0.26752 
4 3.57895 2 1 -0.892513 0.243081 
4 4 2 1 -0.836282 0.222403 
-4 4 2 1 0.502739 0.0567718 
-3.57895 4 2 1 0.444946 0.0639205 
-3.15789 4 2 1 0.385986 0.0712137 
-2.73684 4 2 1 0.325823 0.0786556 
-2.31579 4 2 1 0.26442 0.086251 
-1.89474 4 2 1 0.201738 0.0940045 
-1.47368 4 2 1 0.137736 0.101921 
-1.05263 4 2 1 0.0723738 0.110006 
-0.631579 4 2 1 0.00560602 0.118265 
-0.210526 4 2 1 -0.0626128 0.126704 
0.210526 4 2 1 -0.13233 0.135327 
0.631579 4 2 1 -0.203597 0.144143 
1.05263 4 2 1 -0.276464 0.153156 
1.47368 4 2 1 -0.350987 0.162374 
1.89474 4 2 1 -0.427223 0.171804 
2.31579 4 2 1 -0.505231 0.181454 
2.73684 4 2 1 -0.585074 0.19133 
3.15789 4 2 1 -0.666817 0.201441 
3.57895 4 2 1 -0.750529 0.211796 
4 4 2 1 -0.836282 0.222403 
-4 -2.73684 6 1 28.8213 27.1181 
-4 -2.31579 6 1 8.14283 7.75198 
-4 -1.89474 6 1 4.68487 4.51349 
-4 -1.47368 6 1 3.26005 3.17909 
-4 -1.05263 6 1 2.48263 2.45101 
-4 -0.631579 6 1 1.99306 1.99252 
-4 -0.210526 6 1 1.65645 1.67726 
-4 0.210526 6 1 1.41079 1.44719 
-4 0.631579 6 1 1.22361 1.27189 
-4 1.05263 6 1 1.07625 1.13388 
-4 1.47368 6 1 0.957219 1.02241 
-4 1.89474 6 1 0.859071 0.930493 
-4 2.31579 6 1 0.776751 0.853398 
-4 2.73684 6 1 0.706717 0.787808 
-4 3.15789 6 1 0.646408 0.731327 
-4 3.57895 6 1 0.593931 0.68218 
-4 4 6 1 0.547853 0.639026 
4 -1.47368 6 1 -19.9722 32.664 
4 -1.05263 6 1 -5.73784 9.17551 
4 -0.631579 6 1 -3.40647 5.32845 
4 -0.210526 6 1 -2.44983 3.74989 
4 0.210526 6 1 -1.92885 2.8902 
4 0.631579 6 1 -1.60112 2.34941 
4 1.05263 6 1 -1.37594 1.97783 
4 1.47368 6 1 -1.21169 1.70679 
4 1.89474 6 1 -1.08658 1.50035 
4 2.31579 6 1 -0.988117 1.33787 
4 2.73684 6 1 -0.908603 1.20666 
4 3.15789 6 1 -0.843048 1.09849 
4 3.57895 6 1 -0.788074 1.00778 
4 4 6 1 -0.741311 0.93061 
-4 4 6 1 0.547853 0.639026 
-3.57895 4 6 1 0.491913 0.651678 
-3.15789 4 6 1 0.434871 0.66458 
-2.73684 4 6 1 0.376695 0.677738 
-2.31579 4 6 1 0.31735 0.691161 
-1.89474 4 6 1 0.2568 0.704856 
-1.47368 4 6 1 0.195009 0.718832 
-1.05263 4 6 1 0.131938 0.733098 
-0.631579 4 6 1 0.0675457 0.747662 
-0.210526 4 6 1 0.00179153 0.762535 
0.210526 4 6 1 -0.0653686 0.777725 
0.631579 4 6 1 -0.13398 0.793244 
1.05263 4 6 1 -0.204091 0.809101 
1.47368 4 6 1 -0.275751 0.825309 
1.89474 4 6 1 -0.349011 0.841879 
2.31579 4 6 1 -0.423926 0.858824 
2.73684 4 6 1 -0.500553 0.876155 
3.15789 4 6 1 -0.578951 0.893887 
3.57895 4 6 1 -0.659182 0.912034 
4 4 6 1 -0.741311 0.93061 
