-4 -4 2 1 -1.44828 -0.457238 
-4 -3.57895 2 1 -1.55633 -0.499234 
-4 -3.15789 2 1 -1.69187 -0.551914 
-4 -2.73684 2 1 -1.86693 -0.619949 
-4 -2.31579 2 1 -2.10171 -0.711199 
-4 -1.89474 2 1 -2.43308 -0.839987 
-4 -1.47368 2 1 -2.93607 -1.03548 
-4 -1.05263 2 1 -3.79063 -1.36761 
-4 -0.631579 2 1 -5.56332 -2.05657 
-4 -0.210526 2 1 -11.4513 -4.34496 
4 -4 2 1 0.242181 -0.154737 
4 -3.57895 2 1 0.282247 -0.158544 
4 -3.15789 2 1 0.326946 -0.162792 
4 -2.73684 2 1 0.377133 -0.167561 
4 -2.31579 2 1 0.433883 -0.172954 
4 -1.89474 2 1 0.498573 -0.179101 
4 -1.47368 2 1 0.572997 -0.186173 
4 -1.05263 2 1 0.659528 -0.194395 
4 -0.631579 2 1 0.761384 -0.204074 
4 -0.210526 2 1 0.883032 -0.215634 
4 0.210526 2 1 1.03086 -0.229681 
4 0.631579 2 1 1.21434 -0.247116 
4 1.05263 2 1 1.44813 -0.269332 
4 1.47368 2 1 1.75622 -0.298608 
4 1.89474 2 1 2.18073 -0.338947 
4 2.31579 2 1 2.80299 -0.398077 
4 2.73684 2 1 3.80317 -0.493118 
4 3.15789 2 1 5.67565 -0.671051 
4 3.57895 2 1 10.4441 -1.12417 
4 4 2 1 47.7439 -4.66857 
-4 -4 2 1 -1.44828 -0.457238 
-3.57895 -4 2 1 -1.28255 -0.427583 
-3.15789 -4 2 1 -1.13199 -0.40064 
-2.73684 -4 2 1 -0.994594 -0.376054 
-2.31579 -4 2 1 -0.868713 -0.353528 
-1.89474 -4 2 1 -0.752956 -0.332813 
-1.47368 -4 2 1 -0.64615 -0.313701 
-1.05263 -4 2 1 -0.547295 -0.296011 
-0.631579 -4 2 1 -0.455535 -0.279591 
-0.210526 -4 2 1 -0.370133 -0.264309 
0.210526 -4 2 1 -0.29045 -0.250049 
0.631579 -4 2 1 -0.21593 -0.236714 
1.05263 -4 2 1 -0.146087 -0.224216 
1.47368 -4 2 1 -0.080494 -0.212479 
1.89474 -4 2 1 -0.0187749 -0.201434 
2.31579 -4 2 1 0.0394039 -0.191023 
2.73684 -4 2 1 0.0943384 -0.181193 
3.15789 -4 2 1 0.146293 -0.171896 
3.57895 -4 2 1 0.195503 -0.16309 
4 -4 2 1 0.242181 -0.154737 
4 4 2 1 47.7439 -4.66857 
-4 -4 6 1 -1.49515 0.589909 
-4 -3.57895 6 1 -1.60375 0.662892 
-4 -3.15789 6 1 -1.73868 0.753571 
-4 -2.73684 6 1 -1.91084 0.869269 
-4 -2.31579 6 1 -2.1381 1.022 
-4 -1.89474 6 1 -2.45195 1.23292 
-4 -1.47368 6 1 -2.91356 1.54314 
-4 -1.05263 6 1 -3.65933 2.04434 
-4 -0.631579 6 1 -5.0684 2.99129 
-4 -0.210526 6 1 -8.73434 5.45496 
-4 0.210526 6 1 -41.8811 27.7311 
4 -4 6 1 0.184514 0.384622 
4 -3.57895 6 1 0.220663 0.409767 
4 -3.15789 6 1 0.2609 0.437756 
4 -2.73684 6 1 0.305962 0.469101 
4 -2.31579 6 1 0.356772 0.504444 
4 -1.89474 6 1 0.414504 0.544602 
4 -1.47368 6 1 0.480676 0.590631 
4 -1.05263 6 1 0.557284 0.64392 
4 -0.631579 6 1 0.647011 0.706333 
4 -0.210526 6 1 0.753539 0.780434 
4 0.210526 6 1 0.882077 0.869844 
4 0.631579 6 1 1.04023 0.979856 
4 1.05263 6 1 1.23957 1.11851 
4 1.47368 6 1 1.49858 1.29869 
4 1.89474 6 1 1.8488 1.54229 
4 2.31579 6 1 2.34866 1.89 
4 2.73684 6 1 3.12017 2.42666 
4 3.15789 6 1 4.46736 3.36375 
4 3.57895 6 1 7.418 5.41621 
4 4 6 1 19.0426 13.5022 
-4 -4 6 1 -1.49515 0.589909 
-3.57895 -4 6 1 -1.33323 0.570119 
-3.15789 -4 6 1 -1.18562 0.552078 
-2.73684 -4 6 1 -1.05048 0.535562 
-2.31579 -4 6 1 -0.926319 0.520387 
-1.89474 -4 6 1 -0.811837 0.506395 
-1.47368 -4 6 1 -0.705948 0.493453 
-1.05263 -4 6 1 -0.607719 0.481448 
-0.631579 -4 6 1 -0.516348 0.470281 
-0.210526 -4 6 1 -0.431141 0.459867 
0.210526 -4 6 1 -0.351495 0.450132 
0.631579 -4 6 1 -0.276883 0.441013 
1.05263 -4 6 1 -0.206842 0.432453 
1.47368 -4 6 1 -0.140964 0.424401 
1.89474 -4 6 1 -0.0788887 0.416815 
2.31579 -4 6 1 -0.0202966 0.409654 
2.73684 -4 6 1 0.0350978 0.402883 
3.15789 -4 6 1 0.0875493 0.396473 
3.57895 -4 6 1 0.137286 0.390394 
4 -4 6 1 0.184514 0.384622 
3.57895 4 6 1 65.0083 49.504 
4 4 6 1 19.0426 13.5022 
