-4 1.47368 2 1 16.0143 -1.56777 
-4 1.89474 2 1 7.85573 -0.689869 
-4 2.31579 2 1 5.41246 -0.426962 
-4 2.73684 2 1 4.23677 -0.300454 
-4 3.15789 2 1 3.54541 -0.22606 
-4 3.57895 2 1 3.09021 -0.177078 
-4 4 2 1 2.76782 -0.142387 
4 -4 2 1 -3.609 -0.967385 
4 -3.57895 2 1 -2.80809 -0.783962 
4 -3.15789 2 1 -2.24969 -0.656078 
4 -2.73684 2 1 -1.83814 -0.561826 
4 -2.31579 2 1 -1.52224 -0.489479 
4 -1.89474 2 1 -1.27212 -0.432197 
4 -1.47368 2 1 -1.06917 -0.385717 
4 -1.05263 2 1 -0.901193 -0.347247 
4 -0.631579 2 1 -0.759869 -0.314882 
4 -0.210526 2 1 -0.639321 -0.287274 
4 0.210526 2 1 -0.53528 -0.263447 
4 0.631579 2 1 -0.444573 -0.242673 
4 1.05263 2 1 -0.364792 -0.224402 
4 1.47368 2 1 -0.294074 -0.208206 
4 1.89474 2 1 -0.230957 -0.193751 
4 2.31579 2 1 -0.17428 -0.180771 
4 2.73684 2 1 -0.123104 -0.169051 
4 3.15789 2 1 -0.0766652 -0.158415 
4 3.57895 2 1 -0.0343352 -0.148721 
4 4 2 1 0.00440832 -0.139848 
1.89474 -4 2 1 -59.0964 -19.4874 
2.31579 -4 2 1 -11.7237 -3.67582 
2.73684 -4 2 1 -6.95812 -2.08522 
3.15789 -4 2 1 -5.14914 -1.48144 
3.57895 -4 2 1 -4.19675 -1.16356 
4 -4 2 1 -3.609 -0.967385 
-4 4 2 1 2.76782 -0.142387 
-3.57895 4 2 1 2.32406 -0.14198 
-3.15789 4 2 1 1.97108 -0.141655 
-2.73684 4 2 1 1.68362 -0.141391 
-2.31579 4 2 1 1.44498 -0.141172 
-1.89474 4 2 1 1.2437 -0.140987 
-1.47368 4 2 1 1.07165 -0.140829 
-1.05263 4 2 1 0.922878 -0.140692 
-0.631579 4 2 1 0.792971 -0.140573 
-0.210526 4 2 1 0.67855 -0.140467 
0.210526 4 2 1 0.577004 -0.140374 
0.631579 4 2 1 0.486274 -0.140291 
1.05263 4 2 1 0.40472 -0.140216 
1.47368 4 2 1 0.331017 -0.140148 
1.89474 4 2 1 0.264083 -0.140087 
2.31579 4 2 1 0.203027 -0.14003 
2.73684 4 2 1 0.147107 -0.139979 
3.15789 4 2 1 0.0957011 -0.139932 
3.57895 4 2 1 0.0482838 -0.139888 
4 4 2 1 0.00440832 -0.139848 
-4 1.05263 6 1 59.9905 58.1352 
-4 1.47368 6 1 10.4295 9.44264 
-4 1.89474 6 1 6.0744 5.16389 
-4 2.31579 6 1 4.44749 3.5655 
-4 2.73684 6 1 3.59666 2.72957 
-4 3.15789 6 1 3.07353 2.21561 
-4 3.57895 6 1 2.71935 1.86763 
-4 4 6 1 2.46365 1.61642 
4 -4 6 1 -3.61596 1.64835 
4 -3.57895 6 1 -2.85939 1.3812 
4 -3.15789 6 1 -2.32076 1.19101 
4 -2.73684 6 1 -1.91776 1.0487 
4 -2.31579 6 1 -1.60488 0.938227 
4 -1.89474 6 1 -1.35495 0.849973 
4 -1.47368 6 1 -1.15069 0.777848 
4 -1.05263 6 1 -0.980637 0.717802 
4 -0.631579 6 1 -0.836862 0.667035 
4 -0.210526 6 1 -0.713711 0.623549 
4 0.210526 6 1 -0.607043 0.585884 
4 0.631579 6 1 -0.513757 0.552944 
4 1.05263 6 1 -0.431482 0.523893 
4 1.47368 6 1 -0.358378 0.498079 
4 1.89474 6 1 -0.292992 0.474991 
4 2.31579 6 1 -0.234164 0.454219 
4 2.73684 6 1 -0.180954 0.43543 
4 3.15789 6 1 -0.132593 0.418354 
4 3.57895 6 1 -0.0884484 0.402766 
4 4 6 1 -0.0479912 0.38848 
1.89474 -4 6 1 -24.1308 16.3758 
2.31579 -4 6 1 -9.81344 6.09749 
2.73684 -4 6 1 -6.48096 3.70512 
3.15789 -4 6 1 -4.99639 2.63936 
3.57895 -4 6 1 -4.15635 2.03629 
4 -4 6 1 -3.61596 1.64835 
-4 4 6 1 2.46365 1.61642 
-3.57895 4 6 1 2.07166 1.42478 
-3.15789 4 6 1 1.75684 1.27086 
-2.73684 4 6 1 1.49845 1.14453 
-2.31579 4 6 1 1.28256 1.03898 
-1.89474 4 6 1 1.09948 0.949478 
-1.47368 4 6 1 0.942264 0.872615 
-1.05263 4 6 1 0.80579 0.805893 
-0.631579 4 6 1 0.686207 0.747429 
-0.210526 4 6 1 0.580563 0.69578 
0.210526 4 6 1 0.486555 0.649819 
0.631579 4 6 1 0.40236 0.608657 
1.05263 4 6 1 0.326519 0.571578 
1.47368 4 6 1 0.257846 0.538004 
1.89474 4 6 1 0.195371 0.50746 
2.31579 4 6 1 0.138292 0.479554 
2.73684 4 6 1 0.0859381 0.453958 
3.15789 4 6 1 0.0377461 0.430397 
3.57895 4 6 1 -0.00676137 0.408637 
4 4 6 1 -0.0479912 0.38848 
