4 -4 2 1 -0.429813 0.0206285 
4 -3.57895 2 1 -0.374984 0.0162175 
4 -3.15789 2 1 -0.31812 0.0116428 
4 -2.73684 2 1 -0.259107 0.00689511 
4 -2.31579 2 1 -0.197818 0.00196447 
4 -1.89474 2 1 -0.134122 -0.00315994 
4 -1.47368 2 1 -0.0678719 -0.00848975 
4 -1.05263 2 1 0.00108791 -0.0140376 
4 -0.631579 2 1 0.0729273 -0.0198171 
4 -0.210526 2 1 0.147831 -0.0258431 
4 0.210526 2 1 0.225998 -0.0321316 
4 0.631579 2 1 0.307648 -0.0387004 
4 1.05263 2 1 0.393017 -0.0455684 
4 1.47368 2 1 0.482368 -0.0527566 
4 1.89474 2 1 0.575984 -0.060288 
4 2.31579 2 1 0.674178 -0.0681878 
4 2.73684 2 1 0.777295 -0.0764835 
4 3.15789 2 1 0.885714 -0.0852059 
4 3.57895 2 1 0.999855 -0.0943886 
4 4 2 1 1.12018 -0.104069 
-2.73684 -4 2 1 -48.2437 7.51158 
-2.31579 -4 2 1 -9.07025 1.37432 
-1.89474 -4 2 1 -4.89209 0.719728 
-1.47368 -4 2 1 -3.294 0.469358 
-1.05263 -4 2 1 -2.44995 0.337121 
-0.631579 -4 2 1 -1.92813 0.255368 
-0.210526 -4 2 1 -1.57359 0.199822 
0.210526 -4 2 1 -1.317 0.159624 
0.631579 -4 2 1 -1.12271 0.129184 
1.05263 -4 2 1 -0.970473 0.105333 
1.47368 -4 2 1 -0.847974 0.0861413 
1.89474 -4 2 1 -0.747275 0.0703648 
2.31579 -4 2 1 -0.663031 0.0571665 
2.73684 -4 2 1 -0.591515 0.0459621 
3.15789 -4 2 1 -0.530043 0.0363314 
3.57895 -4 2 1 -0.47664 0.0279647 
4 -4 2 1 -0.429813 0.0206285 
-0.210526 4 2 1 12.7561 -0.28356 
0.210526 4 2 1 5.49979 -0.171627 
0.631579 4 2 1 3.5813 -0.142033 
1.05263 4 2 1 2.69459 -0.128355 
1.47368 4 2 1 2.18369 -0.120474 
1.89474 4 2 1 1.85147 -0.11535 
2.31579 4 2 1 1.61814 -0.11175 
2.73684 4 2 1 1.44527 -0.109084 
3.15789 4 2 1 1.31205 -0.107029 
3.57895 4 2 1 1.20625 -0.105397 
4 4 2 1 1.12018 -0.104069 
4 -4 6 1 -0.358218 0.603604 
4 -3.57895 6 1 -0.304225 0.609576 
4 -3.15789 6 1 -0.248306 0.615761 
4 -2.73684 6 1 -0.190356 0.622171 
4 -2.31579 6 1 -0.130263 0.628817 
4 -1.89474 6 1 -0.067905 0.635715 
4 -1.47368 6 1 -0.0031521 0.642877 
4 -1.05263 6 1 0.0641366 0.65032 
4 -0.631579 6 1 0.134113 0.65806 
4 -0.210526 6 1 0.206942 0.666115 
4 0.210526 6 1 0.2828 0.674506 
4 0.631579 6 1 0.361882 0.683253 
4 1.05263 6 1 0.444397 0.69238 
4 1.47368 6 1 0.530573 0.701912 
4 1.89474 6 1 0.62066 0.711876 
4 2.31579 6 1 0.714931 0.722303 
4 2.73684 6 1 0.813683 0.733226 
4 3.15789 6 1 0.917243 0.744681 
4 3.57895 6 1 1.02597 0.756707 
4 4 6 1 1.14027 0.76935 
-2.73684 -4 6 1 -12.1514 13.3666 
-2.31579 -4 6 1 -5.50509 6.1737 
-1.89474 -4 6 1 -3.48876 3.99157 
-1.47368 -4 6 1 -2.51419 2.93686 
-1.05263 -4 6 1 -1.93978 2.31522 
-0.631579 -4 6 1 -1.56105 1.90534 
-0.210526 -4 6 1 -1.29255 1.61477 
0.210526 -4 6 1 -1.09228 1.39803 
0.631579 -4 6 1 -0.937166 1.23016 
1.05263 -4 6 1 -0.813478 1.0963 
1.47368 -4 6 1 -0.712545 0.987067 
1.89474 -4 6 1 -0.628617 0.896237 
2.31579 -4 6 1 -0.55773 0.819522 
2.73684 -4 6 1 -0.497065 0.753868 
3.15789 -4 6 1 -0.444558 0.697043 
3.57895 -4 6 1 -0.398668 0.64738 
4 -4 6 1 -0.358218 0.603604 
-0.631579 4 6 1 27.9803 27.7351 
-0.210526 4 6 1 7.47993 7.1387 
0.210526 4 6 1 4.41907 4.0635 
0.631579 4 6 1 3.18503 2.82368 
1.05263 4 6 1 2.51823 2.15376 
1.47368 4 6 1 2.10065 1.73423 
1.89474 4 6 1 1.81457 1.44681 
2.31579 4 6 1 1.60633 1.23759 
2.73684 4 6 1 1.44796 1.07848 
3.15789 4 6 1 1.32346 0.953397 
3.57895 4 6 1 1.22301 0.852483 
4 4 6 1 1.14027 0.76935 
