-4 -4 2 1 -0.835225 0.271293 
-4 -3.57895 2 1 -0.894941 0.280727 
-4 -3.15789 2 1 -0.965469 0.29187 
-4 -2.73684 2 1 -1.05004 0.30523 
-4 -2.31579 2 1 -1.1533 0.321545 
-4 -1.89474 2 1 -1.28224 0.341915 
-4 -1.47368 2 1 -1.44777 0.368066 
-4 -1.05263 2 1 -1.66805 0.402868 
-4 -0.631579 2 1 -1.97565 0.451463 
-4 -0.210526 2 1 -2.43528 0.524078 
-4 0.210526 2 1 -3.19668 0.644369 
-4 0.631579 2 1 -4.70229 0.882233 
-4 1.05263 2 1 -9.08606 1.57481 
-4 1.47368 2 1 -203.137 32.232 
4 -4 2 1 0.552144 0.331453 
4 -3.57895 2 1 0.599713 0.343829 
4 -3.15789 2 1 0.654575 0.358104 
4 -2.73684 2 1 0.718549 0.374749 
4 -2.31579 2 1 0.794109 0.394408 
4 -1.89474 2 1 0.884716 0.417983 
4 -1.47368 2 1 0.995361 0.446771 
4 -1.05263 2 1 1.13352 0.482718 
4 -0.631579 2 1 1.31091 0.528872 
4 -0.210526 2 1 1.54701 0.590301 
4 0.210526 2 1 1.87674 0.676091 
4 0.631579 2 1 2.36957 0.804318 
4 1.05263 2 1 3.18629 1.01682 
4 1.47368 2 1 4.80247 1.43732 
4 1.89474 2 1 9.51721 2.66402 
4 2.31579 2 1 232.581 60.7017 
-4 -4 2 1 -0.835225 0.271293 
-3.57895 -4 2 1 -0.751702 0.274915 
-3.15789 -4 2 1 -0.669503 0.278479 
-2.73684 -4 2 1 -0.588597 0.281987 
-2.31579 -4 2 1 -0.508954 0.285441 
-1.89474 -4 2 1 -0.430544 0.288841 
-1.47368 -4 2 1 -0.35334 0.292189 
-1.05263 -4 2 1 -0.277313 0.295485 
-0.631579 -4 2 1 -0.202437 0.298732 
-0.210526 -4 2 1 -0.128686 0.30193 
0.210526 -4 2 1 -0.0560347 0.305081 
0.631579 -4 2 1 0.0155414 0.308184 
1.05263 -4 2 1 0.0860659 0.311242 
1.47368 -4 2 1 0.155562 0.314256 
1.89474 -4 2 1 0.224051 0.317226 
2.31579 -4 2 1 0.291557 0.320153 
2.73684 -4 2 1 0.358098 0.323038 
3.15789 -4 2 1 0.423697 0.325883 
3.57895 -4 2 1 0.488372 0.328687 
4 -4 2 1 0.552144 0.331453 
-4 -4 6 1 -0.997686 1.13913 
-4 -3.57895 6 1 -1.08184 1.23279 
-4 -3.15789 6 1 -1.18375 1.34622 
-4 -2.73684 6 1 -1.3097 1.48641 
-4 -2.31579 6 1 -1.46934 1.66409 
-4 -1.89474 6 1 -1.67825 1.89662 
-4 -1.47368 6 1 -1.96344 2.21403 
-4 -1.05263 6 1 -2.37597 2.6732 
-4 -0.631579 6 1 -3.0257 3.39636 
-4 -0.210526 6 1 -4.19971 4.70307 
-4 0.210526 6 1 -6.96181 7.77735 
-4 0.631579 6 1 -21.2679 23.7004 
4 -4 6 1 0.57516 1.07768 
4 -3.57895 6 1 0.630551 1.15143 
4 -3.15789 6 1 0.695596 1.23803 
4 -2.73684 6 1 0.77306 1.34116 
4 -2.31579 6 1 0.866873 1.46607 
4 -1.89474 6 1 0.982825 1.62044 
4 -1.47368 6 1 1.1298 1.81612 
4 -1.05263 6 1 1.32216 2.07224 
4 -0.631579 6 1 1.5848 2.4219 
4 -0.210526 6 1 1.96479 2.92783 
4 0.210526 6 1 2.56346 3.72489 
4 0.631579 6 1 3.6458 5.16591 
4 1.05263 6 1 6.19524 8.56021 
4 1.47368 6 1 19.468 26.2315 
-4 -4 6 1 -0.997686 1.13913 
-3.57895 -4 6 1 -0.901385 1.13537 
-3.15789 -4 6 1 -0.806816 1.13167 
-2.73684 -4 6 1 -0.713932 1.12804 
-2.31579 -4 6 1 -0.622689 1.12448 
-1.89474 -4 6 1 -0.533043 1.12098 
-1.47368 -4 6 1 -0.444954 1.11753 
-1.05263 -4 6 1 -0.358381 1.11415 
-0.631579 -4 6 1 -0.273285 1.11083 
-0.210526 -4 6 1 -0.189629 1.10756 
0.210526 -4 6 1 -0.107376 1.10435 
0.631579 -4 6 1 -0.0264919 1.10119 
1.05263 -4 6 1 0.0530577 1.09808 
1.47368 -4 6 1 0.131306 1.09502 
1.89474 -4 6 1 0.208283 1.09201 
2.31579 -4 6 1 0.284022 1.08905 
2.73684 -4 6 1 0.35855 1.08614 
3.15789 -4 6 1 0.431897 1.08328 
3.57895 -4 6 1 0.504092 1.08046 
4 -4 6 1 0.57516 1.07768 
