-4 0.210526 2 1 13.5138 4.0225 
-4 0.631579 2 1 6.19959 1.68896 
-4 1.05263 2 1 4.16909 1.04116 
-4 1.47368 2 1 3.21618 0.737141 
-4 1.89474 2 1 2.66293 0.560634 
-4 2.31579 2 1 2.3015 0.445323 
-4 2.73684 2 1 2.04686 0.364084 
-4 3.15789 2 1 1.85778 0.30376 
-4 3.57895 2 1 1.71183 0.257195 
-4 4 2 1 1.59576 0.220164 
4 -4 2 1 -9.7939 0.853342 
4 -3.57895 2 1 -5.60158 0.466162 
4 -3.15789 2 1 -3.82279 0.301883 
4 -2.73684 2 1 -2.83917 0.21104 
4 -2.31579 2 1 -2.21492 0.153388 
4 -1.89474 2 1 -1.78352 0.113546 
4 -1.47368 2 1 -1.46756 0.0843659 
4 -1.05263 2 1 -1.22617 0.0620726 
4 -0.631579 2 1 -1.03574 0.0444855 
4 -0.210526 2 1 -0.881671 0.0302566 
4 0.210526 2 1 -0.754458 0.0185079 
4 0.631579 2 1 -0.647641 0.00864286 
4 1.05263 2 1 -0.55668 0.000242163 
4 1.47368 2 1 -0.478288 -0.00699774 
4 1.89474 2 1 -0.410027 -0.0133019 
4 2.31579 2 1 -0.350054 -0.0188407 
4 2.73684 2 1 -0.296945 -0.0237455 
4 3.15789 2 1 -0.249586 -0.0281194 
4 3.57895 2 1 -0.20709 -0.0320441 
4 4 2 1 -0.168746 -0.0355853 
3.15789 -4 2 1 -35.8131 4.49664 
3.57895 -4 2 1 -14.7535 1.54779 
4 -4 2 1 -9.7939 0.853342 
-4 4 2 1 1.59576 0.220164 
-3.57895 4 2 1 1.41173 0.19349 
-3.15789 4 2 1 1.24673 0.169576 
-2.73684 4 2 1 1.09796 0.148013 
-2.31579 4 2 1 0.963138 0.128471 
-1.89474 4 2 1 0.840385 0.110679 
-1.47368 4 2 1 0.728151 0.094412 
-1.05263 4 2 1 0.625141 0.0794816 
-0.631579 4 2 1 0.530262 0.0657298 
-0.210526 4 2 1 0.442588 0.0530222 
0.210526 4 2 1 0.361329 0.0412443 
0.631579 4 2 1 0.285804 0.0302977 
1.05263 4 2 1 0.215428 0.0200973 
1.47368 4 2 1 0.149692 0.0105694 
1.89474 4 2 1 0.0881509 0.00164956 
2.31579 4 2 1 0.0304162 -0.00671859 
2.73684 4 2 1 -0.0238549 -0.0145847 
3.15789 4 2 1 -0.0749649 -0.0219926 
3.57895 4 2 1 -0.123182 -0.0289813 
4 4 2 1 -0.168746 -0.0355853 
-4 -0.631579 6 1 24.5982 41.168 
-4 -0.210526 6 1 6.7314 10.4685 
-4 0.210526 6 1 4.10667 5.95861 
-4 0.631579 6 1 3.05157 4.14568 
-4 1.05263 6 1 2.48219 3.16736 
-4 1.47368 6 1 2.12589 2.55515 
-4 1.89474 6 1 1.88191 2.13593 
-4 2.31579 6 1 1.70437 1.83087 
-4 2.73684 6 1 1.56938 1.59893 
-4 3.15789 6 1 1.46328 1.41663 
-4 3.57895 6 1 1.3777 1.26958 
-4 4 6 1 1.30721 1.14845 
4 -4 6 1 -4.98229 3.9791 
4 -3.57895 6 1 -3.60934 2.97075 
4 -3.15789 6 1 -2.78014 2.36176 
4 -2.73684 6 1 -2.22506 1.95409 
4 -2.31579 6 1 -1.82746 1.66208 
4 -1.89474 6 1 -1.52864 1.44262 
4 -1.47368 6 1 -1.29586 1.27166 
4 -1.05263 6 1 -1.10941 1.13472 
4 -0.631579 6 1 -0.956703 1.02257 
4 -0.210526 6 1 -0.829342 0.929031 
4 0.210526 6 1 -0.721501 0.849828 
4 0.631579 6 1 -0.62901 0.7819 
4 1.05263 6 1 -0.548811 0.723 
4 1.47368 6 1 -0.478606 0.671438 
4 1.89474 6 1 -0.416636 0.625926 
4 2.31579 6 1 -0.361532 0.585456 
4 2.73684 6 1 -0.312214 0.549235 
4 3.15789 6 1 -0.267815 0.516627 
4 3.57895 6 1 -0.227635 0.487117 
4 4 6 1 -0.191099 0.460284 
1.89474 -4 6 1 -43.7787 55.4262 
2.31579 -4 6 1 -14.0518 16.0059 
2.73684 -4 6 1 -8.96529 9.26086 
3.15789 -4 6 1 -6.85959 6.46853 
3.57895 -4 6 1 -5.70823 4.94175 
4 -4 6 1 -4.98229 3.9791 
-4 4 6 1 1.30721 1.14845 
-3.57895 4 6 1 1.16118 1.08138 
-3.15789 4 6 1 1.02836 1.02037 
-2.73684 4 6 1 0.907011 0.96464 
-2.31579 4 6 1 0.795723 0.913526 
-1.89474 4 6 1 0.69329 0.866479 
-1.47368 4 6 1 0.598696 0.823033 
-1.05263 4 6 1 0.511074 0.782789 
-0.631579 4 6 1 0.429681 0.745405 
-0.210526 4 6 1 0.353876 0.710588 
0.210526 4 6 1 0.283102 0.678082 
0.631579 4 6 1 0.216874 0.647664 
1.05263 4 6 1 0.154769 0.619139 
1.47368 4 6 1 0.0964118 0.592336 
1.89474 4 6 1 0.0414741 0.567104 
2.31579 4 6 1 -0.0103362 0.543308 
2.73684 4 6 1 -0.0592789 0.520828 
3.15789 4 6 1 -0.105586 0.49956 
3.57895 4 6 1 -0.149464 0.479407 
4 4 6 1 -0.191099 0.460284 
