14.1987 1.66145 8.58997 8.20843 4 
5.90293 0.67166 4.81186 4.63174 5 
3.69034 0.40767 3.31763 3.21717 6 
2.66494 0.285326 2.51702 2.45924 7 
2.07335 0.214742 2.01804 1.98687 8 
1.68833 0.168805 1.67726 1.66425 9 
1.41778 0.136524 1.42973 1.42992 10 
1.21725 0.112599 1.24179 1.25199 11 
1.06268 0.0941561 1.09423 1.1123 12 
0.939885 0.0795053 0.975295 0.999707 13 
0.839984 0.0675859 0.877397 0.907027 14 
0.757121 0.0576992 0.795406 0.829407 15 
0.687279 0.0493661 0.725736 0.763452 16 
0.627612 0.0422471 0.665805 0.706716 17 
0.576049 0.0360949 0.613703 0.657392 18 
0.531042 0.0307251 0.567991 0.614117 19 
-27.1546 9.39342 -8.76781 13.8819 26 
-6.78508 2.2763 -4.24083 6.57968 27 
-3.92546 1.27715 -2.82766 4.30018 28 
-2.78506 0.878695 -2.13777 3.18736 29 
-2.17182 0.664428 -1.72903 2.52804 30 
-1.78883 0.530612 -1.45866 2.09193 31 
-1.52692 0.439099 -1.26658 1.78209 32 
-1.3365 0.372566 -1.12307 1.55061 33 
-1.19182 0.322014 -1.01179 1.37111 34 
-1.07816 0.282303 -0.922968 1.22784 35 
-0.986518 0.250283 -0.850434 1.11084 36 
-0.911056 0.223916 -0.790083 1.01349 37 
-0.847838 0.201828 -0.739083 0.931225 38 
-0.794108 0.183054 -0.695417 0.86079 39 
0.531042 0.0307251 0.567991 0.614117 60 
0.471465 0.0375735 0.510842 0.625275 61 
0.410915 0.0445339 0.452794 0.636608 62 
0.349369 0.0516088 0.393824 0.648122 63 
0.2868 0.0588012 0.333912 0.659819 64 
0.223184 0.0661141 0.273033 0.671706 65 
0.158494 0.0735503 0.211166 0.683785 66 
0.0927031 0.0811132 0.148284 0.696062 67 
0.025782 0.088806 0.0843642 0.708542 68 
-0.0422983 0.096632 0.0193793 0.72123 69 
-0.111568 0.104595 -0.0466972 0.734131 70 
-0.182059 0.112698 -0.113893 0.747251 71 
-0.253803 0.120945 -0.182237 0.760595 72 
-0.326835 0.12934 -0.251758 0.774168 73 
-0.401189 0.137887 -0.322488 0.787978 74 
-0.476901 0.146591 -0.394459 0.80203 75 
-0.554009 0.155454 -0.467702 0.81633 76 
-0.632553 0.164483 -0.542252 0.830885 77 
-0.712572 0.173682 -0.618145 0.845703 78 
-0.794108 0.183054 -0.695417 0.86079 79 
