-4 -4 2 1 -1.25928 -0.285429 
-4 -3.57895 2 1 -1.347 -0.31164 
-4 -3.15789 2 1 -1.45484 -0.343865 
-4 -2.73684 2 1 -1.59063 -0.384443 
-4 -2.31579 2 1 -1.76687 -0.437106 
-4 -1.89474 2 1 -2.00478 -0.508196 
-4 -1.47368 2 1 -2.34358 -0.609437 
-4 -1.05263 2 1 -2.86475 -0.765171 
-4 -0.631579 2 1 -3.76974 -1.0356 
-4 -0.210526 2 1 -5.72967 -1.62126 
-4 0.210526 2 1 -13.1665 -3.8435 
4 -4 2 1 0.292617 -0.0588592 
4 -3.57895 2 1 0.332669 -0.0604668 
4 -3.15789 2 1 0.377585 -0.0622697 
4 -2.73684 2 1 0.428308 -0.0643056 
4 -2.31579 2 1 0.486042 -0.066623 
4 -1.89474 2 1 0.552348 -0.0692844 
4 -1.47368 2 1 0.62929 -0.0723728 
4 -1.05263 2 1 0.719648 -0.0759996 
4 -0.631579 2 1 0.827268 -0.0803193 
4 -0.210526 2 1 0.957618 -0.0855513 
4 0.210526 2 1 1.11875 -0.0920189 
4 0.631579 2 1 1.32302 -0.100218 
4 1.05263 2 1 1.59045 -0.110952 
4 1.47368 2 1 1.95567 -0.125611 
4 1.89474 2 1 2.48431 -0.14683 
4 2.31579 2 1 3.3177 -0.180281 
4 2.73684 2 1 4.82604 -0.240824 
4 3.15789 2 1 8.38736 -0.383769 
4 3.57895 2 1 27.1214 -1.13573 
-4 -4 2 1 -1.25928 -0.285429 
-3.57895 -4 2 1 -1.12367 -0.26563 
-3.15789 -4 2 1 -0.997648 -0.247232 
-2.73684 -4 2 1 -0.880245 -0.230092 
-2.31579 -4 2 1 -0.770602 -0.214084 
-1.89474 -4 2 1 -0.667974 -0.199101 
-1.47368 -4 2 1 -0.571709 -0.185047 
-1.05263 -4 2 1 -0.481233 -0.171838 
-0.631579 -4 2 1 -0.396039 -0.1594 
-0.210526 -4 2 1 -0.315678 -0.147667 
0.210526 -4 2 1 -0.239749 -0.136582 
0.631579 -4 2 1 -0.167897 -0.126092 
1.05263 -4 2 1 -0.0998002 -0.11615 
1.47368 -4 2 1 -0.0351728 -0.106715 
1.89474 -4 2 1 0.0262439 -0.0977484 
2.31579 -4 2 1 0.0846834 -0.0892165 
2.73684 -4 2 1 0.140357 -0.0810884 
3.15789 -4 2 1 0.193457 -0.0733361 
3.57895 -4 2 1 0.244157 -0.0659341 
4 -4 2 1 0.292617 -0.0588592 
-4 -4 6 1 -1.36781 0.673759 
-4 -3.57895 6 1 -1.46775 0.747045 
-4 -3.15789 6 1 -1.59089 0.837348 
-4 -2.73684 6 1 -1.74638 0.951374 
-4 -2.31579 6 1 -1.94889 1.09988 
-4 -1.89474 6 1 -2.22356 1.3013 
-4 -1.47368 6 1 -2.6173 1.59004 
-4 -1.05263 6 1 -3.22897 2.03859 
-4 -0.631579 6 1 -4.30873 2.83041 
-4 -0.210526 6 1 -6.72696 4.60376 
-4 0.210526 6 1 -17.0294 12.1588 
4 -4 6 1 0.238544 0.496668 
4 -3.57895 6 1 0.275719 0.527038 
4 -3.15789 6 1 0.317436 0.561119 
4 -2.73684 6 1 0.364582 0.599636 
4 -2.31579 6 1 0.418292 0.643515 
4 -1.89474 6 1 0.480037 0.693958 
4 -1.47368 6 1 0.551768 0.75256 
4 -1.05263 6 1 0.63612 0.821472 
4 -0.631579 6 1 0.736744 0.903678 
4 -0.210526 6 1 0.858854 1.00344 
4 0.210526 6 1 1.01015 1.12704 
4 0.631579 6 1 1.20252 1.2842 
4 1.05263 6 1 1.45532 1.49072 
4 1.47368 6 1 1.80231 1.77421 
4 1.89474 6 1 2.30822 2.18751 
4 2.31579 6 1 3.11462 2.84631 
4 2.73684 6 1 4.60235 4.06173 
4 3.15789 6 1 8.26646 7.05516 
4 3.57895 6 1 31.8896 26.3543 
-4 -4 6 1 -1.36781 0.673759 
-3.57895 -4 6 1 -1.22692 0.658226 
-3.15789 -4 6 1 -1.09609 0.643803 
-2.73684 -4 6 1 -0.974275 0.630374 
-2.31579 -4 6 1 -0.860583 0.61784 
-1.89474 -4 6 1 -0.754224 0.606115 
-1.47368 -4 6 1 -0.654511 0.595122 
-1.05263 -4 6 1 -0.560839 0.584795 
-0.631579 -4 6 1 -0.472677 0.575076 
-0.210526 -4 6 1 -0.389551 0.565912 
0.210526 -4 6 1 -0.311042 0.557256 
0.631579 -4 6 1 -0.236777 0.549069 
1.05263 -4 6 1 -0.166419 0.541313 
1.47368 -4 6 1 -0.0996684 0.533954 
1.89474 -4 6 1 -0.0362548 0.526963 
2.31579 -4 6 1 0.0240659 0.520313 
2.73684 -4 6 1 0.0815148 0.513979 
3.15789 -4 6 1 0.136292 0.50794 
3.57895 -4 6 1 0.18858 0.502176 
4 -4 6 1 0.238544 0.496668 
