15.4868 2.71915 5.24216 6.82561 11 
6.89109 1.11147 3.69559 4.49697 12 
4.60839 0.684527 2.93147 3.34646 13 
3.55191 0.48693 2.47589 2.66051 14 
2.94279 0.373005 2.17337 2.20501 15 
2.54653 0.298891 1.95787 1.88052 16 
2.26815 0.246825 1.79655 1.63764 17 
2.06186 0.208242 1.67128 1.44902 18 
1.90287 0.178505 1.57117 1.29829 19 
-6.45819 -0.186395 -4.50569 3.05568 20 
-4.32648 -0.14598 -3.37361 2.37676 21 
-3.17573 -0.124163 -2.64756 1.94135 22 
-2.45547 -0.110508 -2.14233 1.63836 23 
-1.9622 -0.101156 -1.77047 1.41536 24 
-1.60322 -0.09435 -1.48533 1.24436 25 
-1.33026 -0.089175 -1.25975 1.10907 26 
-1.11571 -0.0851074 -1.07682 0.99937 27 
-0.942642 -0.0818262 -0.925494 0.908621 28 
-0.800076 -0.0791233 -0.798235 0.832304 29 
-0.680606 -0.0768583 -0.689724 0.767229 30 
-0.579038 -0.0749327 -0.596102 0.711083 31 
-0.491631 -0.0732755 -0.514501 0.662147 32 
-0.415614 -0.0718343 -0.442745 0.619115 33 
-0.348899 -0.0705695 -0.379154 0.58098 34 
-0.289875 -0.0694504 -0.32241 0.54695 35 
-0.237286 -0.0684534 -0.271464 0.516397 36 
-0.190134 -0.0675595 -0.225469 0.488814 37 
-0.147617 -0.0667534 -0.183738 0.463788 38 
-0.109083 -0.0660228 -0.145703 0.440978 39 
-34.449 0.087992 -8.29063 7.19872 56 
-12.934 -0.122914 -6.28307 5.00121 57 
-8.41703 -0.167193 -5.19161 3.80649 58 
-6.45819 -0.186395 -4.50569 3.05568 59 
1.90287 0.178505 1.57117 1.29829 60 
1.66208 0.14924 1.37904 1.20235 61 
1.45312 0.123844 1.20953 1.11771 62 
1.27007 0.101597 1.05887 1.04248 63 
1.1084 0.081947 0.924091 0.975174 64 
0.964556 0.0644649 0.802801 0.914609 65 
0.835753 0.0488104 0.693073 0.859817 66 
0.719747 0.0347113 0.593328 0.81001 67 
0.614721 0.0219467 0.502264 0.764537 68 
0.519187 0.0103358 0.418795 0.722857 69 
0.431914 -0.00027125 0.342008 0.684514 70 
0.351874 -0.0099991 0.271132 0.649123 71 
0.278204 -0.0189528 0.205509 0.616355 72 
0.210173 -0.0272211 0.144578 0.585929 73 
0.147158 -0.0348799 0.0878506 0.557602 74 
0.0886222 -0.0419942 0.0349079 0.531166 75 
0.0341056 -0.04862 -0.0146172 0.506436 76 
-0.0167922 -0.054806 -0.0610452 0.483252 77 
-0.0644199 -0.0605946 -0.104658 0.461474 78 
-0.109083 -0.0660228 -0.145703 0.440978 79 
