-4 -4 2 1 1.27062 0.0124062 
-4 -3.57895 2 1 1.12976 0.00225901 
-4 -3.15789 2 1 0.998603 -0.00718867 
-4 -2.73684 2 1 0.876188 -0.0160068 
-4 -2.31579 2 1 0.761668 -0.0242561 
-4 -1.89474 2 1 0.654302 -0.0319901 
-4 -1.47368 2 1 0.553442 -0.0392556 
-4 -1.05263 2 1 0.458512 -0.0460938 
-4 -0.631579 2 1 0.369005 -0.0525414 
-4 -0.210526 2 1 0.284469 -0.0586309 
-4 0.210526 2 1 0.204501 -0.0643914 
-4 0.631579 2 1 0.12874 -0.0698487 
-4 1.05263 2 1 0.0568634 -0.0750263 
-4 1.47368 2 1 -0.0114205 -0.0799451 
-4 1.89474 2 1 -0.0763744 -0.084624 
-4 2.31579 2 1 -0.138236 -0.0890802 
-4 2.73684 2 1 -0.197221 -0.0933291 
-4 3.15789 2 1 -0.253526 -0.097385 
-4 3.57895 2 1 -0.307329 -0.101261 
-4 4 2 1 -0.358794 -0.104968 
-4 -4 2 1 1.27062 0.0124062 
-3.57895 -4 2 1 1.37015 0.0100515 
-3.15789 -4 2 1 1.49443 0.00711147 
-2.73684 -4 2 1 1.65398 0.00333679 
-2.31579 -4 2 1 1.86632 -0.00168673 
-1.89474 -4 2 1 2.16283 -0.0087017 
-1.47368 -4 2 1 2.60595 -0.019185 
-1.05263 -4 2 1 3.34011 -0.0365537 
-0.631579 -4 2 1 4.79223 -0.0709079 
-0.210526 -4 2 1 9.02322 -0.171005 
0.210526 -4 2 1 200.826 -4.70866 
-4 4 2 1 -0.358794 -0.104968 
-3.57895 4 2 1 -0.404053 -0.113575 
-3.15789 4 2 1 -0.455302 -0.123322 
-2.73684 4 2 1 -0.513815 -0.13445 
-2.31579 4 2 1 -0.581254 -0.147276 
-1.89474 4 2 1 -0.659831 -0.16222 
-1.47368 4 2 1 -0.752551 -0.179853 
-1.05263 4 2 1 -0.863612 -0.200975 
-0.631579 4 2 1 -0.999054 -0.226734 
-0.210526 4 2 1 -1.16789 -0.258844 
0.210526 4 2 1 -1.38422 -0.299985 
0.631579 4 2 1 -1.67135 -0.354592 
1.05263 4 2 1 -2.07084 -0.430568 
1.47368 4 2 1 -2.6647 -0.543509 
1.89474 4 2 1 -3.64036 -0.729062 
2.31579 4 2 1 -5.54049 -1.09043 
2.73684 4 2 1 -10.8619 -2.10246 
3.15789 4 2 1 -112.264 -21.3872 
-4 -4 6 1 1.16587 1.01287 
-4 -3.57895 6 1 1.0292 0.967159 
-4 -3.15789 6 1 0.901919 0.92459 
-4 -2.73684 6 1 0.783096 0.884848 
-4 -2.31579 6 1 0.671913 0.847663 
-4 -1.89474 6 1 0.567656 0.812793 
-4 -1.47368 6 1 0.469698 0.78003 
-4 -1.05263 6 1 0.377484 0.749189 
-4 -0.631579 6 1 0.290524 0.720104 
-4 -0.210526 6 1 0.20838 0.692631 
-4 0.210526 6 1 0.130664 0.666638 
-4 0.631579 6 1 0.0570275 0.64201 
-4 1.05263 6 1 -0.0128433 0.618641 
-4 1.47368 6 1 -0.0792297 0.596438 
-4 1.89474 6 1 -0.142386 0.575315 
-4 2.31579 6 1 -0.202543 0.555195 
-4 2.73684 6 1 -0.259908 0.536009 
-4 3.15789 6 1 -0.314672 0.517693 
-4 3.57895 6 1 -0.367008 0.500189 
-4 4 6 1 -0.417073 0.483444 
-4 -4 6 1 1.16587 1.01287 
-3.57895 -4 6 1 1.25348 1.12071 
-3.15789 -4 6 1 1.36278 1.25524 
-2.73684 -4 6 1 1.50295 1.42777 
-2.31579 -4 6 1 1.68923 1.65707 
-1.89474 -4 6 1 1.94886 1.97663 
-1.47368 -4 6 1 2.33575 2.45285 
-1.05263 -4 6 1 2.97388 3.23831 
-0.631579 -4 6 1 4.22563 4.77905 
-0.210526 -4 6 1 7.79561 9.17325 
0.210526 -4 6 1 100.716 123.547 
-4 4 6 1 -0.417073 0.483444 
-3.57895 4 6 1 -0.465845 0.511299 
-3.15789 4 6 1 -0.521056 0.542833 
-2.73684 4 6 1 -0.584074 0.578825 
-2.31579 4 6 1 -0.656679 0.620293 
-1.89474 4 6 1 -0.74124 0.66859 
-1.47368 4 6 1 -0.840975 0.725553 
-1.05263 4 6 1 -0.960371 0.793745 
-0.631579 4 6 1 -1.10588 0.876849 
-0.210526 4 6 1 -1.28711 0.980359 
0.210526 4 6 1 -1.51907 1.11284 
0.631579 4 6 1 -1.82651 1.28844 
1.05263 4 6 1 -2.25346 1.53228 
1.47368 4 6 1 -2.88638 1.89377 
1.89474 4 6 1 -3.92173 2.4851 
2.31579 4 6 1 -5.92218 3.62765 
2.73684 4 6 1 -11.4151 6.76491 
3.15789 4 6 1 -92.3783 53.0064 
