14.4336 0.0863708 746.005 653.328 16 
8.72769 0.134929 18.3432 15.186 17 
6.46951 0.154146 9.89742 7.77926 18 
5.25923 0.164446 7.03842 5.27198 19 
-2.18899 -0.299938 -2.71463 1.55692 20 
-1.85418 -0.251454 -2.2735 1.4059 21 
-1.57873 -0.211565 -1.92064 1.2851 22 
-1.34813 -0.178173 -1.63196 1.18628 23 
-1.15226 -0.149809 -1.39142 1.10393 24 
-0.983822 -0.125417 -1.1879 1.03426 25 
-0.837427 -0.104217 -1.01347 0.974539 26 
-0.709016 -0.085622 -0.8623 0.922787 27 
-0.595466 -0.0691788 -0.730034 0.877507 28 
-0.494339 -0.0545345 -0.613334 0.837555 29 
-0.403701 -0.0414092 -0.509604 0.802044 30 
-0.322001 -0.0295783 -0.416795 0.770271 31 
-0.24798 -0.0188592 -0.333271 0.741677 32 
-0.180603 -0.00910227 -0.257702 0.715807 33 
-0.119014 -0.000183539 -0.189006 0.692289 34 
-0.0624978 0.00800057 -0.126284 0.670817 35 
-0.0104527 0.0155372 -0.0687904 0.651134 36 
0.0376317 0.0225004 -0.0158971 0.633026 37 
0.0821911 0.028953 0.0329266 0.616312 38 
0.123599 0.0349494 0.0781331 0.600836 39 
-8.33406 -1.67828 -36.8303 29.0875 53 
-5.13673 -0.961117 -9.87691 7.33672 54 
-3.84459 -0.67129 -5.99243 4.20203 55 
-3.14566 -0.51452 -4.43624 2.94622 56 
-2.7077 -0.416286 -3.59772 2.26955 57 
-2.40755 -0.34896 -3.07344 1.84647 58 
-2.18899 -0.299938 -2.71463 1.55692 59 
5.25923 0.164446 7.03842 5.27198 60 
3.88721 0.12985 4.73067 3.72322 61 
3.02183 0.108029 3.47274 2.879 62 
2.42621 0.0930103 2.68102 2.34767 63 
1.99121 0.0820418 2.13684 1.98246 64 
1.65959 0.0736798 1.73981 1.71601 65 
1.39841 0.067094 1.43736 1.51303 66 
1.18737 0.0617727 1.19928 1.35325 67 
1.01331 0.0573836 1.00699 1.22421 68 
0.867281 0.0537015 0.848458 1.11781 69 
0.743024 0.0505683 0.715499 1.02858 70 
0.636005 0.0478698 0.602389 0.952671 71 
0.542871 0.0455214 0.504994 0.887308 72 
0.461083 0.0434591 0.42025 0.830435 73 
0.388688 0.0416337 0.345842 0.780499 74 
0.324155 0.0400064 0.27999 0.736304 75 
0.266269 0.0385468 0.221296 0.696914 76 
0.214054 0.0372302 0.168654 0.661586 77 
0.166715 0.0360365 0.121175 0.629722 78 
0.123599 0.0349494 0.0781331 0.600836 79 
