-4 -4 2 1 2.49756 0.558664 
-4 -3.57895 2 1 2.08904 0.509977 
-4 -3.15789 2 1 1.76114 0.470897 
-4 -2.73684 2 1 1.49213 0.438837 
-4 -2.31579 2 1 1.26745 0.41206 
-4 -1.89474 2 1 1.07698 0.38936 
-4 -1.47368 2 1 0.913465 0.369871 
-4 -1.05263 2 1 0.771553 0.352958 
-4 -0.631579 2 1 0.64723 0.338142 
-4 -0.210526 2 1 0.537419 0.325054 
-4 0.210526 2 1 0.439717 0.31341 
-4 0.631579 2 1 0.352227 0.302983 
-4 1.05263 2 1 0.273427 0.293592 
-4 1.47368 2 1 0.202083 0.285089 
-4 1.89474 2 1 0.137186 0.277354 
-4 2.31579 2 1 0.0778989 0.270289 
-4 2.73684 2 1 0.0235245 0.263808 
-4 3.15789 2 1 -0.0265234 0.257844 
-4 3.57895 2 1 -0.0727414 0.252335 
-4 4 2 1 -0.115553 0.247233 
4 2.31579 2 1 -103.072 7.6077 
4 2.73684 2 1 -15.8438 1.18892 
4 3.15789 2 1 -9.10356 0.692937 
4 3.57895 2 1 -6.61923 0.510124 
4 4 2 1 -5.32713 0.415045 
-4 -4 2 1 2.49756 0.558664 
-3.57895 -4 2 1 2.78856 0.618328 
-3.15789 -4 2 1 3.20262 0.70322 
-2.73684 -4 2 1 3.83868 0.833631 
-2.31579 -4 2 1 4.94072 1.05958 
-1.89474 -4 2 1 7.31677 1.54673 
-1.47368 -4 2 1 16.2021 3.36847 
-4 4 2 1 -0.115553 0.247233 
-3.57895 4 2 1 -0.159643 0.248653 
-3.15789 4 2 1 -0.208046 0.250211 
-2.73684 4 2 1 -0.261426 0.25193 
-2.31579 4 2 1 -0.320594 0.253835 
-1.89474 4 2 1 -0.386544 0.255959 
-1.47368 4 2 1 -0.460514 0.258341 
-1.05263 4 2 1 -0.54406 0.261031 
-0.631579 4 2 1 -0.639173 0.264093 
-0.210526 4 2 1 -0.74843 0.267611 
0.210526 4 2 1 -0.875243 0.271695 
0.631579 4 2 1 -1.02421 0.276492 
1.05263 4 2 1 -1.2017 0.282207 
1.47368 4 2 1 -1.41676 0.289131 
1.89474 4 2 1 -1.68273 0.297696 
2.31579 4 2 1 -2.02014 0.30856 
2.73684 4 2 1 -2.4622 0.322795 
3.15789 4 2 1 -3.06657 0.342255 
3.57895 4 2 1 -3.94271 0.370467 
4 4 2 1 -5.32713 0.415045 
-4 -4 6 1 3.54371 3.5172 
-4 -3.57895 6 1 2.81136 2.99558 
-4 -3.15789 6 1 2.27368 2.6126 
-4 -2.73684 6 1 1.86214 2.31948 
-4 -2.31579 6 1 1.53702 2.08791 
-4 -1.89474 6 1 1.27368 1.90034 
-4 -1.47368 6 1 1.05605 1.74533 
-4 -1.05263 6 1 0.873166 1.61507 
-4 -0.631579 6 1 0.717329 1.50407 
-4 -0.210526 6 1 0.582949 1.40836 
-4 0.210526 6 1 0.465882 1.32497 
-4 0.631579 6 1 0.362984 1.25168 
-4 1.05263 6 1 0.271829 1.18676 
-4 1.47368 6 1 0.190516 1.12884 
-4 1.89474 6 1 0.117532 1.07686 
-4 2.31579 6 1 0.0516597 1.02994 
-4 2.73684 6 1 -0.00809168 0.987379 
-4 3.15789 6 1 -0.0625376 0.948599 
-4 3.57895 6 1 -0.112355 0.913116 
-4 4 6 1 -0.158109 0.880527 
4 3.57895 6 1 -39.0172 29.6589 
4 4 6 1 -14.7411 10.6757 
-4 -4 6 1 3.54371 3.5172 
-3.57895 -4 6 1 4.30382 4.44167 
-3.15789 -4 6 1 5.65545 6.08557 
-2.73684 -4 6 1 8.72885 9.82354 
-2.31579 -4 6 1 22.5852 26.6761 
-4 4 6 1 -0.158109 0.880527 
-3.57895 4 6 1 -0.209343 0.91494 
-3.15789 4 6 1 -0.266181 0.953117 
-2.73684 4 6 1 -0.329594 0.99571 
-2.31579 4 6 1 -0.400793 1.04353 
-1.89474 4 6 1 -0.481308 1.09761 
-1.47368 4 6 1 -0.573093 1.15926 
-1.05263 4 6 1 -0.678693 1.23019 
-0.631579 4 6 1 -0.801482 1.31267 
-0.210526 4 6 1 -0.946027 1.40976 
0.210526 4 6 1 -1.11867 1.52572 
0.631579 4 6 1 -1.3285 1.66666 
1.05263 4 6 1 -1.58896 1.8416 
1.47368 4 6 1 -1.9209 2.06457 
1.89474 4 6 1 -2.35843 2.35845 
2.31579 4 6 1 -2.96146 2.76349 
2.73684 4 6 1 -3.84579 3.35748 
3.15789 4 6 1 -5.26811 4.31282 
3.57895 4 6 1 -7.93399 6.10345 
4 4 6 1 -14.7411 10.6757 
