-0.38412 -0.138732 -0.313743 0.428022 20 
-0.332267 -0.144587 -0.263566 0.434423 21 
-0.278042 -0.150711 -0.211238 0.441099 22 
-0.221278 -0.157121 -0.156615 0.448067 23 
-0.161795 -0.163838 -0.0995443 0.455348 24 
-0.0993894 -0.170885 -0.0398572 0.462962 25 
-0.0338427 -0.178287 0.0226306 0.470934 26 
0.0350891 -0.186071 0.0881207 0.479289 27 
0.107675 -0.194268 0.156835 0.488055 28 
0.184214 -0.202911 0.229018 0.497263 29 
0.265037 -0.212038 0.304938 0.506949 30 
0.350516 -0.221691 0.384894 0.517149 31 
0.441063 -0.231916 0.469216 0.527906 32 
0.537143 -0.242766 0.558272 0.539267 33 
0.63928 -0.254299 0.652472 0.551285 34 
0.748065 -0.266584 0.752276 0.564017 35 
0.86417 -0.279695 0.858197 0.57753 36 
0.988357 -0.293719 0.970818 0.591897 37 
1.1215 -0.308754 1.09079 0.607203 38 
1.26461 -0.324915 1.21887 0.623541 39 
-2245.26 -3.48285 -10.9445 9.30508 42 
-12.2809 -0.156454 -5.51629 4.77235 43 
-5.97648 -0.147063 -3.60922 3.17988 44 
-3.86709 -0.14392 -2.63625 2.36741 45 
-2.8109 -0.142347 -2.0461 1.87461 46 
-2.17671 -0.141402 -1.64997 1.54382 47 
-1.75372 -0.140772 -1.36569 1.30644 48 
-1.45148 -0.140322 -1.15175 1.12779 49 
-1.22475 -0.139984 -0.984917 0.988479 50 
-1.04838 -0.139721 -0.851175 0.876798 51 
-0.907255 -0.139511 -0.741566 0.785271 52 
-0.791779 -0.139339 -0.6501 0.708894 53 
-0.695539 -0.139196 -0.572617 0.644192 54 
-0.6141 -0.139074 -0.506136 0.588678 55 
-0.544289 -0.13897 -0.448471 0.540525 56 
-0.483784 -0.13888 -0.397977 0.498361 57 
-0.430839 -0.138801 -0.353394 0.461133 58 
-0.38412 -0.138732 -0.313743 0.428022 59 
9.89405 -2.11883 5.03453 4.01951 70 
4.98061 -1.09741 3.48646 2.64171 71 
3.41003 -0.770912 2.7091 1.94986 72 
2.63677 -0.610163 2.24162 1.5338 73 
2.17659 -0.5145 1.92952 1.25602 74 
1.87136 -0.451048 1.70637 1.05742 75 
1.6541 -0.405883 1.53889 0.908363 76 
1.49157 -0.372095 1.40856 0.792365 77 
1.36539 -0.345866 1.30424 0.699526 78 
1.26461 -0.324915 1.21887 0.623541 79 
