-6.40239 -0.0331156 -3.39344 2.29564 0 
-8.27912 0.0239395 -3.73617 2.71716 1 
-12.3922 0.148981 -4.21915 3.31116 2 
-28.6304 0.642646 -4.95062 4.21079 3 
-0.144502 -0.187673 -0.124705 0.321548 20 
-0.100938 -0.187734 -0.0849534 0.337673 21 
-0.0541779 -0.1878 -0.0425929 0.354857 22 
-0.00385662 -0.187872 0.00264235 0.373207 23 
0.0504486 -0.187948 0.0510553 0.392847 24 
0.10923 -0.188031 0.102993 0.413916 25 
0.173066 -0.188121 0.158855 0.436576 26 
0.242637 -0.18822 0.219103 0.461017 27 
0.318752 -0.188327 0.284275 0.487454 28 
0.40238 -0.188445 0.355001 0.516145 29 
0.494691 -0.188576 0.432021 0.547389 30 
0.597113 -0.188721 0.516217 0.581544 31 
0.711401 -0.188882 0.608638 0.619035 32 
0.839744 -0.189063 0.710552 0.660378 33 
0.984907 -0.189268 0.823502 0.706197 34 
1.15043 -0.189502 0.949382 0.757261 35 
1.34091 -0.189771 1.09055 0.814526 36 
1.56246 -0.190084 1.24996 0.879194 37 
1.82335 -0.190453 1.43141 0.9528 38 
2.1351 -0.190893 1.6398 1.03733 39 
-6.40239 -0.0331156 -3.39344 2.29564 40 
-4.4844 -0.0804862 -2.71499 1.8859 41 
-3.37708 -0.107835 -2.22725 1.59134 42 
-2.65614 -0.125641 -1.85971 1.36938 43 
-2.14938 -0.138156 -1.57283 1.19611 44 
-1.77371 -0.147435 -1.34266 1.05711 45 
-1.48408 -0.154588 -1.15391 0.943121 46 
-1.25398 -0.160271 -0.996326 0.847948 47 
-1.06675 -0.164895 -0.862769 0.767289 48 
-0.911448 -0.168731 -0.748136 0.698058 49 
-0.780539 -0.171964 -0.648672 0.637988 50 
-0.668696 -0.174726 -0.561552 0.585374 51 
-0.572038 -0.177114 -0.484612 0.538907 52 
-0.487667 -0.179197 -0.416167 0.497571 53 
-0.413382 -0.181032 -0.354883 0.46056 54 
-0.347475 -0.18266 -0.299693 0.427229 55 
-0.288605 -0.184114 -0.249731 0.397055 56 
-0.235702 -0.18542 -0.204286 0.36961 57 
-0.187903 -0.186601 -0.162774 0.344539 58 
-0.144502 -0.187673 -0.124705 0.321548 59 
17.685 0.0232492 3.70076 3.9434 72 
7.24196 -0.120565 2.96517 2.90619 73 
4.76721 -0.154646 2.52357 2.2835 74 
3.65929 -0.169903 2.22906 1.86823 75 
3.03087 -0.178557 2.01865 1.57154 76 
2.62604 -0.184132 1.86081 1.34898 77 
2.34349 -0.188023 1.73803 1.17585 78 
2.1351 -0.190893 1.6398 1.03733 79 
