-4 -4 2 1 -0.0777243 -0.0446579 
-4 -3.57895 2 1 -0.116324 -0.0416672 
-4 -3.15789 2 1 -0.158768 -0.0383787 
-4 -2.73684 2 1 -0.20566 -0.0347455 
-4 -2.31579 2 1 -0.257738 -0.0307105 
-4 -1.89474 2 1 -0.315914 -0.0262031 
-4 -1.47368 2 1 -0.381323 -0.0211353 
-4 -1.05263 2 1 -0.455405 -0.0153954 
-4 -0.631579 2 1 -0.540008 -0.00884039 
-4 -0.210526 2 1 -0.637544 -0.00128337 
-4 0.210526 2 1 -0.751224 0.00752447 
-4 0.631579 2 1 -0.885417 0.0179217 
-4 1.05263 2 1 -1.04623 0.0303811 
-4 1.47368 2 1 -1.24244 0.0455839 
-4 1.89474 2 1 -1.48721 0.0645482 
-4 2.31579 2 1 -1.80108 0.088867 
-4 2.73684 2 1 -2.21815 0.121181 
-4 3.15789 2 1 -2.7993 0.166208 
-4 3.57895 2 1 -3.66509 0.23329 
-4 4 2 1 -5.09247 0.343882 
4 -4 2 1 2.16378 -0.296804 
4 -3.57895 2 1 2.36853 -0.323922 
4 -3.15789 2 1 2.64185 -0.360122 
4 -2.73684 2 1 3.02509 -0.41088 
4 -2.31579 2 1 3.60126 -0.487192 
4 -1.89474 2 1 4.56507 -0.614845 
4 -1.47368 2 1 6.50601 -0.871913 
4 -1.05263 2 1 12.4375 -1.65752 
-4 -4 2 1 -0.0777243 -0.0446579 
-3.57895 -4 2 1 -0.03365 -0.0496158 
-3.15789 -4 2 1 0.0136024 -0.0549312 
-2.73684 -4 2 1 0.0643898 -0.0606442 
-2.31579 -4 2 1 0.119124 -0.0668013 
-1.89474 -4 2 1 0.178284 -0.0734561 
-1.47368 -4 2 1 0.242429 -0.0806717 
-1.05263 -4 2 1 0.312216 -0.0885221 
-0.631579 -4 2 1 0.388425 -0.0970948 
-0.210526 -4 2 1 0.471985 -0.106494 
0.210526 -4 2 1 0.564013 -0.116847 
0.631579 -4 2 1 0.665864 -0.128304 
1.05263 -4 2 1 0.779202 -0.141053 
1.47368 -4 2 1 0.906084 -0.155326 
1.89474 -4 2 1 1.04909 -0.171413 
2.31579 -4 2 1 1.21151 -0.189683 
2.73684 -4 2 1 1.39758 -0.210614 
3.15789 -4 2 1 1.61287 -0.234832 
3.57895 -4 2 1 1.86486 -0.263177 
4 -4 2 1 2.16378 -0.296804 
-4 4 2 1 -5.09247 0.343882 
-3.57895 4 2 1 -6.28171 0.421956 
-3.15789 4 2 1 -8.57629 0.572595 
-2.73684 4 2 1 -14.8552 0.984804 
-2.31579 4 2 1 -103.853 6.82752 
-4 -4 6 1 -0.0245839 0.479643 
-4 -3.57895 6 1 -0.0599717 0.506968 
-4 -3.15789 6 1 -0.0988127 0.536959 
-4 -2.73684 6 1 -0.141638 0.570027 
-4 -2.31579 6 1 -0.189095 0.60667 
-4 -1.89474 6 1 -0.241976 0.647503 
-4 -1.47368 6 1 -0.30127 0.693286 
-4 -1.05263 6 1 -0.368216 0.744978 
-4 -0.631579 6 1 -0.444399 0.803803 
-4 -0.210526 6 1 -0.531872 0.871345 
-4 0.210526 6 1 -0.633346 0.949698 
-4 0.631579 6 1 -0.752475 1.04168 
-4 1.05263 6 1 -0.894304 1.1512 
-4 1.47368 6 1 -1.06601 1.28378 
-4 1.89474 6 1 -1.27813 1.44757 
-4 2.31579 6 1 -1.54686 1.65507 
-4 2.73684 6 1 -1.89833 1.92645 
-4 3.15789 6 1 -2.37771 2.2966 
-4 3.57895 6 1 -3.07036 2.83144 
-4 4 6 1 -4.15933 3.67228 
4 -4 6 1 2.1962 1.12223 
4 -3.57895 6 1 2.39392 1.28878 
4 -3.15789 6 1 2.65357 1.5075 
4 -2.73684 6 1 3.00966 1.80746 
4 -2.31579 6 1 3.52817 2.24423 
4 -1.89474 6 1 4.35305 2.93908 
4 -1.47368 6 1 5.86972 4.21667 
4 -1.05263 6 1 9.57683 7.3394 
4 -0.631579 6 1 32.5514 26.6923 
-4 -4 6 1 -0.0245839 0.479643 
-3.57895 -4 6 1 0.0204698 0.49268 
-3.15789 -4 6 1 0.0687086 0.506638 
-2.73684 -4 6 1 0.120483 0.521618 
-2.31579 -4 6 1 0.176195 0.537739 
-1.89474 -4 6 1 0.236314 0.555134 
-1.47368 -4 6 1 0.301383 0.573962 
-1.05263 -4 6 1 0.372039 0.594406 
-0.631579 -4 6 1 0.449035 0.616685 
-0.210526 -4 6 1 0.533264 0.641057 
0.210526 -4 6 1 0.625795 0.667831 
0.631579 -4 6 1 0.72792 0.697381 
1.05263 -4 6 1 0.841213 0.730162 
1.47368 -4 6 1 0.96761 0.766735 
1.89474 -4 6 1 1.10953 0.807798 
2.31579 -4 6 1 1.27 0.854233 
2.73684 -4 6 1 1.45294 0.907166 
3.15789 -4 6 1 1.66341 0.968065 
3.57895 -4 6 1 1.90813 1.03887 
4 -4 6 1 2.1962 1.12223 
-4 4 6 1 -4.15933 3.67228 
-3.57895 4 6 1 -4.91881 4.63663 
-3.15789 4 6 1 -6.23949 6.31354 
-2.73684 4 6 1 -9.10785 9.95563 
-2.31579 4 6 1 -20.0945 23.9059 
