0.0898669 -0.261854 0.11368 0.2629 0 
0.0474114 -0.262996 0.0755984 0.280486 1 
0.00153528 -0.26423 0.0347125 0.299367 2 
-0.0481924 -0.265567 -0.00929879 0.319691 3 
-0.102278 -0.267022 -0.0568083 0.34163 4 
-0.16132 -0.268611 -0.10825 0.365386 5 
-0.226034 -0.270351 -0.164134 0.391192 6 
-0.297276 -0.272268 -0.225061 0.419328 7 
-0.376089 -0.274388 -0.291745 0.450122 8 
-0.463746 -0.276746 -0.365045 0.483971 9 
-0.561825 -0.279384 -0.445995 0.521353 10 
-0.672301 -0.282356 -0.535858 0.562851 11 
-0.797684 -0.285728 -0.636194 0.609185 12 
-0.941208 -0.289589 -0.748945 0.661253 13 
-1.10712 -0.294052 -0.876568 0.720188 14 
-1.3011 -0.29927 -1.02221 0.787446 15 
-1.53092 -0.305452 -1.18999 0.864923 16 
-1.80755 -0.312893 -1.38536 0.955141 17 
-2.14688 -0.322021 -1.61572 1.06152 18 
-2.57297 -0.333483 -1.89143 1.18884 19 
5.03183 -1.06892 3.4042 1.50505 20 
6.18361 -1.31947 3.79476 1.81097 21 
8.32029 -1.78427 4.35224 2.24766 22 
13.6487 -2.94338 5.21278 2.92172 23 
50.4241 -10.9432 6.7157 4.09898 24 
0.0898669 -0.261854 0.11368 0.2629 40 
0.133884 -0.269042 0.155023 0.278507 41 
0.182161 -0.276926 0.200017 0.295492 42 
0.235347 -0.285612 0.249168 0.314046 43 
0.294232 -0.295229 0.303082 0.334398 44 
0.359784 -0.305934 0.362484 0.356822 45 
0.433201 -0.317923 0.428259 0.381651 46 
0.515991 -0.331444 0.501489 0.409295 47 
0.61007 -0.346808 0.583518 0.44026 48 
0.717918 -0.36442 0.676034 0.475184 49 
0.842793 -0.384814 0.781185 0.514878 50 
0.989076 -0.408703 0.90175 0.56039 51 
1.16279 -0.437072 1.04138 0.613101 52 
1.37244 -0.47131 1.205 0.674866 53 
1.63047 -0.513449 1.39936 0.748235 54 
1.95582 -0.566581 1.63403 0.83682 55 
2.37877 -0.635652 1.92299 0.9459 56 
2.95099 -0.729102 2.28755 1.08352 57 
3.76846 -0.862603 2.76184 1.26256 58 
5.03183 -1.06892 3.4042 1.50505 59 
-2.57297 -0.333483 -1.89143 1.18884 60 
-2.87761 -0.374011 -2.02685 1.3595 61 
-3.3144 -0.43212 -2.20338 1.58196 62 
-3.99315 -0.522419 -2.44309 1.88404 63 
-5.19194 -0.681902 -2.7873 2.3178 64 
-7.87953 -1.03945 -3.32337 2.99334 65 
-19.3731 -2.56852 -4.27368 4.19091 66 
