-4 -4 2 1 1.91942 0.151562 
-4 -3.57895 2 1 1.65456 0.141975 
-4 -3.15789 2 1 1.42787 0.133769 
-4 -2.73684 2 1 1.23165 0.126667 
-4 -2.31579 2 1 1.06015 0.120459 
-4 -1.89474 2 1 0.908974 0.114987 
-4 -1.47368 2 1 0.77471 0.110127 
-4 -1.05263 2 1 0.654671 0.105782 
-4 -0.631579 2 1 0.546709 0.101874 
-4 -0.210526 2 1 0.44909 0.0983408 
-4 0.210526 2 1 0.360395 0.0951303 
-4 0.631579 2 1 0.279454 0.0922005 
-4 1.05263 2 1 0.205292 0.0895161 
-4 1.47368 2 1 0.137093 0.0870475 
-4 1.89474 2 1 0.0741647 0.0847697 
-4 2.31579 2 1 0.0159189 0.0826614 
-4 2.73684 2 1 -0.0381482 0.0807044 
-4 3.15789 2 1 -0.0884707 0.0788829 
-4 3.57895 2 1 -0.135425 0.0771833 
-4 4 2 1 -0.179337 0.0755938 
4 3.15789 2 1 -23.2972 -3.20885 
4 3.57895 2 1 -11.9317 -1.52171 
4 4 2 1 -8.35451 -0.990696 
-4 -4 2 1 1.91942 0.151562 
-3.57895 -4 2 1 2.09552 0.146564 
-3.15789 -4 2 1 2.32964 0.13992 
-2.73684 -4 2 1 2.65608 0.130657 
-2.31579 -4 2 1 3.14287 0.116842 
-1.89474 -4 2 1 3.94663 0.0940332 
-1.47368 -4 2 1 5.52637 0.0492032 
-1.05263 -4 2 1 10.0545 -0.0792966 
-0.631579 -4 2 1 141.078 -3.7975 
-4 4 2 1 -0.179337 0.0755938 
-3.57895 4 2 1 -0.222043 0.0700237 
-3.15789 4 2 1 -0.269247 0.0638668 
-2.73684 4 2 1 -0.321702 0.0570252 
-2.31579 4 2 1 -0.380333 0.0493778 
-1.89474 4 2 1 -0.446301 0.0407736 
-1.47368 4 2 1 -0.521075 0.0310209 
-1.05263 4 2 1 -0.606543 0.0198732 
-0.631579 4 2 1 -0.705177 0.00700837 
-0.210526 4 2 1 -0.820273 -0.00800361 
0.210526 4 2 1 -0.956327 -0.0257492 
0.631579 4 2 1 -1.11964 -0.0470497 
1.05263 4 2 1 -1.31931 -0.0730925 
1.47368 4 2 1 -1.56899 -0.10566 
1.89474 4 2 1 -1.89019 -0.147554 
2.31579 4 2 1 -2.31876 -0.203451 
2.73684 4 2 1 -2.91931 -0.281782 
3.15789 4 2 1 -3.8214 -0.399442 
3.57895 4 2 1 -5.32823 -0.595978 
4 4 2 1 -8.35451 -0.990696 
-4 -4 6 1 2.25536 1.95151 
-4 -3.57895 6 1 1.90056 1.76937 
-4 -3.15789 6 1 1.60715 1.61874 
-4 -2.73684 6 1 1.36046 1.4921 
-4 -2.31579 6 1 1.15016 1.38414 
-4 -1.89474 6 1 0.968738 1.29101 
-4 -1.47368 6 1 0.810638 1.20984 
-4 -1.05263 6 1 0.671632 1.13848 
-4 -0.631579 6 1 0.548458 1.07525 
-4 -0.210526 6 1 0.438556 1.01883 
-4 0.210526 6 1 0.339892 0.968183 
-4 0.631579 6 1 0.250826 0.92246 
-4 1.05263 6 1 0.170021 0.880978 
-4 1.47368 6 1 0.0963801 0.843174 
-4 1.89474 6 1 0.0289904 0.808578 
-4 2.31579 6 1 -0.0329117 0.7768 
-4 2.73684 6 1 -0.0899701 0.747509 
-4 3.15789 6 1 -0.142732 0.720423 
-4 3.57895 6 1 -0.191665 0.695303 
-4 4 6 1 -0.237171 0.671942 
4 4 6 1 -42.6067 23.2248 
-4 -4 6 1 2.25536 1.95151 
-3.57895 -4 6 1 2.54303 2.27253 
-3.15789 -4 6 1 2.95865 2.73633 
-2.73684 -4 6 1 3.61198 3.46539 
-2.31579 -4 6 1 4.78864 4.77845 
-1.89474 -4 6 1 7.5375 7.84596 
-1.47368 -4 6 1 21.3519 23.2617 
-4 4 6 1 -0.237171 0.671942 
-3.57895 4 6 1 -0.286672 0.69829 
-3.15789 4 6 1 -0.341859 0.727666 
-2.73684 4 6 1 -0.403773 0.760622 
-2.31579 4 6 1 -0.473723 0.797856 
-1.89474 4 6 1 -0.553382 0.840257 
-1.47368 4 6 1 -0.644923 0.888984 
-1.05263 4 6 1 -0.751219 0.945564 
-0.631579 4 6 1 -0.876149 1.01206 
-0.210526 4 6 1 -1.02508 1.09134 
0.210526 4 6 1 -1.20568 1.18747 
0.631579 4 6 1 -1.42923 1.30646 
1.05263 4 6 1 -1.71312 1.45758 
1.47368 4 6 1 -2.08562 1.65585 
1.89474 4 6 1 -2.59586 1.92744 
2.31579 4 6 1 -3.33756 2.32225 
2.73684 4 6 1 -4.51447 2.9487 
3.15789 4 6 1 -6.66861 4.09533 
3.57895 4 6 1 -11.8812 6.86996 
4 4 6 1 -42.6067 23.2248 
