-21.3587 -2.01486 -5.53322 3.36792 0 
-108.243 -10.3358 -6.60821 4.33466 1 
-0.222723 -0.280611 -0.182389 0.257308 20 
-0.176589 -0.285585 -0.139641 0.268528 21 
-0.127366 -0.290891 -0.094322 0.280422 22 
-0.0747335 -0.296566 -0.0461934 0.293054 23 
-0.018324 -0.302648 0.00501456 0.306494 24 
0.0422841 -0.309182 0.0596072 0.320822 25 
0.107578 -0.316222 0.117931 0.336129 26 
0.178122 -0.323828 0.180384 0.35252 27 
0.254577 -0.332071 0.247418 0.370114 28 
0.337717 -0.341034 0.319558 0.389047 29 
0.428461 -0.350818 0.39741 0.40948 30 
0.5279 -0.361539 0.48168 0.431597 31 
0.637348 -0.373339 0.573196 0.455616 32 
0.758396 -0.38639 0.672936 0.481794 33 
0.89299 -0.400901 0.782058 0.510434 34 
1.04354 -0.417133 0.901954 0.541901 35 
1.21306 -0.43541 1.0343 0.576636 36 
1.40539 -0.456146 1.18114 0.615176 37 
1.62544 -0.479871 1.345 0.658181 38 
1.87969 -0.507282 1.52902 0.706477 39 
-21.3587 -2.01486 -5.53322 3.36792 40 
-8.87378 -0.990447 -3.93887 2.44107 41 
-5.4336 -0.708174 -3.00041 1.89552 42 
-3.82297 -0.576018 -2.38216 1.53611 43 
-2.88898 -0.499382 -1.94412 1.28146 44 
-2.27925 -0.449353 -1.61752 1.09159 45 
-1.84989 -0.414123 -1.36463 0.944581 46 
-1.53119 -0.387973 -1.16302 0.827383 47 
-1.28524 -0.367792 -0.998543 0.731765 48 
-1.08968 -0.351747 -0.861795 0.652269 49 
-0.930478 -0.338683 -0.746313 0.585135 50 
-0.798345 -0.327842 -0.647492 0.527688 51 
-0.686922 -0.318699 -0.561971 0.477971 52 
-0.591693 -0.310885 -0.487233 0.434524 53 
-0.509367 -0.30413 -0.421359 0.39623 54 
-0.437489 -0.298233 -0.362862 0.362223 55 
-0.374187 -0.293039 -0.310568 0.331823 56 
-0.318013 -0.288429 -0.263539 0.304483 57 
-0.267828 -0.284312 -0.221019 0.279765 58 
-0.222723 -0.280611 -0.182389 0.257308 59 
10.851 -2.62196 3.58633 2.79135 72 
5.68602 -1.4045 2.86033 2.05563 73 
3.98728 -1.00408 2.4201 1.6095 74 
3.14214 -0.804863 2.12465 1.31009 75 
2.63641 -0.685653 1.91266 1.09526 76 
2.29981 -0.606312 1.75313 0.93359 77 
2.05966 -0.549703 1.62873 0.807529 78 
1.87969 -0.507282 1.52902 0.706477 79 
