-4 -4 2 1 0.981481 0.172601 
-4 -3.57895 2 1 0.87835 0.160195 
-4 -3.15789 2 1 0.778897 0.148231 
-4 -2.73684 2 1 0.682929 0.136687 
-4 -2.31579 2 1 0.590265 0.12554 
-4 -1.89474 2 1 0.500739 0.11477 
-4 -1.47368 2 1 0.414194 0.104359 
-4 -1.05263 2 1 0.330482 0.0942888 
-4 -0.631579 2 1 0.249467 0.084543 
-4 -0.210526 2 1 0.171021 0.0751063 
-4 0.210526 2 1 0.0950237 0.0659642 
-4 0.631579 2 1 0.0213618 0.057103 
-4 1.05263 2 1 -0.0500705 0.04851 
-4 1.47368 2 1 -0.119373 0.0401732 
-4 1.89474 2 1 -0.186639 0.0320813 
-4 2.31579 2 1 -0.251958 0.0242238 
-4 2.73684 2 1 -0.315413 0.0165904 
-4 3.15789 2 1 -0.377082 0.00917191 
-4 3.57895 2 1 -0.43704 0.00195923 
-4 4 2 1 -0.495357 -0.00505605 
-4 -4 2 1 0.981481 0.172601 
-3.57895 -4 2 1 1.05396 0.196108 
-3.15789 -4 2 1 1.14172 0.224566 
-2.73684 -4 2 1 1.25013 0.259726 
-2.31579 -4 2 1 1.38749 0.30427 
-1.89474 -4 2 1 1.56714 0.362534 
-1.47368 -4 2 1 1.8122 0.442008 
-1.05263 -4 2 1 2.16634 0.556856 
-0.631579 -4 2 1 2.72321 0.737452 
-0.210526 -4 2 1 3.72673 1.0629 
0.210526 -4 2 1 6.07406 1.82415 
0.631579 -4 2 1 17.9333 5.67016 
-4 4 2 1 -0.495357 -0.00505605 
-3.57895 4 2 1 -0.544644 -0.000307147 
-3.15789 4 2 1 -0.601216 0.00514364 
-2.73684 4 2 1 -0.666816 0.0114643 
-2.31579 4 2 1 -0.743794 0.0188813 
-1.89474 4 2 1 -0.83539 0.0277067 
-1.47368 4 2 1 -0.946204 0.0383838 
-1.05263 4 2 1 -1.083 0.0515639 
-0.631579 4 2 1 -1.25611 0.0682438 
-0.210526 4 2 1 -1.48223 0.090031 
0.210526 4 2 1 -1.79011 0.119695 
0.631579 4 2 1 -2.23385 0.162451 
1.05263 4 2 1 -2.92889 0.229418 
1.47368 4 2 1 -4.17296 0.349286 
1.89474 4 2 1 -7.04132 0.625658 
2.31579 4 2 1 -20.6966 1.94137 
-4 -4 6 1 0.840508 0.94018 
-4 -3.57895 6 1 0.747163 0.91573 
-4 -3.15789 6 1 0.656911 0.89209 
-4 -2.73684 6 1 0.569602 0.869221 
-4 -2.31579 6 1 0.485094 0.847086 
-4 -1.89474 6 1 0.403255 0.82565 
-4 -1.47368 6 1 0.323959 0.80488 
-4 -1.05263 6 1 0.24709 0.784746 
-4 -0.631579 6 1 0.172539 0.765219 
-4 -0.210526 6 1 0.100203 0.746271 
-4 0.210526 6 1 0.0299825 0.727879 
-4 0.631579 6 1 -0.0382121 0.710016 
-4 1.05263 6 1 -0.104468 0.692662 
-4 1.47368 6 1 -0.168866 0.675794 
-4 1.89474 6 1 -0.231484 0.659393 
-4 2.31579 6 1 -0.292394 0.643439 
-4 2.73684 6 1 -0.351665 0.627914 
-4 3.15789 6 1 -0.409363 0.612801 
-4 3.57895 6 1 -0.46555 0.598084 
-4 4 6 1 -0.520283 0.583748 
-4 -4 6 1 0.840508 0.94018 
-3.57895 -4 6 1 0.894863 1.02915 
-3.15789 -4 6 1 0.959671 1.13523 
-2.73684 -4 6 1 1.03827 1.26388 
-2.31579 -4 6 1 1.13558 1.42317 
-1.89474 -4 6 1 1.25919 1.62551 
-1.47368 -4 6 1 1.42144 1.89107 
-1.05263 -4 6 1 1.64377 2.25501 
-0.631579 -4 6 1 1.96718 2.78437 
-0.210526 -4 6 1 2.48084 3.62516 
0.210526 -4 6 1 3.42259 5.16667 
0.631579 -4 6 1 5.70997 8.91077 
1.05263 -4 6 1 19.4419 31.3878 
-4 4 6 1 -0.520283 0.583748 
-3.57895 4 6 1 -0.568292 0.626358 
-3.15789 4 6 1 -0.622951 0.67487 
-2.73684 4 6 1 -0.685745 0.730603 
-2.31579 4 6 1 -0.758637 0.795297 
-1.89474 4 6 1 -0.844273 0.871304 
-1.47368 4 6 1 -0.946319 0.961874 
-1.05263 4 6 1 -1.06999 1.07164 
-0.631579 4 6 1 -1.22297 1.20742 
-0.210526 4 6 1 -1.41709 1.3797 
0.210526 4 6 1 -1.67151 1.60551 
0.631579 4 6 1 -2.0195 1.91437 
1.05263 4 6 1 -2.52432 2.36242 
1.47368 4 6 1 -3.3228 3.07112 
1.89474 4 6 1 -4.77632 4.36118 
2.31579 4 6 1 -8.25142 7.44549 
2.73684 4 6 1 -27.5944 24.6133 
