60.8625 -16.6116 5.55051 3.9045 6 
8.21184 -2.37299 3.58783 2.43887 7 
4.44025 -1.35302 2.66254 1.74791 8 
3.06004 -0.979761 2.12408 1.34582 9 
2.3443 -0.786199 1.77182 1.08277 10 
1.90629 -0.667744 1.5234 0.897269 11 
1.61061 -0.587784 1.33882 0.759432 12 
1.3976 -0.530177 1.19626 0.652978 13 
1.23683 -0.486699 1.08285 0.568286 14 
1.11118 -0.452719 0.990469 0.499301 15 
1.01028 -0.425433 0.913767 0.442024 16 
0.927475 -0.403039 0.849065 0.393708 17 
0.858294 -0.38433 0.793751 0.352402 18 
0.799631 -0.368465 0.74592 0.316685 19 
-10.4839 -1.75393 -3.66328 3.04828 25 
-5.06268 -0.944488 -2.61565 2.14759 26 
-3.31707 -0.683849 -2.02556 1.64027 27 
-2.45534 -0.555185 -1.64699 1.31481 28 
-1.9418 -0.478507 -1.3835 1.08827 29 
-1.60088 -0.427604 -1.18954 0.921517 30 
-1.35807 -0.39135 -1.04079 0.793634 31 
-1.17634 -0.364217 -0.923099 0.692451 32 
-1.03522 -0.343147 -0.827656 0.610396 33 
-0.922475 -0.326312 -0.748699 0.542513 34 
-0.830318 -0.312552 -0.682295 0.485424 35 
-0.753586 -0.301095 -0.625671 0.436742 36 
-0.688704 -0.291407 -0.576815 0.394739 37 
-0.633124 -0.283109 -0.534231 0.358128 38 
-0.58498 -0.27592 -0.496783 0.325933 39 
0.799631 -0.368465 0.74592 0.316685 60 
0.717401 -0.362969 0.673037 0.317227 61 
0.636335 -0.357551 0.601074 0.317763 62 
0.556409 -0.352209 0.530013 0.318291 63 
0.4776 -0.346941 0.459839 0.318814 64 
0.399883 -0.341747 0.390533 0.319329 65 
0.323237 -0.336624 0.322081 0.319839 66 
0.24764 -0.331571 0.254467 0.320342 67 
0.17307 -0.326587 0.187675 0.320839 68 
0.0995062 -0.32167 0.12169 0.32133 69 
0.0269286 -0.316819 0.0564988 0.321815 70 
-0.0446826 -0.312033 -0.00791419 0.322295 71 
-0.115347 -0.30731 -0.0715624 0.322768 72 
-0.185082 -0.302649 -0.134459 0.323236 73 
-0.253907 -0.298049 -0.196618 0.323699 74 
-0.321839 -0.293508 -0.258052 0.324156 75 
-0.388896 -0.289026 -0.318773 0.324608 76 
-0.455094 -0.284602 -0.378794 0.325055 77 
-0.52045 -0.280233 -0.438127 0.325496 78 
-0.58498 -0.27592 -0.496783 0.325933 79 
