-0.954981 0.0209908 -1.09615 0.995877 20 
-0.854143 0.0208114 -0.97434 0.976347 21 
-0.756636 0.020638 -0.857265 0.957576 22 
-0.662296 0.0204701 -0.744653 0.93952 23 
-0.570973 0.0203077 -0.636254 0.92214 24 
-0.482523 0.0201504 -0.531836 0.905398 25 
-0.396813 0.0199979 -0.431183 0.889259 26 
-0.313718 0.0198501 -0.334095 0.873693 27 
-0.23312 0.0197067 -0.240386 0.858668 28 
-0.154909 0.0195676 -0.149883 0.844157 29 
-0.0789782 0.0194325 -0.0624242 0.830134 30 
-0.00523107 0.0193013 0.0221419 0.816575 31 
0.0664257 0.0191739 0.103956 0.803457 32 
0.13608 0.01905 0.183151 0.79076 33 
0.203814 0.0189295 0.25985 0.778462 34 
0.269706 0.0188123 0.33417 0.766546 35 
0.333831 0.0186982 0.406219 0.754994 36 
0.396259 0.0185872 0.476099 0.74379 37 
0.457055 0.018479 0.543909 0.732917 38 
0.516284 0.0183737 0.609737 0.722363 39 
-3.37993 -0.541169 -9.39068 8.38251 50 
-2.54444 -0.347484 -4.73427 4.23578 51 
-2.0565 -0.234367 -3.20915 2.87759 52 
-1.73658 -0.160202 -2.45156 2.20292 53 
-1.51064 -0.107824 -1.99858 1.79953 54 
-1.34258 -0.0688631 -1.69725 1.53118 55 
-1.21267 -0.0387486 -1.48233 1.33979 56 
-1.10926 -0.0147749 -1.32132 1.1964 57 
-1.02498 0.00476253 -1.19619 1.08497 58 
-0.954981 0.0209908 -1.09615 0.995877 59 
4.03648 -0.858444 13.6543 9.21256 66 
2.87282 -0.568598 5.98125 4.21846 67 
2.21082 -0.403705 3.77845 2.78475 68 
1.7836 -0.297292 2.73339 2.10456 69 
1.48508 -0.222935 2.12328 1.70747 70 
1.26471 -0.168045 1.72337 1.44718 71 
1.09535 -0.125862 1.44098 1.26338 72 
0.961136 -0.0924308 1.23095 1.12668 73 
0.85215 -0.0652845 1.06862 1.02103 74 
0.761892 -0.0428028 0.939405 0.93693 75 
0.685916 -0.0238786 0.834105 0.868395 76 
0.621081 -0.00772927 0.746646 0.811471 77 
0.565103 0.00621373 0.672846 0.763437 78 
0.516284 0.0183737 0.609737 0.722363 79 
