-0.448414 0.0577408 -0.484765 0.717795 0 
-0.489796 0.0495188 -0.534363 0.756265 1 
-0.536818 0.0401761 -0.591705 0.800742 2 
-0.59072 0.0294666 -0.65876 0.852752 3 
-0.653128 0.0170668 -0.738222 0.914385 4 
-0.726231 0.00254218 -0.833887 0.988587 5 
-0.813035 -0.0147045 -0.951274 1.07964 6 
-0.917789 -0.0355177 -1.09873 1.19401 7 
-1.0467 -0.0611313 -1.2895 1.34197 8 
-1.20923 -0.0934223 -1.54595 1.54089 9 
-1.42047 -0.135394 -1.90908 1.82255 10 
-1.70621 -0.192166 -2.46291 2.25212 11 
-2.11427 -0.273243 -3.41116 2.98761 12 
-2.74462 -0.398485 -5.40814 4.53654 13 
-3.84688 -0.617488 -12.346 9.91779 14 
0.907714 -0.025284 1.08551 0.834848 20 
0.966451 -0.0428713 1.17245 0.898504 21 
1.03582 -0.0636426 1.27833 0.976021 22 
1.119 -0.0885487 1.41008 1.07248 23 
1.22057 -0.118961 1.57851 1.1958 24 
1.34739 -0.156931 1.80141 1.359 25 
1.51019 -0.205678 2.11031 1.58516 26 
1.72684 -0.270547 2.56687 1.91944 27 
2.02934 -0.361122 3.31023 2.46369 28 
2.48133 -0.496457 4.73436 3.50637 29 
3.22998 -0.720621 8.56431 6.31048 30 
4.71008 -1.16379 54.0482 39.6117 31 
-0.448414 0.0577408 -0.484765 0.717795 40 
-0.39191 0.0542814 -0.421533 0.722509 41 
-0.334082 0.0507411 -0.356628 0.727347 42 
-0.274884 0.0471169 -0.289985 0.732315 43 
-0.214266 0.0434057 -0.22153 0.737418 44 
-0.152177 0.0396045 -0.151191 0.742661 45 
-0.0885615 0.0357099 -0.0788879 0.748051 46 
-0.023364 0.0317183 -0.00453712 0.753593 47 
0.0434759 0.0276263 0.0719493 0.759295 48 
0.112021 0.0234298 0.150665 0.765162 49 
0.182337 0.0191249 0.231708 0.771204 50 
0.254495 0.0147073 0.315184 0.777426 51 
0.328566 0.0101725 0.401204 0.783838 52 
0.404629 0.00551579 0.489886 0.790449 53 
0.482764 0.000732193 0.581355 0.797267 54 
0.563058 -0.00418356 0.675746 0.804303 55 
0.645601 -0.00923702 0.7732 0.811568 56 
0.73049 -0.0144341 0.873868 0.819072 57 
0.817825 -0.0197809 0.977914 0.826828 58 
0.907714 -0.025284 1.08551 0.834848 59 
