4.49365 0.713768 13.1215 11.512 0 
3.38656 0.608876 7.09009 6.63543 1 
2.65881 0.539924 4.69388 4.698 2 
2.14394 0.491142 3.40746 3.65788 3 
1.76047 0.45481 2.6048 3.0089 4 
1.46379 0.4267 2.05622 2.56535 5 
1.22742 0.404305 1.65755 2.24302 6 
1.03468 0.386043 1.35474 1.99818 7 
0.874502 0.370867 1.11692 1.8059 8 
0.739281 0.358055 0.925201 1.65088 9 
0.623604 0.347095 0.767357 1.52326 10 
0.523521 0.337613 0.63514 1.41636 11 
0.436077 0.329328 0.522778 1.32551 12 
0.359019 0.322027 0.426111 1.24735 13 
0.290602 0.315545 0.342065 1.1794 14 
0.22945 0.309751 0.268319 1.11977 15 
0.174462 0.304541 0.203091 1.06703 16 
0.124753 0.299831 0.144984 1.02005 17 
0.079596 0.295553 0.0928922 0.977931 18 
0.038394 0.291649 0.0459283 0.939959 19 
-5.42387 0.960881 -57.4959 57.831 35 
-4.21683 0.761281 -12.5929 12.1431 36 
-3.51483 0.645196 -7.40484 6.86431 37 
-3.05575 0.569279 -5.39841 4.8228 38 
-2.73208 0.515757 -4.33369 3.73946 39 
4.49365 0.713768 13.1215 11.512 40 
5.42167 0.859732 34.3967 31.7189 41 
0.038394 0.291649 0.0459283 0.939959 60 
-0.00655954 0.295285 -0.00451258 0.972201 61 
-0.0551062 0.299212 -0.0595302 1.00737 62 
-0.107695 0.303466 -0.119777 1.04588 63 
-0.164851 0.30809 -0.186036 1.08823 64 
-0.227199 0.313133 -0.259254 1.13503 65 
-0.295478 0.318656 -0.340588 1.18702 66 
-0.370577 0.324731 -0.431468 1.24512 67 
-0.453572 0.331445 -0.533677 1.31045 68 
-0.545777 0.338903 -0.649476 1.38447 69 
-0.648816 0.347238 -0.781768 1.46903 70 
-0.764716 0.356614 -0.934346 1.56656 71 
-0.896046 0.367237 -1.11227 1.68029 72 
-1.04611 0.379376 -1.32241 1.81462 73 
-1.21922 0.393379 -1.5744 1.97569 74 
-1.42112 0.409711 -1.88214 2.1724 75 
-1.65966 0.429007 -2.2664 2.41803 76 
-1.9458 0.452153 -2.75979 2.73341 77 
-2.29537 0.480431 -3.4165 3.15318 78 
-2.73208 0.515757 -4.33369 3.73946 79 
