4 -4 2 1 -0.473844 0.145976 
4 -3.57895 2 1 -0.415592 0.141988 
4 -3.15789 2 1 -0.355611 0.137882 
4 -2.73684 2 1 -0.293822 0.133653 
4 -2.31579 2 1 -0.230142 0.129293 
4 -1.89474 2 1 -0.164482 0.124799 
4 -1.47368 2 1 -0.0967507 0.120162 
4 -1.05263 2 1 -0.0268464 0.115377 
4 -0.631579 2 1 0.0453365 0.110436 
4 -0.210526 2 1 0.119911 0.105331 
4 0.210526 2 1 0.196999 0.100054 
4 0.631579 2 1 0.276729 0.0945967 
4 1.05263 2 1 0.359239 0.0889487 
4 1.47368 2 1 0.444677 0.0831002 
4 1.89474 2 1 0.533202 0.0770405 
4 2.31579 2 1 0.624984 0.0707577 
4 2.73684 2 1 0.720206 0.0642394 
4 3.15789 2 1 0.819067 0.0574722 
4 3.57895 2 1 0.921777 0.0504414 
4 4 2 1 1.02857 0.0431313 
-2.31579 -4 2 1 -21.1859 5.90394 
-1.89474 -4 2 1 -6.93914 1.94333 
-1.47368 -4 2 1 -4.07835 1.14803 
-1.05263 -4 2 1 -2.85112 0.806859 
-0.631579 -4 2 1 -2.16902 0.617236 
-0.210526 -4 2 1 -1.73485 0.496535 
0.210526 -4 2 1 -1.43422 0.412959 
0.631579 -4 2 1 -1.21372 0.351662 
1.05263 -4 2 1 -1.0451 0.304784 
1.47368 -4 2 1 -0.911962 0.267772 
1.89474 -4 2 1 -0.804179 0.237809 
2.31579 -4 2 1 -0.715137 0.213055 
2.73684 -4 2 1 -0.640339 0.192261 
3.15789 -4 2 1 -0.57662 0.174547 
3.57895 -4 2 1 -0.521689 0.159276 
4 -4 2 1 -0.473844 0.145976 
-0.631579 4 2 1 35.8281 3.91896 
-0.210526 4 2 1 7.46816 0.760346 
0.210526 4 2 1 4.25473 0.402448 
0.631579 4 2 1 3.01541 0.264418 
1.05263 4 2 1 2.35853 0.191258 
1.47368 4 2 1 1.95163 0.145939 
1.89474 4 2 1 1.67482 0.115109 
2.31579 4 2 1 1.47431 0.0927769 
2.73684 4 2 1 1.32238 0.0758553 
3.15789 4 2 1 1.20328 0.0625903 
3.57895 4 2 1 1.10741 0.0519121 
4 4 2 1 1.02857 0.0431313 
4 -4 6 1 -0.405306 0.758949 
4 -3.57895 6 1 -0.346977 0.763852 
4 -3.15789 6 1 -0.286943 0.768897 
4 -2.73684 6 1 -0.225129 0.774092 
4 -2.31579 6 1 -0.161454 0.779444 
4 -1.89474 6 1 -0.0958331 0.784959 
4 -1.47368 6 1 -0.0281754 0.790645 
4 -1.05263 6 1 0.0416151 0.796511 
4 -0.631579 6 1 0.113641 0.802564 
4 -0.210526 6 1 0.188012 0.808814 
4 0.210526 6 1 0.264844 0.815272 
4 0.631579 6 1 0.34426 0.821946 
4 1.05263 6 1 0.426395 0.828849 
4 1.47368 6 1 0.51139 0.835992 
4 1.89474 6 1 0.599396 0.843389 
4 2.31579 6 1 0.690578 0.851052 
4 2.73684 6 1 0.785109 0.858997 
4 3.15789 6 1 0.883178 0.867239 
4 3.57895 6 1 0.984988 0.875795 
4 4 6 1 1.09076 0.884685 
-2.31579 -4 6 1 -12.9986 16.988 
-1.89474 -4 6 1 -5.42276 7.22498 
-1.47368 -4 6 1 -3.36698 4.57568 
-1.05263 -4 6 1 -2.40913 3.34129 
-0.631579 -4 6 1 -1.85502 2.6272 
-0.210526 -4 6 1 -1.49382 2.16172 
0.210526 -4 6 1 -1.23972 1.83426 
0.631579 -4 6 1 -1.05124 1.59137 
1.05263 -4 6 1 -0.905867 1.40403 
1.47368 -4 6 1 -0.79033 1.25513 
1.89474 -4 6 1 -0.696298 1.13395 
2.31579 -4 6 1 -0.618279 1.03341 
2.73684 -4 6 1 -0.552503 0.948643 
3.15789 -4 6 1 -0.496298 0.876211 
3.57895 -4 6 1 -0.447716 0.813604 
4 -4 6 1 -0.405306 0.758949 
-0.631579 4 6 1 20.3274 21.4663 
-0.210526 4 6 1 6.90374 7.10407 
0.210526 4 6 1 4.22801 4.24128 
0.631579 4 6 1 3.08219 3.01534 
1.05263 4 6 1 2.44585 2.33452 
1.47368 4 6 1 2.041 1.90137 
1.89474 4 6 1 1.76076 1.60153 
2.31579 4 6 1 1.55527 1.38168 
2.73684 4 6 1 1.39815 1.21357 
3.15789 4 6 1 1.27411 1.08086 
3.57895 4 6 1 1.1737 0.973427 
4 4 6 1 1.09076 0.884685 
