-4 -3.57895 2 1 16.0036 -3.83054 
-4 -3.15789 2 1 6.81398 -1.60679 
-4 -2.73684 2 1 4.22054 -0.979212 
-4 -2.31579 2 1 2.99699 -0.683131 
-4 -1.89474 2 1 2.28471 -0.510769 
-4 -1.47368 2 1 1.81862 -0.397982 
-4 -1.05263 2 1 1.48989 -0.318435 
-4 -0.631579 2 1 1.2456 -0.25932 
-4 -0.210526 2 1 1.05692 -0.213661 
-4 0.210526 2 1 0.906796 -0.177333 
-4 0.631579 2 1 0.784508 -0.147742 
-4 1.05263 2 1 0.682972 -0.123171 
-4 1.47368 2 1 0.597317 -0.102444 
-4 1.89474 2 1 0.524088 -0.0847237 
-4 2.31579 2 1 0.460765 -0.0694002 
-4 2.73684 2 1 0.405463 -0.0560182 
-4 3.15789 2 1 0.356751 -0.0442305 
-4 3.57895 2 1 0.313516 -0.0337683 
-4 4 2 1 0.274884 -0.0244199 
4 -0.210526 2 1 -12.2985 -1.38484 
4 0.210526 2 1 -5.69068 -0.536117 
4 0.631579 2 1 -3.80472 -0.293881 
4 1.05263 2 1 -2.91168 -0.179178 
4 1.47368 2 1 -2.39083 -0.11228 
4 1.89474 2 1 -2.04963 -0.0684549 
4 2.31579 2 1 -1.80879 -0.0375217 
4 2.73684 2 1 -1.62972 -0.0145213 
4 3.15789 2 1 -1.49135 0.003251 
4 3.57895 2 1 -1.38122 0.0173959 
4 4 2 1 -1.29149 0.028921 
-4 4 2 1 0.274884 -0.0244199 
-3.57895 4 2 1 0.226411 -0.0227692 
-3.15789 4 2 1 0.175666 -0.0210411 
-2.73684 4 2 1 0.122487 -0.0192302 
-2.31579 4 2 1 0.0666933 -0.0173302 
-1.89474 4 2 1 0.00808828 -0.0153345 
-1.47368 4 2 1 -0.0535464 -0.0132356 
-1.05263 4 2 1 -0.118452 -0.0110253 
-0.631579 4 2 1 -0.186896 -0.00869458 
-0.210526 4 2 1 -0.259175 -0.0062332 
0.210526 4 2 1 -0.335622 -0.00362989 
0.631579 4 2 1 -0.416608 -0.00087203 
1.05263 4 2 1 -0.502549 0.00205458 
1.47368 4 2 1 -0.593915 0.0051659 
1.89474 4 2 1 -0.691234 0.00848 
2.31579 4 2 1 -0.795111 0.0120174 
2.73684 4 2 1 -0.906229 0.0158014 
3.15789 4 2 1 -1.02537 0.0198587 
3.57895 4 2 1 -1.15345 0.0242201 
4 4 2 1 -1.29149 0.028921 
-4 -3.15789 6 1 18.9188 10.7293 
-4 -2.73684 6 1 7.47705 4.46275 
-4 -2.31579 6 1 4.54371 2.85618 
-4 -1.89474 6 1 3.20046 2.1205 
-4 -1.47368 6 1 2.43008 1.69857 
-4 -1.05263 6 1 1.93051 1.42496 
-4 -0.631579 6 1 1.5803 1.23315 
-4 -0.210526 6 1 1.32117 1.09123 
-4 0.210526 6 1 1.12169 0.981974 
-4 0.631579 6 1 0.963383 0.89527 
-4 1.05263 6 1 0.834694 0.824788 
-4 1.47368 6 1 0.728023 0.766365 
-4 1.89474 6 1 0.638164 0.717151 
-4 2.31579 6 1 0.561434 0.675126 
-4 2.73684 6 1 0.49515 0.638823 
-4 3.15789 6 1 0.437316 0.607148 
-4 3.57895 6 1 0.386413 0.579268 
-4 4 6 1 0.341265 0.554541 
4 0.210526 6 1 -13.3389 13.2538 
4 0.631579 6 1 -5.74385 5.54988 
4 1.05263 6 1 -3.77063 3.54838 
4 1.47368 6 1 -2.86344 2.62819 
4 1.89474 6 1 -2.34213 2.0994 
4 2.31579 6 1 -2.00367 1.75609 
4 2.73684 6 1 -1.76621 1.51523 
4 3.15789 6 1 -1.59042 1.33692 
4 3.57895 6 1 -1.45503 1.19959 
4 4 6 1 -1.34754 1.09056 
-4 4 6 1 0.341265 0.554541 
-3.57895 4 6 1 0.291328 0.570391 
-3.15789 4 6 1 0.2389 0.587031 
-2.73684 4 6 1 0.183788 0.604524 
-2.31579 4 6 1 0.125782 0.622935 
-1.89474 4 6 1 0.0646468 0.642339 
-1.47368 4 6 1 0.000122609 0.662819 
-1.05263 4 6 1 -0.0680804 0.684466 
-0.631579 4 6 1 -0.140286 0.707384 
-0.210526 4 6 1 -0.216858 0.731688 
0.210526 4 6 1 -0.298203 0.757506 
0.631579 4 6 1 -0.384784 0.784987 
1.05263 4 6 1 -0.477122 0.814294 
1.47368 4 6 1 -0.57581 0.845618 
1.89474 4 6 1 -0.681528 0.879173 
2.31579 4 6 1 -0.795055 0.915206 
2.73684 4 6 1 -0.917288 0.954002 
3.15789 4 6 1 -1.04927 0.995892 
3.57895 4 6 1 -1.19221 1.04126 
4 4 6 1 -1.34754 1.09056 
