-0.706104 0.163178 -0.700884 0.95664 20 
-0.63006 0.156782 -0.618341 0.949698 21 
-0.554015 0.150387 -0.535798 0.942755 22 
-0.477971 0.143991 -0.453255 0.935813 23 
-0.401926 0.137595 -0.370713 0.92887 24 
-0.325882 0.1312 -0.28817 0.921928 25 
-0.249838 0.124804 -0.205627 0.914985 26 
-0.173793 0.118409 -0.123085 0.908042 27 
-0.0977493 0.112013 -0.0405424 0.9011 28 
-0.0217052 0.105618 0.0419999 0.894157 29 
0.0543388 0.099222 0.124542 0.887215 30 
0.130383 0.0928264 0.207084 0.880272 31 
0.206427 0.0864309 0.289626 0.87333 32 
0.28247 0.0800353 0.372168 0.866387 33 
0.358514 0.0736398 0.45471 0.859445 34 
0.434558 0.0672442 0.537252 0.852502 35 
0.510601 0.0608487 0.619794 0.84556 36 
0.586645 0.0544532 0.702335 0.838618 37 
0.662688 0.0480577 0.784877 0.831675 38 
0.738731 0.0416622 0.867418 0.824733 39 
-7.9681 0.714718 -59.8121 71.5359 47 
-4.31202 0.437043 -7.52728 9.10741 48 
-2.95398 0.333901 -4.01238 4.9106 49 
-2.24542 0.280087 -2.73333 3.3834 50 
-1.81033 0.247043 -2.07156 2.59323 51 
-1.51601 0.224689 -1.66708 2.11028 52 
-1.30365 0.208561 -1.39426 1.78454 53 
-1.1432 0.196375 -1.19782 1.54998 54 
-1.0177 0.186843 -1.04962 1.37303 55 
-0.916847 0.179184 -0.933831 1.23478 56 
-0.834035 0.172894 -0.840873 1.12379 57 
-0.764819 0.167637 -0.764598 1.03271 58 
-0.706104 0.163178 -0.700884 0.95664 59 
8.14545 -0.640482 72.2595 60.3725 67 
4.41668 -0.29707 9.11811 7.70659 68 
3.03155 -0.169502 4.87005 4.1633 69 
2.30884 -0.102942 3.32409 2.87383 70 
1.86506 -0.0620702 2.5242 2.20665 71 
1.56485 -0.0344215 2.0353 1.79886 72 
1.34824 -0.0144722 1.70554 1.5238 73 
1.18458 0.000600792 1.46809 1.32575 74 
1.05656 0.0123906 1.28895 1.17633 75 
0.953693 0.0218646 1.14899 1.05959 76 
0.869223 0.0296441 1.03663 0.965872 77 
0.798621 0.0361464 0.944433 0.88897 78 
0.738731 0.0416622 0.867418 0.824733 79 
