-4.44325 0.214685 -2.78042 1.99393 0 
-5.24688 0.320735 -3.00121 2.30809 1 
-6.58702 0.497585 -3.29544 2.72675 2 
-9.27019 0.851666 -3.70708 3.31247 3 
-17.3428 1.91696 -4.3239 4.19015 4 
-0.0996725 -0.124147 -0.0925629 0.369021 20 
-0.0576694 -0.120998 -0.0545491 0.388303 21 
-0.0124306 -0.117606 -0.0139118 0.408917 22 
0.0364328 -0.113943 0.0296304 0.431004 23 
0.0893744 -0.109973 0.0764004 0.454728 24 
0.146927 -0.105658 0.126771 0.480278 25 
0.209721 -0.10095 0.181174 0.507875 26 
0.278505 -0.095793 0.240115 0.537773 27 
0.354181 -0.0901192 0.304186 0.570273 28 
0.437839 -0.0838469 0.374088 0.60573 29 
0.530811 -0.0768762 0.450652 0.644568 30 
0.634745 -0.0690837 0.534882 0.687294 31 
0.751702 -0.0603148 0.627987 0.734522 32 
0.884291 -0.0503738 0.731449 0.787003 33 
1.03587 -0.0390088 0.847098 0.845667 34 
1.21084 -0.0258904 0.977222 0.911672 35 
1.41506 -0.0105787 1.12472 0.986491 36 
1.65654 0.00752631 1.29332 1.07201 37 
1.9465 0.0292659 1.4879 1.17072 38 
2.30115 0.0558567 1.71497 1.2859 39 
-4.44325 0.214685 -2.78042 1.99393 40 
-3.41295 0.134313 -2.30515 1.70661 41 
-2.71864 0.0801519 -1.94004 1.48589 42 
-2.21901 0.0411771 -1.65078 1.31102 43 
-1.84225 0.0117868 -1.41594 1.16905 44 
-1.54799 -0.0111673 -1.2215 1.0515 45 
-1.31182 -0.0295908 -1.05785 0.952571 46 
-1.11807 -0.0447045 -0.918216 0.868158 47 
-0.956261 -0.0573269 -0.797673 0.795285 48 
-0.819094 -0.0680269 -0.692557 0.731739 49 
-0.701338 -0.0772128 -0.600083 0.675835 50 
-0.599145 -0.0851846 -0.518101 0.626274 51 
-0.509621 -0.0921682 -0.444921 0.582034 52 
-0.430547 -0.0983365 -0.379197 0.542301 53 
-0.360195 -0.103824 -0.319845 0.506421 54 
-0.297198 -0.108739 -0.265982 0.473859 55 
-0.240458 -0.113165 -0.216879 0.444174 56 
-0.189088 -0.117172 -0.171933 0.417003 57 
-0.14236 -0.120817 -0.130637 0.392038 58 
-0.0996725 -0.124147 -0.0925629 0.369021 59 
26.8841 4.33933 3.80723 4.85483 72 
8.47683 1.13194 3.04969 3.56264 73 
5.31619 0.581214 2.60072 2.79678 74 
4.0068 0.353058 2.30367 2.29009 75 
3.29061 0.228266 2.0926 1.93005 76 
2.83897 0.149568 1.93489 1.66104 77 
2.52814 0.095408 1.81259 1.45242 78 
2.30115 0.0558567 1.71497 1.2859 79 
