4 -4 2 1 -1.18854 0.192372 
4 -3.57895 2 1 -1.05746 0.192727 
4 -3.15789 2 1 -0.934092 0.193062 
4 -2.73684 2 1 -0.817766 0.193377 
4 -2.31579 2 1 -0.707899 0.193675 
4 -1.89474 2 1 -0.603967 0.193957 
4 -1.47368 2 1 -0.505502 0.194224 
4 -1.05263 2 1 -0.412083 0.194477 
4 -0.631579 2 1 -0.323332 0.194718 
4 -0.210526 2 1 -0.238908 0.194947 
4 0.210526 2 1 -0.158502 0.195165 
4 0.631579 2 1 -0.0818336 0.195373 
4 1.05263 2 1 -0.00864826 0.195571 
4 1.47368 2 1 0.0612861 0.195761 
4 1.89474 2 1 0.128182 0.195942 
4 2.31579 2 1 0.192232 0.196116 
4 2.73684 2 1 0.253614 0.196282 
4 3.15789 2 1 0.312493 0.196442 
4 3.57895 2 1 0.369018 0.196595 
4 4 2 1 0.423327 0.196742 
-0.210526 -4 2 1 -22.3161 -0.0588199 
0.210526 -4 2 1 -6.67533 0.127138 
0.631579 -4 2 1 -4.03826 0.158491 
1.05263 -4 2 1 -2.94986 0.171431 
1.47368 -4 2 1 -2.35556 0.178497 
1.89474 -4 2 1 -1.98115 0.182949 
2.31579 -4 2 1 -1.72364 0.18601 
2.73684 -4 2 1 -1.53567 0.188245 
3.15789 -4 2 1 -1.39243 0.189948 
3.57895 -4 2 1 -1.27964 0.191289 
4 -4 2 1 -1.18854 0.192372 
-2.73684 4 2 1 21.2755 0.0360526 
-2.31579 4 2 1 7.59389 0.141485 
-1.89474 4 2 1 4.52113 0.165164 
-1.47368 4 2 1 3.16534 0.175612 
-1.05263 4 2 1 2.40169 0.181497 
-0.631579 4 2 1 1.91178 0.185272 
-0.210526 4 2 1 1.5708 0.1879 
0.210526 4 2 1 1.3198 0.189834 
0.631579 4 2 1 1.12731 0.191317 
1.05263 4 2 1 0.975007 0.192491 
1.47368 4 2 1 0.851498 0.193443 
1.89474 4 2 1 0.749321 0.19423 
2.31579 4 2 1 0.66339 0.194892 
2.73684 4 2 1 0.590115 0.195457 
3.15789 4 2 1 0.526892 0.195944 
3.57895 4 2 1 0.471786 0.196369 
4 4 2 1 0.423327 0.196742 
4 -4 6 1 -1.47622 1.43074 
4 -3.57895 6 1 -1.30393 1.38496 
4 -3.15789 6 1 -1.14403 1.34247 
4 -2.73684 6 1 -0.995233 1.30293 
4 -2.31579 6 1 -0.856429 1.26605 
4 -1.89474 6 1 -0.72664 1.23156 
4 -1.47368 6 1 -0.605016 1.19924 
4 -1.05263 6 1 -0.49081 1.1689 
4 -0.631579 6 1 -0.383363 1.14035 
4 -0.210526 6 1 -0.282092 1.11344 
4 0.210526 6 1 -0.186481 1.08803 
4 0.631579 6 1 -0.0960665 1.06401 
4 1.05263 6 1 -0.010437 1.04125 
4 1.47368 6 1 0.0707777 1.01967 
4 1.89474 6 1 0.147911 0.999178 
4 2.31579 6 1 0.221262 0.979688 
4 2.73684 6 1 0.291102 0.96113 
4 3.15789 6 1 0.357679 0.943439 
4 3.57895 6 1 0.421215 0.926556 
4 4 6 1 0.481914 0.910428 
0.631579 -4 6 1 -25.5254 27.2361 
1.05263 -4 6 1 -7.27898 7.65724 
1.47368 -4 6 1 -4.36085 4.52601 
1.89474 -4 6 1 -3.16904 3.24717 
2.31579 -4 6 1 -2.52134 2.55217 
2.73684 -4 6 1 -2.11439 2.1155 
3.15789 -4 6 1 -1.83499 1.8157 
3.57895 -4 6 1 -1.6313 1.59714 
4 -4 6 1 -1.47622 1.43074 
-1.89474 4 6 1 21.0242 18.7843 
-1.47368 4 6 1 7.28567 6.83039 
-1.05263 4 6 1 4.30369 4.23577 
-0.631579 4 6 1 2.9996 3.10107 
-0.210526 4 6 1 2.26818 2.46466 
0.210526 4 6 1 1.80012 2.0574 
0.631579 4 6 1 1.47488 1.77441 
1.05263 4 6 1 1.23575 1.56634 
1.47368 4 6 1 1.05253 1.40692 
1.89474 4 6 1 0.907656 1.28087 
2.31579 4 6 1 0.790237 1.1787 
2.73684 4 6 1 0.693143 1.09422 
3.15789 4 6 1 0.611517 1.0232 
3.57895 4 6 1 0.541935 0.962652 
4 4 6 1 0.481914 0.910428 
