4 -4 2 1 -0.349019 -0.232363 
4 -3.57895 2 1 -0.298812 -0.239284 
4 -3.15789 2 1 -0.246001 -0.246564 
4 -2.73684 2 1 -0.190376 -0.254232 
4 -2.31579 2 1 -0.131708 -0.262319 
4 -1.89474 2 1 -0.0697399 -0.270861 
4 -1.47368 2 1 -0.00418441 -0.279898 
4 -1.05263 2 1 0.0652788 -0.289473 
4 -0.631579 2 1 0.13901 -0.299637 
4 -0.210526 2 1 0.217415 -0.310445 
4 0.210526 2 1 0.300952 -0.321961 
4 0.631579 2 1 0.390143 -0.334255 
4 1.05263 2 1 0.485582 -0.347411 
4 1.47368 2 1 0.587949 -0.361522 
4 1.89474 2 1 0.698027 -0.376696 
4 2.31579 2 1 0.816721 -0.393058 
4 2.73684 2 1 0.945084 -0.410753 
4 3.15789 2 1 1.08435 -0.42995 
4 3.57895 2 1 1.23596 -0.45085 
4 4 2 1 1.40165 -0.473689 
-3.15789 -4 2 1 -24.3655 -2.3012 
-2.73684 -4 2 1 -8.35228 -0.921782 
-2.31579 -4 2 1 -4.90756 -0.625047 
-1.89474 -4 2 1 -3.40455 -0.495573 
-1.47368 -4 2 1 -2.56246 -0.423034 
-1.05263 -4 2 1 -2.02394 -0.376644 
-0.631579 -4 2 1 -1.64989 -0.344423 
-0.210526 -4 2 1 -1.37495 -0.32074 
0.210526 -4 2 1 -1.16434 -0.302597 
0.631579 -4 2 1 -0.997849 -0.288255 
1.05263 -4 2 1 -0.862923 -0.276632 
1.47368 -4 2 1 -0.751364 -0.267022 
1.89474 -4 2 1 -0.657587 -0.258944 
2.31579 -4 2 1 -0.577653 -0.252058 
2.73684 -4 2 1 -0.508708 -0.246119 
3.15789 -4 2 1 -0.448631 -0.240944 
3.57895 -4 2 1 -0.395815 -0.236394 
4 -4 2 1 -0.349019 -0.232363 
0.210526 4 2 1 28.3428 -8.97414 
0.631579 4 2 1 7.29109 -2.33192 
1.05263 4 2 1 4.33953 -1.40065 
1.47368 4 2 1 3.16274 -1.02935 
1.89474 4 2 1 2.52999 -0.829703 
2.31579 4 2 1 2.13484 -0.705026 
2.73684 4 2 1 1.86462 -0.619765 
3.15789 4 2 1 1.66816 -0.55778 
3.57895 4 2 1 1.5189 -0.510685 
4 4 2 1 1.40165 -0.473689 
4 -4 6 1 -0.28266 0.329911 
4 -3.57895 6 1 -0.234649 0.336662 
4 -3.15789 6 1 -0.184336 0.343736 
4 -2.73684 6 1 -0.131554 0.351157 
4 -2.31579 6 1 -0.076116 0.358952 
4 -1.89474 6 1 -0.0178157 0.36715 
4 -1.47368 6 1 0.0435739 0.375782 
4 -1.05263 6 1 0.108305 0.384883 
4 -0.631579 6 1 0.176659 0.394494 
4 -0.210526 6 1 0.248947 0.404658 
4 0.210526 6 1 0.32552 0.415425 
4 0.631579 6 1 0.406771 0.426849 
4 1.05263 6 1 0.493141 0.438994 
4 1.47368 6 1 0.58513 0.451928 
4 1.89474 6 1 0.683305 0.465732 
4 2.31579 6 1 0.788311 0.480496 
4 2.73684 6 1 0.900888 0.496325 
4 3.15789 6 1 1.02188 0.513338 
4 3.57895 6 1 1.15228 0.531673 
4 4 6 1 1.29322 0.55149 
-3.57895 -4 6 1 -14.0046 9.93422 
-3.15789 -4 6 1 -6.52318 4.69779 
-2.73684 -4 6 1 -4.15067 3.03721 
-2.31579 -4 6 1 -2.98592 2.22198 
-1.89474 -4 6 1 -2.2938 1.73755 
-1.47368 -4 6 1 -1.83516 1.41654 
-1.05263 -4 6 1 -1.50891 1.18819 
-0.631579 -4 6 1 -1.26495 1.01744 
-0.210526 -4 6 1 -1.07564 0.884933 
0.210526 -4 6 1 -0.92446 0.77912 
0.631579 -4 6 1 -0.800948 0.692672 
1.05263 -4 6 1 -0.698145 0.620717 
1.47368 -4 6 1 -0.611245 0.559894 
1.89474 -4 6 1 -0.536822 0.507804 
2.31579 -4 6 1 -0.47237 0.462692 
2.73684 -4 6 1 -0.41601 0.423245 
3.15789 -4 6 1 -0.366309 0.388458 
3.57895 -4 6 1 -0.322152 0.357552 
4 -4 6 1 -0.28266 0.329911 
-0.210526 4 6 1 13.5725 10.6985 
0.210526 4 6 1 5.86951 4.33311 
0.631579 4 6 1 3.8582 2.67106 
1.05263 4 6 1 2.9321 1.90578 
1.47368 4 6 1 2.39952 1.46568 
1.89474 4 6 1 2.05359 1.17982 
2.31579 4 6 1 1.81081 0.979205 
2.73684 4 6 1 1.63104 0.830652 
3.15789 4 6 1 1.49257 0.716223 
3.57895 4 6 1 1.38262 0.625371 
4 4 6 1 1.29322 0.55149 
