4 -4 2 1 -1.51768 0.396969 
4 -3.57895 2 1 -1.33659 0.390762 
4 -3.15789 2 1 -1.17226 0.385129 
4 -2.73684 2 1 -1.02247 0.379994 
4 -2.31579 2 1 -0.885369 0.375294 
4 -1.89474 2 1 -0.759409 0.370976 
4 -1.47368 2 1 -0.643287 0.366995 
4 -1.05263 2 1 -0.535893 0.363314 
4 -0.631579 2 1 -0.436279 0.359899 
4 -0.210526 2 1 -0.343629 0.356723 
4 0.210526 2 1 -0.257237 0.353762 
4 0.631579 2 1 -0.17649 0.350994 
4 1.05263 2 1 -0.100852 0.348401 
4 1.47368 2 1 -0.0298535 0.345967 
4 1.89474 2 1 0.0369201 0.343678 
4 2.31579 2 1 0.099835 0.341521 
4 2.73684 2 1 0.159216 0.339486 
4 3.15789 2 1 0.215353 0.337562 
4 3.57895 2 1 0.268505 0.33574 
4 4 2 1 0.318903 0.334012 
0.631579 -4 2 1 -10.0693 2.24123 
1.05263 -4 2 1 -5.21704 1.19478 
1.47368 -4 2 1 -3.62372 0.85116 
1.89474 -4 2 1 -2.83151 0.68031 
2.31579 -4 2 1 -2.35759 0.578105 
2.73684 -4 2 1 -2.04224 0.510095 
3.15789 -4 2 1 -1.81727 0.461578 
3.57895 -4 2 1 -1.6487 0.425225 
4 -4 2 1 -1.51768 0.396969 
-3.15789 4 2 1 20.1916 4.41369 
-2.73684 4 2 1 7.86927 1.88403 
-2.31579 4 2 1 4.75315 1.24432 
-1.89474 4 2 1 3.33198 0.952568 
-1.47368 4 2 1 2.51854 0.785576 
-1.05263 4 2 1 1.99167 0.677416 
-0.631579 4 2 1 1.62262 0.601653 
-0.210526 4 2 1 1.34972 0.545629 
0.210526 4 2 1 1.13972 0.502518 
0.631579 4 2 1 0.97312 0.468316 
1.05263 4 2 1 0.837729 0.440522 
1.47368 4 2 1 0.725527 0.417488 
1.89474 4 2 1 0.631026 0.398088 
2.31579 4 2 1 0.550345 0.381525 
2.73684 4 2 1 0.480658 0.367219 
3.15789 4 2 1 0.419861 0.354738 
3.57895 4 2 1 0.366355 0.343753 
4 4 2 1 0.318903 0.334012 
4 -4 6 1 -1.99846 1.99863 
4 -3.57895 6 1 -1.74009 1.89255 
4 -3.15789 6 1 -1.51158 1.79874 
4 -2.73684 6 1 -1.30804 1.71517 
4 -2.31579 6 1 -1.12559 1.64026 
4 -1.89474 6 1 -0.961102 1.57273 
4 -1.47368 6 1 -0.812059 1.51154 
4 -1.05263 6 1 -0.676379 1.45584 
4 -0.631579 6 1 -0.552343 1.40491 
4 -0.210526 6 1 -0.438513 1.35818 
4 0.210526 6 1 -0.33368 1.31514 
4 0.631579 6 1 -0.236818 1.27537 
4 1.05263 6 1 -0.14705 1.23851 
4 1.47368 6 1 -0.0636252 1.20426 
4 1.89474 6 1 0.0141061 1.17235 
4 2.31579 6 1 0.0867076 1.14254 
4 2.73684 6 1 0.154671 1.11464 
4 3.15789 6 1 0.218426 1.08847 
4 3.57895 6 1 0.278354 1.06386 
4 4 6 1 0.334787 1.04069 
1.05263 -4 6 1 -1421.39 1701.42 
1.47368 -4 6 1 -11.0861 12.8792 
1.89474 -4 6 1 -5.79919 6.54919 
2.31579 -4 6 1 -4.02805 4.42863 
2.73684 -4 6 1 -3.14082 3.36636 
3.15789 -4 6 1 -2.60795 2.72836 
3.57895 -4 6 1 -2.25248 2.30276 
4 -4 6 1 -1.99846 1.99863 
-2.31579 4 6 1 17.4691 19.4889 
-1.89474 4 6 1 6.95659 8.17027 
-1.47368 4 6 1 4.21189 5.2151 
-1.05263 4 6 1 2.94813 3.85444 
-0.631579 4 6 1 2.22138 3.07196 
-0.210526 4 6 1 1.74933 2.56371 
0.210526 4 6 1 1.41806 2.20703 
0.631579 4 6 1 1.17275 1.94291 
1.05263 4 6 1 0.98379 1.73946 
1.47368 4 6 1 0.833765 1.57793 
1.89474 4 6 1 0.711765 1.44658 
2.31579 4 6 1 0.610608 1.33766 
2.73684 4 6 1 0.525373 1.24589 
3.15789 4 6 1 0.452574 1.16751 
3.57895 4 6 1 0.389676 1.09979 
4 4 6 1 0.334787 1.04069 
