0.222665 -0.1008 0.208715 0.40123 0 
0.17794 -0.0969224 0.168128 0.418561 1 
0.130383 -0.0927992 0.125239 0.436874 2 
0.0797177 -0.0884065 0.0798464 0.456257 3 
0.025628 -0.0837169 0.0317243 0.476805 4 
-0.0322451 -0.0786993 -0.0193812 0.498627 5 
-0.0943127 -0.073318 -0.0737564 0.521845 6 
-0.161048 -0.067532 -0.131725 0.546598 7 
-0.232999 -0.0612939 -0.193656 0.573042 8 
-0.310801 -0.0545484 -0.25997 0.601358 9 
-0.395197 -0.0472312 -0.331149 0.631751 10 
-0.487065 -0.0392662 -0.407749 0.664459 11 
-0.587441 -0.0305636 -0.490414 0.699757 12 
-0.697566 -0.0210157 -0.579894 0.737964 13 
-0.818932 -0.0104933 -0.677066 0.779457 14 
-0.953352 0.001161 -0.78297 0.824678 15 
-1.10305 0.0141401 -0.898836 0.874152 16 
-1.2708 0.0286835 -1.02614 0.92851 17 
-1.46005 0.0450923 -1.16666 0.988513 18 
-1.67525 0.0637498 -1.32257 1.05509 19 
12.1369 1.15849 4.62833 3.55112 20 
20.7014 2.29343 5.23141 4.32409 21 
106.797 13.7027 6.14471 5.49466 22 
0.222665 -0.1008 0.208715 0.40123 40 
0.266265 -0.0961918 0.247178 0.428643 41 
0.314617 -0.0910812 0.289381 0.458721 42 
0.368545 -0.0853812 0.335897 0.491874 43 
0.429072 -0.0789838 0.387425 0.528598 44 
0.497488 -0.0717526 0.44482 0.569504 45 
0.575442 -0.0635132 0.509144 0.615348 46 
0.665078 -0.054039 0.581732 0.667082 47 
0.769237 -0.0430298 0.664288 0.72592 48 
0.891758 -0.0300799 0.759014 0.793432 49 
1.03797 -0.0146264 0.868817 0.87169 50 
1.21546 0.00413442 0.997608 0.96348 51 
1.4355 0.0273915 1.15078 1.07264 52 
1.71546 0.0569814 1.33597 1.20463 53 
2.08365 0.0958982 1.5644 1.36744 54 
2.58962 0.149377 1.85322 1.57328 55 
3.32848 0.227471 2.23001 1.84182 56 
4.50911 0.352258 2.74219 2.20685 57 
6.69665 0.583472 3.47871 2.73178 58 
12.1369 1.15849 4.62833 3.55112 59 
-1.67525 0.0637498 -1.32257 1.05509 60 
-1.80978 0.0961163 -1.39234 1.17886 61 
-1.98366 0.137949 -1.47751 1.32995 62 
-2.2171 0.194113 -1.58382 1.51855 63 
-2.54704 0.273493 -1.72025 1.76057 64 
-3.04891 0.394236 -1.9017 2.08249 65 
-3.90442 0.600063 -2.1549 2.53166 66 
-5.69072 1.02983 -2.53284 3.20215 67 
-11.7391 2.485 -3.15788 4.31099 68 
