-4 -4 2 1 9.49508 -2.16309 
-4 -3.57895 2 1 5.49928 -1.22594 
-4 -3.15789 2 1 3.77612 -0.821804 
-4 -2.73684 2 1 2.81603 -0.596631 
-4 -2.31579 2 1 2.20402 -0.453096 
-4 -1.89474 2 1 1.77985 -0.353614 
-4 -1.47368 2 1 1.46855 -0.280602 
-4 -1.05263 2 1 1.23035 -0.224737 
-4 -0.631579 2 1 1.04221 -0.180612 
-4 -0.210526 2 1 0.889849 -0.144879 
-4 0.210526 2 1 0.76395 -0.115352 
-4 0.631579 2 1 0.658168 -0.0905424 
-4 1.05263 2 1 0.568039 -0.0694041 
-4 1.47368 2 1 0.490327 -0.0511782 
-4 1.89474 2 1 0.422632 -0.0353015 
-4 2.31579 2 1 0.363134 -0.0213473 
-4 2.73684 2 1 0.310429 -0.00898639 
-4 3.15789 2 1 0.263418 0.00203939 
-4 3.57895 2 1 0.221224 0.0119353 
-4 4 2 1 0.183143 0.0208665 
4 0.210526 2 1 -12.9866 -2.33882 
4 0.631579 2 1 -6.12021 -0.938643 
4 1.05263 2 1 -4.14134 -0.535117 
4 1.47368 2 1 -3.20132 -0.343428 
4 1.89474 2 1 -2.65217 -0.231448 
4 2.31579 2 1 -2.29207 -0.158016 
4 2.73684 2 1 -2.03773 -0.106151 
4 3.15789 2 1 -1.84852 -0.0675686 
4 3.57895 2 1 -1.70227 -0.0377449 
4 4 2 1 -1.58583 -0.0140015 
-4 -4 2 1 9.49508 -2.16309 
-3.57895 -4 2 1 14.0433 -3.47346 
-3.15789 -4 2 1 31.7548 -8.57633 
-4 4 2 1 0.183143 0.0208665 
-3.57895 4 2 1 0.137369 0.0199642 
-3.15789 4 2 1 0.0889338 0.0190095 
-2.73684 4 2 1 0.0375995 0.0179977 
-2.31579 4 2 1 -0.0169027 0.0169234 
-1.89474 4 2 1 -0.0748755 0.0157807 
-1.47368 4 2 1 -0.136661 0.0145629 
-1.05263 4 2 1 -0.202649 0.0132622 
-0.631579 4 2 1 -0.273282 0.0118699 
-0.210526 4 2 1 -0.34907 0.0103761 
0.210526 4 2 1 -0.430597 0.00876912 
0.631579 4 2 1 -0.518541 0.00703566 
1.05263 4 2 1 -0.613692 0.00516015 
1.47368 4 2 1 -0.716972 0.00312441 
1.89474 4 2 1 -0.82947 0.000906973 
2.31579 4 2 1 -0.952478 -0.00151762 
2.73684 4 2 1 -1.08754 -0.00417982 
3.15789 4 2 1 -1.23652 -0.00711636 
3.57895 4 2 1 -1.40169 -0.0103719 
4 4 2 1 -1.58583 -0.0140015 
-4 -3.57895 6 1 19.0929 10.2747 
-4 -3.15789 6 1 7.92092 4.54485 
-4 -2.73684 6 1 4.84713 2.96838 
-4 -2.31579 6 1 3.40872 2.23065 
-4 -1.89474 6 1 2.57479 1.80295 
-4 -1.47368 6 1 2.03046 1.52378 
-4 -1.05263 6 1 1.6472 1.32722 
-4 -0.631579 6 1 1.36273 1.18132 
-4 -0.210526 6 1 1.14321 1.06873 
-4 0.210526 6 1 0.968677 0.979221 
-4 0.631579 6 1 0.82659 0.906348 
-4 1.05263 6 1 0.708669 0.845869 
-4 1.47368 6 1 0.609232 0.794871 
-4 1.89474 6 1 0.524249 0.751285 
-4 2.31579 6 1 0.450782 0.713606 
-4 2.73684 6 1 0.386638 0.680709 
-4 3.15789 6 1 0.33015 0.651737 
-4 3.57895 6 1 0.280023 0.626028 
-4 4 6 1 0.235241 0.60306 
4 0.631579 6 1 -198.601 175.071 
4 1.05263 6 1 -10.4333 8.91353 
4 1.47368 6 1 -5.62288 4.66579 
4 1.89474 6 1 -3.96428 3.2012 
4 2.31579 6 1 -3.12424 2.45942 
4 2.73684 6 1 -2.61673 2.01128 
4 3.15789 6 1 -2.27693 1.71122 
4 3.57895 6 1 -2.03348 1.49625 
4 4 6 1 -1.85051 1.33467 
-4 4 6 1 0.235241 0.60306 
-3.57895 4 6 1 0.186659 0.620101 
-3.15789 4 6 1 0.134972 0.638231 
-2.73684 4 6 1 0.079873 0.657558 
-2.31579 4 6 1 0.0210111 0.678205 
-1.89474 4 6 1 -0.042012 0.700312 
-1.47368 4 6 1 -0.109654 0.724039 
-1.05263 4 6 1 -0.182442 0.74957 
-0.631579 4 6 1 -0.260986 0.777121 
-0.210526 4 6 1 -0.345997 0.80694 
0.210526 4 6 1 -0.438309 0.83932 
0.631579 4 6 1 -0.538903 0.874606 
1.05263 4 6 1 -0.648947 0.913206 
1.47368 4 6 1 -0.769839 0.955611 
1.89474 4 6 1 -0.903265 1.00241 
2.31579 4 6 1 -1.05128 1.05433 
2.73684 4 6 1 -1.21642 1.11226 
3.15789 4 6 1 -1.40183 1.17729 
3.57895 4 6 1 -1.6115 1.25084 
4 4 6 1 -1.85051 1.33467 
