9.74984 -0.3968 18.3913 15.0069 16 
6.78248 -0.198222 9.45394 7.30868 17 
5.34079 -0.101743 6.62467 4.87169 18 
4.48875 -0.0447234 5.23656 3.67604 19 
-2.32397 -0.467552 -2.81365 1.44924 20 
-1.95072 -0.398774 -2.3394 1.29796 21 
-1.64944 -0.343258 -1.96596 1.17883 22 
-1.40114 -0.297505 -1.66427 1.08259 23 
-1.19298 -0.259148 -1.41547 1.00322 24 
-1.01595 -0.226527 -1.20676 0.936649 25 
-0.863559 -0.198446 -1.02919 0.880003 26 
-0.730991 -0.174018 -0.876261 0.83122 27 
-0.614617 -0.152574 -0.743183 0.788768 28 
-0.51164 -0.133599 -0.626324 0.751491 29 
-0.419873 -0.116689 -0.522891 0.718496 30 
-0.33758 -0.101525 -0.430694 0.689086 31 
-0.263366 -0.0878496 -0.347998 0.662706 32 
-0.196096 -0.075454 -0.273406 0.638911 33 
-0.13484 -0.0641665 -0.205782 0.617339 34 
-0.0788257 -0.0538448 -0.144193 0.597693 35 
-0.0274078 -0.0443702 -0.0878667 0.579725 36 
0.019957 -0.0356424 -0.0361552 0.563229 37 
0.0637299 -0.0275765 0.0114859 0.548032 38 
0.104305 -0.0200999 0.0555192 0.533985 39 
-10.5494 -2.99322 -47.8997 35.0508 53 
-5.8762 -1.55829 -10.6 7.25219 54 
-4.2418 -1.05644 -6.2882 4.03874 55 
-3.40943 -0.80085 -4.62055 2.79588 56 
-2.90504 -0.645974 -3.73557 2.13633 57 
-2.56668 -0.54208 -3.187 1.72749 58 
-2.32397 -0.467552 -2.81365 1.44924 59 
4.48875 -0.0447234 5.23656 3.67604 60 
3.44869 -0.0388823 3.8272 2.82133 61 
2.74783 -0.0349462 2.94785 2.28805 62 
2.2435 -0.0321138 2.34686 1.92358 63 
1.86319 -0.029978 1.91012 1.65871 64 
1.56618 -0.0283099 1.57839 1.45753 65 
1.32779 -0.0269711 1.31785 1.29953 66 
1.13222 -0.0258728 1.10782 1.17216 67 
0.968899 -0.0249555 0.934903 1.06729 68 
0.830448 -0.024178 0.790059 0.979449 69 
0.711591 -0.0235105 0.666968 0.9048 70 
0.608442 -0.0229312 0.561069 0.840577 71 
0.518081 -0.0224237 0.468998 0.78474 72 
0.438269 -0.0219755 0.388211 0.735747 73 
0.36726 -0.0215767 0.316753 0.692411 74 
0.303674 -0.0212196 0.253098 0.653807 75 
0.246404 -0.0208979 0.196032 0.6192 76 
0.194555 -0.0206067 0.144584 0.587999 77 
0.147391 -0.0203419 0.0979627 0.559725 78 
0.104305 -0.0200999 0.0555192 0.533985 79 
