15.8205 -1.98356 3.7094 3.31082 8 
6.18708 -0.879209 2.76133 2.33812 9 
3.92804 -0.620238 2.22439 1.78723 10 
2.91961 -0.504635 1.8788 1.43267 11 
2.34843 -0.439156 1.63774 1.18535 12 
1.98078 -0.397009 1.46002 1.00301 13 
1.72433 -0.36761 1.32358 0.863023 14 
1.53525 -0.345934 1.21552 0.752159 15 
1.39008 -0.329292 1.12783 0.66219 16 
1.27511 -0.316113 1.05524 0.587716 17 
1.18181 -0.305417 0.994164 0.525052 18 
1.10458 -0.296563 0.942061 0.471596 19 
-12.1231 -1.40097 -3.8134 2.94141 23 
-5.65075 -0.775869 -2.76696 2.13864 24 
-3.61595 -0.579348 -2.14621 1.66243 25 
-2.62009 -0.483168 -1.7353 1.3472 26 
-2.02928 -0.426108 -1.44321 1.12313 27 
-1.63818 -0.388335 -1.22491 0.955664 28 
-1.36015 -0.361484 -1.05558 0.825761 29 
-1.15236 -0.341415 -0.920396 0.722059 30 
-0.991178 -0.325848 -0.809982 0.637355 31 
-0.8625 -0.31342 -0.718099 0.566868 32 
-0.757396 -0.303269 -0.640444 0.507295 33 
-0.669931 -0.294822 -0.573948 0.456284 34 
-0.596008 -0.287683 -0.516369 0.412112 35 
-0.532709 -0.281569 -0.466025 0.373491 36 
-0.477896 -0.276275 -0.421632 0.339436 37 
-0.429971 -0.271647 -0.382196 0.309182 38 
-0.387712 -0.267565 -0.346928 0.282127 39 
1.10458 -0.296563 0.942061 0.471596 60 
0.992845 -0.294392 0.849677 0.458016 61 
0.886239 -0.292321 0.760934 0.444972 62 
0.784415 -0.290342 0.67562 0.432432 63 
0.687056 -0.28845 0.59354 0.420367 64 
0.593877 -0.286639 0.514513 0.408751 65 
0.504613 -0.284905 0.438373 0.397559 66 
0.419023 -0.283242 0.364965 0.386768 67 
0.336885 -0.281646 0.294143 0.376358 68 
0.257993 -0.280113 0.225773 0.366309 69 
0.182159 -0.278639 0.159731 0.356601 70 
0.109209 -0.277221 0.0958988 0.347218 71 
0.0389814 -0.275857 0.034168 0.338145 72 
-0.0286738 -0.274542 -0.0255637 0.329365 73 
-0.0938951 -0.273275 -0.0833918 0.320865 74 
-0.156812 -0.272052 -0.139406 0.312631 75 
-0.217543 -0.270872 -0.19369 0.304652 76 
-0.276202 -0.269732 -0.246323 0.296915 77 
-0.332892 -0.268631 -0.297379 0.289411 78 
-0.387712 -0.267565 -0.346928 0.282127 79 
