-3.10862 0.233606 -2.26928 1.64997 0 
-3.48303 0.316306 -2.42092 1.87995 1 
-4.02228 0.435414 -2.61495 2.17426 2 
-4.86594 0.621758 -2.87207 2.56426 3 
-6.37313 0.954662 -3.22902 3.10566 4 
-9.83398 1.71909 -3.75792 3.90789 5 
-26.0436 5.29943 -4.62248 5.21923 6 
-0.0340782 -0.0611861 -0.0459504 0.419692 20 
0.00597739 -0.0546274 -0.0101178 0.443082 21 
0.0493786 -0.0475209 0.0284136 0.468234 22 
0.096563 -0.039795 0.0699608 0.495355 23 
0.148047 -0.031365 0.114892 0.524684 24 
0.204448 -0.02213 0.163639 0.556504 25 
0.266505 -0.011969 0.216708 0.591146 26 
0.335112 -0.000735252 0.274702 0.629002 27 
0.411366 0.0117505 0.338339 0.670542 28 
0.49662 0.0257099 0.408485 0.716331 29 
0.592568 0.0414202 0.486192 0.767055 30 
0.701355 0.059233 0.572753 0.823559 31 
0.825745 0.0796005 0.669773 0.88689 32 
0.969354 0.103115 0.779268 0.958364 33 
1.13701 0.130566 0.90381 1.03966 34 
1.3353 0.163034 1.04673 1.13295 35 
1.57346 0.202031 1.21242 1.24111 36 
1.86488 0.249747 1.40679 1.36799 37 
2.22965 0.309475 1.638 1.51891 38 
2.69947 0.386403 1.9176 1.70143 39 
-3.10862 0.233606 -2.26928 1.64997 40 
-2.55358 0.180388 -1.94083 1.46822 41 
-2.13058 0.13983 -1.6723 1.31963 42 
-1.79751 0.107894 -1.44867 1.19588 43 
-1.52844 0.082096 -1.25954 1.09123 44 
-1.30655 0.0608207 -1.09751 1.00157 45 
-1.12043 0.0429749 -0.957136 0.923893 46 
-0.962067 0.0277912 -0.834351 0.85595 47 
-0.825692 0.0147152 -0.726043 0.796019 48 
-0.707019 0.00333665 -0.629796 0.74276 49 
-0.602811 -0.00665492 -0.5437 0.69512 50 
-0.510577 -0.0154985 -0.46623 0.652252 51 
-0.428364 -0.0233812 -0.396151 0.613474 52 
-0.354624 -0.0304516 -0.332455 0.578228 53 
-0.28811 -0.0368291 -0.274306 0.546052 54 
-0.22781 -0.0426107 -0.221011 0.516561 55 
-0.172893 -0.0478763 -0.171986 0.489433 56 
-0.122668 -0.0526919 -0.126738 0.464395 57 
-0.0765582 -0.057113 -0.0848459 0.441215 58 
-0.0340782 -0.0611861 -0.0459504 0.419692 59 
15.4076 4.48331 3.55342 5.03083 73 
7.40975 1.90493 2.96781 3.83894 74 
5.12243 1.16753 2.6009 3.09214 75 
4.03861 0.818121 2.34944 2.58035 76 
3.40628 0.614268 2.16636 2.20772 77 
2.99196 0.480695 2.02709 1.92428 78 
2.69947 0.386403 1.9176 1.70143 79 
