-0.854052 0.0193927 -0.930793 0.906576 20 
-0.764613 0.0163445 -0.827383 0.892834 21 
-0.676958 0.0133572 -0.726334 0.879406 22 
-0.591034 0.0104288 -0.627567 0.866281 23 
-0.506792 0.00755775 -0.531006 0.853449 24 
-0.424181 0.0047423 -0.436577 0.840901 25 
-0.343156 0.00198088 -0.34421 0.828627 26 
-0.26367 -0.000728069 -0.253839 0.816617 27 
-0.185681 -0.00338602 -0.165399 0.804865 28 
-0.109146 -0.0059944 -0.0788295 0.793361 29 
-0.0340257 -0.00855458 0.0059284 0.782098 30 
0.0397196 -0.0110679 0.088931 0.771068 31 
0.112127 -0.0135356 0.170232 0.760264 32 
0.183232 -0.0159589 0.249884 0.749679 33 
0.253071 -0.0183391 0.327936 0.739307 34 
0.321676 -0.0206772 0.404436 0.729142 35 
0.38908 -0.0229744 0.479429 0.719176 36 
0.455314 -0.0252317 0.55296 0.709405 37 
0.520408 -0.0274502 0.625071 0.699822 38 
0.584392 -0.0296308 0.695804 0.690423 39 
-3.90452 -0.621877 -10.9445 9.93752 49 
-2.79465 -0.38856 -4.96712 4.54679 50 
-2.18799 -0.261027 -3.24236 2.99129 51 
-1.80554 -0.18063 -2.4227 2.25207 52 
-1.54241 -0.125314 -1.94378 1.82015 53 
-1.35028 -0.0849248 -1.62968 1.53688 54 
-1.20384 -0.0541395 -1.40782 1.33679 55 
-1.08852 -0.0298965 -1.24276 1.18793 56 
-0.995348 -0.0103106 -1.11517 1.07286 57 
-0.918509 0.00584255 -1.01358 0.981242 58 
-0.854052 0.0193927 -0.930793 0.906576 59 
5.62839 -1.49098 50.73 32.4198 66 
3.58441 -0.898796 8.7612 5.80513 67 
2.61293 -0.617338 4.7461 3.25893 68 
2.04525 -0.452871 3.23139 2.29837 69 
1.67293 -0.345003 2.43598 1.79396 70 
1.40993 -0.268807 1.94582 1.48313 71 
1.21427 -0.212119 1.61349 1.27237 72 
1.06302 -0.168298 1.37332 1.12007 73 
0.942595 -0.133409 1.19164 1.00486 74 
0.844449 -0.104975 1.04941 0.914665 75 
0.762922 -0.0813546 0.935039 0.842134 76 
0.694122 -0.0614219 0.841068 0.782543 77 
0.635285 -0.0443755 0.762488 0.732711 78 
0.584392 -0.0296308 0.695804 0.690423 79 
