31.1336 8.3165 5.3985 7.81027 10 
8.2751 2.02478 3.67577 4.96549 11 
4.99608 1.12224 2.86586 3.62807 12 
3.68353 0.760967 2.39522 2.85089 13 
2.97654 0.566372 2.08758 2.34288 14 
2.53459 0.444728 1.87077 1.98485 15 
2.23217 0.361488 1.70973 1.71893 16 
2.01221 0.300945 1.5854 1.51361 17 
1.84503 0.254929 1.48651 1.35031 18 
1.71367 0.218773 1.40597 1.21732 19 
-8.01029 0.358967 -4.75408 3.5768 20 
-4.9732 0.203556 -3.49897 2.72196 21 
-3.51742 0.129062 -2.71921 2.19087 22 
-2.66305 0.085343 -2.18775 1.8289 23 
-2.10122 0.056593 -1.80228 1.56636 24 
-1.70363 0.0362479 -1.50991 1.36723 25 
-1.40745 0.0210921 -1.28055 1.21102 26 
-1.17827 0.00936474 -1.0958 1.08519 27 
-0.995666 2.06857e-05 -0.943812 0.981669 28 
-0.846749 -0.00759957 -0.816573 0.895008 29 
-0.722984 -0.0139328 -0.708496 0.821398 30 
-0.618496 -0.0192796 -0.615555 0.758097 31 
-0.529105 -0.0238538 -0.534778 0.703081 32 
-0.451761 -0.0278116 -0.463924 0.654823 33 
-0.384182 -0.0312697 -0.401271 0.61215 34 
-0.324628 -0.0343171 -0.345472 0.574147 35 
-0.27175 -0.0370229 -0.295461 0.540085 36 
-0.224485 -0.0394415 -0.250382 0.509382 37 
-0.181985 -0.0416163 -0.20954 0.481565 38 
-0.143563 -0.0435824 -0.172364 0.456244 39 
-480.623 46.0894 -8.60575 8.3337 56 
-20.2366 1.542 -6.57049 5.82011 57 
-11.1274 0.660577 -5.4567 4.44454 58 
-8.01029 0.358967 -4.75408 3.5768 59 
1.71367 0.218773 1.40597 1.21732 60 
1.50873 0.189822 1.24333 1.13889 61 
1.32733 0.164197 1.09712 1.06839 62 
1.16563 0.141355 0.964983 1.00467 63 
1.02058 0.120866 0.844969 0.946804 64 
0.889749 0.102385 0.735486 0.894011 65 
0.771135 0.0856289 0.635207 0.845656 66 
0.663105 0.0703684 0.543018 0.801202 67 
0.564302 0.0564114 0.457977 0.760196 68 
0.473593 0.0435977 0.379285 0.72225 69 
0.390022 0.0317924 0.306255 0.687035 70 
0.312779 0.0208809 0.238299 0.654267 71 
0.241171 0.0107655 0.174905 0.623698 72 
0.174603 0.00136208 0.115628 0.595114 73 
0.112561 -0.00740198 0.0600805 0.568329 74 
0.0545997 -0.0155897 0.00792089 0.543178 75 
0.000328048 -0.0232562 -0.0411516 0.519515 76 
-0.050595 -0.0304497 -0.0874032 0.497212 77 
-0.0984701 -0.0372126 -0.13107 0.476156 78 
-0.143563 -0.0435824 -0.172364 0.456244 79 
