4 -4 2 1 -0.341393 -0.247153 
4 -3.57895 2 1 -0.291486 -0.254229 
4 -3.15789 2 1 -0.238929 -0.26168 
4 -2.73684 2 1 -0.183506 -0.269537 
4 -2.31579 2 1 -0.124976 -0.277835 
4 -1.89474 2 1 -0.0630704 -0.286612 
4 -1.47368 2 1 0.0025123 -0.29591 
4 -1.05263 2 1 0.0721094 -0.305777 
4 -0.631579 2 1 0.146101 -0.316267 
4 -0.210526 2 1 0.224917 -0.327441 
4 0.210526 2 1 0.309045 -0.339368 
4 0.631579 2 1 0.399041 -0.352127 
4 1.05263 2 1 0.495541 -0.365808 
4 1.47368 2 1 0.599277 -0.380515 
4 1.89474 2 1 0.711093 -0.396367 
4 2.31579 2 1 0.831973 -0.413505 
4 2.73684 2 1 0.963065 -0.43209 
4 3.15789 2 1 1.10572 -0.452315 
4 3.57895 2 1 1.26154 -0.474405 
4 4 2 1 1.43243 -0.498633 
-3.15789 -4 2 1 -20.3017 -2.20636 
-2.73684 -4 2 1 -7.83787 -0.982973 
-2.31579 -4 2 1 -4.73123 -0.67804 
-1.89474 -4 2 1 -3.32035 -0.539554 
-1.47368 -4 2 1 -2.51448 -0.460454 
-1.05263 -4 2 1 -1.99317 -0.409284 
-0.631579 -4 2 1 -1.62831 -0.373471 
-0.210526 -4 2 1 -1.35867 -0.347004 
0.210526 -4 2 1 -1.15127 -0.326647 
0.631579 -4 2 1 -0.986789 -0.310502 
1.05263 -4 2 1 -0.853159 -0.297386 
1.47368 -4 2 1 -0.742442 -0.286518 
1.89474 -4 2 1 -0.64921 -0.277367 
2.31579 -4 2 1 -0.569624 -0.269556 
2.73684 -4 2 1 -0.500893 -0.262809 
3.15789 -4 2 1 -0.440938 -0.256924 
3.57895 -4 2 1 -0.388179 -0.251746 
4 -4 2 1 -0.341393 -0.247153 
0.210526 4 2 1 45.1467 -14.921 
0.631579 4 2 1 8.03455 -2.67683 
1.05263 4 2 1 4.58902 -1.54007 
1.47368 4 2 1 3.2938 -1.11274 
1.89474 4 2 1 2.61466 -0.888681 
2.31579 4 2 1 2.1965 -0.750718 
2.73684 4 2 1 1.91312 -0.657226 
3.15789 4 2 1 1.70841 -0.589687 
3.57895 4 2 1 1.5536 -0.538611 
4 4 2 1 1.43243 -0.498633 
-4 -4 6 1 -131.98 89.7276 
4 -4 6 1 -0.276182 0.314395 
4 -3.57895 6 1 -0.228568 0.321266 
4 -3.15789 6 1 -0.178626 0.328472 
4 -2.73684 6 1 -0.126181 0.336039 
4 -2.31579 6 1 -0.0710398 0.343996 
4 -1.89474 6 1 -0.0129895 0.352372 
4 -1.47368 6 1 0.0482066 0.361202 
4 -1.05263 6 1 0.112811 0.370524 
4 -0.631579 6 1 0.181118 0.38038 
4 -0.210526 6 1 0.253453 0.390818 
4 0.210526 6 1 0.330185 0.40189 
4 0.631579 6 1 0.411727 0.413656 
4 1.05263 6 1 0.498545 0.426183 
4 1.47368 6 1 0.59117 0.439548 
4 1.89474 6 1 0.690203 0.453838 
4 2.31579 6 1 0.796334 0.469151 
4 2.73684 6 1 0.910353 0.485604 
4 3.15789 6 1 1.03318 0.503326 
4 3.57895 6 1 1.16586 0.522471 
4 4 6 1 1.30965 0.543218 
-4 -4 6 1 -131.98 89.7276 
-3.57895 -4 6 1 -11.9343 8.22908 
-3.15789 -4 6 1 -6.05122 4.23505 
-2.73684 -4 6 1 -3.95991 2.81527 
-2.31579 -4 6 1 -2.88799 2.08754 
-1.89474 -4 6 1 -2.23618 1.64503 
-1.47368 -4 6 1 -1.79797 1.34753 
-1.05263 -4 6 1 -1.48314 1.1338 
-0.631579 -4 6 1 -1.24603 0.972819 
-0.210526 -4 6 1 -1.061 0.847208 
0.210526 -4 6 1 -0.912608 0.746463 
0.631579 -4 6 1 -0.790943 0.663865 
1.05263 -4 6 1 -0.689383 0.594916 
1.47368 -4 6 1 -0.603324 0.536491 
1.89474 -4 6 1 -0.52947 0.486352 
2.31579 -4 6 1 -0.465396 0.442852 
2.73684 -4 6 1 -0.40928 0.404755 
3.15789 -4 6 1 -0.359726 0.371113 
3.57895 -4 6 1 -0.315646 0.341188 
4 -4 6 1 -0.276182 0.314395 
-0.210526 4 6 1 14.8462 11.6323 
0.210526 4 6 1 6.08084 4.45176 
0.631579 4 6 1 3.94652 2.70333 
1.05263 4 6 1 2.98369 1.91459 
1.47368 4 6 1 2.43555 1.46555 
1.89474 4 6 1 2.08165 1.17564 
2.31579 4 6 1 1.83429 0.973004 
2.73684 4 6 1 1.65165 0.823387 
3.15789 4 6 1 1.51127 0.708389 
3.57895 4 6 1 1.4 0.61724 
4 4 6 1 1.30965 0.543218 
