-4 -4 2 1 -0.52273 0.0573753 
-4 -3.57895 2 1 -0.565759 0.0477463 
-4 -3.15789 2 1 -0.614968 0.0367346 
-4 -2.73684 2 1 -0.671789 0.0240194 
-4 -2.31579 2 1 -0.738137 0.00917234 
-4 -1.89474 2 1 -0.816627 -0.00839191 
-4 -1.47368 2 1 -0.910929 -0.0294944 
-4 -1.05263 2 1 -1.02635 -0.0553238 
-4 -0.631579 2 1 -1.1709 -0.087669 
-4 -0.210526 2 1 -1.35716 -0.129351 
-4 0.210526 2 1 -1.60627 -0.185095 
-4 0.631579 2 1 -1.95647 -0.263461 
-4 1.05263 2 1 -2.48496 -0.381724 
-4 1.47368 2 1 -3.37439 -0.580758 
-4 1.89474 2 1 -5.18628 -0.986216 
-4 2.31579 2 1 -10.9015 -2.26515 
4 -4 2 1 0.805073 0.0230603 
4 -3.57895 2 1 0.858917 0.00907275 
4 -3.15789 2 1 0.921942 -0.00729968 
4 -2.73684 2 1 0.996714 -0.0267238 
4 -2.31579 2 1 1.08686 -0.0501406 
4 -1.89474 2 1 1.19765 -0.0789221 
4 -1.47368 2 1 1.33711 -0.11515 
4 -1.05263 2 1 1.51801 -0.162145 
4 -0.631579 2 1 1.76205 -0.225542 
4 -0.210526 2 1 2.10929 -0.315746 
4 0.210526 2 1 2.64271 -0.454316 
4 0.631579 2 1 3.56692 -0.694404 
4 1.05263 2 1 5.55958 -1.21205 
4 1.47368 2 1 13.0117 -3.14793 
-4 -4 2 1 -0.52273 0.0573753 
-3.57895 -4 2 1 -0.46205 0.0558071 
-3.15789 -4 2 1 -0.400475 0.0542158 
-2.73684 -4 2 1 -0.337986 0.0526009 
-2.31579 -4 2 1 -0.274562 0.0509618 
-1.89474 -4 2 1 -0.210182 0.049298 
-1.47368 -4 2 1 -0.144824 0.0476089 
-1.05263 -4 2 1 -0.0784659 0.045894 
-0.631579 -4 2 1 -0.0110839 0.0441526 
-0.210526 -4 2 1 0.0573455 0.0423841 
0.210526 -4 2 1 0.126847 0.040588 
0.631579 -4 2 1 0.197446 0.0387635 
1.05263 -4 2 1 0.269168 0.0369099 
1.47368 -4 2 1 0.342041 0.0350266 
1.89474 -4 2 1 0.416093 0.0331129 
2.31579 -4 2 1 0.491352 0.0311679 
2.73684 -4 2 1 0.567848 0.029191 
3.15789 -4 2 1 0.645612 0.0271813 
3.57895 -4 2 1 0.724676 0.025138 
4 -4 2 1 0.805073 0.0230603 
-4 -4 6 1 -0.589504 0.748569 
-4 -3.57895 6 1 -0.64407 0.790693 
-4 -3.15789 6 1 -0.707734 0.839841 
-4 -2.73684 6 1 -0.782976 0.897927 
-4 -2.31579 6 1 -0.873274 0.967636 
-4 -1.89474 6 1 -0.983646 1.05284 
-4 -1.47368 6 1 -1.12162 1.15936 
-4 -1.05263 6 1 -1.29905 1.29633 
-4 -0.631579 6 1 -1.53565 1.47899 
-4 -0.210526 6 1 -1.86698 1.73476 
-4 0.210526 6 1 -2.36413 2.11856 
-4 0.631579 6 1 -3.19315 2.75855 
-4 1.05263 6 1 -4.85285 4.03983 
-4 1.47368 6 1 -9.84528 7.89392 
4 -4 6 1 0.94334 0.837432 
4 -3.57895 6 1 1.01963 0.896363 
4 -3.15789 6 1 1.11148 0.967323 
4 -2.73684 6 1 1.22422 1.05441 
4 -2.31579 6 1 1.36588 1.16384 
4 -1.89474 6 1 1.54922 1.30547 
4 -1.47368 6 1 1.7958 1.49596 
4 -1.05263 6 1 2.14517 1.76585 
4 -0.631579 6 1 2.67855 2.17787 
4 -0.210526 6 1 3.59322 2.88446 
4 0.210526 6 1 5.52555 4.37718 
4 0.631579 6 1 12.3031 9.61286 
-4 -4 6 1 -0.589504 0.748569 
-3.57895 -4 6 1 -0.520934 0.752544 
-3.15789 -4 6 1 -0.45121 0.756586 
-2.73684 -4 6 1 -0.380304 0.760697 
-2.31579 -4 6 1 -0.308186 0.764878 
-1.89474 -4 6 1 -0.234824 0.769131 
-1.47368 -4 6 1 -0.160185 0.773458 
-1.05263 -4 6 1 -0.084237 0.777861 
-0.631579 -4 6 1 -0.00694409 0.782341 
-0.210526 -4 6 1 0.0717295 0.786902 
0.210526 -4 6 1 0.151821 0.791546 
0.631579 -4 6 1 0.233369 0.796273 
1.05263 -4 6 1 0.316415 0.801087 
1.47368 -4 6 1 0.400998 0.805991 
1.89474 -4 6 1 0.487163 0.810986 
2.31579 -4 6 1 0.574954 0.816076 
2.73684 -4 6 1 0.664419 0.821262 
3.15789 -4 6 1 0.755604 0.826548 
3.57895 -4 6 1 0.84856 0.831937 
4 -4 6 1 0.94334 0.837432 
