-0.500278 0.0509327 -0.55803 0.730939 0 
-0.542668 0.0412056 -0.610935 0.771146 1 
-0.591043 0.0301051 -0.672482 0.817922 2 
-0.646766 0.0173185 -0.744976 0.873018 3 
-0.711649 0.00242983 -0.831625 0.938871 4 
-0.788154 -0.0151256 -0.937022 1.01897 5 
-0.87971 -0.0361348 -1.06799 1.11851 6 
-0.991244 -0.0617282 -1.23512 1.24553 7 
-1.13009 -0.0935898 -1.45579 1.41324 8 
-1.3077 -0.134344 -1.76063 1.64491 9 
-1.5429 -0.188317 -2.20914 1.98578 10 
-1.86917 -0.263185 -2.93422 2.53684 11 
-2.35208 -0.373996 -4.30569 3.57916 12 
-3.14003 -0.554807 -7.88311 6.298 13 
-4.65556 -0.90257 -40.8513 31.3538 14 
0.831731 0.00148949 0.981059 0.825369 20 
0.886583 -0.0141883 1.05986 0.884285 21 
0.950922 -0.0325777 1.155 0.955424 22 
1.02744 -0.0544488 1.27216 1.04303 23 
1.11997 -0.0808939 1.42 1.15356 24 
1.2341 -0.113515 1.61235 1.29739 25 
1.37841 -0.154763 1.87291 1.49221 26 
1.5667 -0.20858 2.24576 1.77099 27 
1.82268 -0.281744 2.82343 2.20292 28 
2.19085 -0.386974 3.83861 2.96198 29 
2.76567 -0.551267 6.09125 4.64628 30 
3.78897 -0.843747 15.3752 11.5879 31 
-0.500278 0.0509327 -0.55803 0.730939 40 
-0.440957 0.0487307 -0.491185 0.73504 41 
-0.380613 0.0464908 -0.423028 0.739222 42 
-0.319219 0.0442119 -0.353522 0.743487 43 
-0.256749 0.041893 -0.282625 0.747836 44 
-0.193173 0.0395331 -0.210295 0.752274 45 
-0.128461 0.0371311 -0.136489 0.756802 46 
-0.0625845 0.0346858 -0.061161 0.761424 47 
0.00449011 0.032196 0.0157367 0.766142 48 
0.0727952 0.0296606 0.0942537 0.77096 49 
0.142365 0.0270782 0.174442 0.775879 50 
0.213235 0.0244476 0.256355 0.780905 51 
0.285442 0.0217673 0.340048 0.78604 52 
0.359025 0.019036 0.425582 0.791288 53 
0.434022 0.0162521 0.513017 0.796652 54 
0.510475 0.0134143 0.602418 0.802138 55 
0.588427 0.0105207 0.69385 0.807747 56 
0.667922 0.00756993 0.787385 0.813486 57 
0.749008 0.00456011 0.883096 0.819358 58 
0.831731 0.00148949 0.981059 0.825369 59 
