-0.351113 0.147006 -0.348873 0.787343 0 
-0.39164 0.147285 -0.393616 0.830812 1 
-0.437418 0.147601 -0.444826 0.880564 2 
-0.489538 0.147959 -0.504015 0.938068 3 
-0.549418 0.148372 -0.573205 1.00529 4 
-0.618928 0.14885 -0.655166 1.08491 5 
-0.700595 0.149412 -0.753791 1.18073 6 
-0.797915 0.150082 -0.874738 1.29824 7 
-0.915864 0.150894 -1.02655 1.44573 8 
-1.06178 0.151898 -1.22278 1.63637 9 
-1.24694 0.153173 -1.48626 1.89235 10 
-1.48966 0.154844 -1.85869 2.25417 11 
-1.82169 0.157129 -2.42527 2.80462 12 
-2.30344 0.160445 -3.39137 3.74322 13 
-3.06568 0.165692 -5.40964 5.70403 14 
-4.45397 0.175248 -12.2542 12.3537 15 
1.11405 0.0412999 1.34948 1.0286 20 
1.18874 0.0318481 1.46317 1.12598 21 
1.27883 0.0204472 1.60493 1.24741 22 
1.38964 0.00642493 1.78662 1.40304 23 
1.52924 -0.0112401 2.02788 1.6097 24 
1.71051 -0.0341793 2.36375 1.89741 25 
1.95541 -0.0651692 2.86347 2.32546 26 
2.30454 -0.10935 3.68559 3.02968 27 
2.84246 -0.177421 5.29072 4.40462 28 
3.77904 -0.29594 9.81447 8.27961 29 
5.81836 -0.554004 104.882 89.7139 30 
-0.351113 0.147006 -0.348873 0.787343 40 
-0.29846 0.143208 -0.290757 0.795598 41 
-0.243917 0.139273 -0.230337 0.804181 42 
-0.187381 0.135194 -0.167473 0.813111 43 
-0.128742 0.130963 -0.102015 0.822409 44 
-0.0678799 0.126572 -0.0337973 0.832099 45 
-0.00466524 0.122011 0.0373571 0.842207 46 
0.0610408 0.117271 0.111642 0.852759 47 
0.129388 0.11234 0.18927 0.863786 48 
0.20054 0.107207 0.270471 0.875321 49 
0.274672 0.101858 0.355497 0.887399 50 
0.351976 0.0962809 0.444625 0.90006 51 
0.432659 0.0904599 0.53816 0.913346 52 
0.516948 0.0843787 0.636437 0.927307 53 
0.605091 0.0780195 0.739825 0.941993 54 
0.697358 0.0713628 0.848734 0.957464 55 
0.794045 0.0643871 0.963619 0.973783 56 
0.895477 0.0570691 1.08498 0.991023 57 
1.00201 0.0493829 1.2134 1.00926 58 
1.11405 0.0412999 1.34948 1.0286 59 
