-4 -4 2 1 1.59894 -0.0687665 
-4 -3.57895 2 1 1.40213 -0.0692665 
-4 -3.15789 2 1 1.22671 -0.0697122 
-4 -2.73684 2 1 1.06937 -0.0701119 
-4 -2.31579 2 1 0.927451 -0.0704725 
-4 -1.89474 2 1 0.798793 -0.0707993 
-4 -1.47368 2 1 0.68162 -0.071097 
-4 -1.05263 2 1 0.574459 -0.0713692 
-4 -0.631579 2 1 0.476081 -0.0716192 
-4 -0.210526 2 1 0.385448 -0.0718494 
-4 0.210526 2 1 0.301679 -0.0720622 
-4 0.631579 2 1 0.224024 -0.0722595 
-4 1.05263 2 1 0.151837 -0.0724429 
-4 1.47368 2 1 0.0845604 -0.0726138 
-4 1.89474 2 1 0.0217088 -0.0727735 
-4 2.31579 2 1 -0.0371401 -0.072923 
-4 2.73684 2 1 -0.0923568 -0.0730633 
-4 3.15789 2 1 -0.144268 -0.0731952 
-4 3.57895 2 1 -0.193161 -0.0733194 
-4 4 2 1 -0.239292 -0.0734366 
4 4 2 1 -32.303 -8.68792 
-4 -4 2 1 1.59894 -0.0687665 
-3.57895 -4 2 1 1.7308 -0.094355 
-3.15789 -4 2 1 1.90023 -0.127236 
-2.73684 -4 2 1 2.12597 -0.171044 
-2.31579 -4 2 1 2.44168 -0.232313 
-1.89474 -4 2 1 2.91454 -0.324079 
-1.47368 -4 2 1 3.70077 -0.476658 
-1.05263 -4 2 1 5.26622 -0.780459 
-0.631579 -4 2 1 9.90731 -1.68114 
-0.210526 -4 2 1 531.178 -102.842 
-4 4 2 1 -0.239292 -0.0734366 
-3.57895 4 2 1 -0.281595 -0.084802 
-3.15789 4 2 1 -0.328742 -0.0974691 
-2.73684 4 2 1 -0.381618 -0.111675 
-2.31579 4 2 1 -0.441333 -0.127718 
-1.89474 4 2 1 -0.509305 -0.14598 
-1.47368 4 2 1 -0.587375 -0.166955 
-1.05263 4 2 1 -0.677974 -0.191296 
-0.631579 4 2 1 -0.78438 -0.219884 
-0.210526 4 2 1 -0.911125 -0.253936 
0.210526 4 2 1 -1.06466 -0.295186 
0.631579 4 2 1 -1.25448 -0.346184 
1.05263 4 2 1 -1.49517 -0.410849 
1.47368 4 2 1 -1.81034 -0.495526 
1.89474 4 2 1 -2.2409 -0.611204 
2.31579 4 2 1 -2.86442 -0.778723 
2.73684 4 2 1 -3.84806 -1.04299 
3.15789 4 2 1 -5.63049 -1.52188 
3.57895 4 2 1 -9.8499 -2.65549 
4 4 2 1 -32.303 -8.68792 
-4 -4 6 1 1.66522 1.26051 
-4 -3.57895 6 1 1.44263 1.17522 
-4 -3.15789 6 1 1.24672 1.10015 
-4 -2.73684 6 1 1.07296 1.03356 
-4 -2.31579 6 1 0.917801 0.974105 
-4 -1.89474 6 1 0.778405 0.920689 
-4 -1.47368 6 1 0.652485 0.872437 
-4 -1.05263 6 1 0.538179 0.828635 
-4 -0.631579 6 1 0.433949 0.788694 
-4 -0.210526 6 1 0.338521 0.752126 
-4 0.210526 6 1 0.250824 0.718521 
-4 0.631579 6 1 0.169955 0.687532 
-4 1.05263 6 1 0.0951463 0.658866 
-4 1.47368 6 1 0.025742 0.63227 
-4 1.89474 6 1 -0.0388235 0.607529 
-4 2.31579 6 1 -0.0990391 0.584454 
-4 2.73684 6 1 -0.15533 0.562883 
-4 3.15789 6 1 -0.208068 0.542674 
-4 3.57895 6 1 -0.257579 0.523702 
-4 4 6 1 -0.304151 0.505856 
-4 -4 6 1 1.66522 1.26051 
-3.57895 -4 6 1 1.82405 1.41943 
-3.15789 -4 6 1 2.03518 1.63068 
-2.73684 -4 6 1 2.32954 1.92521 
-2.31579 -4 6 1 2.76843 2.36434 
-1.89474 -4 6 1 3.49291 3.08923 
-1.47368 -4 6 1 4.91619 4.51331 
-1.05263 -4 6 1 8.99113 8.59055 
-0.631579 -4 6 1 123.95 123.614 
-4 4 6 1 -0.304151 0.505856 
-3.57895 4 6 1 -0.352437 0.526945 
-3.15789 4 6 1 -0.406569 0.550588 
-2.73684 4 6 1 -0.467678 0.577279 
-2.31579 4 6 1 -0.537205 0.607646 
-1.89474 4 6 1 -0.617018 0.642505 
-1.47368 4 6 1 -0.709583 0.682934 
-1.05263 4 6 1 -0.81822 0.730383 
-0.631579 4 6 1 -0.947514 0.786854 
-0.210526 4 6 1 -1.10397 0.855191 
0.210526 4 6 1 -1.29717 0.939572 
0.631579 4 6 1 -1.54176 1.0464 
1.05263 4 6 1 -1.8614 1.18601 
1.47368 4 6 1 -2.29688 1.37621 
1.89474 4 6 1 -2.92512 1.6506 
2.31579 4 6 1 -3.91049 2.08098 
2.73684 4 6 1 -5.6784 2.85314 
3.15789 4 6 1 -9.77505 4.64241 
3.57895 4 6 1 -29.6783 13.3354 
