-0.0532067 -0.126749 -0.00204033 0.395014 0 
-0.0924998 -0.126247 -0.0377628 0.418686 1 
-0.135578 -0.125697 -0.0768079 0.444559 2 
-0.183017 -0.125091 -0.119662 0.472956 3 
-0.235513 -0.124421 -0.16691 0.504266 4 
-0.293921 -0.123675 -0.219266 0.53896 5 
-0.359299 -0.12284 -0.277604 0.577618 6 
-0.432973 -0.1219 -0.343012 0.620961 7 
-0.51663 -0.120832 -0.416859 0.669896 8 
-0.612446 -0.119608 -0.500889 0.725579 9 
-0.72328 -0.118193 -0.597366 0.789509 10 
-0.852964 -0.116537 -0.709275 0.863666 11 
-1.00675 -0.114574 -0.840642 0.950717 12 
-1.19205 -0.112208 -0.997025 1.05435 13 
-1.41966 -0.109301 -1.18632 1.17978 14 
-1.70593 -0.105646 -1.42014 1.33473 15 
-2.07689 -0.10091 -1.71629 1.53097 16 
-2.57665 -0.0945284 -2.10352 1.78757 17 
-3.28639 -0.0854662 -2.6315 2.13743 18 
-4.37364 -0.0715838 -3.39397 2.6427 19 
2.41742 -0.510605 2.33952 1.0353 20 
2.67088 -0.569113 2.55558 1.20011 21 
3.01866 -0.649393 2.84229 1.41881 22 
3.52546 -0.76638 3.24106 1.723 23 
4.33264 -0.952707 3.83355 2.17495 24 
5.81978 -1.29599 4.80621 2.91691 25 
9.47124 -2.13888 6.69783 4.35984 26 
32.6368 -7.48632 11.9767 8.38656 27 
-0.0532067 -0.126749 -0.00204033 0.395014 40 
-0.00952203 -0.133536 0.0420405 0.407068 41 
0.0375093 -0.140843 0.0893837 0.420013 42 
0.0882872 -0.148732 0.140365 0.433954 43 
0.143278 -0.157276 0.195422 0.449009 44 
0.203028 -0.16656 0.255062 0.465317 45 
0.268185 -0.176683 0.319882 0.483042 46 
0.339515 -0.187765 0.39059 0.502376 47 
0.41794 -0.19995 0.468023 0.52355 48 
0.504575 -0.21341 0.553191 0.546839 49 
0.600779 -0.228357 0.647313 0.572576 50 
0.708232 -0.245052 0.751879 0.601169 51 
0.829026 -0.26382 0.86873 0.633121 52 
0.965814 -0.285072 1.00017 0.669062 53 
1.12199 -0.309338 1.1491 0.709787 54 
1.30201 -0.337306 1.31927 0.75632 55 
1.51176 -0.369895 1.51558 0.809999 56 
1.75928 -0.408352 1.74454 0.872607 57 
2.05579 -0.45442 2.01504 0.946574 58 
2.41742 -0.510605 2.33952 1.0353 59 
-4.37364 -0.0715838 -3.39397 2.6427 60 
-5.23446 -0.106939 -3.86687 3.20962 61 
-6.74657 -0.169043 -4.60539 4.09499 62 
-10.0989 -0.306729 -5.92076 5.67192 63 
-23.8722 -0.872416 -8.92194 9.26987 64 
