-1.18854 0.192372 -1.47622 1.43074 20 
-1.05746 0.192727 -1.30393 1.38496 21 
-0.934092 0.193062 -1.14403 1.34247 22 
-0.817766 0.193377 -0.995233 1.30293 23 
-0.707899 0.193675 -0.856429 1.26605 24 
-0.603967 0.193957 -0.72664 1.23156 25 
-0.505502 0.194224 -0.605016 1.19924 26 
-0.412083 0.194477 -0.49081 1.1689 27 
-0.323332 0.194718 -0.383363 1.14035 28 
-0.238908 0.194947 -0.282092 1.11344 29 
-0.158502 0.195165 -0.186481 1.08803 30 
-0.0818336 0.195373 -0.0960665 1.06401 31 
-0.00864826 0.195571 -0.010437 1.04125 32 
0.0612861 0.195761 0.0707777 1.01967 33 
0.128182 0.195942 0.147911 0.999178 34 
0.192232 0.196116 0.221262 0.979688 35 
0.253614 0.196282 0.291102 0.96113 36 
0.312493 0.196442 0.357679 0.943439 37 
0.369018 0.196595 0.421215 0.926556 38 
0.423327 0.196742 0.481914 0.910428 39 
-4.03826 0.158491 -25.5254 27.2361 51 
-2.94986 0.171431 -7.27898 7.65724 52 
-2.35556 0.178497 -4.36085 4.52601 53 
-1.98115 0.182949 -3.16904 3.24717 54 
-1.72364 0.18601 -2.52134 2.55217 55 
-1.53567 0.188245 -2.11439 2.1155 56 
-1.39243 0.189948 -1.83499 1.8157 57 
-1.27964 0.191289 -1.6313 1.59714 58 
-1.18854 0.192372 -1.47622 1.43074 59 
4.52113 0.165164 21.0242 18.7843 65 
3.16534 0.175612 7.28567 6.83039 66 
2.40169 0.181497 4.30369 4.23577 67 
1.91178 0.185272 2.9996 3.10107 68 
1.5708 0.1879 2.26818 2.46466 69 
1.3198 0.189834 1.80012 2.0574 70 
1.12731 0.191317 1.47488 1.77441 71 
0.975007 0.192491 1.23575 1.56634 72 
0.851498 0.193443 1.05253 1.40692 73 
0.749321 0.19423 0.907656 1.28087 74 
0.66339 0.194892 0.790237 1.1787 75 
0.590115 0.195457 0.693143 1.09422 76 
0.526892 0.195944 0.611517 1.0232 77 
0.471786 0.196369 0.541935 0.962652 78 
0.423327 0.196742 0.481914 0.910428 79 
