-4 -4 2 1 -1.95983 -0.394041 
-4 -3.57895 2 1 -2.1344 -0.424208 
-4 -3.15789 2 1 -2.36373 -0.463839 
-4 -2.73684 2 1 -2.67841 -0.518218 
-4 -2.31579 2 1 -3.13695 -0.597458 
-4 -1.89474 2 1 -3.86724 -0.723658 
-4 -1.47368 2 1 -5.21259 -0.956144 
-4 -1.05263 2 1 -8.51518 -1.52686 
-4 -0.631579 2 1 -29.4446 -5.14363 
4 -4 2 1 0.130291 -0.15206 
4 -3.57895 2 1 0.169858 -0.151098 
4 -3.15789 2 1 0.213529 -0.150037 
4 -2.73684 2 1 0.261977 -0.148859 
4 -2.31579 2 1 0.316029 -0.147546 
4 -1.89474 2 1 0.376718 -0.146071 
4 -1.47368 2 1 0.445348 -0.144403 
4 -1.05263 2 1 0.523585 -0.142502 
4 -0.631579 2 1 0.613598 -0.140314 
4 -0.210526 2 1 0.718263 -0.13777 
4 0.210526 2 1 0.841473 -0.134776 
4 0.631579 2 1 0.988639 -0.1312 
4 1.05263 2 1 1.1675 -0.126853 
4 1.47368 2 1 1.38952 -0.121457 
4 1.89474 2 1 1.67248 -0.114581 
4 2.31579 2 1 2.04545 -0.105517 
4 2.73684 2 1 2.55951 -0.0930237 
4 3.15789 2 1 3.3134 -0.0747026 
4 3.57895 2 1 4.52597 -0.0452342 
4 4 2 1 6.79893 0.0100038 
-4 -4 2 1 -1.95983 -0.394041 
-3.57895 -4 2 1 -1.7012 -0.364098 
-3.15789 -4 2 1 -1.47868 -0.338337 
-2.73684 -4 2 1 -1.28521 -0.315938 
-2.31579 -4 2 1 -1.11544 -0.296283 
-1.89474 -4 2 1 -0.965277 -0.278898 
-1.47368 -4 2 1 -0.831502 -0.26341 
-1.05263 -4 2 1 -0.711572 -0.249525 
-0.631579 -4 2 1 -0.603445 -0.237007 
-0.210526 -4 2 1 -0.505459 -0.225663 
0.210526 -4 2 1 -0.416253 -0.215335 
0.631579 -4 2 1 -0.334696 -0.205893 
1.05263 -4 2 1 -0.259845 -0.197227 
1.47368 -4 2 1 -0.190906 -0.189246 
1.89474 -4 2 1 -0.127205 -0.181871 
2.31579 -4 2 1 -0.0681666 -0.175036 
2.73684 -4 2 1 -0.0132971 -0.168683 
3.15789 -4 2 1 0.0378299 -0.162764 
3.57895 -4 2 1 0.0855848 -0.157235 
4 -4 2 1 0.130291 -0.15206 
2.73684 4 2 1 50.4282 0.052036 
3.15789 4 2 1 14.5817 0.0175017 
3.57895 4 2 1 9.04513 0.0121678 
4 4 2 1 6.79893 0.0100038 
-4 -4 6 1 -1.7868 0.839179 
-4 -3.57895 6 1 -1.91475 0.95523 
-4 -3.15789 6 1 -2.07589 1.10139 
-4 -2.73684 6 1 -2.28507 1.29111 
-4 -2.31579 6 1 -2.56752 1.5473 
-4 -1.89474 6 1 -2.96992 1.91228 
-4 -1.47368 6 1 -3.58928 2.47404 
-4 -1.05263 6 1 -4.66581 3.45046 
-4 -0.631579 6 1 -7.00182 5.56924 
-4 -0.210526 6 1 -15.9229 13.6607 
4 -4 6 1 0.0812305 0.362971 
4 -3.57895 6 1 0.116087 0.387694 
4 -3.15789 6 1 0.154324 0.414813 
4 -2.73684 6 1 0.196458 0.444698 
4 -2.31579 6 1 0.243117 0.477791 
4 -1.89474 6 1 0.295072 0.514641 
4 -1.47368 6 1 0.353279 0.555924 
4 -1.05263 6 1 0.418937 0.602493 
4 -0.631579 6 1 0.493577 0.655432 
4 -0.210526 6 1 0.579175 0.716143 
4 0.210526 6 1 0.678336 0.786475 
4 0.631579 6 1 0.794563 0.86891 
4 1.05263 6 1 0.932674 0.966866 
4 1.47368 6 1 1.09949 1.08518 
4 1.89474 6 1 1.30501 1.23095 
4 2.31579 6 1 1.56445 1.41496 
4 2.73684 6 1 1.90225 1.65455 
4 3.15789 6 1 2.36023 1.97938 
4 3.57895 6 1 3.01639 2.44477 
4 4 6 1 4.03489 3.16714 
-4 -4 6 1 -1.7868 0.839179 
-3.57895 -4 6 1 -1.57272 0.784604 
-3.15789 -4 6 1 -1.38493 0.736731 
-2.73684 -4 6 1 -1.21886 0.694396 
-2.31579 -4 6 1 -1.07095 0.656691 
-1.89474 -4 6 1 -0.938385 0.622896 
-1.47368 -4 6 1 -0.818886 0.592433 
-1.05263 -4 6 1 -0.710614 0.564832 
-0.631579 -4 6 1 -0.612059 0.539708 
-0.210526 -4 6 1 -0.521967 0.516741 
0.210526 -4 6 1 -0.439295 0.495666 
0.631579 -4 6 1 -0.363162 0.476258 
1.05263 -4 6 1 -0.29282 0.458326 
1.47368 -4 6 1 -0.227635 0.441709 
1.89474 -4 6 1 -0.167058 0.426266 
2.31579 -4 6 1 -0.110618 0.411878 
2.73684 -4 6 1 -0.0579053 0.398441 
3.15789 -4 6 1 -0.00856199 0.385862 
3.57895 -4 6 1 0.0377248 0.374062 
4 -4 6 1 0.0812305 0.362971 
1.89474 4 6 1 42.7287 51.1705 
2.31579 4 6 1 11.7046 12.6821 
2.73684 4 6 1 7.31772 7.23981 
3.15789 4 6 1 5.5661 5.06675 
3.57895 4 6 1 4.62365 3.89756 
4 4 6 1 4.03489 3.16714 
