-4 -4 2 1 1.1819 0.0793393 
-4 -3.57895 2 1 1.05339 0.0668277 
-4 -3.15789 2 1 0.932448 0.0550517 
-4 -2.73684 2 1 0.818408 0.0439481 
-4 -2.31579 2 1 0.7107 0.0334611 
-4 -1.89474 2 1 0.608811 0.0235406 
-4 -1.47368 2 1 0.512282 0.014142 
-4 -1.05263 2 1 0.420701 0.00522514 
-4 -0.631579 2 1 0.333696 -0.00324612 
-4 -0.210526 2 1 0.250934 -0.0113044 
-4 0.210526 2 1 0.17211 -0.018979 
-4 0.631579 2 1 0.0969511 -0.0262969 
-4 1.05263 2 1 0.0252068 -0.0332824 
-4 1.47368 2 1 -0.0433502 -0.0399575 
-4 1.89474 2 1 -0.108928 -0.0463425 
-4 2.31579 2 1 -0.171716 -0.0524559 
-4 2.73684 2 1 -0.231889 -0.0583147 
-4 3.15789 2 1 -0.289607 -0.0639344 
-4 3.57895 2 1 -0.345018 -0.0693295 
-4 4 2 1 -0.398256 -0.0745131 
-4 -4 2 1 1.1819 0.0793393 
-3.57895 -4 2 1 1.27287 0.0875388 
-3.15789 -4 2 1 1.3855 0.0976897 
-2.73684 -4 2 1 1.52855 0.110583 
-2.31579 -4 2 1 1.71628 0.127503 
-1.89474 -4 2 1 1.9735 0.150686 
-1.47368 -4 2 1 2.34755 0.184398 
-1.05263 -4 2 1 2.94141 0.237922 
-0.631579 -4 2 1 4.02944 0.335985 
-0.210526 -4 2 1 6.66805 0.573799 
0.210526 -4 2 1 22.3884 1.99065 
-4 4 2 1 -0.398256 -0.0745131 
-3.57895 4 2 1 -0.44478 -0.0794403 
-3.15789 4 2 1 -0.497687 -0.0850436 
-2.73684 4 2 1 -0.558388 -0.0914724 
-2.31579 4 2 1 -0.628742 -0.0989235 
-1.89474 4 2 1 -0.71125 -0.107662 
-1.47368 4 2 1 -0.809361 -0.118053 
-1.05263 4 2 1 -0.927962 -0.130613 
-0.631579 4 2 1 -1.07422 -0.146103 
-0.210526 4 2 1 -1.25909 -0.165682 
0.210526 4 2 1 -1.50017 -0.191215 
0.631579 4 2 1 -1.82772 -0.225906 
1.05263 4 2 1 -2.29842 -0.275756 
1.47368 4 2 1 -3.03232 -0.353484 
1.89474 4 2 1 -4.33592 -0.491546 
2.31579 4 2 1 -7.29328 -0.804756 
2.73684 4 2 1 -20.51 -2.20452 
-4 -4 6 1 1.05669 1.00583 
-4 -3.57895 6 1 0.935367 0.966366 
-4 -3.15789 6 1 0.82099 0.929157 
-4 -2.73684 6 1 0.712977 0.894019 
-4 -2.31579 6 1 0.610812 0.860783 
-4 -1.89474 6 1 0.514032 0.829299 
-4 -1.47368 6 1 0.422223 0.799432 
-4 -1.05263 6 1 0.33501 0.77106 
-4 -0.631579 6 1 0.252058 0.744074 
-4 -0.210526 6 1 0.173062 0.718376 
-4 0.210526 6 1 0.0977444 0.693874 
-4 0.631579 6 1 0.0258551 0.670487 
-4 1.05263 6 1 -0.0428351 0.648141 
-4 1.47368 6 1 -0.108535 0.626768 
-4 1.89474 6 1 -0.171436 0.606305 
-4 2.31579 6 1 -0.231712 0.586696 
-4 2.73684 6 1 -0.289526 0.567888 
-4 3.15789 6 1 -0.345024 0.549834 
-4 3.57895 6 1 -0.398344 0.532488 
-4 4 6 1 -0.44961 0.51581 
-4 -4 6 1 1.05669 1.00583 
-3.57895 -4 6 1 1.13195 1.10926 
-3.15789 -4 6 1 1.22451 1.23647 
-2.73684 -4 6 1 1.3411 1.39669 
-2.31579 -4 6 1 1.49247 1.60473 
-1.89474 -4 6 1 1.69694 1.88572 
-1.47368 -4 6 1 1.98835 2.2862 
-1.05263 -4 6 1 2.43715 2.90298 
-0.631579 -4 6 1 3.21803 3.97613 
-0.210526 -4 6 1 4.91596 6.30958 
0.210526 -4 6 1 11.4443 15.2814 
-4 4 6 1 -0.44961 0.51581 
-3.57895 4 6 1 -0.498491 0.548159 
-3.15789 4 6 1 -0.553943 0.584857 
-2.73684 4 6 1 -0.617387 0.626844 
-2.31579 4 6 1 -0.690686 0.675353 
-1.89474 4 6 1 -0.776329 0.732031 
-1.47368 4 6 1 -0.877721 0.799132 
-1.05263 4 6 1 -0.999645 0.879821 
-0.631579 4 6 1 -1.14904 0.978691 
-0.210526 4 6 1 -1.33637 1.10267 
0.210526 4 6 1 -1.5782 1.2627 
0.631579 4 6 1 -1.90232 1.47721 
1.05263 4 6 1 -2.35939 1.7797 
1.47368 4 6 1 -3.05231 2.23826 
1.89474 4 6 1 -4.22705 3.0157 
2.31579 4 6 1 -6.6541 4.62192 
2.73684 4 6 1 -14.6215 9.8947 
