43.4354 4.6551 7.84623 9.76332 11 
9.56541 0.943221 4.76537 5.53176 12 
5.65302 0.514454 3.54411 3.85435 13 
4.13999 0.348638 2.8891 2.95469 14 
3.3371 0.260649 2.48063 2.39367 15 
2.83943 0.206107 2.20156 2.01037 16 
2.50072 0.168988 1.99881 1.73188 17 
2.25531 0.142093 1.84483 1.5204 18 
2.06931 0.121709 1.72392 1.35433 19 
-5.59253 -0.510338 -4.32255 2.67272 20 
-3.91545 -0.381717 -3.27567 2.11224 21 
-2.94255 -0.307101 -2.58882 1.74451 22 
-2.30727 -0.258379 -2.10352 1.48469 23 
-1.85985 -0.224065 -1.74241 1.29135 24 
-1.5277 -0.198591 -1.46323 1.14188 25 
-1.27135 -0.178931 -1.24093 1.02287 26 
-1.06751 -0.163298 -1.05974 0.925864 27 
-0.901556 -0.15057 -0.909221 0.845278 28 
-0.763815 -0.140006 -0.782191 0.777268 29 
-0.647657 -0.131097 -0.673551 0.719104 30 
-0.548379 -0.123483 -0.579576 0.668791 31 
-0.46255 -0.116901 -0.497485 0.624841 32 
-0.387611 -0.111153 -0.425158 0.586118 33 
-0.321613 -0.106092 -0.360951 0.551743 34 
-0.263045 -0.1016 -0.303568 0.521021 35 
-0.210721 -0.097587 -0.251977 0.4934 36 
-0.163691 -0.0939801 -0.205343 0.468433 37 
-0.121192 -0.0907207 -0.162984 0.445755 38 
-0.082598 -0.0877608 -0.124339 0.425064 39 
-19.7524 -1.50451 -8.02421 6.33048 56 
-10.0336 -0.822148 -6.05787 4.38746 57 
-7.0443 -0.612268 -4.99162 3.33386 58 
-5.59253 -0.510338 -4.32255 2.67272 59 
2.06931 0.121709 1.72392 1.35433 60 
1.79458 0.0949658 1.50251 1.24301 61 
1.56017 0.0721483 1.31042 1.14643 62 
1.35782 0.0524512 1.14218 1.06184 63 
1.18137 0.0352753 0.99361 0.987142 64 
1.02614 0.0201657 0.861451 0.920696 65 
0.888535 0.00677056 0.743127 0.861205 66 
0.765702 -0.00518614 0.636573 0.807632 67 
0.655387 -0.0159243 0.540115 0.759136 68 
0.55577 -0.0256212 0.452385 0.715027 69 
0.465365 -0.0344213 0.372249 0.674737 70 
0.382952 -0.0424435 0.298761 0.637789 71 
0.307516 -0.0497866 0.231127 0.603784 72 
0.238206 -0.0565333 0.168675 0.572385 73 
0.174306 -0.0627534 0.110831 0.543302 74 
0.115206 -0.0685062 0.0571034 0.516289 75 
0.060385 -0.0738426 0.00706742 0.491132 76 
0.00939399 -0.0788061 -0.0396446 0.467647 77 
-0.0381546 -0.0834346 -0.0833532 0.445671 78 
-0.082598 -0.0877608 -0.124339 0.425064 79 
