-4 -4 2 1 0.189002 -0.144324 
-4 -3.57895 2 1 0.145068 -0.141238 
-4 -3.15789 2 1 0.0981501 -0.137942 
-4 -2.73684 2 1 0.0479342 -0.134415 
-4 -2.31579 2 1 -0.00594033 -0.130631 
-4 -1.89474 2 1 -0.0638886 -0.126561 
-4 -1.47368 2 1 -0.126391 -0.12217 
-4 -1.05263 2 1 -0.194005 -0.117421 
-4 -0.631579 2 1 -0.267387 -0.112267 
-4 -0.210526 2 1 -0.347306 -0.106653 
-4 0.210526 2 1 -0.434676 -0.100516 
-4 0.631579 2 1 -0.530591 -0.0937793 
-4 1.05263 2 1 -0.636369 -0.0863495 
-4 1.47368 2 1 -0.753613 -0.0781142 
-4 1.89474 2 1 -0.884296 -0.0689351 
-4 2.31579 2 1 -1.03087 -0.05864 
-4 2.73684 2 1 -1.19641 -0.0470121 
-4 3.15789 2 1 -1.38487 -0.0337749 
-4 3.57895 2 1 -1.60135 -0.0185694 
-4 4 2 1 -1.8526 -0.000921155 
4 -4 2 1 8.92141 0.151833 
4 -3.57895 2 1 12.9126 0.362399 
4 -3.15789 2 1 26.2647 1.06683 
-4 -4 2 1 0.189002 -0.144324 
-3.57895 -4 2 1 0.232786 -0.142839 
-3.15789 -4 2 1 0.281205 -0.141197 
-2.73684 -4 2 1 0.335035 -0.139371 
-2.31579 -4 2 1 0.395237 -0.137329 
-1.89474 -4 2 1 0.463014 -0.135031 
-1.47368 -4 2 1 0.539892 -0.132423 
-1.05263 -4 2 1 0.627834 -0.129441 
-0.631579 -4 2 1 0.729417 -0.125996 
-0.210526 -4 2 1 0.848078 -0.121971 
0.210526 -4 2 1 0.988522 -0.117208 
0.631579 -4 2 1 1.15735 -0.111482 
1.05263 -4 2 1 1.36414 -0.104469 
1.47368 -4 2 1 1.62331 -0.0956797 
1.89474 -4 2 1 1.95765 -0.0843405 
2.31579 -4 2 1 2.40542 -0.0691546 
2.73684 -4 2 1 3.03613 -0.0477645 
3.15789 -4 2 1 3.99066 -0.0153919 
3.57895 -4 2 1 5.60454 0.0393423 
4 -4 2 1 8.92141 0.151833 
-4 4 2 1 -1.8526 -0.000921155 
-3.57895 4 2 1 -2.01357 0.022862 
-3.15789 4 2 1 -2.22586 0.0542292 
-2.73684 4 2 1 -2.51869 0.0974966 
-2.31579 4 2 1 -2.94863 0.161021 
-1.89474 4 2 1 -3.64138 0.263378 
-1.47368 4 2 1 -4.94399 0.455845 
-1.05263 4 2 1 -8.2951 0.950984 
-0.631579 4 2 1 -36.3061 5.08972 
-4 -4 6 1 0.185323 0.362922 
-4 -3.57895 6 1 0.145605 0.380723 
-4 -3.15789 6 1 0.103463 0.39961 
-4 -2.73684 6 1 0.0586689 0.419685 
-4 -2.31579 6 1 0.0109636 0.441066 
-4 -1.89474 6 1 -0.039946 0.463882 
-4 -1.47368 6 1 -0.0943941 0.488284 
-4 -1.05263 6 1 -0.152763 0.514444 
-4 -0.631579 6 1 -0.215492 0.542557 
-4 -0.210526 6 1 -0.283088 0.572852 
-4 0.210526 6 1 -0.356141 0.605593 
-4 0.631579 6 1 -0.435339 0.641087 
-4 1.05263 6 1 -0.521493 0.679699 
-4 1.47368 6 1 -0.615559 0.721857 
-4 1.89474 6 1 -0.718681 0.768074 
-4 2.31579 6 1 -0.832233 0.818965 
-4 2.73684 6 1 -0.957881 0.875277 
-4 3.15789 6 1 -1.09767 0.937925 
-4 3.57895 6 1 -1.25412 1.00804 
-4 4 6 1 -1.43041 1.08705 
4 -4 6 1 4.20081 2.84783 
4 -3.57895 6 1 4.71728 3.44388 
4 -3.15789 6 1 5.48099 4.32529 
4 -2.73684 6 1 6.72539 5.76147 
4 -2.31579 6 1 9.11271 8.51671 
4 -1.89474 6 1 15.5546 15.9514 
4 -1.47368 6 1 94.5458 107.116 
-4 -4 6 1 0.185323 0.362922 
-3.57895 -4 6 1 0.224565 0.387207 
-3.15789 -4 6 1 0.267526 0.413792 
-2.73684 -4 6 1 0.314761 0.443023 
-2.31579 -4 6 1 0.366941 0.475313 
-1.89474 -4 6 1 0.424885 0.511171 
-1.47368 -4 6 1 0.489605 0.551221 
-1.05263 -4 6 1 0.562362 0.596246 
-0.631579 -4 6 1 0.644753 0.647232 
-0.210526 -4 6 1 0.738827 0.705448 
0.210526 -4 6 1 0.847259 0.772548 
0.631579 -4 6 1 0.973607 0.850736 
1.05263 -4 6 1 1.12271 0.943006 
1.47368 -4 6 1 1.30133 1.05354 
1.89474 -4 6 1 1.51918 1.18836 
2.31579 -4 6 1 1.7908 1.35644 
2.73684 -4 6 1 2.13888 1.57184 
3.15789 -4 6 1 2.60101 1.85782 
3.57895 -4 6 1 3.2442 2.25585 
4 -4 6 1 4.20081 2.84783 
-4 4 6 1 -1.43041 1.08705 
-3.57895 4 6 1 -1.50933 1.22005 
-3.15789 4 6 1 -1.60687 1.38441 
-2.73684 4 6 1 -1.73049 1.59271 
-2.31579 4 6 1 -1.89226 1.8653 
-1.89474 4 6 1 -2.11306 2.23735 
-1.47368 4 6 1 -2.43241 2.77547 
-1.05263 4 6 1 -2.93526 3.62279 
-0.631579 4 6 1 -3.84349 5.15319 
-0.210526 4 6 1 -5.97839 8.75059 
0.210526 4 6 1 -16.9937 27.3118 
