-4 -4 2 1 0.889853 0.136686 
-4 -3.57895 2 1 0.797551 0.127175 
-4 -3.15789 2 1 0.707439 0.11789 
-4 -2.73684 2 1 0.619441 0.108823 
-4 -2.31579 2 1 0.533482 0.0999662 
-4 -1.89474 2 1 0.449494 0.0913122 
-4 -1.47368 2 1 0.367408 0.0828542 
-4 -1.05263 2 1 0.287161 0.0745857 
-4 -0.631579 2 1 0.208692 0.0665004 
-4 -0.210526 2 1 0.131943 0.0585923 
-4 0.210526 2 1 0.0568564 0.0508555 
-4 0.631579 2 1 -0.0166198 0.0432847 
-4 1.05263 2 1 -0.0885373 0.0358744 
-4 1.47368 2 1 -0.158945 0.0286197 
-4 1.89474 2 1 -0.22789 0.0215157 
-4 2.31579 2 1 -0.295418 0.0145578 
-4 2.73684 2 1 -0.361571 0.00774143 
-4 3.15789 2 1 -0.426392 0.00106241 
-4 3.57895 2 1 -0.48992 -0.0054834 
-4 4 2 1 -0.552193 -0.0118999 
-4 -4 2 1 0.889853 0.136686 
-3.57895 -4 2 1 0.955479 0.159273 
-3.15789 -4 2 1 1.03404 0.186311 
-2.73684 -4 2 1 1.12977 0.219261 
-2.31579 -4 2 1 1.24901 0.260298 
-1.89474 -4 2 1 1.4016 0.312816 
-1.47368 -4 2 1 1.60383 0.382419 
-1.05263 -4 2 1 1.88462 0.47906 
-0.631579 -4 2 1 2.30078 0.622294 
-0.210526 -4 2 1 2.98132 0.856518 
0.210526 -4 2 1 4.2954 1.3088 
0.631579 -4 2 1 7.89818 2.54879 
1.05263 -4 2 1 60.0793 20.5083 
-4 4 2 1 -0.552193 -0.0118999 
-3.57895 4 2 1 -0.603106 -0.00450252 
-3.15789 4 2 1 -0.66188 0.00403703 
-2.73684 4 2 1 -0.730487 0.0140054 
-2.31579 4 2 1 -0.81162 0.0257938 
-1.89474 4 2 1 -0.909056 0.0399508 
-1.47368 4 2 1 -1.02826 0.0572701 
-1.05263 4 2 1 -1.17743 0.0789444 
-0.631579 4 2 1 -1.36951 0.106853 
-0.210526 4 2 1 -1.62611 0.144136 
0.210526 4 2 1 -1.98631 0.196472 
0.631579 4 2 1 -2.52872 0.275282 
1.05263 4 2 1 -3.4384 0.407455 
1.47368 4 2 1 -5.27931 0.674932 
1.89474 4 2 1 -10.9807 1.50332 
-4 -4 6 1 0.753025 0.840403 
-4 -3.57895 6 1 0.670548 0.824063 
-4 -3.15789 6 1 0.589854 0.808076 
-4 -2.73684 6 1 0.510885 0.792432 
-4 -2.31579 6 1 0.433587 0.777117 
-4 -1.89474 6 1 0.357907 0.762124 
-4 -1.47368 6 1 0.283795 0.747441 
-4 -1.05263 6 1 0.211202 0.733059 
-4 -0.631579 6 1 0.140083 0.71897 
-4 -0.210526 6 1 0.0703931 0.705163 
-4 0.210526 6 1 0.00208933 0.691631 
-4 0.631579 6 1 -0.0648691 0.678365 
-4 1.05263 6 1 -0.130521 0.665358 
-4 1.47368 6 1 -0.194906 0.652603 
-4 1.89474 6 1 -0.258058 0.640091 
-4 2.31579 6 1 -0.320014 0.627817 
-4 2.73684 6 1 -0.380806 0.615773 
-4 3.15789 6 1 -0.440468 0.603953 
-4 3.57895 6 1 -0.499031 0.592351 
-4 4 6 1 -0.556524 0.58096 
-4 -4 6 1 0.753025 0.840403 
-3.57895 -4 6 1 0.801116 0.91766 
-3.15789 -4 6 1 0.857667 1.00851 
-2.73684 -4 6 1 0.925127 1.11688 
-2.31579 -4 6 1 1.00699 1.24839 
-1.89474 -4 6 1 1.10842 1.41133 
-1.47368 -4 6 1 1.23737 1.6185 
-1.05263 -4 6 1 1.40683 1.89073 
-0.631579 -4 6 1 1.63943 2.26438 
-0.210526 -4 6 1 1.97851 2.80912 
0.210526 -4 6 1 2.51895 3.67732 
0.631579 -4 6 1 3.5158 5.27872 
1.05263 -4 6 1 5.96982 9.22106 
1.47368 -4 6 1 21.7542 34.5782 
-4 4 6 1 -0.556524 0.58096 
-3.57895 4 6 1 -0.603629 0.626835 
-3.15789 4 6 1 -0.657381 0.679183 
-2.73684 4 6 1 -0.719294 0.739478 
-2.31579 4 6 1 -0.791378 0.809679 
-1.89474 4 6 1 -0.876365 0.892446 
-1.47368 4 6 1 -0.978059 0.991484 
-1.05263 4 6 1 -1.10192 1.11211 
-0.631579 4 6 1 -1.2561 1.26226 
-0.210526 4 6 1 -1.45326 1.45427 
0.210526 4 6 1 -1.71429 1.70848 
0.631579 4 6 1 -2.07622 2.06096 
1.05263 4 6 1 -2.6116 2.58235 
1.47368 4 6 1 -3.48438 3.43233 
1.89474 4 6 1 -5.16023 5.06441 
2.31579 4 6 1 -9.69205 9.47784 
2.73684 4 6 1 -66.4388 64.7422 
