-4 -4 2 1 0.289623 -0.0579444 
-4 -3.57895 2 1 0.242519 -0.0546857 
-4 -3.15789 2 1 0.192837 -0.0512487 
-4 -2.73684 2 1 0.140356 -0.0476181 
-4 -2.31579 2 1 0.0848356 -0.0437771 
-4 -1.89474 2 1 0.0260023 -0.039707 
-4 -1.47368 2 1 -0.0364492 -0.0353866 
-4 -1.05263 2 1 -0.102863 -0.030792 
-4 -0.631579 2 1 -0.173629 -0.0258964 
-4 -0.210526 2 1 -0.249189 -0.0206691 
-4 0.210526 2 1 -0.330048 -0.0150753 
-4 0.631579 2 1 -0.416783 -0.00907491 
-4 1.05263 2 1 -0.510059 -0.00262205 
-4 1.47368 2 1 -0.610644 0.0043365 
-4 1.89474 2 1 -0.719434 0.0118626 
-4 2.31579 2 1 -0.837474 0.0200286 
-4 2.73684 2 1 -0.965996 0.0289199 
-4 3.15789 2 1 -1.10646 0.0386374 
-4 3.57895 2 1 -1.26062 0.049302 
-4 4 2 1 -1.43057 0.0610592 
4 -4 2 1 123.884 23.1217 
-4 -4 2 1 0.289623 -0.0579444 
-3.57895 -4 2 1 0.333431 -0.0497284 
-3.15789 -4 2 1 0.382356 -0.0405527 
-2.73684 -4 2 1 0.43735 -0.0302387 
-2.31579 -4 2 1 0.499618 -0.0185607 
-1.89474 -4 2 1 0.570705 -0.00522871 
-1.47368 -4 2 1 0.652626 0.0101352 
-1.05263 -4 2 1 0.748063 0.028034 
-0.631579 -4 2 1 0.860662 0.0491515 
-0.210526 -4 2 1 0.995509 0.0744415 
0.210526 -4 2 1 1.15992 0.105276 
0.631579 -4 2 1 1.36482 0.143704 
1.05263 -4 2 1 1.62726 0.192923 
1.47368 -4 2 1 1.97543 0.258221 
1.89474 -4 2 1 2.45955 0.349016 
2.31579 -4 2 1 3.17857 0.483864 
2.73684 -4 2 1 4.35819 0.705097 
3.15789 -4 2 1 6.64959 1.13484 
3.57895 -4 2 1 13.0253 2.33058 
4 -4 2 1 123.884 23.1217 
-4 4 2 1 -1.43057 0.0610592 
-3.57895 4 2 1 -1.53716 0.0918858 
-3.15789 4 2 1 -1.67147 0.130729 
-2.73684 4 2 1 -1.84593 0.181185 
-2.31579 4 2 1 -2.08171 0.249374 
-1.89474 4 2 1 -2.41802 0.346639 
-1.47368 4 2 1 -2.9366 0.496617 
-1.05263 4 2 1 -3.84069 0.758088 
-0.631579 4 2 1 -5.81449 1.32893 
-0.210526 4 2 1 -13.5064 3.5535 
-4 -4 6 1 0.255312 0.44673 
-4 -3.57895 6 1 0.212238 0.461719 
-4 -3.15789 6 1 0.167055 0.477441 
-4 -2.73684 6 1 0.119602 0.493954 
-4 -2.31579 6 1 0.0697058 0.511317 
-4 -1.89474 6 1 0.0171711 0.529597 
-4 -1.47368 6 1 -0.0382166 0.548871 
-4 -1.05263 6 1 -0.0966961 0.56922 
-4 -0.631579 6 1 -0.158534 0.590738 
-4 -0.210526 6 1 -0.224028 0.613529 
-4 0.210526 6 1 -0.293511 0.637707 
-4 0.631579 6 1 -0.367361 0.663405 
-4 1.05263 6 1 -0.446003 0.690771 
-4 1.47368 6 1 -0.529917 0.719971 
-4 1.89474 6 1 -0.619652 0.751197 
-4 2.31579 6 1 -0.715837 0.784667 
-4 2.73684 6 1 -0.819193 0.820632 
-4 3.15789 6 1 -0.930552 0.859382 
-4 3.57895 6 1 -1.05088 0.901254 
-4 4 6 1 -1.18131 0.94664 
4 -4 6 1 6.64102 5.94119 
4 -3.57895 6 1 7.93127 7.66416 
4 -3.15789 6 1 10.2324 10.737 
4 -2.73684 6 1 15.4972 17.7675 
4 -2.31579 6 1 39.8087 50.2325 
-4 -4 6 1 0.255312 0.44673 
-3.57895 -4 6 1 0.292803 0.478989 
-3.15789 -4 6 1 0.334188 0.514598 
-2.73684 -4 6 1 0.380105 0.554106 
-2.31579 -4 6 1 0.431344 0.598193 
-1.89474 -4 6 1 0.488884 0.647703 
-1.47368 -4 6 1 0.553966 0.703701 
-1.05263 -4 6 1 0.628175 0.767553 
-0.631579 -4 6 1 0.713578 0.841037 
-0.210526 -4 6 1 0.812913 0.926507 
0.210526 -4 6 1 0.929891 1.02716 
0.631579 -4 6 1 1.06967 1.14743 
1.05263 -4 6 1 1.23964 1.29368 
1.47368 -4 6 1 1.45077 1.47534 
1.89474 -4 6 1 1.72006 1.70704 
2.31579 -4 6 1 2.07538 2.01277 
2.73684 -4 6 1 2.5658 2.43474 
3.15789 -4 6 1 3.28646 3.05483 
3.57895 -4 6 1 4.44925 4.05532 
4 -4 6 1 6.64102 5.94119 
-4 4 6 1 -1.18131 0.94664 
-3.57895 4 6 1 -1.24384 1.05316 
-3.15789 4 6 1 -1.31908 1.18136 
-2.73684 4 6 1 -1.41138 1.33861 
-2.31579 4 6 1 -1.52725 1.53602 
-1.89474 4 6 1 -1.67707 1.79126 
-1.47368 4 6 1 -1.87829 2.13408 
-1.05263 4 6 1 -2.16286 2.61891 
-0.631579 4 6 1 -2.5961 3.35702 
-0.210526 4 6 1 -3.3357 4.61706 
0.210526 4 6 1 -4.88431 7.25542 
0.631579 4 6 1 -10.1719 16.2639 
