7.69006 -1.38102 1124.74 614.07 0 
4.86054 -0.840241 14.6242 8.51164 1 
3.47041 -0.574557 7.06156 4.38627 2 
2.64405 -0.416622 4.51772 2.99863 3 
2.09632 -0.311939 3.24146 2.30244 4 
1.70663 -0.237461 2.4743 1.88396 5 
1.4152 -0.181763 1.96228 1.60466 6 
1.18903 -0.138537 1.59627 1.405 7 
1.00841 -0.104016 1.3216 1.25517 8 
0.860832 -0.0758109 1.10788 1.13859 9 
0.737992 -0.0523335 0.936839 1.04529 10 
0.63415 -0.0324871 0.796861 0.96893 11 
0.545216 -0.0154899 0.680186 0.905284 12 
0.468194 -0.000769335 0.581442 0.85142 13 
0.400841 0.0121032 0.49679 0.805243 14 
0.341444 0.0234553 0.423415 0.765218 15 
0.288672 0.0335412 0.359204 0.730191 16 
0.241475 0.0425615 0.302541 0.699282 17 
0.199014 0.0506768 0.252169 0.671804 18 
0.16061 0.0580166 0.207096 0.647217 19 
-4.85248 -0.49526 -22.0999 19.5404 32 
-3.61194 -0.290948 -7.82874 6.70263 33 
-2.93222 -0.179001 -4.94632 4.10972 34 
-2.50314 -0.108331 -3.70809 2.99586 35 
-2.20764 -0.0596638 -3.01942 2.37636 36 
-1.99175 -0.024107 -2.5809 1.98189 37 
-1.82711 0.00300804 -2.27718 1.70868 38 
-1.69741 0.0243686 -2.05439 1.50826 39 
7.69006 -1.38102 1124.74 614.07 40 
0.16061 0.0580166 0.207096 0.647217 60 
0.115269 0.0571955 0.158561 0.665696 61 
0.0671441 0.056324 0.106724 0.685433 62 
0.015969 0.0553972 0.0512358 0.70656 63 
-0.0385552 0.0544098 -0.00830376 0.729229 64 
-0.0967685 0.0533556 -0.072355 0.753616 65 
-0.159058 0.0522276 -0.141451 0.779924 66 
-0.225869 0.0510177 -0.216212 0.808388 67 
-0.29771 0.0497166 -0.297365 0.839287 68 
-0.375172 0.0483138 -0.385765 0.872944 69 
-0.458943 0.0467968 -0.48243 0.909749 70 
-0.549824 0.045151 -0.588575 0.950163 71 
-0.648763 0.0433592 -0.705667 0.994744 72 
-0.75688 0.0414013 -0.83549 1.04417 73 
-0.875513 0.0392529 -0.980241 1.09929 74 
-1.00628 0.0368848 -1.14265 1.16112 75 
-1.15113 0.0342615 -1.32616 1.23099 76 
-1.31249 0.0313395 -1.53518 1.31057 77 
-1.49333 0.0280645 -1.7754 1.40204 78 
-1.69741 0.0243686 -2.05439 1.50826 79 
