4 -4 2 1 -0.450766 0.086956 
4 -3.57895 2 1 -0.394336 0.0828786 
4 -3.15789 2 1 -0.33602 0.0786649 
4 -2.73684 2 1 -0.275723 0.0743081 
4 -2.31579 2 1 -0.213341 0.0698006 
4 -1.89474 2 1 -0.148764 0.0651345 
4 -1.47368 2 1 -0.0818746 0.0603014 
4 -1.05263 2 1 -0.0125463 0.055292 
4 -0.631579 2 1 0.0593569 0.0500965 
4 -0.210526 2 1 0.133981 0.0447044 
4 0.210526 2 1 0.211484 0.0391044 
4 0.631579 2 1 0.292035 0.0332841 
4 1.05263 2 1 0.375818 0.0272303 
4 1.47368 2 1 0.463031 0.0209286 
4 1.89474 2 1 0.553889 0.0143635 
4 2.31579 2 1 0.648627 0.00751816 
4 2.73684 2 1 0.747496 0.000374222 
4 3.15789 2 1 0.850775 -0.00708829 
4 3.57895 2 1 0.958764 -0.0148912 
4 4 2 1 1.07179 -0.0230583 
-2.31579 -4 2 1 -12.4197 2.75213 
-1.89474 -4 2 1 -5.67989 1.25135 
-1.47368 -4 2 1 -3.62043 0.792758 
-1.05263 -4 2 1 -2.62253 0.570553 
-0.631579 -4 2 1 -2.03361 0.439414 
-0.210526 -4 2 1 -1.645 0.35288 
0.210526 -4 2 1 -1.36935 0.291501 
0.631579 -4 2 1 -1.16367 0.245701 
1.05263 -4 2 1 -1.00431 0.210216 
1.47368 -4 2 1 -0.877209 0.181914 
1.89474 -4 2 1 -0.773473 0.158814 
2.31579 -4 2 1 -0.6872 0.139604 
2.73684 -4 2 1 -0.614324 0.123376 
3.15789 -4 2 1 -0.551949 0.109487 
3.57895 -4 2 1 -0.497957 0.0974644 
4 -4 2 1 -0.450766 0.086956 
-0.631579 4 2 1 5206.96 294.114 
-0.210526 4 2 1 9.26107 0.439643 
0.210526 4 2 1 4.76016 0.185338 
0.631579 4 2 1 3.25812 0.100471 
1.05263 4 2 1 2.50678 0.0580197 
1.47368 4 2 1 2.05587 0.0325429 
1.89474 4 2 1 1.75522 0.0155559 
2.31579 4 2 1 1.54045 0.0034211 
2.73684 4 2 1 1.37936 -0.00568065 
3.15789 4 2 1 1.25406 -0.0127602 
3.57895 4 2 1 1.15381 -0.018424 
4 4 2 1 1.07179 -0.0230583 
4 -4 6 1 -0.380177 0.68285 
4 -3.57895 6 1 -0.324156 0.68841 
4 -3.15789 6 1 -0.266314 0.69415 
4 -2.73684 6 1 -0.206562 0.70008 
4 -2.31579 6 1 -0.144804 0.706209 
4 -1.89474 6 1 -0.0809359 0.712548 
4 -1.47368 6 1 -0.0148484 0.719107 
4 -1.05263 6 1 0.0535762 0.725898 
4 -0.631579 6 1 0.124464 0.732933 
4 -0.210526 6 1 0.197951 0.740226 
4 0.210526 6 1 0.274182 0.747792 
4 0.631579 6 1 0.353315 0.755645 
4 1.05263 6 1 0.435517 0.763803 
4 1.47368 6 1 0.520971 0.772284 
4 1.89474 6 1 0.609875 0.781107 
4 2.31579 6 1 0.70244 0.790294 
4 2.73684 6 1 0.798899 0.799867 
4 3.15789 6 1 0.899501 0.809851 
4 3.57895 6 1 1.00452 0.820274 
4 4 6 1 1.11425 0.831165 
-2.73684 -4 6 1 -32.2058 38.5869 
-2.31579 -4 6 1 -7.57111 9.24719 
-1.89474 -4 6 1 -4.19574 5.22716 
-1.47368 -4 6 1 -2.85523 3.63062 
-1.05263 -4 6 1 -2.13569 2.77365 
-0.631579 -4 6 1 -1.68677 2.23899 
-0.210526 -4 6 1 -1.37997 1.8736 
0.210526 -4 6 1 -1.15702 1.60807 
0.631579 -4 6 1 -0.987687 1.40639 
1.05263 -4 6 1 -0.854698 1.248 
1.47368 -4 6 1 -0.747488 1.12031 
1.89474 -4 6 1 -0.659223 1.01519 
2.31579 -4 6 1 -0.585291 0.927138 
2.73684 -4 6 1 -0.522461 0.852309 
3.15789 -4 6 1 -0.468408 0.787932 
3.57895 -4 6 1 -0.421412 0.731961 
4 -4 6 1 -0.380177 0.68285 
-0.631579 4 6 1 22.7222 23.3849 
-0.210526 4 6 1 7.10917 7.08848 
0.210526 4 6 1 4.29775 4.154 
0.631579 4 6 1 3.12123 2.92599 
1.05263 4 6 1 2.47477 2.25123 
1.47368 4 6 1 2.06602 1.82458 
1.89474 4 6 1 1.78422 1.53045 
2.31579 4 6 1 1.57818 1.31539 
2.73684 4 6 1 1.42097 1.1513 
3.15789 4 6 1 1.29707 1.02198 
3.57895 4 6 1 1.19691 0.917433 
4 4 6 1 1.11425 0.831165 
