-4 -4 2 1 0.680084 -0.0593492 
-4 -3.57895 2 1 0.609457 -0.0666962 
-4 -3.15789 2 1 0.538283 -0.0741002 
-4 -2.73684 2 1 0.466556 -0.0815616 
-4 -2.31579 2 1 0.39427 -0.0890813 
-4 -1.89474 2 1 0.321418 -0.0966598 
-4 -1.47368 2 1 0.247993 -0.104298 
-4 -1.05263 2 1 0.173989 -0.111996 
-4 -0.631579 2 1 0.0993982 -0.119756 
-4 -0.210526 2 1 0.0242142 -0.127577 
-4 0.210526 2 1 -0.0515703 -0.13546 
-4 0.631579 2 1 -0.127962 -0.143407 
-4 1.05263 2 1 -0.20497 -0.151418 
-4 1.47368 2 1 -0.282599 -0.159494 
-4 1.89474 2 1 -0.360859 -0.167635 
-4 2.31579 2 1 -0.439757 -0.175842 
-4 2.73684 2 1 -0.5193 -0.184117 
-4 3.15789 2 1 -0.599496 -0.192459 
-4 3.57895 2 1 -0.680355 -0.200871 
-4 4 2 1 -0.761883 -0.209352 
-4 -4 2 1 0.680084 -0.0593492 
-3.57895 -4 2 1 0.737721 -0.0610219 
-3.15789 -4 2 1 0.805255 -0.0629818 
-2.73684 -4 2 1 0.885473 -0.0653098 
-2.31579 -4 2 1 0.982321 -0.0681204 
-1.89474 -4 2 1 1.10157 -0.0715811 
-1.47368 -4 2 1 1.25199 -0.0759467 
-1.05263 -4 2 1 1.44768 -0.0816256 
-0.631579 -4 2 1 1.71265 -0.0893155 
-0.210526 -4 2 1 2.09165 -0.100314 
0.210526 -4 2 1 2.67842 -0.117343 
0.631579 -4 2 1 3.70836 -0.147233 
1.05263 -4 2 1 5.98822 -0.213398 
1.47368 -4 2 1 15.3044 -0.483763 
-4 4 2 1 -0.761883 -0.209352 
-3.57895 4 2 1 -0.82307 -0.224041 
-3.15789 4 2 1 -0.895745 -0.241487 
-2.73684 4 2 1 -0.983479 -0.262549 
-2.31579 4 2 1 -1.09149 -0.288479 
-1.89474 4 2 1 -1.22774 -0.321187 
-1.47368 4 2 1 -1.40494 -0.363728 
-1.05263 4 2 1 -1.64485 -0.421321 
-0.631579 4 2 1 -1.98789 -0.503674 
-0.210526 4 2 1 -2.51879 -0.631124 
0.210526 4 2 1 -3.45002 -0.854679 
0.631579 4 2 1 -5.50844 -1.34884 
1.05263 4 2 1 -13.8783 -3.35815 
-4 -4 6 1 0.597632 0.619948 
-4 -3.57895 6 1 0.528297 0.615327 
-4 -3.15789 6 1 0.458438 0.610671 
-4 -2.73684 6 1 0.388049 0.605979 
-4 -2.31579 6 1 0.317123 0.601252 
-4 -1.89474 6 1 0.245655 0.596488 
-4 -1.47368 6 1 0.173637 0.591688 
-4 -1.05263 6 1 0.101065 0.586851 
-4 -0.631579 6 1 0.0279311 0.581977 
-4 -0.210526 6 1 -0.045771 0.577065 
-4 0.210526 6 1 -0.120048 0.572114 
-4 0.631579 6 1 -0.194906 0.567125 
-4 1.05263 6 1 -0.270353 0.562096 
-4 1.47368 6 1 -0.346395 0.557028 
-4 1.89474 6 1 -0.42304 0.551919 
-4 2.31579 6 1 -0.500294 0.54677 
-4 2.73684 6 1 -0.578166 0.54158 
-4 3.15789 6 1 -0.656661 0.536348 
-4 3.57895 6 1 -0.735789 0.531074 
-4 4 6 1 -0.815556 0.525758 
-4 -4 6 1 0.597632 0.619948 
-3.57895 -4 6 1 0.647505 0.670716 
-3.15789 -4 6 1 0.705716 0.72997 
-2.73684 -4 6 1 0.774545 0.800034 
-2.31579 -4 6 1 0.85719 0.884161 
-1.89474 -4 6 1 0.958275 0.987059 
-1.47368 -4 6 1 1.08475 1.1158 
-1.05263 -4 6 1 1.24754 1.28151 
-0.631579 -4 6 1 1.46493 1.5028 
-0.210526 -4 6 1 1.76991 1.81325 
0.210526 -4 6 1 2.22877 2.28033 
0.631579 -4 6 1 2.99727 3.06262 
1.05263 -4 6 1 4.54846 4.64162 
1.47368 -4 6 1 9.3186 9.49731 
-4 4 6 1 -0.815556 0.525758 
-3.57895 4 6 1 -0.879613 0.572879 
-3.15789 4 6 1 -0.955352 0.628593 
-2.73684 4 6 1 -1.04629 0.695485 
-2.31579 4 6 1 -1.1575 0.777296 
-1.89474 4 6 1 -1.29663 0.879641 
-1.47368 4 6 1 -1.47569 1.01136 
-1.05263 4 6 1 -1.71476 1.18722 
-0.631579 4 6 1 -2.05008 1.43388 
-0.210526 4 6 1 -2.5544 1.80487 
0.210526 4 6 1 -3.39855 2.42584 
0.631579 4 6 1 -5.10058 3.67787 
1.05263 4 6 1 -10.3191 7.51664 
