10.2565 -0.119432 15.6417 12.4993 3 
5.21015 -0.0339206 6.67402 5.49026 4 
3.4333 -0.00381131 4.1698 3.53298 5 
2.52597 0.0115636 2.99236 2.6127 6 
1.97537 0.0208936 2.3081 2.07789 7 
1.60568 0.0271581 1.86082 1.72829 8 
1.34032 0.0316546 1.54558 1.4819 9 
1.14059 0.0350391 1.31143 1.29889 10 
0.984819 0.0376787 1.13065 1.1576 11 
0.859933 0.039795 0.98686 1.04521 12 
0.757575 0.0415294 0.869758 0.953682 13 
0.672155 0.0429769 0.772546 0.877702 14 
0.599789 0.0442032 0.690554 0.813617 15 
0.537696 0.0452553 0.620466 0.758837 16 
0.483836 0.046168 0.559866 0.711472 17 
0.436671 0.0469672 0.506948 0.670112 18 
0.395027 0.0476729 0.46034 0.633683 19 
-11.7221 2.396 -17.444 24.9015 28 
-5.29618 1.08413 -5.75921 7.99443 29 
-3.49088 0.715574 -3.53826 4.78088 30 
-2.64041 0.541949 -2.59763 3.41986 31 
-2.14568 0.440949 -2.07793 2.66789 32 
-1.82209 0.374888 -1.74827 2.19089 33 
-1.59394 0.32831 -1.52052 1.86136 34 
-1.42443 0.293704 -1.35376 1.62006 35 
-1.29352 0.266979 -1.22638 1.43575 36 
-1.18938 0.245719 -1.1259 1.29036 37 
-1.10456 0.228403 -1.04461 1.17275 38 
-1.03414 0.214026 -0.977501 1.07564 39 
0.395027 0.0476729 0.46034 0.633683 60 
0.342302 0.0538101 0.407723 0.649857 61 
0.287795 0.0601546 0.353294 0.666587 62 
0.231415 0.0667171 0.296957 0.683903 63 
0.173063 0.0735092 0.238611 0.701837 64 
0.112634 0.080543 0.178147 0.720423 65 
0.0500156 0.0878317 0.115446 0.739696 66 
-0.0149139 0.0953895 0.0503818 0.759695 67 
-0.0822848 0.103231 -0.017181 0.780462 68 
-0.152237 0.111374 -0.0873895 0.802042 69 
-0.224923 0.119834 -0.160402 0.824485 70 
-0.300505 0.128632 -0.236391 0.847842 71 
-0.37916 0.137787 -0.31554 0.87217 72 
-0.461079 0.147322 -0.398053 0.897533 73 
-0.54647 0.157262 -0.484147 0.923996 74 
-0.635558 0.167632 -0.574061 0.951634 75 
-0.728589 0.17846 -0.668056 0.980525 76 
-0.825831 0.189779 -0.766415 1.01076 77 
-0.927575 0.201622 -0.869449 1.04243 78 
-1.03414 0.214026 -0.977501 1.07564 79 
