5.70852 -0.135966 29.6023 20.4343 0 
4.01616 -0.0435882 10.0597 7.40188 1 
3.02938 0.0102753 5.8358 4.58505 2 
2.38304 0.0455559 3.99056 3.3545 3 
1.92688 0.0704554 2.95616 2.66468 4 
1.58773 0.088968 2.29441 2.22338 5 
1.32568 0.103272 1.83467 1.91679 6 
1.11713 0.114656 1.4967 1.69141 7 
0.947207 0.123931 1.23777 1.51874 8 
0.806093 0.131633 1.03306 1.38222 9 
0.687034 0.138132 0.867153 1.27158 10 
0.585233 0.143689 0.72997 1.18009 11 
0.497192 0.148495 0.614645 1.10319 12 
0.420297 0.152692 0.516341 1.03763 13 
0.352558 0.15639 0.431548 0.981085 14 
0.292432 0.159672 0.35766 0.931811 15 
0.238703 0.162604 0.292701 0.888491 16 
0.190401 0.165241 0.235143 0.850107 17 
0.146745 0.167624 0.18379 0.815861 18 
0.107095 0.169788 0.137691 0.785119 19 
-5.57203 0.17675 -258.186 250.533 33 
-4.09817 0.188302 -12.5373 11.7063 34 
-3.31082 0.194473 -6.76625 6.09553 35 
-2.82094 0.198313 -4.78183 4.16623 36 
-2.48673 0.200933 -3.77783 3.19012 37 
-2.24417 0.202834 -3.1716 2.60072 38 
-2.06009 0.204277 -2.76584 2.20623 39 
5.70852 -0.135966 29.6023 20.4343 40 
0.107095 0.169788 0.137691 0.785119 60 
0.0622314 0.170502 0.0886348 0.809129 61 
0.0142385 0.171266 0.0357325 0.835022 62 
-0.0372234 0.172085 -0.0214866 0.863027 63 
-0.0925444 0.172965 -0.0835734 0.893415 64 
-0.152176 0.173914 -0.151176 0.926503 65 
-0.216641 0.17494 -0.225065 0.962668 66 
-0.286554 0.176053 -0.306159 1.00236 67 
-0.362635 0.177263 -0.395566 1.04612 68 
-0.445737 0.178586 -0.494634 1.09461 69 
-0.536881 0.180036 -0.605017 1.14863 70 
-0.637292 0.181634 -0.728771 1.2092 71 
-0.748459 0.183403 -0.868484 1.27758 72 
-0.872209 0.185373 -1.02745 1.35539 73 
-1.01081 0.187578 -1.20996 1.44472 74 
-1.16709 0.190066 -1.42164 1.54832 75 
-1.34469 0.192892 -1.6701 1.66993 76 
-1.54827 0.196132 -1.96584 1.81468 77 
-1.78398 0.199883 -2.32378 1.98987 78 
-2.06009 0.204277 -2.76584 2.20623 79 
