-1.74389 -0.48912 -1.67377 0.681321 0 
-1.88923 -0.533192 -1.7953 0.774243 1 
-2.07679 -0.590062 -1.94776 0.890823 2 
-2.32807 -0.666255 -2.14471 1.04141 3 
-2.68219 -0.773631 -2.40892 1.24344 4 
-3.21854 -0.936263 -2.78196 1.52868 5 
-4.12651 -1.21158 -3.34851 1.96188 6 
-5.99702 -1.77875 -4.31188 2.69851 7 
-12.0871 -3.62537 -6.31364 4.22912 8 
0.175936 -0.178072 0.121208 0.347805 20 
0.215824 -0.179955 0.15651 0.371837 21 
0.260048 -0.182043 0.195458 0.398352 22 
0.309358 -0.184371 0.238648 0.427754 23 
0.364683 -0.186983 0.286814 0.460544 24 
0.427197 -0.189935 0.340866 0.497342 25 
0.498397 -0.193297 0.401956 0.53893 26 
0.580229 -0.197161 0.471553 0.586309 27 
0.675268 -0.201648 0.551567 0.640781 28 
0.786989 -0.206923 0.644525 0.704064 29 
0.920209 -0.213213 0.753847 0.778487 30 
1.08179 -0.220842 0.884268 0.867274 31 
1.28188 -0.230289 1.04255 0.975028 32 
1.53609 -0.242292 1.23869 1.10855 33 
1.86983 -0.25805 1.48811 1.27835 34 
2.32733 -0.279651 1.81594 1.50153 35 
2.99309 -0.311085 2.26603 1.80794 36 
4.05125 -0.361047 2.92249 2.25484 37 
5.99364 -0.452758 3.96943 2.96756 38 
10.7241 -0.67611 5.90276 4.28372 39 
-1.74389 -0.48912 -1.67377 0.681321 40 
-1.5268 -0.453948 -1.48085 0.645476 41 
-1.33576 -0.422995 -1.30905 0.613554 42 
-1.16633 -0.395545 -1.15507 0.584944 43 
-1.01505 -0.371035 -1.01629 0.559157 44 
-0.879152 -0.349016 -0.890549 0.535794 45 
-0.756398 -0.329128 -0.7761 0.514529 46 
-0.644972 -0.311075 -0.671487 0.495092 47 
-0.543375 -0.294614 -0.575494 0.477256 48 
-0.45036 -0.279544 -0.487097 0.460831 49 
-0.364886 -0.265695 -0.405429 0.445657 50 
-0.28607 -0.252925 -0.329749 0.431595 51 
-0.213163 -0.241113 -0.259424 0.418528 52 
-0.145526 -0.230155 -0.193903 0.406354 53 
-0.0826062 -0.219961 -0.13271 0.394984 54 
-0.0239274 -0.210453 -0.075431 0.384341 55 
0.0309254 -0.201566 -0.0217015 0.374358 56 
0.0823146 -0.19324 0.0287984 0.364975 57 
0.130558 -0.185424 0.0763515 0.356139 58 
0.175936 -0.178072 0.121208 0.347805 59 
71.0152 -5.58598 10.3689 8.72609 77 
17.6937 -1.24368 7.36596 5.73913 78 
10.7241 -0.67611 5.90276 4.28372 79 
