-0.0656269 -0.0866185 -0.0133027 0.43588 0 
-0.104554 -0.0849228 -0.0488326 0.461283 1 
-0.147294 -0.083061 -0.0877466 0.489107 2 
-0.194435 -0.0810075 -0.130553 0.519713 3 
-0.246693 -0.078731 -0.177865 0.553541 4 
-0.304951 -0.0761932 -0.230435 0.591129 5 
-0.370305 -0.0733463 -0.289191 0.633139 6 
-0.444133 -0.0701303 -0.355292 0.680402 7 
-0.5282 -0.0664682 -0.430208 0.733967 8 
-0.624794 -0.0622604 -0.515828 0.795185 9 
-0.73694 -0.0573751 -0.614623 0.865823 10 
-0.868723 -0.0516345 -0.729887 0.948237 11 
-1.0258 -0.0447921 -0.866112 1.04564 12 
-1.21621 -0.0364974 -1.02959 1.16252 13 
-1.45185 -0.0262328 -1.22941 1.30539 14 
-1.75098 -0.0132022 -1.47919 1.48399 15 
-2.14327 0.00388666 -1.80036 1.71363 16 
-2.68027 0.0272792 -2.22864 2.01985 17 
-3.46015 0.0612521 -2.82831 2.44861 18 
-4.69586 0.115081 -3.728 3.09189 19 
2.28127 -0.401325 2.26336 1.07541 20 
2.50763 -0.442974 2.46931 1.24048 21 
2.81364 -0.499278 2.74106 1.4583 22 
3.25032 -0.579624 3.11613 1.75893 23 
3.92407 -0.703589 3.66732 2.20072 24 
5.09988 -0.91993 4.55668 2.91357 25 
7.6722 -1.39322 6.23321 4.25735 26 
17.7666 -3.25051 10.5716 7.73466 27 
-0.0656269 -0.0866185 -0.0133027 0.43588 40 
-0.0217796 -0.0924982 0.031235 0.448391 41 
0.025327 -0.098815 0.0789944 0.461807 42 
0.0760702 -0.105619 0.130338 0.476229 43 
0.130888 -0.11297 0.185686 0.491777 44 
0.190292 -0.120936 0.245524 0.508586 45 
0.254883 -0.129597 0.310423 0.526817 46 
0.325371 -0.139049 0.381054 0.546657 47 
0.402603 -0.149406 0.458209 0.568331 48 
0.487594 -0.160803 0.542838 0.592104 49 
0.581575 -0.173405 0.636081 0.618297 50 
0.686054 -0.187415 0.739324 0.647299 51 
0.802893 -0.203083 0.854268 0.679587 52 
0.934423 -0.22072 0.98302 0.715755 53 
1.0836 -0.240724 1.12823 0.756545 54 
1.25423 -0.263605 1.29326 0.802904 55 
1.45131 -0.290032 1.48248 0.856057 56 
1.68149 -0.320898 1.70161 0.917614 57 
1.95388 -0.357424 1.95838 0.989741 58 
2.28127 -0.401325 2.26336 1.07541 59 
-4.69586 0.115081 -3.728 3.09189 60 
-5.69445 0.126109 -4.31513 3.81761 61 
-7.52126 0.146283 -5.27462 5.00358 62 
-11.9367 0.195044 -7.12512 7.29089 63 
-37.8155 0.480836 -12.1837 13.5435 64 
