-4 -4 2 1 0.509211 -0.215551 
-4 -3.57895 2 1 0.451101 -0.221556 
-4 -3.15789 2 1 0.391084 -0.227757 
-4 -2.73684 2 1 0.329066 -0.234166 
-4 -2.31579 2 1 0.264944 -0.240791 
-4 -1.89474 2 1 0.19861 -0.247645 
-4 -1.47368 2 1 0.129948 -0.25474 
-4 -1.05263 2 1 0.0588311 -0.262089 
-4 -0.631579 2 1 -0.0148729 -0.269704 
-4 -0.210526 2 1 -0.0913083 -0.277602 
-4 0.210526 2 1 -0.17063 -0.285798 
-4 0.631579 2 1 -0.253004 -0.29431 
-4 1.05263 2 1 -0.338611 -0.303156 
-4 1.47368 2 1 -0.427644 -0.312355 
-4 1.89474 2 1 -0.520314 -0.321931 
-4 2.31579 2 1 -0.616847 -0.331905 
-4 2.73684 2 1 -0.717491 -0.342305 
-4 3.15789 2 1 -0.822514 -0.353157 
-4 3.57895 2 1 -0.932208 -0.364491 
-4 4 2 1 -1.04689 -0.376341 
-4 -4 2 1 0.509211 -0.215551 
-3.57895 -4 2 1 0.560815 -0.21959 
-3.15789 -4 2 1 0.620084 -0.224228 
-2.73684 -4 2 1 0.688861 -0.22961 
-2.31579 -4 2 1 0.769634 -0.235932 
-1.89474 -4 2 1 0.865843 -0.243461 
-1.47368 -4 2 1 0.982377 -0.252581 
-1.05263 -4 2 1 1.12644 -0.263855 
-0.631579 -4 2 1 1.3091 -0.278149 
-0.210526 -4 2 1 1.54824 -0.296864 
0.210526 -4 2 1 1.87489 -0.322427 
0.631579 -4 2 1 2.34781 -0.359437 
1.05263 -4 2 1 3.09358 -0.4178 
1.47368 -4 2 1 4.44413 -0.523491 
1.89474 -4 2 1 7.63673 -0.773339 
2.31579 -4 2 1 24.5216 -2.09472 
-4 4 2 1 -1.04689 -0.376341 
-3.57895 4 2 1 -1.12951 -0.398711 
-3.15789 4 2 1 -1.2309 -0.426165 
-2.73684 4 2 1 -1.35829 -0.460659 
-2.31579 4 2 1 -1.52315 -0.505299 
-1.89474 4 2 1 -1.74486 -0.565334 
-1.47368 4 2 1 -2.05897 -0.650385 
-1.05263 4 2 1 -2.53842 -0.780207 
-0.631579 4 2 1 -3.36039 -1.00277 
-0.210526 4 2 1 -5.09592 -1.47271 
0.210526 4 2 1 -11.1731 -3.11824 
-4 -4 6 1 0.426064 0.381599 
-4 -3.57895 6 1 0.371509 0.384932 
-4 -3.15789 6 1 0.315313 0.388365 
-4 -2.73684 6 1 0.257402 0.391903 
-4 -2.31579 6 1 0.197696 0.39555 
-4 -1.89474 6 1 0.136111 0.399313 
-4 -1.47368 6 1 0.0725558 0.403195 
-4 -1.05263 6 1 0.00693478 0.407204 
-4 -0.631579 6 1 -0.0608545 0.411346 
-4 -0.210526 6 1 -0.130921 0.415626 
-4 0.210526 6 1 -0.203382 0.420053 
-4 0.631579 6 1 -0.278362 0.424634 
-4 1.05263 6 1 -0.355995 0.429376 
-4 1.47368 6 1 -0.436424 0.43429 
-4 1.89474 6 1 -0.519803 0.439384 
-4 2.31579 6 1 -0.606297 0.444668 
-4 2.73684 6 1 -0.696085 0.450153 
-4 3.15789 6 1 -0.789357 0.455851 
-4 3.57895 6 1 -0.886321 0.461775 
-4 4 6 1 -0.987201 0.467938 
-4 -4 6 1 0.426064 0.381599 
-3.57895 -4 6 1 0.467964 0.415626 
-3.15789 -4 6 1 0.515514 0.454241 
-2.73684 -4 6 1 0.569939 0.498439 
-2.31579 -4 6 1 0.632847 0.549526 
-1.89474 -4 6 1 0.706388 0.609249 
-1.47368 -4 6 1 0.793506 0.679997 
-1.05263 -4 6 1 0.898345 0.765137 
-0.631579 -4 6 1 1.02692 0.869556 
-0.210526 -4 6 1 1.18834 1.00064 
0.210526 -4 6 1 1.397 1.17009 
0.631579 -4 6 1 1.67721 1.39765 
1.05263 -4 6 1 2.07339 1.71939 
1.47368 -4 6 1 2.67633 2.20904 
1.89474 -4 6 1 3.70502 3.04443 
2.31579 -4 6 1 5.85648 4.79163 
2.73684 -4 6 1 13.1773 10.7368 
-4 4 6 1 -0.987201 0.467938 
-3.57895 4 6 1 -1.05436 0.52392 
-3.15789 4 6 1 -1.13474 0.590915 
-2.73684 4 6 1 -1.23265 0.67253 
-2.31579 4 6 1 -1.35454 0.774135 
-1.89474 4 6 1 -1.51046 0.904099 
-1.47368 4 6 1 -1.71695 1.07622 
-1.05263 4 6 1 -2.0034 1.31499 
-0.631579 4 6 1 -2.42737 1.66839 
-0.210526 4 6 1 -3.11921 2.24507 
0.210526 4 6 1 -4.45 3.35435 
0.631579 4 6 1 -8.06433 6.36708 
1.05263 4 6 1 -55.3435 45.7766 
