-2.33835 -0.111145 -1.95555 1.18013 0 
-2.56653 -0.0967808 -2.0888 1.34126 1 
-2.87467 -0.0773824 -2.25707 1.54473 2 
-3.31375 -0.0497413 -2.47623 1.80974 3 
-3.98973 -0.00718631 -2.7735 2.16921 4 
-5.16519 0.066812 -3.1997 2.68457 5 
-7.71807 0.227522 -3.8619 3.48531 6 
-17.495 0.843003 -5.0312 4.89925 7 
0.0572268 -0.0879133 0.0218601 0.406818 20 
0.0963915 -0.0825012 0.0564422 0.432417 21 
0.13927 -0.0765758 0.0940317 0.460241 22 
0.186416 -0.0700606 0.135039 0.490596 23 
0.238501 -0.0628629 0.179952 0.523841 24 
0.296344 -0.0548696 0.229357 0.560412 25 
0.360955 -0.045941 0.283963 0.600833 26 
0.433596 -0.0359028 0.344637 0.645745 27 
0.515863 -0.0245343 0.412451 0.695942 28 
0.609805 -0.0115524 0.488742 0.752415 29 
0.718097 0.00341256 0.575207 0.816419 30 
0.8443 0.0208526 0.674027 0.889567 31 
0.993257 0.041437 0.788052 0.973972 32 
1.17173 0.0661006 0.921086 1.07245 33 
1.38946 0.0961891 1.07831 1.18883 34 
1.66101 0.133714 1.26699 1.32849 35 
2.00912 0.18182 1.49761 1.49921 36 
2.47151 0.245717 1.78591 1.71261 37 
3.11548 0.334709 2.1566 1.987 38 
4.07417 0.467189 2.6509 2.3529 39 
-2.33835 -0.111145 -1.95555 1.18013 40 
-1.99648 -0.10783 -1.70591 1.0825 41 
-1.71397 -0.10509 -1.49227 0.998952 42 
-1.4766 -0.102788 -1.30737 0.926641 43 
-1.27436 -0.100827 -1.14577 0.863443 44 
-1.09998 -0.0991356 -1.00332 0.807738 45 
-0.948069 -0.0976625 -0.876824 0.758268 46 
-0.814557 -0.0963677 -0.763732 0.71404 47 
-0.696288 -0.0952207 -0.662023 0.674265 48 
-0.590793 -0.0941977 -0.570061 0.638301 49 
-0.496108 -0.0932795 -0.48651 0.605627 50 
-0.410654 -0.0924507 -0.410265 0.57581 51 
-0.333142 -0.091699 -0.340409 0.548491 52 
-0.262515 -0.0910141 -0.27617 0.523369 53 
-0.197895 -0.0903875 -0.216898 0.500189 54 
-0.138546 -0.0898119 -0.162038 0.478735 55 
-0.0838486 -0.0892815 -0.111114 0.458821 56 
-0.0332767 -0.088791 -0.0637188 0.440285 57 
0.0136195 -0.0883362 -0.0194968 0.422992 58 
0.0572268 -0.0879133 0.0218601 0.406818 59 
265.017 50.8093 5.54681 7.40025 74 
14.7651 2.52972 4.28751 5.20539 75 
8.18861 1.26096 3.5998 4.00675 76 
5.91897 0.823096 3.16649 3.25153 77 
4.76904 0.601246 2.86846 2.73208 78 
4.07417 0.467189 2.6509 2.3529 79 
