-1.9102 0.160273 -2.49443 1.95631 20 
-1.6497 0.16702 -2.12416 1.79965 21 
-1.42579 0.172819 -1.81614 1.66933 22 
-1.23125 0.177857 -1.55591 1.55923 23 
-1.06067 0.182275 -1.33313 1.46497 24 
-0.909872 0.18618 -1.14027 1.38338 25 
-0.775608 0.189658 -0.971674 1.31204 26 
-0.6553 0.192773 -0.823039 1.24916 27 
-0.546878 0.195581 -0.691016 1.1933 28 
-0.448665 0.198125 -0.572967 1.14335 29 
-0.359282 0.20044 -0.466787 1.09843 30 
-0.277591 0.202556 -0.37077 1.05781 31 
-0.202639 0.204497 -0.283524 1.02089 32 
-0.133626 0.206284 -0.203899 0.987203 33 
-0.0698724 0.207935 -0.130939 0.956334 34 
-0.0107993 0.209465 -0.0638411 0.927946 35 
0.0440904 0.210887 -0.00192543 0.901749 36 
0.0952261 0.212211 0.0553859 0.877501 37 
0.14298 0.213448 0.108588 0.854992 38 
0.187677 0.214605 0.158108 0.83404 39 
-5.7451 0.389972 -28.3042 28.3266 53 
-4.02286 0.286815 -8.91593 8.51727 54 
-3.17251 0.235882 -5.51376 5.04121 55 
-2.6657 0.205525 -4.09788 3.59459 56 
-2.32922 0.185371 -3.32186 2.80171 57 
-2.08957 0.171017 -2.83189 2.3011 58 
-1.9102 0.160273 -2.49443 1.95631 59 
6.87874 1.22876 19.4953 18.4498 61 
4.58608 0.881265 8.0724 8.04379 62 
3.36233 0.695783 4.91268 5.16536 63 
2.60127 0.58043 3.43154 3.81607 64 
2.08221 0.501757 2.5721 3.03314 65 
1.70556 0.444668 2.01084 2.52184 66 
1.41978 0.401353 1.61551 2.1617 67 
1.19553 0.367364 1.322 1.89433 68 
1.01486 0.33998 1.09548 1.68796 69 
0.866201 0.317448 0.915343 1.52387 70 
0.741733 0.298583 0.768678 1.39026 71 
0.635997 0.282556 0.646946 1.27936 72 
0.54506 0.268773 0.544287 1.18584 73 
0.466018 0.256793 0.456544 1.10591 74 
0.39668 0.246284 0.380686 1.0368 75 
0.335363 0.23699 0.314453 0.976467 76 
0.280751 0.228712 0.256121 0.923328 77 
0.231802 0.221293 0.204355 0.876171 78 
0.187677 0.214605 0.158108 0.83404 79 
