-4 1.89474 2 1 248.992 -20.6193 
-4 2.31579 2 1 16.0903 -1.08367 
-4 2.73684 2 1 8.85208 -0.476535 
-4 3.15789 2 1 6.33833 -0.265683 
-4 3.57895 2 1 5.06161 -0.158593 
-4 4 2 1 4.28911 -0.0937965 
4 -4 2 1 -2.37661 -0.522227 
4 -3.57895 2 1 -1.98806 -0.446 
4 -3.15789 2 1 -1.67663 -0.384904 
4 -2.73684 2 1 -1.42145 -0.334842 
4 -2.31579 2 1 -1.20853 -0.293071 
4 -1.89474 2 1 -1.02818 -0.257689 
4 -1.47368 2 1 -0.87346 -0.227335 
4 -1.05263 2 1 -0.739264 -0.201009 
4 -0.631579 2 1 -0.621764 -0.177957 
4 -0.210526 2 1 -0.518027 -0.157606 
4 0.210526 2 1 -0.425769 -0.139506 
4 0.631579 2 1 -0.343183 -0.123304 
4 1.05263 2 1 -0.268825 -0.108717 
4 1.47368 2 1 -0.201524 -0.0955132 
4 1.89474 2 1 -0.14032 -0.083506 
4 2.31579 2 1 -0.0844203 -0.0725396 
4 2.73684 2 1 -0.0331647 -0.0624841 
4 3.15789 2 1 0.0140026 -0.0532307 
4 3.57895 2 1 0.0575522 -0.0446871 
4 4 2 1 0.0978848 -0.0367745 
1.47368 -4 2 1 -11.7131 -3.60455 
1.89474 -4 2 1 -6.20861 -1.78731 
2.31579 -4 2 1 -4.4102 -1.19359 
2.73684 -4 2 1 -3.51767 -0.898933 
3.15789 -4 2 1 -2.98427 -0.722838 
3.57895 -4 2 1 -2.62955 -0.605732 
4 -4 2 1 -2.37661 -0.522227 
-4 4 2 1 4.28911 -0.0937965 
-3.57895 4 2 1 3.3293 -0.0807382 
-3.15789 4 2 1 2.67078 -0.071779 
-2.73684 4 2 1 2.19093 -0.0652505 
-2.31579 4 2 1 1.82572 -0.0602818 
-1.89474 4 2 1 1.53845 -0.0563735 
-1.47368 4 2 1 1.30657 -0.0532188 
-1.05263 4 2 1 1.11548 -0.050619 
-0.631579 4 2 1 0.955282 -0.0484395 
-0.210526 4 2 1 0.819044 -0.0465859 
0.210526 4 2 1 0.701766 -0.0449904 
0.631579 4 2 1 0.599747 -0.0436024 
1.05263 4 2 1 0.510191 -0.042384 
1.47368 4 2 1 0.430946 -0.0413058 
1.89474 4 2 1 0.360328 -0.0403451 
2.31579 4 2 1 0.297001 -0.0394835 
2.73684 4 2 1 0.239891 -0.0387065 
3.15789 4 2 1 0.188126 -0.0380022 
3.57895 4 2 1 0.140989 -0.0373609 
4 4 2 1 0.0978848 -0.0367745 
-4 2.31579 6 1 76.8247 65.0273 
-4 2.73684 6 1 14.0145 11.1955 
-4 3.15789 6 1 8.17962 6.19469 
-4 3.57895 6 1 5.98604 4.31467 
-4 4 6 1 4.83582 3.32887 
4 -4 6 1 -2.85185 1.42121 
4 -3.57895 6 1 -2.36481 1.26887 
4 -3.15789 6 1 -1.98347 1.14958 
4 -2.73684 6 1 -1.67678 1.05365 
4 -2.31579 6 1 -1.42479 0.974821 
4 -1.89474 6 1 -1.21405 0.9089 
4 -1.47368 6 1 -1.0352 0.852956 
4 -1.05263 6 1 -0.881517 0.804882 
4 -0.631579 6 1 -0.748032 0.763127 
4 -0.210526 6 1 -0.631011 0.726522 
4 0.210526 6 1 -0.527584 0.69417 
4 0.631579 6 1 -0.435513 0.665369 
4 1.05263 6 1 -0.353025 0.639566 
4 1.47368 6 1 -0.278698 0.616316 
4 1.89474 6 1 -0.211377 0.595258 
4 2.31579 6 1 -0.150117 0.576095 
4 2.73684 6 1 -0.0941344 0.558584 
4 3.15789 6 1 -0.0427755 0.542518 
4 3.57895 6 1 0.00450985 0.527727 
4 4 6 1 0.0481878 0.514064 
1.47368 -4 6 1 -54.9323 39.3218 
1.89474 -4 6 1 -10.9311 7.30071 
2.31579 -4 6 1 -6.4152 4.01438 
2.73684 -4 6 1 -4.69663 2.76372 
3.15789 -4 6 1 -3.79087 2.10457 
3.57895 -4 6 1 -3.23156 1.69755 
4 -4 6 1 -2.85185 1.42121 
-4 4 6 1 4.83582 3.32887 
-3.57895 4 6 1 3.60413 2.60472 
-3.15789 4 6 1 2.81002 2.13784 
-2.73684 4 6 1 2.25548 1.8118 
-2.31579 4 6 1 1.8463 1.57123 
-1.89474 4 6 1 1.53195 1.38642 
-1.47368 4 6 1 1.28289 1.23999 
-1.05263 4 6 1 1.08069 1.12111 
-0.631579 4 6 1 0.913266 1.02267 
-0.210526 4 6 1 0.772353 0.939825 
0.210526 4 6 1 0.652118 0.869135 
0.631579 4 6 1 0.54832 0.808109 
1.05263 4 6 1 0.457805 0.754891 
1.47368 4 6 1 0.378175 0.708075 
1.89474 4 6 1 0.307579 0.666569 
2.31579 4 6 1 0.244562 0.629519 
2.73684 4 6 1 0.187965 0.596244 
3.15789 4 6 1 0.136856 0.566195 
3.57895 4 6 1 0.0904721 0.538925 
4 4 6 1 0.0481878 0.514064 
