12.3852 -0.131688 51.6082 44.1059 16 
7.94537 -0.00306729 13.9051 11.2429 17 
6.03291 0.052336 8.47813 6.51258 18 
4.96792 0.0831885 6.30447 4.61796 19 
-2.23053 -0.356072 -2.74526 1.51763 20 
-1.88401 -0.301173 -2.29389 1.36692 21 
-1.60064 -0.256277 -1.93464 1.24697 22 
-1.3646 -0.21888 -1.64194 1.14924 23 
-1.16493 -0.187246 -1.39885 1.06807 24 
-0.993841 -0.16014 -1.19374 0.999587 25 
-0.845599 -0.136653 -1.01837 0.94103 26 
-0.715916 -0.116107 -0.866695 0.890387 27 
-0.601511 -0.0979816 -0.734222 0.846155 28 
-0.499835 -0.0818728 -0.617522 0.807189 29 
-0.408876 -0.0674618 -0.513935 0.772602 30 
-0.327023 -0.0544937 -0.421368 0.741695 31 
-0.252976 -0.042762 -0.338153 0.713909 32 
-0.185667 -0.0320981 -0.262939 0.688796 33 
-0.124217 -0.0223624 -0.194627 0.665987 34 
-0.0678934 -0.0134389 -0.132307 0.645178 35 
-0.01608 -0.00522991 -0.0752238 0.626119 36 
0.0317441 0.002347 -0.0227448 0.608596 37 
0.0760224 0.00936215 0.0256659 0.592432 38 
0.117135 0.0158758 0.0704636 0.577474 39 
-8.92074 -2.054 -39.4499 30.3352 53 
-5.34816 -1.14731 -10.0788 7.27533 54 
-3.96158 -0.795403 -6.07822 4.13441 55 
-3.22467 -0.608379 -4.491 2.88825 56 
-2.76749 -0.492351 -3.63939 2.21963 57 
-2.45618 -0.413341 -3.10822 1.8026 58 
-2.23053 -0.356072 -2.74526 1.51763 59 
4.96792 0.0831885 6.30447 4.61796 60 
3.72539 0.0659465 4.38093 3.37124 61 
2.92232 0.0548024 3.27561 2.65485 62 
2.36059 0.0470074 2.55801 2.18974 63 
1.94562 0.041249 2.05456 1.86344 64 
1.62654 0.0368213 1.68184 1.62187 65 
1.37356 0.0333107 1.39479 1.43582 66 
1.16806 0.0304591 1.16692 1.28813 67 
0.997828 0.0280969 0.981629 1.16803 68 
0.854499 0.0261079 0.828009 1.06847 69 
0.732163 0.0244103 0.698577 0.984577 70 
0.626522 0.0229444 0.588039 0.912933 71 
0.534378 0.0216657 0.492537 0.851035 72 
0.453298 0.0205406 0.409201 0.797022 73 
0.381404 0.019543 0.335843 0.749476 74 
0.317217 0.0186523 0.270774 0.707303 75 
0.259562 0.0178522 0.212663 0.669639 76 
0.207489 0.0171296 0.160452 0.635799 77 
0.160226 0.0164737 0.113284 0.605228 78 
0.117135 0.0158758 0.0704636 0.577474 79 
