-4 1.05263 2 1 12.7115 0.678623 
-4 1.47368 2 1 6.60818 0.327656 
-4 1.89474 2 1 4.6287 0.213828 
-4 2.31579 2 1 3.64896 0.157489 
-4 2.73684 2 1 3.06428 0.123868 
-4 3.15789 2 1 2.6758 0.101529 
-4 3.57895 2 1 2.39895 0.0856087 
-4 4 2 1 2.19166 0.0736887 
4 -4 2 1 -5.10073 -0.67987 
4 -3.57895 2 1 -3.6635 -0.515108 
4 -3.15789 2 1 -2.79322 -0.41534 
4 -2.73684 2 1 -2.20968 -0.348444 
4 -2.31579 2 1 -1.79121 -0.300471 
4 -1.89474 2 1 -1.47645 -0.264388 
4 -1.47368 2 1 -1.2311 -0.236261 
4 -1.05263 2 1 -1.03447 -0.21372 
4 -0.631579 2 1 -0.873373 -0.195252 
4 -0.210526 2 1 -0.738967 -0.179844 
4 0.210526 2 1 -0.625127 -0.166793 
4 0.631579 2 1 -0.52747 -0.155598 
4 1.05263 2 1 -0.442772 -0.145889 
4 1.47368 2 1 -0.368616 -0.137387 
4 1.89474 2 1 -0.303148 -0.129882 
4 2.31579 2 1 -0.244927 -0.123208 
4 2.73684 2 1 -0.192811 -0.117233 
4 3.15789 2 1 -0.145889 -0.111854 
4 3.57895 2 1 -0.10342 -0.106986 
4 4 2 1 -0.0648004 -0.102558 
2.31579 -4 2 1 -117.388 -14.94 
2.73684 -4 2 1 -15.0553 -1.94406 
3.15789 -4 2 1 -8.62734 -1.12774 
3.57895 -4 2 1 -6.30141 -0.832352 
4 -4 2 1 -5.10073 -0.67987 
-4 4 2 1 2.19166 0.0736887 
-3.57895 4 2 1 1.89048 0.0501642 
-3.15789 4 2 1 1.63666 0.0303389 
-2.73684 4 2 1 1.41984 0.0134038 
-2.31579 4 2 1 1.23249 -0.00123001 
-1.89474 4 2 1 1.06897 -0.0140019 
-1.47368 4 2 1 0.925017 -0.0252459 
-1.05263 4 2 1 0.797311 -0.0352207 
-0.631579 4 2 1 0.68325 -0.0441298 
-0.210526 4 2 1 0.580758 -0.0521352 
0.210526 4 2 1 0.488159 -0.0593679 
0.631579 4 2 1 0.404088 -0.0659345 
1.05263 4 2 1 0.327418 -0.071923 
1.47368 4 2 1 0.257213 -0.0774066 
1.89474 4 2 1 0.192688 -0.0824465 
2.31579 4 2 1 0.133181 -0.0870945 
2.73684 4 2 1 0.0781281 -0.0913945 
3.15789 4 2 1 0.0270477 -0.0953843 
3.57895 4 2 1 -0.0204754 -0.0990962 
4 4 2 1 -0.0648004 -0.102558 
-4 0.631579 6 1 11.7228 14.0725 
-4 1.05263 6 1 5.89883 6.59913 
-4 1.47368 6 1 4.11331 4.30794 
-4 1.89474 6 1 3.24715 3.19648 
-4 2.31579 6 1 2.73567 2.54013 
-4 2.73684 6 1 2.39803 2.10687 
-4 3.15789 6 1 2.15848 1.79949 
-4 3.57895 6 1 1.9797 1.57007 
-4 4 6 1 1.84117 1.3923 
4 -4 6 1 -4.1929 2.42737 
4 -3.57895 6 1 -3.20342 1.93949 
4 -3.15789 6 1 -2.54407 1.61439 
4 -2.73684 6 1 -2.07327 1.38225 
4 -2.31579 6 1 -1.72024 1.20818 
4 -1.89474 6 1 -1.44572 1.07283 
4 -1.47368 6 1 -1.22613 0.964555 
4 -1.05263 6 1 -1.04649 0.87598 
4 -0.631579 6 1 -0.896799 0.802174 
4 -0.210526 6 1 -0.77015 0.739728 
4 0.210526 6 1 -0.661601 0.686206 
4 0.631579 6 1 -0.56753 0.639823 
4 1.05263 6 1 -0.485223 0.59924 
4 1.47368 6 1 -0.412602 0.563434 
4 1.89474 6 1 -0.348052 0.531606 
4 2.31579 6 1 -0.2903 0.503131 
4 2.73684 6 1 -0.238324 0.477503 
4 3.15789 6 1 -0.191299 0.454317 
4 3.57895 6 1 -0.148551 0.433239 
4 4 6 1 -0.10952 0.413995 
1.89474 -4 6 1 -41.8985 37.151 
2.31579 -4 6 1 -12.477 10.0563 
2.73684 -4 6 1 -7.79393 5.74361 
3.15789 -4 6 1 -5.88303 3.98383 
3.57895 -4 6 1 -4.84497 3.02786 
4 -4 6 1 -4.1929 2.42737 
-4 4 6 1 1.84117 1.3923 
-3.57895 4 6 1 1.59594 1.26932 
-3.15789 4 6 1 1.38584 1.16395 
-2.73684 4 6 1 1.20382 1.07266 
-2.31579 4 6 1 1.0446 0.99281 
-1.89474 4 6 1 0.90416 0.922375 
-1.47368 4 6 1 0.779354 0.859783 
-1.05263 4 6 1 0.667711 0.803791 
-0.631579 4 6 1 0.567253 0.75341 
-0.210526 4 6 1 0.476379 0.707835 
0.210526 4 6 1 0.39378 0.66641 
0.631579 4 6 1 0.318375 0.628593 
1.05263 4 6 1 0.249264 0.593932 
1.47368 4 6 1 0.18569 0.562048 
1.89474 4 6 1 0.127013 0.532621 
2.31579 4 6 1 0.072688 0.505376 
2.73684 4 6 1 0.0222489 0.48008 
3.15789 4 6 1 -0.0247073 0.45653 
3.57895 4 6 1 -0.0685292 0.434553 
4 4 6 1 -0.10952 0.413995 
