4 -4 2 1 -0.410117 -0.0488348 
4 -3.57895 2 1 -0.356682 -0.053784 
4 -3.15789 2 1 -0.301067 -0.0589351 
4 -2.73684 2 1 -0.243136 -0.0643007 
4 -2.31579 2 1 -0.18274 -0.0698946 
4 -1.89474 2 1 -0.11972 -0.0757316 
4 -1.47368 2 1 -0.0538998 -0.0818278 
4 -1.05263 2 1 0.0149108 -0.0882011 
4 -0.631579 2 1 0.0869205 -0.0948707 
4 -0.210526 2 1 0.162358 -0.101858 
4 0.210526 2 1 0.241473 -0.109185 
4 0.631579 2 1 0.324542 -0.116879 
4 1.05263 2 1 0.411869 -0.124968 
4 1.47368 2 1 0.503789 -0.133481 
4 1.89474 2 1 0.600676 -0.142455 
4 2.31579 2 1 0.702943 -0.151927 
4 2.73684 2 1 0.81105 -0.16194 
4 3.15789 2 1 0.925513 -0.172541 
4 3.57895 2 1 1.04691 -0.183785 
4 4 2 1 1.17589 -0.195731 
-2.73684 -4 2 1 -20.5748 1.7006 
-2.31579 -4 2 1 -7.32745 0.551294 
-1.89474 -4 2 1 -4.36105 0.293937 
-1.47368 -4 2 1 -3.05322 0.180473 
-1.05263 -4 2 1 -2.31686 0.116589 
-0.631579 -4 2 1 -1.84456 0.0756137 
-0.210526 -4 2 1 -1.51589 0.0470988 
0.210526 -4 2 1 -1.27397 0.0261105 
0.631579 -4 2 1 -1.08846 0.0100162 
1.05263 -4 2 1 -0.94169 -0.00271703 
1.47368 -4 2 1 -0.822674 -0.0130426 
1.89474 -4 2 1 -0.724218 -0.0215843 
2.31579 -4 2 1 -0.641418 -0.0287678 
2.73684 -4 2 1 -0.570816 -0.0348931 
3.15789 -4 2 1 -0.5099 -0.0401779 
3.57895 -4 2 1 -0.456806 -0.0447843 
4 -4 2 1 -0.410117 -0.0488348 
-0.210526 4 2 1 22.4507 -2.27185 
0.210526 4 2 1 6.682 -0.73305 
0.631579 4 2 1 4.03399 -0.474642 
1.05263 4 2 1 2.94197 -0.368076 
1.47368 4 2 1 2.34592 -0.30991 
1.89474 4 2 1 1.97047 -0.273272 
2.31579 4 2 1 1.71229 -0.248077 
2.73684 4 2 1 1.52385 -0.229688 
3.15789 4 2 1 1.38026 -0.215675 
3.57895 4 2 1 1.26721 -0.204643 
4 4 2 1 1.17589 -0.195731 
4 -4 6 1 -0.338444 0.5251 
4 -3.57895 6 1 -0.286227 0.531309 
4 -3.15789 6 1 -0.231985 0.53776 
4 -2.73684 6 1 -0.175597 0.544466 
4 -2.31579 6 1 -0.116934 0.551442 
4 -1.89474 6 1 -0.0558541 0.558706 
4 -1.47368 6 1 0.00779402 0.566276 
4 -1.05263 6 1 0.0741763 0.57417 
4 -0.631579 6 1 0.143473 0.582411 
4 -0.210526 6 1 0.215879 0.591022 
4 0.210526 6 1 0.291611 0.600028 
4 0.631579 6 1 0.370901 0.609457 
4 1.05263 6 1 0.454007 0.619341 
4 1.47368 6 1 0.54121 0.629711 
4 1.89474 6 1 0.632823 0.640606 
4 2.31579 6 1 0.729188 0.652066 
4 2.73684 6 1 0.830684 0.664137 
4 3.15789 6 1 0.937732 0.676867 
4 3.57895 6 1 1.0508 0.690314 
4 4 6 1 1.17041 0.704539 
-3.15789 -4 6 1 -28.0459 27.4478 
-2.73684 -4 6 1 -7.81901 7.7938 
-2.31579 -4 6 1 -4.43211 4.50282 
-1.89474 -4 6 1 -3.03619 3.14644 
-1.47368 -4 6 1 -2.27445 2.40628 
-1.05263 -4 6 1 -1.79473 1.94014 
-0.631579 -4 6 1 -1.46486 1.61961 
-0.210526 -4 6 1 -1.22412 1.38569 
0.210526 -4 6 1 -1.04068 1.20745 
0.631579 -4 6 1 -0.896267 1.06712 
1.05263 -4 6 1 -0.779617 0.953778 
1.47368 -4 6 1 -0.683428 0.860313 
1.89474 -4 6 1 -0.60275 0.78192 
2.31579 -4 6 1 -0.534112 0.715226 
2.73684 -4 6 1 -0.475006 0.657794 
3.15789 -4 6 1 -0.423574 0.607819 
3.57895 -4 6 1 -0.378414 0.563938 
4 -4 6 1 -0.338444 0.5251 
-0.631579 4 6 1 42.1895 39.9551 
-0.210526 4 6 1 8.11416 7.3489 
0.210526 4 6 1 4.61589 4.00146 
0.631579 4 6 1 3.28452 2.7275 
1.05263 4 6 1 2.58282 2.05605 
1.47368 4 6 1 2.14952 1.64143 
1.89474 4 6 1 1.85534 1.35994 
2.31579 4 6 1 1.64256 1.15632 
2.73684 4 6 1 1.48149 1.0022 
3.15789 4 6 1 1.35533 0.881478 
3.57895 4 6 1 1.25383 0.784359 
4 4 6 1 1.17041 0.704539 
