-1.44828 -0.457238 -1.49515 0.589909 0 
-1.55633 -0.499234 -1.60375 0.662892 1 
-1.69187 -0.551914 -1.73868 0.753571 2 
-1.86693 -0.619949 -1.91084 0.869269 3 
-2.10171 -0.711199 -2.1381 1.022 4 
-2.43308 -0.839987 -2.45195 1.23292 5 
-2.93607 -1.03548 -2.91356 1.54314 6 
-3.79063 -1.36761 -3.65933 2.04434 7 
-5.56332 -2.05657 -5.0684 2.99129 8 
-11.4513 -4.34496 -8.73434 5.45496 9 
0.242181 -0.154737 0.184514 0.384622 20 
0.282247 -0.158544 0.220663 0.409767 21 
0.326946 -0.162792 0.2609 0.437756 22 
0.377133 -0.167561 0.305962 0.469101 23 
0.433883 -0.172954 0.356772 0.504444 24 
0.498573 -0.179101 0.414504 0.544602 25 
0.572997 -0.186173 0.480676 0.590631 26 
0.659528 -0.194395 0.557284 0.64392 27 
0.761384 -0.204074 0.647011 0.706333 28 
0.883032 -0.215634 0.753539 0.780434 29 
1.03086 -0.229681 0.882077 0.869844 30 
1.21434 -0.247116 1.04023 0.979856 31 
1.44813 -0.269332 1.23957 1.11851 32 
1.75622 -0.298608 1.49858 1.29869 33 
2.18073 -0.338947 1.8488 1.54229 34 
2.80299 -0.398077 2.34866 1.89 35 
3.80317 -0.493118 3.12017 2.42666 36 
5.67565 -0.671051 4.46736 3.36375 37 
10.4441 -1.12417 7.418 5.41621 38 
47.7439 -4.66857 19.0426 13.5022 39 
-1.44828 -0.457238 -1.49515 0.589909 40 
-1.28255 -0.427583 -1.33323 0.570119 41 
-1.13199 -0.40064 -1.18562 0.552078 42 
-0.994594 -0.376054 -1.05048 0.535562 43 
-0.868713 -0.353528 -0.926319 0.520387 44 
-0.752956 -0.332813 -0.811837 0.506395 45 
-0.64615 -0.313701 -0.705948 0.493453 46 
-0.547295 -0.296011 -0.607719 0.481448 47 
-0.455535 -0.279591 -0.516348 0.470281 48 
-0.370133 -0.264309 -0.431141 0.459867 49 
-0.29045 -0.250049 -0.351495 0.450132 50 
-0.21593 -0.236714 -0.276883 0.441013 51 
-0.146087 -0.224216 -0.206842 0.432453 52 
-0.080494 -0.212479 -0.140964 0.424401 53 
-0.0187749 -0.201434 -0.0788887 0.416815 54 
0.0394039 -0.191023 -0.0202966 0.409654 55 
0.0943384 -0.181193 0.0350978 0.402883 56 
0.146293 -0.171896 0.0875493 0.396473 57 
0.195503 -0.16309 0.137286 0.390394 58 
0.242181 -0.154737 0.184514 0.384622 59 
47.7439 -4.66857 19.0426 13.5022 79 
