-0.571826 0.247507 -0.520683 0.942582 20 
-0.505976 0.242272 -0.452499 0.943058 21 
-0.439038 0.23695 -0.383156 0.943542 22 
-0.370984 0.231539 -0.312624 0.944033 23 
-0.301787 0.226038 -0.24087 0.944534 24 
-0.231416 0.220443 -0.167864 0.945043 25 
-0.159843 0.214752 -0.0935729 0.945561 26 
-0.0870353 0.208964 -0.0179614 0.946089 27 
-0.0129614 0.203074 0.0590055 0.946626 28 
0.062412 0.197082 0.137365 0.947172 29 
0.13912 0.190983 0.217154 0.947729 30 
0.217197 0.184776 0.298413 0.948295 31 
0.296681 0.178456 0.381183 0.948873 32 
0.377611 0.172022 0.465507 0.949461 33 
0.460025 0.16547 0.551428 0.95006 34 
0.543966 0.158796 0.638992 0.950671 35 
0.629476 0.151997 0.728247 0.951293 36 
0.716599 0.145071 0.819243 0.951928 37 
0.805382 0.138012 0.91203 0.952575 38 
0.895873 0.130818 1.00666 0.953235 39 
-7.8743 2.54649 -10.4954 15.1674 46 
-4.29028 1.41816 -4.70792 6.91392 47 
-2.92523 0.988413 -3.00464 4.48491 48 
-2.20554 0.761839 -2.18986 3.32296 49 
-1.76105 0.621903 -1.71218 2.64175 50 
-1.45925 0.526888 -1.39825 2.19406 51 
-1.24093 0.458155 -1.1762 1.8774 52 
-1.07566 0.406125 -1.01083 1.64157 53 
-0.946199 0.365368 -0.882902 1.45914 54 
-0.842049 0.332579 -0.780992 1.3138 55 
-0.756447 0.30563 -0.697894 1.1953 56 
-0.684843 0.283087 -0.62884 1.09682 57 
-0.624063 0.263953 -0.570548 1.01369 58 
-0.571826 0.247507 -0.520683 0.942582 59 
9.17291 1.20614 16.3593 16.9276 68 
4.71752 0.627312 6.43138 6.59765 69 
3.20098 0.430289 4.03662 4.1059 70 
2.43669 0.330994 2.95918 2.98483 71 
1.97616 0.271164 2.34658 2.34742 72 
1.66833 0.231172 1.95138 1.93621 73 
1.44804 0.202554 1.67529 1.64894 74 
1.28261 0.181061 1.47151 1.43691 75 
1.15381 0.164328 1.31493 1.27398 76 
1.05069 0.150931 1.19084 1.14488 77 
0.966266 0.139963 1.09009 1.04005 78 
0.895873 0.130818 1.00666 0.953235 79 
