-1.6242 -0.503111 -1.60475 0.621841 0 
-1.75391 -0.549458 -1.72148 0.704555 1 
-1.91947 -0.608615 -1.86744 0.807985 2 
-2.13813 -0.686743 -2.0552 0.941028 3 
-2.44031 -0.794714 -2.3057 1.11853 4 
-2.88515 -0.953659 -2.65668 1.36723 5 
-3.6049 -1.21083 -3.18379 1.74073 6 
-4.96837 -1.69801 -4.06402 2.36445 7 
-8.53771 -2.97336 -5.8309 3.61644 8 
-42.3264 -15.0463 -11.1835 7.40923 9 
0.202004 -0.180169 0.14526 0.351029 20 
0.242013 -0.183272 0.180865 0.37502 21 
0.286483 -0.186722 0.22028 0.401578 22 
0.336202 -0.190578 0.264151 0.431138 23 
0.392158 -0.194918 0.313279 0.46424 24 
0.455604 -0.199839 0.368669 0.501562 25 
0.528152 -0.205466 0.431599 0.543964 26 
0.61191 -0.211963 0.503722 0.59256 27 
0.709696 -0.219548 0.58721 0.648814 28 
0.825355 -0.228519 0.68498 0.714692 29 
0.964281 -0.239294 0.80104 0.792892 30 
1.13428 -0.25248 0.94105 0.887231 31 
1.34709 -0.268986 1.11328 1.00328 32 
1.6212 -0.290248 1.33029 1.1495 33 
1.98758 -0.318665 1.61217 1.33943 34 
2.50222 -0.358583 1.9931 1.5961 35 
3.27796 -0.418752 2.53642 1.96219 36 
4.58104 -0.519824 3.37412 2.52663 37 
7.22601 -0.724977 4.8343 3.5105 38 
15.4858 -1.36564 8.02107 5.65773 39 
-1.6242 -0.503111 -1.60475 0.621841 40 
-1.4286 -0.468523 -1.42409 0.593884 41 
-1.25428 -0.437696 -1.26175 0.568762 42 
-1.09794 -0.410048 -1.11507 0.546064 43 
-0.956925 -0.385112 -0.981907 0.525457 44 
-0.829099 -0.362507 -0.860462 0.506663 45 
-0.712689 -0.341922 -0.749256 0.489454 46 
-0.606233 -0.323096 -0.647046 0.473638 47 
-0.508506 -0.305814 -0.552785 0.459051 48 
-0.418476 -0.289894 -0.465578 0.445555 49 
-0.335268 -0.275179 -0.384663 0.433034 50 
-0.258136 -0.261539 -0.309382 0.421384 51 
-0.186438 -0.24886 -0.239167 0.410519 52 
-0.119618 -0.237044 -0.173524 0.40036 53 
-0.0571957 -0.226006 -0.112019 0.390842 54 
0.00124973 -0.21567 -0.0542728 0.381906 55 
0.0560865 -0.205973 4.80817e-05 0.3735 56 
0.107639 -0.196857 0.05124 0.365578 57 
0.156193 -0.18827 0.0995658 0.3581 58 
0.202004 -0.180169 0.14526 0.351029 59 
35.8839 -3.5442 11.14 8.43488 78 
15.4858 -1.36564 8.02107 5.65773 79 
