26.2834 0.842052 4.00422 4.36103 8 
7.31512 0.0844751 2.91853 3.00904 9 
4.37152 -0.03309 2.32983 2.27595 10 
3.17623 -0.0808294 1.96043 1.81594 11 
2.5283 -0.106707 1.70702 1.50039 12 
2.12181 -0.122942 1.5224 1.27047 13 
1.84299 -0.134078 1.38189 1.0955 14 
1.63987 -0.14219 1.27138 0.957886 15 
1.4853 -0.148364 1.18218 0.846812 16 
1.36372 -0.153219 1.10867 0.755277 17 
1.26561 -0.157138 1.04705 0.678543 18 
1.18475 -0.160367 0.994652 0.613289 19 
-15.4691 -0.174441 -4.32308 3.57951 22 
-6.48859 -0.18546 -3.08208 2.57669 23 
-4.0131 -0.188498 -2.3622 1.99498 24 
-2.85397 -0.18992 -1.89217 1.61515 25 
-2.18176 -0.190745 -1.56114 1.34766 26 
-1.74291 -0.191283 -1.3154 1.14908 27 
-1.43388 -0.191662 -1.12574 0.995827 28 
-1.20448 -0.191944 -0.974942 0.873969 29 
-1.02745 -0.192161 -0.852163 0.774755 30 
-0.886696 -0.192334 -0.75026 0.69241 31 
-0.772099 -0.192474 -0.664326 0.622969 32 
-0.676989 -0.192591 -0.59088 0.563619 33 
-0.596786 -0.192689 -0.527384 0.51231 34 
-0.528239 -0.192773 -0.471945 0.467511 35 
-0.46898 -0.192846 -0.42312 0.428057 36 
-0.41724 -0.19291 -0.379793 0.393045 37 
-0.371675 -0.192966 -0.341084 0.361765 38 
-0.33124 -0.193015 -0.306292 0.333651 39 
1.18475 -0.160367 0.994652 0.613289 60 
1.06367 -0.162975 0.89592 0.592066 61 
0.949353 -0.165437 0.801921 0.571861 62 
0.841255 -0.167765 0.712321 0.552602 63 
0.738879 -0.169969 0.62682 0.534223 64 
0.641783 -0.172061 0.545141 0.516666 65 
0.549568 -0.174046 0.467035 0.499878 66 
0.461876 -0.175935 0.392272 0.483807 67 
0.378382 -0.177733 0.320642 0.46841 68 
0.298791 -0.179447 0.251951 0.453645 69 
0.222836 -0.181083 0.186024 0.439474 70 
0.150274 -0.182645 0.122695 0.425862 71 
0.0808816 -0.18414 0.0618153 0.412776 72 
0.0144559 -0.18557 0.00324463 0.400186 73 
-0.0491893 -0.186941 -0.0531458 0.388065 74 
-0.110225 -0.188255 -0.107476 0.376387 75 
-0.168809 -0.189517 -0.159855 0.365128 76 
-0.225085 -0.190729 -0.210389 0.354266 77 
-0.279187 -0.191894 -0.259171 0.34378 78 
-0.33124 -0.193015 -0.306292 0.333651 79 
