-1.00011 0.18483 -1.17155 1.08364 0 
-1.06925 0.193249 -1.26524 1.18272 1 
-1.1521 0.203338 -1.37972 1.30378 2 
-1.25317 0.215646 -1.52277 1.45506 3 
-1.37922 0.230997 -1.70661 1.64947 4 
-1.54083 0.250677 -1.95158 1.90853 5 
-1.75551 0.276821 -2.29427 2.27093 6 
-2.05453 0.313236 -2.80771 2.81389 7 
-2.49976 0.367455 -3.66184 3.71715 8 
-3.23311 0.456762 -5.36415 5.51737 9 
-4.66805 0.631508 -10.424 10.8682 10 
-8.73467 1.12674 -736.452 778.652 11 
0.423455 0.262982 0.400144 0.917174 20 
0.466277 0.274166 0.444563 0.975075 21 
0.515072 0.28691 0.495682 1.04171 22 
0.571185 0.301565 0.555139 1.11921 23 
0.636393 0.318595 0.625157 1.21048 24 
0.713105 0.33863 0.708821 1.31953 25 
0.804658 0.362541 0.810553 1.45214 26 
0.91582 0.391573 0.936915 1.61685 27 
1.05365 0.42757 1.09808 1.82694 28 
1.22905 0.473379 1.31073 2.10412 29 
1.45979 0.533643 1.60422 2.48669 30 
1.77701 0.61649 2.03547 3.04882 31 
2.24048 0.737536 2.7312 3.9557 32 
2.9817 0.93112 4.04235 5.66478 33 
4.35711 1.29034 7.43302 10.0845 34 
7.78921 2.1867 36.8043 48.3698 35 
-1.00011 0.18483 -1.17155 1.08364 40 
-0.90071 0.190287 -1.05921 1.07174 41 
-0.804849 0.195549 -0.951258 1.06031 42 
-0.712346 0.200628 -0.847432 1.04931 43 
-0.623028 0.205531 -0.747504 1.03873 44 
-0.536733 0.210269 -0.651259 1.02853 45 
-0.453311 0.214849 -0.558496 1.01871 46 
-0.372619 0.219278 -0.469029 1.00923 47 
-0.294527 0.223566 -0.382687 1.00009 48 
-0.21891 0.227717 -0.299309 0.991256 49 
-0.145653 0.231739 -0.218743 0.982723 50 
-0.0746467 0.235637 -0.140851 0.974473 51 
-0.00578937 0.239417 -0.0655011 0.966492 52 
0.0610153 0.243084 0.0074287 0.958768 53 
0.125858 0.246644 0.0780533 0.951288 54 
0.188823 0.250101 0.14648 0.944041 55 
0.249992 0.253459 0.212811 0.937015 56 
0.30944 0.256723 0.27714 0.930202 57 
0.367238 0.259896 0.339556 0.923591 58 
0.423455 0.262982 0.400144 0.917174 59 
