0.255769 -0.0703529 0.231626 0.430358 0 
0.209999 -0.0664133 0.189932 0.44675 1 
0.161534 -0.0622415 0.146041 0.464007 2 
0.110126 -0.0578166 0.0997742 0.482197 3 
0.0555003 -0.0531146 0.0509327 0.5014 4 
-0.00265554 -0.0481087 -0.00070415 0.521702 5 
-0.064695 -0.0427686 -0.0553835 0.5432 6 
-0.131021 -0.0370595 -0.113382 0.566003 7 
-0.202092 -0.0309419 -0.175012 0.590234 8 
-0.278439 -0.0243703 -0.240625 0.616031 9 
-0.36067 -0.0172922 -0.310621 0.643551 10 
-0.449492 -0.00964669 -0.385453 0.672973 11 
-0.545733 -0.00136268 -0.465641 0.7045 12 
-0.65036 0.00764328 -0.551781 0.738367 13 
-0.764522 0.0174699 -0.644561 0.774845 14 
-0.889582 0.0282346 -0.744781 0.814248 15 
-1.02718 0.0400786 -0.853371 0.856942 16 
-1.1793 0.0531727 -0.971426 0.903358 17 
-1.34837 0.0677258 -1.10024 0.954004 18 
-1.5374 0.0839962 -1.24136 1.00949 19 
20.6056 3.18224 5.32329 4.48332 20 
68.9284 11.9196 6.1144 5.55352 21 
0.255769 -0.0703529 0.231626 0.430358 40 
0.299327 -0.0633909 0.269467 0.460479 41 
0.347789 -0.0556449 0.3111 0.493619 42 
0.402034 -0.0469748 0.357125 0.530255 43 
0.463161 -0.0372047 0.408275 0.570971 44 
0.532569 -0.0261109 0.465457 0.616487 45 
0.612063 -0.0134051 0.529805 0.667708 46 
0.704014 0.00129182 0.602756 0.725777 47 
0.811599 0.0184875 0.686159 0.792166 48 
0.939176 0.0388786 0.782432 0.868799 49 
1.09289 0.0634468 0.894805 0.958248 50 
1.28168 0.0936222 1.02769 1.06402 51 
1.51911 0.131572 1.18725 1.19103 52 
1.82676 0.180744 1.38243 1.3464 53 
2.24116 0.24698 1.62665 1.5408 54 
2.82958 0.34103 1.94106 1.79107 55 
3.73074 0.485064 2.36098 2.12532 56 
5.28417 0.733355 2.95023 2.59437 57 
8.5998 1.2633 3.83711 3.30032 58 
20.6056 3.18224 5.32329 4.48332 59 
-1.5374 0.0839962 -1.24136 1.00949 60 
-1.65472 0.118258 -1.30602 1.12461 61 
-1.80411 0.161883 -1.38427 1.26394 62 
-2.0008 0.219319 -1.4809 1.43599 63 
-2.27146 0.298357 -1.60325 1.65384 64 
-2.66748 0.414006 -1.76316 1.93856 65 
-3.30225 0.59937 -1.98107 2.32656 66 
-4.48475 0.944686 -2.29553 2.88645 67 
-7.46201 1.81411 -2.78894 3.76498 68 
-29.1798 8.15618 -3.67483 5.34231 69 
