0.542261 -0.228441 0.455223 0.383154 0 
0.482284 -0.235258 0.3986 0.384938 1 
0.420566 -0.242274 0.34046 0.38677 2 
0.35703 -0.249496 0.280739 0.388652 3 
0.291596 -0.256934 0.219374 0.390586 4 
0.224177 -0.264598 0.156294 0.392573 5 
0.154681 -0.272498 0.0914271 0.394617 6 
0.0830102 -0.280645 0.0246965 0.39672 7 
0.00906144 -0.289051 -0.0439796 0.398884 8 
-0.0672758 -0.297728 -0.114687 0.401112 9 
-0.146119 -0.306691 -0.187519 0.403407 10 
-0.227594 -0.315952 -0.26257 0.405772 11 
-0.311834 -0.325528 -0.339945 0.40821 12 
-0.398984 -0.335434 -0.419754 0.410725 13 
-0.489195 -0.345689 -0.502112 0.41332 14 
-0.582633 -0.35631 -0.587144 0.415999 15 
-0.679473 -0.367318 -0.674982 0.418767 16 
-0.779905 -0.378735 -0.765768 0.421628 17 
-0.884133 -0.390582 -0.859652 0.424586 18 
-0.992375 -0.402887 -0.956796 0.427647 19 
0.542261 -0.228441 0.455223 0.383154 40 
0.595266 -0.234672 0.498345 0.417436 41 
0.656379 -0.241856 0.547505 0.456518 42 
0.727614 -0.25023 0.604069 0.501485 43 
0.811714 -0.260116 0.669842 0.553775 44 
0.912508 -0.271965 0.747276 0.615334 45 
1.03552 -0.286426 0.839771 0.688866 46 
1.18899 -0.304467 0.952196 0.778243 47 
1.38586 -0.32761 1.09177 0.889203 48 
1.64753 -0.358371 1.26968 1.03064 49 
2.01233 -0.401256 1.50422 1.2171 50 
2.55619 -0.465189 1.82758 1.47416 51 
3.4538 -0.570707 2.30196 1.85129 52 
5.21665 -0.77794 3.06541 2.45823 53 
10.2598 -1.37079 4.49793 3.59707 54 
150.144 -17.8149 8.16509 6.51242 55 
-0.992375 -0.402887 -0.956796 0.427647 60 
-1.07095 -0.429007 -1.02377 0.478199 61 
-1.16692 -0.460908 -1.10382 0.538622 62 
-1.28677 -0.500748 -1.20119 0.612118 63 
-1.44069 -0.551913 -1.32218 0.703445 64 
-1.6456 -0.620031 -1.47659 0.819988 65 
-1.93189 -0.715199 -1.68045 0.973863 66 
-2.36004 -0.857525 -1.96206 1.18643 67 
-3.07023 -1.0936 -2.37641 1.49918 68 
-4.47795 -1.56156 -3.04624 2.00478 69 
-8.60271 -2.9327 -4.3132 2.96109 70 
-240.449 -80.0026 -7.61783 5.45544 71 
