-4 -4 2 1 -1.51472 -0.485166 
-4 -3.57895 2 1 -1.63072 -0.529917 
-4 -3.15789 2 1 -1.77721 -0.586432 
-4 -2.73684 2 1 -1.96805 -0.660052 
-4 -2.31579 2 1 -2.22694 -0.759928 
-4 -1.89474 2 1 -2.59821 -0.903154 
-4 -1.47368 2 1 -3.17527 -1.12577 
-4 -1.05263 2 1 -4.19488 -1.51912 
-4 -0.631579 2 1 -6.48269 -2.40171 
-4 -0.210526 2 1 -16.2967 -6.18774 
4 -4 2 1 0.226621 -0.169443 
4 -3.57895 2 1 0.266684 -0.173191 
4 -3.15789 2 1 0.311314 -0.177367 
4 -2.73684 2 1 0.361341 -0.182047 
4 -2.31579 2 1 0.417807 -0.187329 
4 -1.89474 2 1 0.482038 -0.193339 
4 -1.47368 2 1 0.555757 -0.200235 
4 -1.05263 2 1 0.641233 -0.208232 
4 -0.631579 2 1 0.74152 -0.217614 
4 -0.210526 2 1 0.860837 -0.228777 
4 0.210526 2 1 1.00516 -0.242279 
4 0.631579 2 1 1.18329 -0.258944 
4 1.05263 2 1 1.40866 -0.280028 
4 1.47368 2 1 1.70293 -0.307559 
4 1.89474 2 1 2.10343 -0.345027 
4 2.31579 2 1 2.68033 -0.398998 
4 2.73684 2 1 3.58307 -0.483453 
4 3.15789 2 1 5.19639 -0.634386 
4 3.57895 2 1 8.90371 -0.981223 
4 4 2 1 26.3195 -2.61054 
-4 -4 2 1 -1.51472 -0.485166 
-3.57895 -4 2 1 -1.33794 -0.453114 
-3.15789 -4 2 1 -1.17851 -0.424207 
-2.73684 -4 2 1 -1.03399 -0.398005 
-2.31579 -4 2 1 -0.902393 -0.374145 
-1.89474 -4 2 1 -0.782052 -0.352326 
-1.47368 -4 2 1 -0.671583 -0.332297 
-1.05263 -4 2 1 -0.569821 -0.313846 
-0.631579 -4 2 1 -0.475774 -0.296795 
-0.210526 -4 2 1 -0.388597 -0.280988 
0.210526 -4 2 1 -0.307564 -0.266296 
0.631579 -4 2 1 -0.232048 -0.252604 
1.05263 -4 2 1 -0.161503 -0.239814 
1.47368 -4 2 1 -0.0954544 -0.227839 
1.89474 -4 2 1 -0.0334859 -0.216603 
2.31579 -4 2 1 0.0247696 -0.206041 
2.73684 -4 2 1 0.079636 -0.196093 
3.15789 -4 2 1 0.131401 -0.186707 
3.57895 -4 2 1 0.180319 -0.177838 
4 -4 2 1 0.226621 -0.169443 
3.57895 4 2 1 731.38 -81.9454 
4 4 2 1 26.3195 -2.61054 
-4 -4 6 1 -1.53764 0.592571 
-4 -3.57895 6 1 -1.64941 0.668347 
-4 -3.15789 6 1 -1.78864 0.762742 
-4 -2.73684 6 1 -1.96688 0.883583 
-4 -2.31579 6 1 -2.20319 1.04379 
-4 -1.89474 6 1 -2.53145 1.26635 
-4 -1.47368 6 1 -3.01834 1.59644 
-4 -1.05263 6 1 -3.81543 2.13684 
-4 -0.631579 6 1 -5.35777 3.18251 
-4 -0.210526 6 1 -9.60806 6.06408 
-4 0.210526 6 1 -74.9616 50.3719 
4 -4 6 1 0.16896 0.366606 
4 -3.57895 6 1 0.204884 0.391069 
4 -3.15789 6 1 0.244783 0.418239 
4 -2.73684 6 1 0.289357 0.448592 
4 -2.31579 6 1 0.339477 0.482722 
4 -1.89474 6 1 0.396248 0.521382 
4 -1.47368 6 1 0.461088 0.565535 
4 -1.05263 6 1 0.535848 0.616445 
4 -0.631579 6 1 0.622993 0.675788 
4 -0.210526 6 1 0.72588 0.745851 
4 0.210526 6 1 0.849198 0.829826 
4 0.631579 6 1 0.999702 0.932314 
4 1.05263 6 1 1.1875 1.0602 
4 1.47368 6 1 1.4284 1.22424 
4 1.89474 6 1 1.74865 1.44232 
4 2.31579 6 1 2.19518 1.7464 
4 2.73684 6 1 2.86103 2.19982 
4 3.15789 6 1 3.96036 2.94843 
4 3.57895 6 1 6.12081 4.41962 
4 4 6 1 12.3118 8.63547 
-4 -4 6 1 -1.53764 0.592571 
-3.57895 -4 6 1 -1.36854 0.570182 
-3.15789 -4 6 1 -1.21526 0.549885 
-2.73684 -4 6 1 -1.07566 0.531401 
-2.31579 -4 6 1 -0.947991 0.514498 
-1.89474 -4 6 1 -0.830793 0.49898 
-1.47368 -4 6 1 -0.722825 0.484684 
-1.05263 -4 6 1 -0.623039 0.471472 
-0.631579 -4 6 1 -0.530537 0.459224 
-0.210526 -4 6 1 -0.444551 0.447839 
0.210526 -4 6 1 -0.364415 0.437228 
0.631579 -4 6 1 -0.289553 0.427316 
1.05263 -4 6 1 -0.219459 0.418035 
1.47368 -4 6 1 -0.153694 0.409327 
1.89474 -4 6 1 -0.0918664 0.401141 
2.31579 -4 6 1 -0.0336344 0.393431 
2.73684 -4 6 1 0.0213071 0.386156 
3.15789 -4 6 1 0.0732294 0.379281 
3.57895 -4 6 1 0.122375 0.372774 
4 -4 6 1 0.16896 0.366606 
3.15789 4 6 1 423.11 344.339 
3.57895 4 6 1 22.2113 16.7253 
4 4 6 1 12.3118 8.63547 
