0.0624415 -0.274545 0.0928617 0.25216 0 
0.0203889 -0.276625 0.0551612 0.26977 1 
-0.0251826 -0.27888 0.0145571 0.288736 2 
-0.0747339 -0.28133 -0.0292993 0.309221 3 
-0.12881 -0.284005 -0.0768152 0.331415 4 
-0.188061 -0.286936 -0.128469 0.355542 5 
-0.253266 -0.290161 -0.184824 0.381865 6 
-0.325371 -0.293728 -0.246555 0.410699 7 
-0.405532 -0.297692 -0.314469 0.442421 8 
-0.495179 -0.302127 -0.389543 0.477488 9 
-0.596101 -0.307118 -0.472973 0.516457 10 
-0.710568 -0.31278 -0.566237 0.56002 11 
-0.841504 -0.319257 -0.671181 0.609039 12 
-0.992739 -0.326737 -0.790148 0.664607 13 
-1.16939 -0.335474 -0.926147 0.728131 14 
-1.37845 -0.345815 -1.08312 0.801452 15 
-1.62974 -0.358244 -1.26632 0.887025 16 
-1.93749 -0.373466 -1.48293 0.9882 17 
-2.32314 -0.392541 -1.74299 1.10967 18 
-2.82055 -0.417144 -2.06105 1.25824 19 
4.37211 -1.11896 3.1984 1.28047 20 
5.23077 -1.35484 3.55442 1.53667 21 
6.70287 -1.75922 4.05673 1.89816 22 
9.81106 -2.61304 4.81882 2.4466 23 
20.6943 -5.60268 6.1125 3.37761 24 
0.0624415 -0.274545 0.0928617 0.25216 40 
0.106355 -0.28315 0.134653 0.265998 41 
0.154389 -0.292561 0.180049 0.28103 42 
0.207149 -0.302899 0.229539 0.297417 43 
0.265371 -0.314307 0.283701 0.315351 44 
0.329948 -0.32696 0.343229 0.335062 45 
0.401982 -0.341074 0.408965 0.356828 46 
0.482842 -0.356917 0.48193 0.380988 47 
0.574258 -0.374829 0.563388 0.407961 48 
0.67844 -0.395241 0.654913 0.438267 49 
0.798263 -0.418719 0.758495 0.472564 50 
0.937535 -0.446007 0.876682 0.511699 51 
1.10141 -0.478117 1.0128 0.55677 52 
1.29704 -0.516447 1.17126 0.60924 53 
1.53464 -0.563002 1.35806 0.671094 54 
1.82935 -0.620746 1.58155 0.745095 55 
2.20457 -0.694264 1.85372 0.835214 56 
2.69849 -0.791042 2.1924 0.947358 57 
3.37805 -0.924191 2.62538 1.09073 58 
4.37211 -1.11896 3.1984 1.28047 59 
-2.82055 -0.417144 -2.06105 1.25824 60 
-3.18549 -0.481331 -2.22263 1.44772 61 
-3.72365 -0.575983 -2.4374 1.69958 62 
-4.59671 -0.729537 -2.7368 2.05069 63 
-6.25849 -1.02181 -3.18312 2.5741 64 
-10.6583 -1.79566 -3.91968 3.43788 65 
-56.2085 -9.80705 -5.36599 5.13398 66 
