-4 -4 2 1 -3.00952 0.21524 
-4 -3.57895 2 1 -3.36104 0.292658 
-4 -3.15789 2 1 -3.86257 0.403117 
-4 -2.73684 2 1 -4.6362 0.573504 
-4 -2.31579 2 1 -5.9858 0.870742 
-4 -1.89474 2 1 -8.93597 1.5205 
-4 -1.47368 2 1 -20.4824 4.06351 
4 -4 2 1 -0.0260886 -0.0582102 
4 -3.57895 2 1 0.0137949 -0.0514541 
4 -3.15789 2 1 0.057046 -0.0441275 
4 -2.73684 2 1 0.10411 -0.036155 
4 -2.31579 2 1 0.155515 -0.0274473 
4 -1.89474 2 1 0.211889 -0.0178977 
4 -1.47368 2 1 0.273991 -0.00737789 
4 -1.05263 2 1 0.342739 0.00426784 
4 -0.631579 2 1 0.419262 0.0172305 
4 -0.210526 2 1 0.504956 0.0317468 
4 0.210526 2 1 0.601577 0.048114 
4 0.631579 2 1 0.711355 0.06671 
4 1.05263 2 1 0.837176 0.0880236 
4 1.47368 2 1 0.982832 0.112697 
4 1.89474 2 1 1.15342 0.141593 
4 2.31579 2 1 1.35593 0.175898 
4 2.73684 2 1 1.60025 0.217285 
4 3.15789 2 1 1.90083 0.268202 
4 3.57895 2 1 2.27961 0.332367 
4 4 2 1 2.77171 0.415726 
-4 -4 2 1 -3.00952 0.21524 
-3.57895 -4 2 1 -2.48478 0.167144 
-3.15789 -4 2 1 -2.08086 0.130122 
-2.73684 -4 2 1 -1.76034 0.100745 
-2.31579 -4 2 1 -1.49981 0.0768652 
-1.89474 -4 2 1 -1.28386 0.0570724 
-1.47368 -4 2 1 -1.10196 0.0403999 
-1.05263 -4 2 1 -0.946638 0.0261638 
-0.631579 -4 2 1 -0.812469 0.0138663 
-0.210526 -4 2 1 -0.695406 0.00313679 
0.210526 -4 2 1 -0.592374 -0.00630672 
0.631579 -4 2 1 -0.500993 -0.0146824 
1.05263 -4 2 1 -0.419392 -0.0221615 
1.47368 -4 2 1 -0.346081 -0.0288809 
1.89474 -4 2 1 -0.279859 -0.0349506 
2.31579 -4 2 1 -0.219743 -0.0404606 
2.73684 -4 2 1 -0.164927 -0.0454848 
3.15789 -4 2 1 -0.11474 -0.0500847 
3.57895 -4 2 1 -0.0686188 -0.054312 
4 -4 2 1 -0.0260886 -0.0582102 
1.47368 4 2 1 18.0516 5.40012 
1.89474 4 2 1 7.95415 2.10627 
2.31579 4 2 1 5.37432 1.26471 
2.73684 4 2 1 4.19415 0.879736 
3.15789 4 2 1 3.51765 0.659057 
3.57895 4 2 1 3.07909 0.515995 
4 4 2 1 2.77171 0.415726 
-4 -4 6 1 -2.22896 1.60945 
-4 -3.57895 6 1 -2.37687 1.83216 
-4 -3.15789 6 1 -2.56566 2.11643 
-4 -2.73684 6 1 -2.81499 2.49185 
-4 -2.31579 6 1 -3.15953 3.01065 
-4 -1.89474 6 1 -3.66673 3.77435 
-4 -1.47368 6 1 -4.48732 5.00994 
-4 -1.05263 6 1 -6.04163 7.35034 
-4 -0.631579 6 1 -10.1094 13.4754 
-4 -0.210526 6 1 -48.5371 71.3375 
4 -4 6 1 -0.0402221 0.422561 
4 -3.57895 6 1 -0.00459213 0.446336 
4 -3.15789 6 1 0.0337539 0.471923 
4 -2.73684 6 1 0.0751387 0.499539 
4 -2.31579 6 1 0.119939 0.529433 
4 -1.89474 6 1 0.168595 0.5619 
4 -1.47368 6 1 0.221627 0.597287 
4 -1.05263 6 1 0.279653 0.636006 
4 -0.631579 6 1 0.343414 0.678553 
4 -0.210526 6 1 0.413805 0.725523 
4 0.210526 6 1 0.491915 0.777644 
4 0.631579 6 1 0.579088 0.835813 
4 1.05263 6 1 0.676999 0.901146 
4 1.47368 6 1 0.787762 0.975056 
4 1.89474 6 1 0.914085 1.05935 
4 2.31579 6 1 1.0595 1.15638 
4 2.73684 6 1 1.22867 1.26926 
4 3.15789 6 1 1.42796 1.40225 
4 3.57895 6 1 1.66618 1.56121 
4 4 6 1 1.95599 1.75459 
-4 -4 6 1 -2.22896 1.60945 
-3.57895 -4 6 1 -1.91121 1.43714 
-3.15789 -4 6 1 -1.65001 1.2955 
-2.73684 -4 6 1 -1.4315 1.17701 
-2.31579 -4 6 1 -1.24601 1.07642 
-1.89474 -4 6 1 -1.08657 0.989966 
-1.47368 -4 6 1 -0.948068 0.914858 
-1.05263 -4 6 1 -0.826622 0.849001 
-0.631579 -4 6 1 -0.719267 0.790786 
-0.210526 -4 6 1 -0.623686 0.738955 
0.210526 -4 6 1 -0.538042 0.692513 
0.631579 -4 6 1 -0.460862 0.650661 
1.05263 -4 6 1 -0.390951 0.61275 
1.47368 -4 6 1 -0.327328 0.578249 
1.89474 -4 6 1 -0.26918 0.546718 
2.31579 -4 6 1 -0.215831 0.517788 
2.73684 -4 6 1 -0.16671 0.491151 
3.15789 -4 6 1 -0.121333 0.466545 
3.57895 -4 6 1 -0.0792888 0.443746 
4 -4 6 1 -0.0402221 0.422561 
0.210526 4 6 1 37.3928 74.3281 
0.631579 4 6 1 7.98575 14.1033 
1.05263 4 6 1 4.87322 7.72899 
1.47368 4 6 1 3.68394 5.29338 
1.89474 4 6 1 3.05607 4.00753 
2.31579 4 6 1 2.668 3.21277 
2.73684 4 6 1 2.40437 2.67287 
3.15789 4 6 1 2.21361 2.28218 
3.57895 4 6 1 2.06916 1.98636 
4 4 6 1 1.95599 1.75459 
