-4 -4 2 1 2.07541 0.273228 
-4 -3.57895 2 1 1.77432 0.254675 
-4 -3.15789 2 1 1.52125 0.239081 
-4 -2.73684 2 1 1.30557 0.225791 
-4 -2.31579 2 1 1.11955 0.214329 
-4 -1.89474 2 1 0.957476 0.204342 
-4 -1.47368 2 1 0.814999 0.195563 
-4 -1.05263 2 1 0.688767 0.187784 
-4 -0.631579 2 1 0.576153 0.180845 
-4 -0.210526 2 1 0.475066 0.174616 
-4 0.210526 2 1 0.383822 0.168994 
-4 0.631579 2 1 0.301049 0.163894 
-4 1.05263 2 1 0.225622 0.159246 
-4 1.47368 2 1 0.156603 0.154993 
-4 1.89474 2 1 0.0932089 0.151087 
-4 2.31579 2 1 0.0347793 0.147486 
-4 2.73684 2 1 -0.0192471 0.144157 
-4 3.15789 2 1 -0.06935 0.14107 
-4 3.57895 2 1 -0.115942 0.138199 
-4 4 2 1 -0.159379 0.135522 
4 2.73684 2 1 -50.1545 -3.59203 
4 3.15789 2 1 -15.01 -0.960153 
4 3.57895 2 1 -9.30858 -0.533188 
4 4 2 1 -6.97352 -0.358322 
-4 -4 2 1 2.07541 0.273228 
-3.57895 -4 2 1 2.27853 0.284305 
-3.15789 -4 2 1 2.55346 0.299298 
-2.73684 -4 2 1 2.94646 0.32073 
-2.31579 -4 2 1 3.55437 0.353882 
-1.89474 -4 2 1 4.61983 0.411987 
-1.47368 -4 2 1 6.97115 0.540214 
-1.05263 -4 2 1 16.4778 1.05866 
-4 4 2 1 -0.159379 0.135522 
-3.57895 4 2 1 -0.202514 0.132396 
-3.15789 4 2 1 -0.250081 0.128949 
-2.73684 4 2 1 -0.302802 0.125128 
-2.31579 4 2 1 -0.361562 0.120869 
-1.89474 4 2 1 -0.427461 0.116094 
-1.47368 4 2 1 -0.501884 0.1107 
-1.05263 4 2 1 -0.586601 0.10456 
-0.631579 4 2 1 -0.683904 0.0975082 
-0.210526 4 2 1 -0.796825 0.0893244 
0.210526 4 2 1 -0.929452 0.0797125 
0.631579 4 2 1 -1.08744 0.0682629 
1.05263 4 2 1 -1.27882 0.054393 
1.47368 4 2 1 -1.51543 0.0372444 
1.89474 4 2 1 -1.81548 0.0154988 
2.31579 4 2 1 -2.20841 -0.0129781 
2.73684 4 2 1 -2.74525 -0.0518845 
3.15789 4 2 1 -3.52277 -0.108234 
3.57895 4 2 1 -4.74961 -0.197147 
4 4 2 1 -6.97352 -0.358322 
-4 -4 6 1 2.57081 2.34837 
-4 -3.57895 6 1 2.13426 2.09664 
-4 -3.15789 6 1 1.78421 1.89478 
-4 -2.73684 6 1 1.49727 1.72932 
-4 -2.31579 6 1 1.25778 1.59121 
-4 -1.89474 6 1 1.05487 1.47421 
-4 -1.47368 6 1 0.88076 1.3738 
-4 -1.05263 6 1 0.729716 1.2867 
-4 -0.631579 6 1 0.597443 1.21043 
-4 -0.210526 6 1 0.480646 1.14308 
-4 0.210526 6 1 0.376759 1.08317 
-4 0.631579 6 1 0.283754 1.02954 
-4 1.05263 6 1 0.200006 0.981244 
-4 1.47368 6 1 0.124198 0.93753 
-4 1.89474 6 1 0.0552532 0.897772 
-4 2.31579 6 1 -0.00772121 0.861458 
-4 2.73684 6 1 -0.0654682 0.828158 
-4 3.15789 6 1 -0.118613 0.797512 
-4 3.57895 6 1 -0.167684 0.769215 
-4 4 6 1 -0.213133 0.743007 
4 4 6 1 -26.2248 15.8423 
-4 -4 6 1 2.57081 2.34837 
-3.57895 -4 6 1 2.94939 2.7887 
-3.15789 -4 6 1 3.52312 3.45597 
-2.73684 -4 6 1 4.49523 4.5866 
-2.31579 -4 6 1 6.50136 6.91985 
-1.89474 -4 6 1 13.0656 14.5544 
-4 4 6 1 -0.213133 0.743007 
-3.57895 4 6 1 -0.263247 0.772097 
-3.15789 4 6 1 -0.319028 0.804478 
-2.73684 4 6 1 -0.381497 0.840739 
-2.31579 4 6 1 -0.451931 0.881626 
-1.89474 4 6 1 -0.531959 0.92808 
-1.47368 4 6 1 -0.623684 0.981325 
-1.05263 4 6 1 -0.729872 1.04297 
-0.631579 4 6 1 -0.854236 1.11516 
-0.210526 4 6 1 -1.00188 1.20086 
0.210526 4 6 1 -1.18002 1.30427 
0.631579 4 6 1 -1.39918 1.43149 
1.05263 4 6 1 -1.67539 1.59182 
1.47368 4 6 1 -2.03425 1.80014 
1.89474 4 6 1 -2.51938 2.08175 
2.31579 4 6 1 -3.21166 2.4836 
2.73684 4 6 1 -4.27977 3.10362 
3.15789 4 6 1 -6.14381 4.18567 
3.57895 4 6 1 -10.2218 6.55285 
4 4 6 1 -26.2248 15.8423 
