4 -4 2 1 -0.938903 0.0152503 
4 -3.57895 2 1 -0.839976 0.0147123 
4 -3.15789 2 1 -0.74412 0.014191 
4 -2.73684 2 1 -0.651194 0.0136856 
4 -2.31579 2 1 -0.561066 0.0131955 
4 -1.89474 2 1 -0.473612 0.0127199 
4 -1.47368 2 1 -0.388713 0.0122582 
4 -1.05263 2 1 -0.30626 0.0118097 
4 -0.631579 2 1 -0.226149 0.0113741 
4 -0.210526 2 1 -0.148281 0.0109506 
4 0.210526 2 1 -0.0725632 0.0105388 
4 0.631579 2 1 0.00109229 0.0101383 
4 1.05263 2 1 0.0727685 0.00974845 
4 1.47368 2 1 0.142544 0.00936898 
4 1.89474 2 1 0.210494 0.00899945 
4 2.31579 2 1 0.276688 0.00863946 
4 2.73684 2 1 0.341195 0.00828865 
4 3.15789 2 1 0.404077 0.00794667 
4 3.57895 2 1 0.465395 0.0076132 
4 4 2 1 0.525208 0.00728792 
-0.631579 -4 2 1 -10.0398 -2.14776 
-0.210526 -4 2 1 -4.87878 -0.921138 
0.210526 -4 2 1 -3.26591 -0.537808 
0.631579 -4 2 1 -2.47822 -0.350598 
1.05263 -4 2 1 -2.01144 -0.239658 
1.47368 -4 2 1 -1.70264 -0.166267 
1.89474 -4 2 1 -1.48324 -0.114121 
2.31579 -4 2 1 -1.31931 -0.0751609 
2.73684 -4 2 1 -1.19219 -0.044947 
3.15789 -4 2 1 -1.09072 -0.0208313 
3.57895 -4 2 1 -1.00785 -0.00113676 
4 -4 2 1 -0.938903 0.0152503 
-2.31579 4 2 1 20.5329 -5.24045 
-1.89474 4 2 1 7.02375 -1.69719 
-1.47368 4 2 1 4.17797 -0.95078 
-1.05263 4 2 1 2.94282 -0.626818 
-0.631579 4 2 1 2.25254 -0.445768 
-0.210526 4 2 1 1.81175 -0.330152 
0.210526 4 2 1 1.50588 -0.249927 
0.631579 4 2 1 1.28121 -0.190999 
1.05263 4 2 1 1.10919 -0.145882 
1.47368 4 2 1 0.973261 -0.11023 
1.89474 4 2 1 0.863139 -0.0813467 
2.31579 4 2 1 0.772113 -0.0574719 
2.73684 4 2 1 0.695612 -0.0374068 
3.15789 4 2 1 0.630417 -0.0203069 
3.57895 4 2 1 0.574193 -0.00556017 
4 4 2 1 0.525208 0.00728792 
4 -4 6 1 -1.06981 0.974474 
4 -3.57895 6 1 -0.951103 0.956066 
4 -3.15789 6 1 -0.836719 0.938328 
4 -2.73684 6 1 -0.726424 0.921223 
4 -2.31579 6 1 -0.620001 0.90472 
4 -1.89474 6 1 -0.51725 0.888785 
4 -1.47368 6 1 -0.417984 0.873392 
4 -1.05263 6 1 -0.32203 0.858511 
4 -0.631579 6 1 -0.229223 0.844119 
4 -0.210526 6 1 -0.139412 0.830191 
4 0.210526 6 1 -0.0524534 0.816706 
4 0.631579 6 1 0.0317859 0.803643 
4 1.05263 6 1 0.113432 0.790981 
4 1.47368 6 1 0.192602 0.778704 
4 1.89474 6 1 0.269408 0.766793 
4 2.31579 6 1 0.343953 0.755233 
4 2.73684 6 1 0.416337 0.744008 
4 3.15789 6 1 0.486651 0.733104 
4 3.57895 6 1 0.554984 0.722507 
4 4 6 1 0.621417 0.712205 
-0.210526 -4 6 1 -86.2513 76.2571 
0.210526 -4 6 1 -8.27095 7.33878 
0.631579 -4 6 1 -4.42803 3.94245 
1.05263 -4 6 1 -3.06149 2.73471 
1.47368 -4 6 1 -2.36096 2.11558 
1.89474 -4 6 1 -1.93494 1.73908 
2.31579 -4 6 1 -1.64852 1.48594 
2.73684 -4 6 1 -1.44274 1.30407 
3.15789 -4 6 1 -1.28775 1.16709 
3.57895 -4 6 1 -1.16681 1.0602 
4 -4 6 1 -1.06981 0.974474 
-1.47368 4 6 1 15.0469 9.96185 
-1.05263 4 6 1 6.23261 4.31012 
-0.631579 4 6 1 3.87973 2.80144 
-0.210526 4 6 1 2.78903 2.10208 
0.210526 4 6 1 2.15967 1.69854 
0.631579 4 6 1 1.75006 1.43589 
1.05263 4 6 1 1.4622 1.25132 
1.47368 4 6 1 1.24884 1.11451 
1.89474 4 6 1 1.08436 1.00905 
2.31579 4 6 1 0.953705 0.925268 
2.73684 4 6 1 0.847403 0.857107 
3.15789 4 6 1 0.759229 0.80057 
3.57895 4 6 1 0.68491 0.752916 
4 4 6 1 0.621417 0.712205 
