12.9799 -0.258473 5.72829 5.03052 5 
5.55591 -0.174813 3.69994 3.22261 6 
3.52356 -0.15191 2.72684 2.35526 7 
2.57401 -0.14121 2.15549 1.846 8 
2.02394 -0.135011 1.77966 1.51102 9 
1.66507 -0.130967 1.51366 1.27392 10 
1.41247 -0.128121 1.31547 1.09728 11 
1.22502 -0.126008 1.16211 0.960577 12 
1.0804 -0.124379 1.0399 0.851649 13 
0.965437 -0.123083 0.940226 0.762811 14 
0.871853 -0.122028 0.857385 0.688973 15 
0.794192 -0.121153 0.787444 0.626633 16 
0.72871 -0.120415 0.727607 0.573299 17 
0.67275 -0.119785 0.675832 0.527151 18 
0.624375 -0.11924 0.630592 0.486828 19 
-59.3189 9.22549 -6.80998 8.75467 25 
-8.05196 1.15012 -3.79708 4.80822 26 
-4.33673 0.564911 -2.64017 3.29284 27 
-2.9757 0.350527 -2.02811 2.49113 28 
-2.2696 0.239304 -1.64937 1.99503 29 
-1.83738 0.171223 -1.39189 1.65777 30 
-1.54557 0.125259 -1.20547 1.41359 31 
-1.33532 0.0921411 -1.06426 1.22863 32 
-1.17663 0.067144 -0.953591 1.08367 33 
-1.0526 0.047607 -0.864525 0.967005 34 
-0.952989 0.0319172 -0.791298 0.871088 35 
-0.871239 0.0190402 -0.730029 0.790836 36 
-0.802938 0.0082818 -0.678011 0.7227 37 
-0.745021 -0.000841147 -0.633295 0.664129 38 
-0.695286 -0.0086752 -0.594445 0.613241 39 
0.624375 -0.11924 0.630592 0.486828 60 
0.55759 -0.113644 0.568425 0.493243 61 
0.49052 -0.108025 0.50601 0.499683 62 
0.423161 -0.102381 0.443346 0.50615 63 
0.355513 -0.0967137 0.380431 0.512642 64 
0.287573 -0.0910215 0.317263 0.51916 65 
0.21934 -0.0853048 0.253842 0.525705 66 
0.150811 -0.0795633 0.190166 0.532276 67 
0.0819852 -0.0737969 0.126232 0.538873 68 
0.0128601 -0.0680054 0.0620405 0.545497 69 
-0.0565662 -0.0621887 -0.00241139 0.552148 70 
-0.126296 -0.0563466 -0.0671249 0.558826 71 
-0.19633 -0.0504789 -0.132102 0.565531 72 
-0.266672 -0.0445855 -0.197343 0.572263 73 
-0.337322 -0.0386662 -0.262851 0.579023 74 
-0.408284 -0.0327209 -0.328627 0.585811 75 
-0.47956 -0.0267493 -0.394673 0.592626 76 
-0.55115 -0.0207512 -0.46099 0.599469 77 
-0.623058 -0.0147266 -0.52758 0.606341 78 
-0.695286 -0.0086752 -0.594445 0.613241 79 
