-1.11347 0.129691 -1.35447 1.27929 20 
-0.992553 0.130699 -1.19942 1.2439 21 
-0.877799 0.131656 -1.05394 1.21069 22 
-0.768746 0.132565 -0.917174 1.17947 23 
-0.664978 0.13343 -0.788362 1.15007 24 
-0.56612 0.134254 -0.66683 1.12233 25 
-0.471833 0.13504 -0.551977 1.09611 26 
-0.381806 0.13579 -0.443266 1.0713 27 
-0.295757 0.136507 -0.340219 1.04778 28 
-0.213428 0.137193 -0.242404 1.02545 29 
-0.134583 0.137851 -0.149431 1.00423 30 
-0.0590056 0.138481 -0.0609514 0.984034 31 
0.0135039 0.139085 0.0233544 0.964791 32 
0.083128 0.139665 0.103775 0.946434 33 
0.150036 0.140223 0.180571 0.928905 34 
0.214383 0.14076 0.253985 0.912148 35 
0.276314 0.141276 0.324233 0.896113 36 
0.335963 0.141773 0.391517 0.880755 37 
0.393453 0.142252 0.45602 0.866032 38 
0.448899 0.142714 0.517912 0.851905 39 
-3.43176 -0.0822856 -11.568 11.6344 51 
-2.61182 -0.00731312 -5.40853 5.38956 52 
-2.13166 0.0365908 -3.60162 3.55759 53 
-1.81633 0.0654237 -2.73819 2.6822 54 
-1.59338 0.085809 -2.23227 2.16926 55 
-1.42741 0.100985 -1.8999 1.83228 56 
-1.29905 0.112722 -1.66485 1.59398 57 
-1.19682 0.12207 -1.48984 1.41654 58 
-1.11347 0.129691 -1.35447 1.27929 59 
4.88402 -0.226392 32.9662 26.708 65 
3.33658 -0.0976089 8.3378 7.08311 66 
2.50119 -0.0280843 4.66528 4.1567 67 
1.97829 0.0154327 3.18498 2.97714 68 
1.62018 0.045236 2.38521 2.33984 69 
1.35956 0.0669257 1.88438 1.94076 70 
1.16139 0.0834181 1.54128 1.66737 71 
1.00563 0.0963813 1.29154 1.46836 72 
0.879975 0.106839 1.10161 1.31702 73 
0.776469 0.115453 0.952309 1.19805 74 
0.68973 0.122672 0.831855 1.10207 75 
0.615989 0.128809 0.732625 1.023 76 
0.552528 0.13409 0.649464 0.956731 77 
0.497337 0.138683 0.578761 0.900392 78 
0.448899 0.142714 0.517912 0.851905 79 
