9.36448 0.833938 32.4994 28.0183 18 
7.0041 0.653851 13.5854 11.1306 19 
-2.04925 -0.0802553 -2.60971 1.7347 20 
-1.75286 -0.0538823 -2.20343 1.58049 21 
-1.50375 -0.0317164 -1.87241 1.45484 22 
-1.29144 -0.0128253 -1.59752 1.3505 23 
-1.10834 0.00346676 -1.36559 1.26247 24 
-0.948813 0.0176617 -1.16729 1.1872 25 
-0.808578 0.0301399 -0.995786 1.1221 26 
-0.684335 0.041195 -0.845998 1.06525 27 
-0.573497 0.0510574 -0.714047 1.01517 28 
-0.474006 0.0599102 -0.596924 0.970709 29 
-0.384203 0.0679009 -0.492264 0.930984 30 
-0.302739 0.0751496 -0.398178 0.895272 31 
-0.228505 0.0817549 -0.31314 0.862994 32 
-0.160579 0.0877991 -0.235905 0.833678 33 
-0.0981889 0.0933505 -0.165446 0.806934 34 
-0.0406853 0.0984672 -0.100909 0.782438 35 
0.0124845 0.103198 -0.0415771 0.759918 36 
0.0617927 0.107586 0.0131546 0.739143 37 
0.107645 0.111666 0.0638012 0.719919 38 
0.150393 0.115469 0.110804 0.702079 39 
-6.80286 -0.536768 -31.3384 27.6479 53 
-4.51912 -0.317449 -9.34002 7.80542 54 
-3.48469 -0.218108 -5.74214 4.56014 55 
-2.89461 -0.161439 -4.26623 3.22888 56 
-2.51318 -0.124809 -3.46256 2.50396 57 
-2.24636 -0.0991852 -2.95703 2.04798 58 
-2.04925 -0.0802553 -2.60971 1.7347 59 
7.0041 0.653851 13.5854 11.1306 60 
4.76719 0.478134 7.06267 6.08237 61 
3.53322 0.381202 4.622 4.19345 62 
2.75119 0.31977 3.34471 3.20491 63 
2.21124 0.277356 2.55908 2.59689 64 
1.81604 0.246312 2.02706 2.18513 65 
1.51426 0.222606 1.6429 1.88782 66 
1.27628 0.203911 1.35249 1.66306 67 
1.08379 0.188791 1.12524 1.48719 68 
0.924898 0.176309 0.942569 1.34581 69 
0.791508 0.165831 0.792529 1.22969 70 
0.677936 0.15691 0.667094 1.13261 71 
0.580072 0.149222 0.560671 1.05025 72 
0.494868 0.142529 0.469241 0.979486 73 
0.420016 0.136649 0.389845 0.918039 74 
0.353738 0.131443 0.320253 0.864179 75 
0.294641 0.126801 0.258756 0.816584 76 
0.241617 0.122635 0.204018 0.77422 77 
0.193775 0.118877 0.154983 0.73627 78 
0.150393 0.115469 0.110804 0.702079 79 
