-4 -3.15789 2 1 131.388 -2.17204 
-4 -2.73684 2 1 10.2565 -0.119432 
-4 -2.31579 2 1 5.21015 -0.0339206 
-4 -1.89474 2 1 3.4333 -0.00381131 
-4 -1.47368 2 1 2.52597 0.0115636 
-4 -1.05263 2 1 1.97537 0.0208936 
-4 -0.631579 2 1 1.60568 0.0271581 
-4 -0.210526 2 1 1.34032 0.0316546 
-4 0.210526 2 1 1.14059 0.0350391 
-4 0.631579 2 1 0.984819 0.0376787 
-4 1.05263 2 1 0.859933 0.039795 
-4 1.47368 2 1 0.757575 0.0415294 
-4 1.89474 2 1 0.672155 0.0429769 
-4 2.31579 2 1 0.599789 0.0442032 
-4 2.73684 2 1 0.537696 0.0452553 
-4 3.15789 2 1 0.483836 0.046168 
-4 3.57895 2 1 0.436671 0.0469672 
-4 4 2 1 0.395027 0.0476729 
4 -0.631579 2 1 -11.7221 2.396 
4 -0.210526 2 1 -5.29618 1.08413 
4 0.210526 2 1 -3.49088 0.715574 
4 0.631579 2 1 -2.64041 0.541949 
4 1.05263 2 1 -2.14568 0.440949 
4 1.47368 2 1 -1.82209 0.374888 
4 1.89474 2 1 -1.59394 0.32831 
4 2.31579 2 1 -1.42443 0.293704 
4 2.73684 2 1 -1.29352 0.266979 
4 3.15789 2 1 -1.18938 0.245719 
4 3.57895 2 1 -1.10456 0.228403 
4 4 2 1 -1.03414 0.214026 
-4 4 2 1 0.395027 0.0476729 
-3.57895 4 2 1 0.342302 0.0538101 
-3.15789 4 2 1 0.287795 0.0601546 
-2.73684 4 2 1 0.231415 0.0667171 
-2.31579 4 2 1 0.173063 0.0735092 
-1.89474 4 2 1 0.112634 0.080543 
-1.47368 4 2 1 0.0500156 0.0878317 
-1.05263 4 2 1 -0.0149139 0.0953895 
-0.631579 4 2 1 -0.0822848 0.103231 
-0.210526 4 2 1 -0.152237 0.111374 
0.210526 4 2 1 -0.224923 0.119834 
0.631579 4 2 1 -0.300505 0.128632 
1.05263 4 2 1 -0.37916 0.137787 
1.47368 4 2 1 -0.461079 0.147322 
1.89474 4 2 1 -0.54647 0.157262 
2.31579 4 2 1 -0.635558 0.167632 
2.73684 4 2 1 -0.728589 0.17846 
3.15789 4 2 1 -0.825831 0.189779 
3.57895 4 2 1 -0.927575 0.201622 
4 4 2 1 -1.03414 0.214026 
-4 -2.73684 6 1 15.6417 12.4993 
-4 -2.31579 6 1 6.67402 5.49026 
-4 -1.89474 6 1 4.1698 3.53298 
-4 -1.47368 6 1 2.99236 2.6127 
-4 -1.05263 6 1 2.3081 2.07789 
-4 -0.631579 6 1 1.86082 1.72829 
-4 -0.210526 6 1 1.54558 1.4819 
-4 0.210526 6 1 1.31143 1.29889 
-4 0.631579 6 1 1.13065 1.1576 
-4 1.05263 6 1 0.98686 1.04521 
-4 1.47368 6 1 0.869758 0.953682 
-4 1.89474 6 1 0.772546 0.877702 
-4 2.31579 6 1 0.690554 0.813617 
-4 2.73684 6 1 0.620466 0.758837 
-4 3.15789 6 1 0.559866 0.711472 
-4 3.57895 6 1 0.506948 0.670112 
-4 4 6 1 0.46034 0.633683 
4 -0.631579 6 1 -17.444 24.9015 
4 -0.210526 6 1 -5.75921 7.99443 
4 0.210526 6 1 -3.53826 4.78088 
4 0.631579 6 1 -2.59763 3.41986 
4 1.05263 6 1 -2.07793 2.66789 
4 1.47368 6 1 -1.74827 2.19089 
4 1.89474 6 1 -1.52052 1.86136 
4 2.31579 6 1 -1.35376 1.62006 
4 2.73684 6 1 -1.22638 1.43575 
4 3.15789 6 1 -1.1259 1.29036 
4 3.57895 6 1 -1.04461 1.17275 
4 4 6 1 -0.977501 1.07564 
-4 4 6 1 0.46034 0.633683 
-3.57895 4 6 1 0.407723 0.649857 
-3.15789 4 6 1 0.353294 0.666587 
-2.73684 4 6 1 0.296957 0.683903 
-2.31579 4 6 1 0.238611 0.701837 
-1.89474 4 6 1 0.178147 0.720423 
-1.47368 4 6 1 0.115446 0.739696 
-1.05263 4 6 1 0.0503818 0.759695 
-0.631579 4 6 1 -0.017181 0.780462 
-0.210526 4 6 1 -0.0873895 0.802042 
0.210526 4 6 1 -0.160402 0.824485 
0.631579 4 6 1 -0.236391 0.847842 
1.05263 4 6 1 -0.31554 0.87217 
1.47368 4 6 1 -0.398053 0.897533 
1.89474 4 6 1 -0.484147 0.923996 
2.31579 4 6 1 -0.574061 0.951634 
2.73684 4 6 1 -0.668056 0.980525 
3.15789 4 6 1 -0.766415 1.01076 
3.57895 4 6 1 -0.869449 1.04243 
4 4 6 1 -0.977501 1.07564 
