-4 -4 2 1 0.697156 -0.0111054 
-4 -3.57895 2 1 0.624713 -0.0184792 
-4 -3.15789 2 1 0.551929 -0.0258877 
-4 -2.73684 2 1 0.478804 -0.0333309 
-4 -2.31579 2 1 0.405334 -0.0408093 
-4 -1.89474 2 1 0.331517 -0.0483229 
-4 -1.47368 2 1 0.257351 -0.0558721 
-4 -1.05263 2 1 0.182833 -0.0634571 
-4 -0.631579 2 1 0.107961 -0.0710782 
-4 -0.210526 2 1 0.0327313 -0.0787356 
-4 0.210526 2 1 -0.0428575 -0.0864296 
-4 0.631579 2 1 -0.118808 -0.0941605 
-4 1.05263 2 1 -0.195124 -0.101928 
-4 1.47368 2 1 -0.271806 -0.109734 
-4 1.89474 2 1 -0.348859 -0.117577 
-4 2.31579 2 1 -0.426284 -0.125458 
-4 2.73684 2 1 -0.504085 -0.133377 
-4 3.15789 2 1 -0.582264 -0.141335 
-4 3.57895 2 1 -0.660823 -0.149331 
-4 4 2 1 -0.739767 -0.157366 
-4 -4 2 1 0.697156 -0.0111054 
-3.57895 -4 2 1 0.755421 -0.0101519 
-3.15789 -4 2 1 0.823846 -0.00903222 
-2.73684 -4 2 1 0.905345 -0.00769858 
-2.31579 -4 2 1 1.00406 -0.00608323 
-1.89474 -4 2 1 1.12609 -0.00408636 
-1.47368 -4 2 1 1.28079 -0.00155473 
-1.05263 -4 2 1 1.48334 0.0017597 
-0.631579 -4 2 1 1.75996 0.00628639 
-0.210526 -4 2 1 2.16041 0.0128393 
0.210526 -4 2 1 2.79179 0.0231711 
0.631579 -4 2 1 3.93478 0.041875 
1.05263 -4 2 1 6.63483 0.0860585 
1.47368 -4 2 1 20.8699 0.319 
-4 4 2 1 -0.739767 -0.157366 
-3.57895 4 2 1 -0.799616 -0.168686 
-3.15789 4 2 1 -0.870476 -0.182088 
-2.73684 4 2 1 -0.955693 -0.198205 
-2.31579 4 2 1 -1.06012 -0.217956 
-1.89474 4 2 1 -1.19109 -0.242726 
-1.47368 4 2 1 -1.36017 -0.274705 
-1.05263 4 2 1 -1.58686 -0.317579 
-0.631579 4 2 1 -1.90662 -0.378055 
-0.210526 4 2 1 -2.39158 -0.469778 
0.210526 4 2 1 -3.21438 -0.625395 
0.631579 4 2 1 -4.91667 -0.947354 
1.05263 4 2 1 -10.5276 -2.00856 
-4 -4 6 1 0.618339 0.681516 
-4 -3.57895 6 1 0.546723 0.675842 
-4 -3.15789 6 1 0.474775 0.670142 
-4 -2.73684 6 1 0.402494 0.664416 
-4 -2.31579 6 1 0.329878 0.658662 
-4 -1.89474 6 1 0.256923 0.652883 
-4 -1.47368 6 1 0.183628 0.647076 
-4 -1.05263 6 1 0.10999 0.641242 
-4 -0.631579 6 1 0.0360068 0.635381 
-4 -0.210526 6 1 -0.038324 0.629492 
-4 0.210526 6 1 -0.113005 0.623575 
-4 0.631579 6 1 -0.188038 0.617631 
-4 1.05263 6 1 -0.263427 0.611658 
-4 1.47368 6 1 -0.339173 0.605657 
-4 1.89474 6 1 -0.41528 0.599628 
-4 2.31579 6 1 -0.491749 0.593569 
-4 2.73684 6 1 -0.568584 0.587482 
-4 3.15789 6 1 -0.645786 0.581366 
-4 3.57895 6 1 -0.723359 0.57522 
-4 4 6 1 -0.801306 0.569045 
-4 -4 6 1 0.618339 0.681516 
-3.57895 -4 6 1 0.669503 0.737173 
-3.15789 -4 6 1 0.729445 0.802379 
-2.73684 -4 6 1 0.800634 0.879821 
-2.31579 -4 6 1 0.886566 0.9733 
-1.89474 -4 6 1 0.992349 1.08837 
-1.47368 -4 6 1 1.12576 1.2335 
-1.05263 -4 6 1 1.29924 1.42222 
-0.631579 -4 6 1 1.53405 1.67765 
-0.210526 -4 6 1 1.86968 2.04275 
0.210526 -4 6 1 2.38882 2.60748 
0.631579 -4 6 1 3.29858 3.59714 
1.05263 -4 6 1 5.3058 5.78064 
1.47368 -4 6 1 13.4144 14.6014 
-4 4 6 1 -0.801306 0.569045 
-3.57895 4 6 1 -0.865315 0.618132 
-3.15789 4 6 1 -0.940899 0.676096 
-2.73684 4 6 1 -1.03151 0.745582 
-2.31579 4 6 1 -1.14212 0.830405 
-1.89474 4 6 1 -1.28017 0.936275 
-1.47368 4 6 1 -1.45733 1.07213 
-1.05263 4 6 1 -1.69294 1.25282 
-0.631579 4 6 1 -2.02167 1.50491 
-0.210526 4 6 1 -2.5123 1.88117 
0.210526 4 6 1 -3.32352 2.50327 
0.631579 4 6 1 -4.92199 3.7291 
1.05263 4 6 1 -9.53404 7.26597 
1.47368 4 6 1 -165.726 127.046 
