-4 -4 2 1 -2.44435 -0.0330422 
-4 -3.57895 2 1 -2.68876 -0.00543575 
-4 -3.15789 2 1 -3.02136 0.032133 
-4 -2.73684 2 1 -3.50042 0.0862437 
-4 -2.31579 2 1 -4.24997 0.170907 
-4 -1.89474 2 1 -5.5892 0.322176 
-4 -1.47368 2 1 -8.66521 0.669618 
-4 -1.05263 2 1 -23.0877 2.29867 
4 -4 2 1 0.0397976 -0.0746345 
4 -3.57895 2 1 0.0789677 -0.068483 
4 -3.15789 2 1 0.121765 -0.0617619 
4 -2.73684 2 1 0.168718 -0.0543881 
4 -2.31579 2 1 0.220462 -0.0462619 
4 -1.89474 2 1 0.27777 -0.0372618 
4 -1.47368 2 1 0.341592 -0.0272389 
4 -1.05263 2 1 0.413103 -0.0160083 
4 -0.631579 2 1 0.493784 -0.00333776 
4 -0.210526 2 1 0.585517 0.0110687 
4 0.210526 2 1 0.690743 0.027594 
4 0.631579 2 1 0.812674 0.0467427 
4 1.05263 2 1 0.95563 0.0691934 
4 1.47368 2 1 1.12556 0.0958807 
4 1.89474 2 1 1.3309 0.128129 
4 2.31579 2 1 1.58401 0.167878 
4 2.73684 2 1 1.90373 0.218089 
4 3.15789 2 1 2.32037 0.28352 
4 3.57895 2 1 2.88584 0.372326 
4 4 2 1 3.69726 0.499757 
-4 -4 2 1 -2.44435 -0.0330422 
-3.57895 -4 2 1 -2.07649 -0.0392014 
-3.15789 -4 2 1 -1.77597 -0.044233 
-2.73684 -4 2 1 -1.52585 -0.0484207 
-2.31579 -4 2 1 -1.31443 -0.0519605 
-1.89474 -4 2 1 -1.13338 -0.0549918 
-1.47368 -4 2 1 -0.976594 -0.057617 
-1.05263 -4 2 1 -0.839496 -0.0599124 
-0.631579 -4 2 1 -0.718599 -0.0619366 
-0.210526 -4 2 1 -0.61119 -0.063735 
0.210526 -4 2 1 -0.515133 -0.0653433 
0.631579 -4 2 1 -0.428718 -0.0667901 
1.05263 -4 2 1 -0.350562 -0.0680987 
1.47368 -4 2 1 -0.279535 -0.0692879 
1.89474 -4 2 1 -0.214705 -0.0703734 
2.31579 -4 2 1 -0.155295 -0.0713681 
2.73684 -4 2 1 -0.100651 -0.072283 
3.15789 -4 2 1 -0.0502233 -0.0731273 
3.57895 -4 2 1 -0.00354114 -0.0739089 
4 -4 2 1 0.0397976 -0.0746345 
1.89474 4 2 1 31.9046 7.2264 
2.31579 4 2 1 10.6084 2.14787 
2.73684 4 2 1 6.75759 1.22956 
3.15789 4 2 1 5.14465 0.844916 
3.57895 4 2 1 4.25802 0.63348 
4 4 2 1 3.69726 0.499757 
-4 -4 6 1 -1.99905 1.26959 
-4 -3.57895 6 1 -2.13345 1.44239 
-4 -3.15789 6 1 -2.3033 1.66075 
-4 -2.73684 6 1 -2.52473 1.94544 
-4 -2.31579 6 1 -2.82548 2.33211 
-4 -1.89474 6 1 -3.25746 2.88748 
-4 -1.47368 6 1 -3.93049 3.75278 
-4 -1.05263 6 1 -5.12447 5.28785 
-4 -0.631579 6 1 -7.82612 8.76128 
-4 -0.210526 6 1 -19.7819 24.1325 
4 -4 6 1 0.00843301 0.415583 
4 -3.57895 6 1 0.0430845 0.44112 
4 -3.15789 6 1 0.0806677 0.468817 
4 -2.73684 6 1 0.121571 0.498961 
4 -2.31579 6 1 0.166254 0.531892 
4 -1.89474 6 1 0.215268 0.568013 
4 -1.47368 6 1 0.269272 0.607812 
4 -1.05263 6 1 0.329071 0.651882 
4 -0.631579 6 1 0.39565 0.700948 
4 -0.210526 6 1 0.470231 0.755911 
4 0.210526 6 1 0.554349 0.817903 
4 0.631579 6 1 0.649959 0.888364 
4 1.05263 6 1 0.759587 0.969156 
4 1.47368 6 1 0.886562 1.06273 
4 1.89474 6 1 1.03535 1.17239 
4 2.31579 6 1 1.21211 1.30265 
4 2.73684 6 1 1.42555 1.45994 
4 3.15789 6 1 1.68838 1.65364 
4 3.57895 6 1 2.02002 1.89805 
4 4 6 1 2.45156 2.21608 
-4 -4 6 1 -1.99905 1.26959 
-3.57895 -4 6 1 -1.73929 1.15909 
-3.15789 -4 6 1 -1.51847 1.06515 
-2.73684 -4 6 1 -1.32844 0.984306 
-2.31579 -4 6 1 -1.16319 0.914006 
-1.89474 -4 6 1 -1.01816 0.85231 
-1.47368 -4 6 1 -0.889865 0.79773 
-1.05263 -4 6 1 -0.775555 0.749101 
-0.631579 -4 6 1 -0.673065 0.705501 
-0.210526 -4 6 1 -0.580653 0.666187 
0.210526 -4 6 1 -0.496901 0.630558 
0.631579 -4 6 1 -0.420647 0.598119 
1.05263 -4 6 1 -0.350927 0.568459 
1.47368 -4 6 1 -0.286935 0.541236 
1.89474 -4 6 1 -0.227994 0.516162 
2.31579 -4 6 1 -0.173528 0.492991 
2.73684 -4 6 1 -0.123047 0.471516 
3.15789 -4 6 1 -0.0761272 0.451556 
3.57895 -4 6 1 -0.0324061 0.432956 
4 -4 6 1 0.00843301 0.415583 
1.05263 4 6 1 12.6138 21.0755 
1.47368 4 6 1 6.47267 9.67857 
1.89474 4 6 1 4.6298 6.25852 
2.31579 4 6 1 3.74241 4.61168 
2.73684 4 6 1 3.22039 3.64289 
3.15789 4 6 1 2.87661 3.0049 
3.57895 4 6 1 2.63309 2.55297 
4 4 6 1 2.45156 2.21608 
