-0.549605 0.241411 -0.493373 0.917912 20 
-0.485442 0.236552 -0.427424 0.919547 21 
-0.42004 0.231599 -0.360177 0.921215 22 
-0.353364 0.226549 -0.291595 0.922916 23 
-0.285376 0.221401 -0.221637 0.924651 24 
-0.216037 0.216149 -0.15026 0.926421 25 
-0.145307 0.210793 -0.0774224 0.928228 26 
-0.0731428 0.205328 -0.00307776 0.930072 27 
0.000499244 0.199751 0.072821 0.931954 28 
0.0756651 0.194058 0.150323 0.933876 29 
0.152402 0.188247 0.22948 0.93584 30 
0.230761 0.182312 0.310345 0.937845 31 
0.310793 0.176251 0.392974 0.939895 32 
0.392553 0.170059 0.477426 0.941989 33 
0.476096 0.163732 0.563761 0.94413 34 
0.561483 0.157266 0.652043 0.94632 35 
0.648775 0.150655 0.742339 0.948559 36 
0.738035 0.143895 0.834719 0.950851 37 
0.829332 0.136981 0.929255 0.953195 38 
0.922737 0.129907 1.02602 0.955595 39 
-20.9487 6.95855 -44.4609 63.7068 45 
-6.62954 2.24345 -7.33776 10.6922 46 
-3.89217 1.34207 -3.94134 5.84185 47 
-2.73131 0.959815 -2.66674 4.02164 48 
-2.08953 0.748488 -1.9989 3.06791 49 
-1.6823 0.61439 -1.58784 2.48089 50 
-1.40089 0.521727 -1.30936 2.0832 51 
-1.1948 0.453865 -1.10821 1.79595 52 
-1.03736 0.402021 -0.956121 1.57875 53 
-0.913157 0.361124 -0.837088 1.40876 54 
-0.812676 0.328037 -0.74139 1.2721 55 
-0.72971 0.300717 -0.66278 1.15984 56 
-0.660049 0.277779 -0.597055 1.06598 57 
-0.600728 0.258245 -0.541287 0.986336 58 
-0.549605 0.241411 -0.493373 0.917912 59 
10.8288 1.58749 17.3173 18.241 68 
5.11274 0.746428 6.57303 6.84109 69 
3.37985 0.491449 4.09734 4.21433 70 
2.54249 0.368239 2.99748 3.04736 71 
2.049 0.295627 2.37595 2.3879 72 
1.72365 0.247755 1.97644 1.96401 73 
1.49302 0.213819 1.69801 1.66859 74 
1.32099 0.188507 1.49287 1.45093 75 
1.18775 0.168902 1.33544 1.28389 76 
1.08151 0.15327 1.21081 1.15166 77 
0.994822 0.140514 1.1097 1.04438 78 
0.922737 0.129907 1.02602 0.955595 79 
