26.0647 -2.24544 6.42948 5.35896 5 
7.03359 -0.701739 3.96466 3.2578 6 
4.06177 -0.46068 2.86443 2.3199 7 
2.85358 -0.362678 2.24127 1.78867 8 
2.19832 -0.309527 1.84016 1.44675 9 
1.78711 -0.276171 1.56037 1.20824 10 
1.505 -0.253288 1.35409 1.03239 11 
1.29945 -0.236615 1.19571 0.89738 12 
1.14301 -0.223925 1.07029 0.790459 13 
1.01996 -0.213944 0.968496 0.703688 14 
0.920645 -0.205888 0.884238 0.631861 15 
0.838799 -0.199249 0.813341 0.571424 16 
0.770186 -0.193684 0.75286 0.519867 17 
0.711836 -0.188951 0.700658 0.475366 18 
0.661607 -0.184877 0.655142 0.436566 19 
-25.5956 1.68681 -5.42098 6.26296 25 
-6.91431 0.359976 -3.34939 3.81529 26 
-4.00057 0.153029 -2.42486 2.72291 27 
-2.81627 0.068914 -1.90125 2.10424 28 
-2.17403 0.0232994 -1.56424 1.70605 29 
-1.771 -0.00532525 -1.32917 1.42831 30 
-1.49453 -0.024962 -1.15586 1.22354 31 
-1.29308 -0.0392696 -1.0228 1.06632 32 
-1.13977 -0.0501582 -0.917431 0.94182 33 
-1.01919 -0.0587226 -0.831917 0.840781 34 
-0.921863 -0.0656352 -0.761131 0.757145 35 
-0.841657 -0.0713318 -0.701571 0.686772 36 
-0.774419 -0.0761073 -0.650761 0.626739 37 
-0.717239 -0.0801685 -0.606907 0.574922 38 
-0.668018 -0.0836644 -0.56867 0.529744 39 
0.661607 -0.184877 0.655142 0.436566 60 
0.59163 -0.17955 0.590733 0.44147 61 
0.521651 -0.174223 0.526324 0.446374 62 
0.451673 -0.168896 0.461914 0.451278 63 
0.381694 -0.163569 0.397504 0.456182 64 
0.311715 -0.158243 0.333094 0.461086 65 
0.241736 -0.152916 0.268684 0.46599 66 
0.171756 -0.147589 0.204273 0.470894 67 
0.101777 -0.142262 0.139863 0.475798 68 
0.0317967 -0.136935 0.0754519 0.480702 69 
-0.0381837 -0.131608 0.0110407 0.485606 70 
-0.108164 -0.126281 -0.0533707 0.49051 71 
-0.178145 -0.120954 -0.117782 0.495414 72 
-0.248126 -0.115627 -0.182194 0.500319 73 
-0.318108 -0.1103 -0.246606 0.505223 74 
-0.388089 -0.104973 -0.311019 0.510127 75 
-0.458071 -0.0996457 -0.375431 0.515031 76 
-0.528053 -0.0943186 -0.439844 0.519935 77 
-0.598036 -0.0889915 -0.504257 0.52484 78 
-0.668018 -0.0836644 -0.56867 0.529744 79 
