-4 -4 2 1 -0.671856 0.168308 
-4 -3.57895 2 1 -0.721691 0.16638 
-4 -3.15789 2 1 -0.779584 0.16414 
-4 -2.73684 2 1 -0.847658 0.161506 
-4 -2.31579 2 1 -0.928861 0.158363 
-4 -1.89474 2 1 -1.02739 0.15455 
-4 -1.47368 2 1 -1.14947 0.149827 
-4 -1.05263 2 1 -1.30467 0.143821 
-4 -0.631579 2 1 -1.50859 0.13593 
-4 -0.210526 2 1 -1.78844 0.125101 
-4 0.210526 2 1 -2.19634 0.109317 
-4 0.631579 2 1 -2.84625 0.084168 
-4 1.05263 2 1 -4.04438 0.0378051 
-4 1.47368 2 1 -6.99035 -0.0761922 
-4 1.89474 2 1 -25.8183 -0.80476 
4 -4 2 1 0.674405 0.206507 
4 -3.57895 2 1 0.725255 0.207435 
4 -3.15789 2 1 0.784325 0.208513 
4 -2.73684 2 1 0.853786 0.209781 
4 -2.31579 2 1 0.936641 0.211294 
4 -1.89474 2 1 1.03718 0.21313 
4 -1.47368 2 1 1.16174 0.215404 
4 -1.05263 2 1 1.3201 0.218295 
4 -0.631579 2 1 1.52817 0.222094 
4 -0.210526 2 1 1.81372 0.227307 
4 0.210526 2 1 2.22992 0.234905 
4 0.631579 2 1 2.89306 0.247012 
4 1.05263 2 1 4.11559 0.269332 
4 1.47368 2 1 7.12158 0.324212 
4 1.89474 2 1 26.334 0.67497 
-4 -4 2 1 -0.671856 0.168308 
-3.57895 -4 2 1 -0.601 0.170319 
-3.15789 -4 2 1 -0.530144 0.172329 
-2.73684 -4 2 1 -0.459289 0.17434 
-2.31579 -4 2 1 -0.388433 0.17635 
-1.89474 -4 2 1 -0.317577 0.178361 
-1.47368 -4 2 1 -0.246721 0.180371 
-1.05263 -4 2 1 -0.175865 0.182381 
-0.631579 -4 2 1 -0.10501 0.184392 
-0.210526 -4 2 1 -0.0341538 0.186402 
0.210526 -4 2 1 0.036702 0.188413 
0.631579 -4 2 1 0.107558 0.190423 
1.05263 -4 2 1 0.178414 0.192434 
1.47368 -4 2 1 0.24927 0.194444 
1.89474 -4 2 1 0.320125 0.196454 
2.31579 -4 2 1 0.390981 0.198465 
2.73684 -4 2 1 0.461837 0.200475 
3.15789 -4 2 1 0.532693 0.202486 
3.57895 -4 2 1 0.603549 0.204496 
4 -4 2 1 0.674405 0.206507 
-4 -4 6 1 -0.792303 0.95119 
-4 -3.57895 6 1 -0.860564 1.01687 
-4 -3.15789 6 1 -0.941794 1.09504 
-4 -2.73684 6 1 -1.04008 1.18961 
-4 -2.31579 6 1 -1.16142 1.30637 
-4 -1.89474 6 1 -1.315 1.45415 
-4 -1.47368 6 1 -1.51564 1.64723 
-4 -1.05263 6 1 -1.78891 1.91017 
-4 -0.631579 6 1 -2.18291 2.2893 
-4 -0.210526 6 1 -2.80038 2.88346 
-4 0.210526 6 1 -3.90666 3.94798 
-4 0.631579 6 1 -6.46253 6.40737 
-4 1.05263 6 1 -18.73 18.2118 
4 -4 6 1 0.752208 0.995014 
4 -3.57895 6 1 0.817946 1.0645 
4 -3.15789 6 1 0.896173 1.14719 
4 -2.73684 6 1 0.990825 1.24724 
4 -2.31579 6 1 1.10768 1.37075 
4 -1.89474 6 1 1.25558 1.52709 
4 -1.47368 6 1 1.44881 1.73134 
4 -1.05263 6 1 1.71198 2.00951 
4 -0.631579 6 1 2.09142 2.41059 
4 -0.210526 6 1 2.68607 3.03914 
4 0.210526 6 1 3.75147 4.1653 
4 0.631579 6 1 6.21291 6.7671 
4 1.05263 6 1 18.0275 19.2554 
-4 -4 6 1 -0.792303 0.95119 
-3.57895 -4 6 1 -0.711013 0.953496 
-3.15789 -4 6 1 -0.629723 0.955803 
-2.73684 -4 6 1 -0.548433 0.958109 
-2.31579 -4 6 1 -0.467143 0.960416 
-1.89474 -4 6 1 -0.385853 0.962722 
-1.47368 -4 6 1 -0.304563 0.965029 
-1.05263 -4 6 1 -0.223273 0.967335 
-0.631579 -4 6 1 -0.141983 0.969642 
-0.210526 -4 6 1 -0.0606932 0.971948 
0.210526 -4 6 1 0.0205969 0.974255 
0.631579 -4 6 1 0.101887 0.976562 
1.05263 -4 6 1 0.183177 0.978868 
1.47368 -4 6 1 0.264467 0.981175 
1.89474 -4 6 1 0.345757 0.983481 
2.31579 -4 6 1 0.427047 0.985788 
2.73684 -4 6 1 0.508337 0.988094 
3.15789 -4 6 1 0.589628 0.990401 
3.57895 -4 6 1 0.670918 0.992707 
4 -4 6 1 0.752208 0.995014 
