16.7212 1.00471 19.6951 17.0854 3 
6.48678 0.415405 7.29344 6.47049 4 
3.95733 0.269757 4.40633 3.99933 5 
2.81138 0.203772 3.12012 2.89842 6 
2.15762 0.166128 2.39229 2.27545 7 
1.73501 0.141794 1.92408 1.8747 8 
1.43938 0.124771 1.5976 1.59526 9 
1.22097 0.112194 1.35697 1.38929 10 
1.05302 0.102524 1.17224 1.23119 11 
0.919852 0.0948559 1.02598 1.10599 12 
0.811679 0.0886272 0.907294 1.00441 13 
0.722066 0.0834672 0.80906 0.920325 14 
0.646613 0.0791226 0.726409 0.849582 15 
0.582211 0.0754142 0.655907 0.789238 16 
0.526596 0.0722119 0.595059 0.737155 17 
0.478087 0.0694186 0.542007 0.691748 18 
0.435401 0.0669608 0.495345 0.651808 19 
-44.4009 13.2656 -52.6262 82.452 27 
-7.58065 2.2306 -7.06134 10.7708 28 
-4.24009 1.22943 -3.88512 5.77403 29 
-2.98767 0.854083 -2.72564 3.94997 30 
-2.3317 0.65749 -2.12496 3.005 31 
-1.92805 0.536516 -1.75756 2.42702 32 
-1.65462 0.454569 -1.50964 2.037 33 
-1.45715 0.395386 -1.33107 1.75609 34 
-1.30784 0.350639 -1.19633 1.54411 35 
-1.191 0.31562 -1.09103 1.37846 36 
-1.09706 0.287467 -1.00649 1.24546 37 
-1.0199 0.264343 -0.937106 1.13631 38 
-0.955392 0.245009 -0.879146 1.04513 39 
0.435401 0.0669608 0.495345 0.651808 60 
0.381023 0.0739222 0.441661 0.66717 61 
0.325068 0.0810855 0.386415 0.682979 62 
0.267468 0.0884594 0.32954 0.699254 63 
0.208149 0.0960534 0.270962 0.716017 64 
0.147032 0.103877 0.210603 0.733289 65 
0.084035 0.111942 0.148381 0.751094 66 
0.0190694 0.120259 0.0842086 0.769458 67 
-0.0479583 0.12884 0.017992 0.788406 68 
-0.117148 0.137698 -0.0503677 0.807968 69 
-0.188606 0.146846 -0.120976 0.828173 70 
-0.262446 0.156298 -0.193947 0.849054 71 
-0.338788 0.166072 -0.269399 0.870645 72 
-0.417763 0.176182 -0.347463 0.892983 73 
-0.499509 0.186647 -0.428275 0.916108 74 
-0.584173 0.197486 -0.511985 0.940062 75 
-0.671916 0.208718 -0.59875 0.964891 76 
-0.762909 0.220367 -0.68874 0.990642 77 
-0.857335 0.232456 -0.78214 1.01737 78 
-0.955392 0.245009 -0.879146 1.04513 79 
