-0.769123 0.242203 -0.917325 1.08085 0 
-0.824752 0.247538 -0.995371 1.16447 1 
-0.890031 0.253799 -1.0893 1.26511 2 
-0.967711 0.261249 -1.2045 1.38854 3 
-1.0617 0.270263 -1.34914 1.54351 4 
-1.17772 0.281391 -1.53614 1.74387 5 
-1.32458 0.295475 -1.78731 2.01298 6 
-1.51642 0.313874 -2.14252 2.39355 7 
-1.77767 0.338929 -2.68328 2.97294 8 
-2.15431 0.375051 -3.6064 3.96199 9 
-2.74445 0.431649 -5.5392 6.03285 10 
-3.80145 0.533022 -12.1376 13.1026 11 
0.602066 0.298413 0.646405 1.06742 20 
0.651198 0.307379 0.70617 1.14162 21 
0.708054 0.317755 0.776778 1.22927 22 
0.774608 0.329901 0.861474 1.33441 23 
0.853576 0.344312 0.964941 1.46285 24 
0.948786 0.361687 1.0942 1.6233 25 
1.06583 0.383046 1.26026 1.82945 26 
1.21317 0.409935 1.48145 2.10404 27 
1.40435 0.444824 1.79071 2.48794 28 
1.66233 0.491903 2.25367 3.06265 29 
2.02954 0.558917 3.02284 4.01747 30 
2.59399 0.661926 4.55209 5.91585 31 
3.57295 0.840579 9.06849 11.5224 32 
5.68792 1.22655 391.708 486.521 33 
-0.769123 0.242203 -0.917325 1.08085 40 
-0.690942 0.245408 -0.827186 1.08008 41 
-0.613481 0.248584 -0.737995 1.07931 42 
-0.536731 0.25173 -0.649739 1.07855 43 
-0.460682 0.254847 -0.562401 1.0778 44 
-0.385324 0.257937 -0.475969 1.07706 45 
-0.310648 0.260998 -0.390427 1.07633 46 
-0.236645 0.264031 -0.305763 1.0756 47 
-0.163305 0.267038 -0.221963 1.07488 48 
-0.0906199 0.270018 -0.139013 1.07417 49 
-0.0185809 0.272971 -0.0569015 1.07346 50 
0.0528206 0.275898 0.024385 1.07277 51 
0.123593 0.278799 0.104859 1.07208 52 
0.193745 0.281675 0.184532 1.07139 53 
0.263284 0.284525 0.263416 1.07071 54 
0.332219 0.287351 0.341523 1.07004 55 
0.400557 0.290153 0.418865 1.06938 56 
0.468305 0.29293 0.495451 1.06872 57 
0.535473 0.295683 0.571295 1.06807 58 
0.602066 0.298413 0.646405 1.06742 59 
