0.298371 -0.057937 0.261512 0.448638 0 
0.250887 -0.0549562 0.218049 0.463208 1 
0.200851 -0.0518151 0.172495 0.478478 2 
0.14805 -0.0485004 0.124697 0.494501 3 
0.0922501 -0.0449975 0.0744831 0.511334 4 
0.0331871 -0.0412897 0.0216668 0.529039 5 
-0.0294336 -0.0373586 -0.0339599 0.547686 6 
-0.0959434 -0.0331833 -0.0926276 0.567352 7 
-0.166716 -0.0287404 -0.154593 0.588124 8 
-0.242175 -0.0240034 -0.220141 0.610096 9 
-0.322802 -0.0189419 -0.289592 0.633378 10 
-0.409146 -0.0135215 -0.363307 0.658088 11 
-0.501839 -0.00770258 -0.441689 0.684363 12 
-0.601606 -0.00143953 -0.525196 0.712356 13 
-0.70929 0.0053205 -0.614349 0.742241 14 
-0.825872 0.0126391 -0.709739 0.774218 15 
-0.952503 0.0205886 -0.812045 0.808513 16 
-1.09054 0.0292541 -0.922048 0.845387 17 
-1.2416 0.0387369 -1.04065 0.885144 18 
-1.40761 0.0491585 -1.1689 0.928136 19 
0.298371 -0.057937 0.261512 0.448638 40 
0.342302 -0.0496066 0.29897 0.48133 41 
0.391416 -0.0402932 0.340357 0.51745 42 
0.446687 -0.0298122 0.386323 0.557568 43 
0.509353 -0.0179292 0.437676 0.602387 44 
0.581001 -0.00434279 0.49542 0.652783 45 
0.663713 0.0113416 0.560827 0.709868 46 
0.760266 0.0296507 0.635531 0.775067 47 
0.874451 0.0513033 0.721667 0.850243 48 
1.01158 0.0773075 0.822076 0.937875 49 
1.17936 0.109121 0.940625 1.04134 50 
1.38932 0.148937 1.08272 1.16535 51 
1.6597 0.200208 1.25615 1.31671 52 
2.02093 0.268707 1.47255 1.50559 53 
2.52806 0.364872 1.75018 1.74789 54 
3.29185 0.509708 2.11928 2.07002 55 
4.57315 0.752677 2.63398 2.51923 56 
7.16741 1.24462 3.40161 3.18919 57 
15.2131 2.77029 4.66931 4.29559 58 
-1.40761 0.0491585 -1.1689 0.928136 60 
-1.51225 0.0784328 -1.23124 1.03246 61 
-1.64383 0.115245 -1.3062 1.1579 62 
-1.8143 0.162938 -1.39804 1.31157 63 
-2.0439 0.227172 -1.51316 1.50422 64 
-2.36982 0.318355 -1.66173 1.75283 65 
-2.8688 0.457953 -1.86079 2.08594 66 
-3.72846 0.69846 -2.14134 2.55541 67 
-5.56125 1.21121 -2.56632 3.26657 68 
-12.1743 3.06132 -3.28591 4.47072 69 
