-4 -4 2 1 -0.242209 0.237768 
-4 -3.57895 2 1 -0.281364 0.247411 
-4 -3.15789 2 1 -0.325269 0.258223 
-4 -2.73684 2 1 -0.374843 0.270431 
-4 -2.31579 2 1 -0.431259 0.284324 
-4 -1.89474 2 1 -0.496038 0.300277 
-4 -1.47368 2 1 -0.571192 0.318784 
-4 -1.05263 2 1 -0.659426 0.340513 
-4 -0.631579 2 1 -0.764483 0.366385 
-4 -0.210526 2 1 -0.89168 0.397709 
-4 0.210526 2 1 -1.04884 0.436411 
-4 0.631579 2 1 -1.24797 0.485449 
-4 1.05263 2 1 -1.50846 0.549598 
-4 1.47368 2 1 -1.86384 0.637116 
-4 1.89474 2 1 -2.37753 0.763617 
-4 2.31579 2 1 -3.18558 0.96261 
-4 2.73684 2 1 -4.64267 1.32143 
-4 3.15789 2 1 -8.05551 2.16189 
-4 3.57895 2 1 -25.3969 6.43242 
4 -4 2 1 1.41079 0.185665 
4 -3.57895 2 1 1.51525 0.198241 
4 -3.15789 2 1 1.64498 0.213857 
4 -2.73684 2 1 1.81041 0.233772 
4 -2.31579 2 1 2.02863 0.260041 
4 -1.89474 2 1 2.3297 0.296282 
4 -1.47368 2 1 2.77184 0.349507 
4 -1.05263 2 1 3.48457 0.435305 
4 -0.631579 2 1 4.82582 0.596762 
4 -0.210526 2 1 8.28259 1.01288 
4 0.210526 2 1 37.5361 4.53438 
-4 -4 2 1 -0.242209 0.237768 
-3.57895 -4 2 1 -0.192738 0.236209 
-3.15789 -4 2 1 -0.140837 0.234573 
-2.73684 -4 2 1 -0.0863241 0.232855 
-2.31579 -4 2 1 -0.0289958 0.231048 
-1.89474 -4 2 1 0.0313717 0.229145 
-1.47368 -4 2 1 0.0950264 0.227139 
-1.05263 -4 2 1 0.162244 0.22502 
-0.631579 -4 2 1 0.233334 0.222779 
-0.210526 -4 2 1 0.308638 0.220406 
0.210526 -4 2 1 0.388545 0.217887 
0.631579 -4 2 1 0.473488 0.215209 
1.05263 -4 2 1 0.56396 0.212358 
1.47368 -4 2 1 0.660519 0.209314 
1.89474 -4 2 1 0.7638 0.206059 
2.31579 -4 2 1 0.874531 0.202568 
2.73684 -4 2 1 0.993547 0.198817 
3.15789 -4 2 1 1.12182 0.194774 
3.57895 -4 2 1 1.26046 0.190404 
4 -4 2 1 1.41079 0.185665 
-4 -4 6 1 -0.207119 0.845965 
-4 -3.57895 6 1 -0.246765 0.893365 
-4 -3.15789 6 1 -0.291562 0.946925 
-4 -2.73684 6 1 -0.342586 1.00793 
-4 -2.31579 6 1 -0.401232 1.07805 
-4 -1.89474 6 1 -0.469346 1.15949 
-4 -1.47368 6 1 -0.54942 1.25522 
-4 -1.05263 6 1 -0.64491 1.36939 
-4 -0.631579 6 1 -0.760741 1.50788 
-4 -0.210526 6 1 -0.904186 1.67939 
-4 0.210526 6 1 -1.08646 1.89731 
-4 0.631579 6 1 -1.32579 2.18346 
-4 1.05263 6 1 -1.65394 2.5758 
-4 1.47368 6 1 -2.13162 3.14693 
-4 1.89474 6 1 -2.89121 4.0551 
-4 2.31579 6 1 -4.28669 5.72355 
-4 2.73684 6 1 -7.69146 9.79435 
-4 3.15789 6 1 -28.6004 34.7934 
4 -4 6 1 1.67589 1.33311 
4 -3.57895 6 1 1.82689 1.48788 
4 -3.15789 6 1 2.02004 1.68583 
4 -2.73684 6 1 2.27582 1.94799 
4 -2.31579 6 1 2.63061 2.31162 
4 -1.89474 6 1 3.15569 2.84978 
4 -1.47368 6 1 4.01236 3.7278 
4 -1.05263 6 1 5.6597 5.41618 
4 -0.631579 6 1 10.1303 9.99816 
4 -0.210526 6 1 68.1487 69.4621 
-4 -4 6 1 -0.207119 0.845965 
-3.57895 -4 6 1 -0.153541 0.859826 
-3.15789 -4 6 1 -0.0971553 0.874413 
-2.73684 -4 6 1 -0.0377372 0.889785 
-2.31579 -4 6 1 0.0249651 0.906006 
-1.89474 -4 6 1 0.0912317 0.923149 
-1.47368 -4 6 1 0.161375 0.941296 
-1.05263 -4 6 1 0.235747 0.960536 
-0.631579 -4 6 1 0.31474 0.980972 
-0.210526 -4 6 1 0.398799 1.00272 
0.210526 -4 6 1 0.488428 1.02591 
0.631579 -4 6 1 0.5842 1.05068 
1.05263 -4 6 1 0.686768 1.07722 
1.47368 -4 6 1 0.796882 1.1057 
1.89474 -4 6 1 0.915407 1.13637 
2.31579 -4 6 1 1.04335 1.16947 
2.73684 -4 6 1 1.18186 1.2053 
3.15789 -4 6 1 1.33233 1.24423 
3.57895 -4 6 1 1.49637 1.28666 
4 -4 6 1 1.67589 1.33311 
