4.22286 0.821859 11.0164 10.1052 0 
3.22972 0.701447 6.41815 6.28333 1 
2.55911 0.620141 4.38052 4.58973 2 
2.07588 0.561552 3.23045 3.63383 3 
1.71111 0.517326 2.49175 3.01985 4 
1.42599 0.482758 1.97718 2.59216 5 
1.19702 0.454996 1.59818 2.27715 6 
1.00908 0.43221 1.3074 2.03547 7 
0.85206 0.413172 1.07726 1.84418 8 
0.718905 0.397028 0.890575 1.68902 9 
0.60456 0.383165 0.736101 1.56062 10 
0.505302 0.37113 0.606162 1.45262 11 
0.41833 0.360585 0.495345 1.36052 12 
0.341496 0.35127 0.399716 1.28103 13 
0.273124 0.34298 0.316355 1.21175 14 
0.211889 0.335556 0.243042 1.15081 15 
0.156731 0.328868 0.178064 1.0968 16 
0.106786 0.322813 0.120076 1.04861 17 
0.0613487 0.317304 0.068008 1.00533 18 
0.0198358 0.312271 0.0209971 0.966257 19 
-4.76116 0.937333 -19.3433 18.881 36 
-3.88495 0.770179 -9.31928 8.72814 37 
-3.33286 0.664858 -6.35465 5.72543 38 
-2.95313 0.592415 -4.93414 4.28668 39 
4.22286 0.821859 11.0164 10.1052 40 
5.04787 0.987809 23.2626 22.4017 41 
0.0198358 0.312271 0.0209971 0.966257 60 
-0.0251647 0.316511 -0.0298117 1.0003 61 
-0.0738741 0.321101 -0.0853789 1.03754 62 
-0.126771 0.326085 -0.146406 1.07843 63 
-0.184418 0.331518 -0.213739 1.12355 64 
-0.247487 0.337461 -0.288408 1.17359 65 
-0.31678 0.34399 -0.371683 1.22939 66 
-0.393267 0.351197 -0.46514 1.29202 67 
-0.478127 0.359194 -0.570771 1.3628 68 
-0.572817 0.368117 -0.691117 1.44344 69 
-0.67915 0.378136 -0.829487 1.53616 70 
-0.799412 0.389469 -0.990254 1.64389 71 
-0.936534 0.40239 -1.17934 1.7706 72 
-1.09433 0.417259 -1.40494 1.92177 73 
-1.27785 0.434552 -1.67877 2.10527 74 
-1.49395 0.454916 -2.01815 2.33268 75 
-1.75215 0.479246 -2.44981 2.62194 76 
-2.06607 0.508827 -3.01732 3.00222 77 
-2.45594 0.545565 -3.79676 3.52453 78 
-2.95313 0.592415 -4.93414 4.28668 79 
