4 -4 2 1 -0.767491 0.0922104 
4 -3.57895 2 1 -0.686355 0.0866278 
4 -3.15789 2 1 -0.605875 0.0810903 
4 -2.73684 2 1 -0.526043 0.0755974 
4 -2.31579 2 1 -0.446852 0.0701485 
4 -1.89474 2 1 -0.368294 0.0647433 
4 -1.47368 2 1 -0.290361 0.059381 
4 -1.05263 2 1 -0.213046 0.0540613 
4 -0.631579 2 1 -0.136342 0.0487836 
4 -0.210526 2 1 -0.0602414 0.0435474 
4 0.210526 2 1 0.0152632 0.0383522 
4 0.631579 2 1 0.0901785 0.0331976 
4 1.05263 2 1 0.164511 0.028083 
4 1.47368 2 1 0.238268 0.0230081 
4 1.89474 2 1 0.311456 0.0179723 
4 2.31579 2 1 0.384082 0.0129752 
4 2.73684 2 1 0.456152 0.0080164 
4 3.15789 2 1 0.527672 0.00309539 
4 3.57895 2 1 0.598648 -0.00178823 
4 4 2 1 0.669088 -0.00663489 
-1.05263 -4 2 1 -10.9464 -0.571884 
-0.631579 -4 2 1 -5.06656 -0.188271 
-0.210526 -4 2 1 -3.30654 -0.0734434 
0.210526 -4 2 1 -2.45977 -0.0181981 
0.631579 -4 2 1 -1.96187 0.0142863 
1.05263 -4 2 1 -1.63406 0.0356734 
1.47368 -4 2 1 -1.4019 0.05082 
1.89474 -4 2 1 -1.22886 0.0621098 
2.31579 -4 2 1 -1.0949 0.0708496 
2.73684 -4 2 1 -0.988129 0.0778155 
3.15789 -4 2 1 -0.901032 0.0834979 
3.57895 -4 2 1 -0.828629 0.0882217 
4 -4 2 1 -0.767491 0.0922104 
-1.47368 4 2 1 11.552 -2.24077 
-1.05263 4 2 1 5.28559 -0.95435 
-0.631579 4 2 1 3.4162 -0.570585 
-0.210526 4 2 1 2.51785 -0.386163 
0.210526 4 2 1 1.98992 -0.277787 
0.631579 4 2 1 1.64248 -0.20646 
1.05263 4 2 1 1.39647 -0.155958 
1.47368 4 2 1 1.21314 -0.118322 
1.89474 4 2 1 1.07124 -0.0891913 
2.31579 4 2 1 0.958146 -0.0659751 
2.73684 4 2 1 0.865901 -0.0470383 
3.15789 4 2 1 0.789224 -0.0312975 
3.57895 4 2 1 0.724482 -0.0180066 
4 4 2 1 0.669088 -0.00663489 
4 -4 6 1 -0.792756 0.923152 
4 -3.57895 6 1 -0.702469 0.913198 
4 -3.15789 6 1 -0.612993 0.903332 
4 -2.73684 6 1 -0.524317 0.893555 
4 -2.31579 6 1 -0.436432 0.883865 
4 -1.89474 6 1 -0.349325 0.874261 
4 -1.47368 6 1 -0.262988 0.864742 
4 -1.05263 6 1 -0.177409 0.855306 
4 -0.631579 6 1 -0.0925793 0.845953 
4 -0.210526 6 1 -0.0084885 0.836682 
4 0.210526 6 1 0.0748729 0.827491 
4 0.631579 6 1 0.157514 0.818379 
4 1.05263 6 1 0.239445 0.809345 
4 1.47368 6 1 0.320674 0.800389 
4 1.89474 6 1 0.401211 0.79151 
4 2.31579 6 1 0.481064 0.782705 
4 2.73684 6 1 0.560241 0.773975 
4 3.15789 6 1 0.638752 0.765319 
4 3.57895 6 1 0.716605 0.756735 
4 4 6 1 0.793808 0.748223 
-0.631579 -4 6 1 -15.5004 16.2905 
-0.210526 -4 6 1 -5.59764 5.94355 
0.210526 -4 6 1 -3.42856 3.67718 
0.631579 -4 6 1 -2.47774 2.68371 
1.05263 -4 6 1 -1.94386 2.12589 
1.47368 -4 6 1 -1.60199 1.76868 
1.89474 -4 6 1 -1.36433 1.52037 
2.31579 -4 6 1 -1.18954 1.33773 
2.73684 -4 6 1 -1.05558 1.19777 
3.15789 -4 6 1 -0.949648 1.08708 
3.57895 -4 6 1 -0.863774 0.997356 
4 -4 6 1 -0.792756 0.923152 
-1.05263 4 6 1 18.8219 13.8667 
-0.631579 4 6 1 6.70456 5.04928 
-0.210526 4 6 1 4.06563 3.12902 
0.210526 4 6 1 2.91056 2.28851 
0.631579 4 6 1 2.26246 1.81691 
1.05263 4 6 1 1.84762 1.51504 
1.47368 4 6 1 1.55931 1.30526 
1.89474 4 6 1 1.34731 1.15099 
2.31579 4 6 1 1.18486 1.03278 
2.73684 4 6 1 1.05641 0.93931 
3.15789 4 6 1 0.952293 0.863547 
3.57895 4 6 1 0.866194 0.800896 
4 4 6 1 0.793808 0.748223 
