9.04831 -2.4043 157.213 79.9869 1 
5.1424 -1.34944 12.2549 6.60288 2 
3.51058 -0.908736 6.1631 3.51895 3 
2.61461 -0.666765 4.0171 2.43255 4 
2.04833 -0.513833 2.92107 1.8777 5 
1.65805 -0.408431 2.25589 1.54095 6 
1.37275 -0.331381 1.80924 1.31484 7 
1.1551 -0.2726 1.48863 1.15253 8 
0.983585 -0.226279 1.2473 1.03036 9 
0.844941 -0.188836 1.05908 0.935079 10 
0.730546 -0.157942 0.908177 0.858686 11 
0.63455 -0.132016 0.784494 0.796073 12 
0.552844 -0.10995 0.681276 0.743819 13 
0.482458 -0.0909415 0.593831 0.699551 14 
0.421193 -0.0743957 0.5188 0.661567 15 
0.367383 -0.0598634 0.453715 0.628618 16 
0.319745 -0.0469981 0.396721 0.599765 17 
0.277276 -0.0355285 0.346398 0.57429 18 
0.239177 -0.0252393 0.30164 0.551631 19 
-6.9424 -1.09877 -65.3489 60.3214 30 
-4.34422 -0.592217 -8.74605 7.84366 31 
-3.23337 -0.375641 -4.88697 4.26583 32 
-2.61692 -0.255455 -3.48096 2.96229 33 
-2.22489 -0.179023 -2.75314 2.28751 34 
-1.95359 -0.126131 -2.30817 1.87497 35 
-1.75471 -0.0873551 -2.00799 1.59667 36 
-1.60265 -0.0577097 -1.79183 1.39626 37 
-1.48263 -0.0343096 -1.62873 1.24505 38 
-1.38548 -0.0153693 -1.5013 1.1269 39 
0.239177 -0.0252393 0.30164 0.551631 60 
0.191862 -0.0249518 0.252375 0.56735 61 
0.14214 -0.0246498 0.200406 0.583932 62 
0.0898203 -0.0243319 0.145503 0.60145 63 
0.0346956 -0.023997 0.087412 0.619986 64 
-0.0234664 -0.0236437 0.0258461 0.63963 65 
-0.0849238 -0.0232703 -0.0395161 0.660485 66 
-0.149965 -0.0228752 -0.109037 0.682667 67 
-0.218912 -0.0224563 -0.183126 0.706307 68 
-0.292129 -0.0220115 -0.262249 0.731553 69 
-0.370025 -0.0215383 -0.346937 0.758575 70 
-0.453062 -0.0210338 -0.437799 0.787566 71 
-0.541768 -0.020495 -0.535535 0.818751 72 
-0.636743 -0.019918 -0.640956 0.852388 73 
-0.738676 -0.0192987 -0.755005 0.888779 74 
-0.848361 -0.0186324 -0.878788 0.928274 75 
-0.966718 -0.0179133 -1.0136 0.971291 76 
-1.09482 -0.0171351 -1.161 1.01832 77 
-1.23391 -0.0162901 -1.32282 1.06995 78 
-1.38548 -0.0153693 -1.5013 1.1269 79 
