-4 -0.631579 2 1 9.75683 -2.64481 
-4 -0.210526 2 1 4.9619 -1.418 
-4 0.210526 2 1 3.3738 -1.01167 
-4 0.631579 2 1 2.58165 -0.808997 
-4 1.05263 2 1 2.10697 -0.687547 
-4 1.47368 2 1 1.79076 -0.606644 
-4 1.89474 2 1 1.56503 -0.548888 
-4 2.31579 2 1 1.39579 -0.505588 
-4 2.73684 2 1 1.26421 -0.471921 
-4 3.15789 2 1 1.15896 -0.444993 
-4 3.57895 2 1 1.07287 -0.422966 
-4 4 2 1 1.00114 -0.404613 
4 -2.73684 2 1 -377.918 -71.1288 
4 -2.31579 2 1 -10.2777 -2.17059 
4 -1.89474 2 1 -5.10622 -1.20058 
4 -1.47368 2 1 -3.34993 -0.871158 
4 -1.05263 2 1 -2.46556 -0.705277 
4 -0.631579 2 1 -1.93294 -0.605373 
4 -0.210526 2 1 -1.57701 -0.538612 
4 0.210526 2 1 -1.32237 -0.490848 
4 0.631579 2 1 -1.13116 -0.454983 
4 1.05263 2 1 -0.982303 -0.427063 
4 1.47368 2 1 -0.863136 -0.404711 
4 1.89474 2 1 -0.765579 -0.386412 
4 2.31579 2 1 -0.684243 -0.371156 
4 2.73684 2 1 -0.615393 -0.358242 
4 3.15789 2 1 -0.556359 -0.347169 
4 3.57895 2 1 -0.505181 -0.337569 
4 4 2 1 -0.460389 -0.329168 
-4 4 2 1 1.00114 -0.404613 
-3.57895 4 2 1 0.900102 -0.399397 
-3.15789 4 2 1 0.802524 -0.39436 
-2.73684 4 2 1 0.70823 -0.389493 
-2.31579 4 2 1 0.617058 -0.384786 
-1.89474 4 2 1 0.528855 -0.380233 
-1.47368 4 2 1 0.443478 -0.375826 
-1.05263 4 2 1 0.360793 -0.371558 
-0.631579 4 2 1 0.280676 -0.367422 
-0.210526 4 2 1 0.203008 -0.363413 
0.210526 4 2 1 0.127679 -0.359524 
0.631579 4 2 1 0.0545843 -0.355751 
1.05263 4 2 1 -0.0163734 -0.352088 
1.47368 4 2 1 -0.0852868 -0.348531 
1.89474 4 2 1 -0.152243 -0.345075 
2.31579 4 2 1 -0.217324 -0.341715 
2.73684 4 2 1 -0.280607 -0.338448 
3.15789 4 2 1 -0.342167 -0.335271 
3.57895 4 2 1 -0.402072 -0.332178 
4 4 2 1 -0.460389 -0.329168 
-4 -1.47368 6 1 10.2426 8.14475 
-4 -1.05263 6 1 5.01985 3.79797 
-4 -0.631579 6 1 3.37383 2.428 
-4 -0.210526 6 1 2.56752 1.75693 
-4 0.210526 6 1 2.08895 1.35862 
-4 0.631579 6 1 1.77205 1.09487 
-4 1.05263 6 1 1.54674 0.90734 
-4 1.47368 6 1 1.37832 0.767165 
-4 1.89474 6 1 1.24766 0.658418 
-4 2.31579 6 1 1.14334 0.571595 
-4 2.73684 6 1 1.05812 0.500673 
-4 3.15789 6 1 0.987208 0.44165 
-4 3.57895 6 1 0.927269 0.391764 
-4 4 6 1 0.875941 0.349045 
4 -3.15789 6 1 -11.2749 8.2249 
4 -2.73684 6 1 -5.40939 3.92172 
4 -2.31579 6 1 -3.50905 2.52756 
4 -1.89474 6 1 -2.56885 1.83779 
4 -1.47368 6 1 -2.00787 1.42624 
4 -1.05263 6 1 -1.63518 1.15282 
4 -0.631579 6 1 -1.36962 0.957993 
4 -0.210526 6 1 -1.17079 0.812124 
4 0.210526 6 1 -1.01635 0.698821 
4 0.631579 6 1 -0.892922 0.608273 
4 1.05263 6 1 -0.792023 0.53425 
4 1.47368 6 1 -0.708 0.472608 
4 1.89474 6 1 -0.636945 0.420479 
4 2.31579 6 1 -0.57607 0.375819 
4 2.73684 6 1 -0.523335 0.337131 
4 3.15789 6 1 -0.477209 0.303291 
4 3.57895 6 1 -0.436522 0.273442 
4 4 6 1 -0.400367 0.246917 
-4 4 6 1 0.875941 0.349045 
-3.57895 4 6 1 0.790584 0.342215 
-3.15789 4 6 1 0.707756 0.335587 
-2.73684 4 6 1 0.627347 0.329153 
-2.31579 4 6 1 0.549251 0.322904 
-1.89474 4 6 1 0.473371 0.316832 
-1.47368 4 6 1 0.399614 0.31093 
-1.05263 4 6 1 0.327891 0.305191 
-0.631579 4 6 1 0.25812 0.299608 
-0.210526 4 6 1 0.190222 0.294175 
0.210526 4 6 1 0.124123 0.288886 
0.631579 4 6 1 0.059752 0.283735 
1.05263 4 6 1 -0.00295796 0.278717 
1.47368 4 6 1 -0.0640701 0.273827 
1.89474 4 6 1 -0.123645 0.26906 
2.31579 4 6 1 -0.181739 0.264411 
2.73684 4 6 1 -0.238408 0.259877 
3.15789 4 6 1 -0.293703 0.255452 
3.57895 4 6 1 -0.347674 0.251133 
4 4 6 1 -0.400367 0.246917 
