56.6821 14.2622 6.07857 8.74724 10 
9.35583 2.1564 3.96318 5.32041 11 
5.36227 1.13487 3.03141 3.81099 12 
3.87697 0.754942 2.50702 2.9615 13 
3.10161 0.556609 2.17077 2.41679 14 
2.62537 0.434789 1.93681 2.03779 15 
2.30314 0.352365 1.76462 1.75886 16 
2.07061 0.292887 1.6326 1.54499 17 
1.89491 0.247943 1.52816 1.3758 18 
1.75747 0.212787 1.44347 1.2386 19 
-7.56033 0.211301 -4.68874 3.4457 20 
-4.79645 0.114736 -3.46668 2.63717 21 
-3.42696 0.0668881 -2.70109 2.13065 22 
-2.60921 0.0383172 -2.17647 1.78356 23 
-2.06567 0.019327 -1.79451 1.53085 24 
-1.67823 0.00579035 -1.50399 1.33864 25 
-1.38808 -0.00434696 -1.27558 1.18753 26 
-1.16266 -0.0122226 -1.0913 1.0656 27 
-0.982492 -0.0185174 -0.93947 0.965153 28 
-0.835187 -0.023664 -0.812222 0.880964 29 
-0.712506 -0.0279503 -0.70403 0.809384 30 
-0.60875 -0.0315753 -0.610914 0.747777 31 
-0.519855 -0.0346811 -0.529926 0.694195 32 
-0.442841 -0.0373719 -0.458842 0.647166 33 
-0.375475 -0.0397255 -0.39595 0.605556 34 
-0.316051 -0.0418017 -0.339911 0.56848 35 
-0.263243 -0.0436467 -0.289663 0.535236 36 
-0.216004 -0.0452971 -0.244353 0.505258 37 
-0.173498 -0.0467822 -0.203286 0.478088 38 
-0.135046 -0.0481257 -0.165893 0.453348 39 
-113.664 8.46542 -8.51991 8.04736 56 
-17.7463 1.0037 -6.49392 5.61393 57 
-10.3044 0.424769 -5.38668 4.284 58 
-7.56033 0.211301 -4.68874 3.4457 59 
1.75747 0.212787 1.44347 1.2386 60 
1.54449 0.183423 1.27432 1.15607 61 
1.35684 0.157553 1.12293 1.0822 62 
1.19025 0.134587 0.986634 1.0157 63 
1.04138 0.114063 0.863285 0.955516 64 
0.907536 0.0956102 0.751121 0.900788 65 
0.786552 0.0789307 0.648687 0.850807 66 
0.676661 0.0637805 0.55477 0.804982 67 
0.576403 0.0499585 0.468349 0.762814 68 
0.484566 0.0372974 0.388561 0.723884 69 
0.400131 0.0256567 0.314672 0.687831 70 
0.322238 0.014918 0.24605 0.654348 71 
0.250155 0.00498021 0.182152 0.62317 72 
0.183255 -0.00424294 0.122505 0.594067 73 
0.120999 -0.0128259 0.0667002 0.566838 74 
0.0629195 -0.0208331 0.0143768 0.541308 75 
0.00860959 -0.0283205 -0.0347808 0.517322 76 
-0.0422861 -0.0353373 -0.0810515 0.494745 77 
-0.0900796 -0.0419263 -0.124682 0.473456 78 
-0.135046 -0.0481257 -0.165893 0.453348 79 
