-4 3.57895 2 1 821.291 165.255 
-4 4 2 1 25.604 5.0818 
4 -4 2 1 -1.83278 0.272482 
4 -3.57895 2 1 -1.59056 0.271682 
4 -3.15789 2 1 -1.3798 0.270985 
4 -2.73684 2 1 -1.19473 0.270373 
4 -2.31579 2 1 -1.03094 0.269832 
4 -1.89474 2 1 -0.884945 0.269349 
4 -1.47368 2 1 -0.754002 0.268916 
4 -1.05263 2 1 -0.635895 0.268526 
4 -0.631579 2 1 -0.528825 0.268172 
4 -0.210526 2 1 -0.431314 0.26785 
4 0.210526 2 1 -0.342137 0.267555 
4 0.631579 2 1 -0.260269 0.267284 
4 1.05263 2 1 -0.184847 0.267035 
4 1.47368 2 1 -0.115138 0.266805 
4 1.89474 2 1 -0.050517 0.266591 
4 2.31579 2 1 0.00955345 0.266393 
4 2.73684 2 1 0.0655378 0.266208 
4 3.15789 2 1 0.117839 0.266035 
4 3.57895 2 1 0.166809 0.265873 
4 4 2 1 0.212757 0.265721 
0.631579 -4 2 1 -84.9011 11.5761 
1.05263 -4 2 1 -9.42892 1.30614 
1.47368 -4 2 1 -5.26776 0.739901 
1.89474 -4 2 1 -3.77683 0.537021 
2.31579 -4 2 1 -3.01023 0.432706 
2.73684 -4 2 1 -2.54328 0.369164 
3.15789 -4 2 1 -2.22901 0.326399 
3.57895 -4 2 1 -2.00305 0.295653 
4 -4 2 1 -1.83278 0.272482 
-4 4 2 1 25.604 5.0818 
-3.57895 4 2 1 9.45431 2.01861 
-3.15789 4 2 1 5.61445 1.29029 
-2.73684 4 2 1 3.8938 0.963922 
-2.31579 4 2 1 2.91739 0.778722 
-1.89474 4 2 1 2.28823 0.659385 
-1.47368 4 2 1 1.84903 0.57608 
-1.05263 4 2 1 1.52505 0.514629 
-0.631579 4 2 1 1.2762 0.467429 
-0.210526 4 2 1 1.07907 0.430038 
0.210526 4 2 1 0.919047 0.399686 
0.631579 4 2 1 0.78656 0.374557 
1.05263 4 2 1 0.675062 0.353409 
1.47368 4 2 1 0.579933 0.335365 
1.89474 4 2 1 0.497814 0.319789 
2.31579 4 2 1 0.426206 0.306207 
2.73684 4 2 1 0.363214 0.294259 
3.15789 4 2 1 0.30737 0.283667 
3.57895 4 2 1 0.257524 0.274212 
4 4 2 1 0.212757 0.265721 
4 -4 6 1 -2.41801 2.05744 
4 -3.57895 6 1 -2.06888 1.90347 
4 -3.15789 6 1 -1.77487 1.77381 
4 -2.73684 6 1 -1.52389 1.66312 
4 -2.31579 6 1 -1.30712 1.56753 
4 -1.89474 6 1 -1.11803 1.48414 
4 -1.47368 6 1 -0.951625 1.41075 
4 -1.05263 6 1 -0.804057 1.34568 
4 -0.631579 6 1 -0.672299 1.28757 
4 -0.210526 6 1 -0.55394 1.23537 
4 0.210526 6 1 -0.447033 1.18823 
4 0.631579 6 1 -0.349995 1.14543 
4 1.05263 6 1 -0.261518 1.10641 
4 1.47368 6 1 -0.180518 1.07069 
4 1.89474 6 1 -0.106084 1.03786 
4 2.31579 6 1 -0.037451 1.0076 
4 2.73684 6 1 0.0260352 0.979599 
4 3.15789 6 1 0.0849322 0.953625 
4 3.57895 6 1 0.13972 0.929463 
4 4 6 1 0.190815 0.90693 
1.47368 -4 6 1 -25.809 27.4376 
1.89474 -4 6 1 -8.56822 8.73065 
2.31579 -4 6 1 -5.33889 5.2267 
2.73684 -4 6 1 -3.9757 3.74759 
3.15789 -4 6 1 -3.22368 2.93162 
3.57895 -4 6 1 -2.74708 2.41449 
4 -4 6 1 -2.41801 2.05744 
-3.15789 4 6 1 14.4456 14.9433 
-2.73684 4 6 1 6.79028 7.40528 
-2.31579 4 6 1 4.29333 4.94659 
-1.89474 4 6 1 3.05489 3.72712 
-1.47368 4 6 1 2.315 2.99857 
-1.05263 4 6 1 1.82306 2.51416 
-0.631579 4 6 1 1.47231 2.16879 
-0.210526 4 6 1 1.20961 1.91011 
0.210526 4 6 1 1.00548 1.70912 
0.631579 4 6 1 0.842319 1.54845 
1.05263 4 6 1 0.708906 1.41708 
1.47368 4 6 1 0.597788 1.30767 
1.89474 4 6 1 0.503807 1.21513 
2.31579 4 6 1 0.423283 1.13584 
2.73684 4 6 1 0.353518 1.06714 
3.15789 4 6 1 0.292491 1.00705 
3.57895 4 6 1 0.238657 0.954039 
4 4 6 1 0.190815 0.90693 
