-4 -4 2 1 -1.09753 0.00252101 
-4 -3.57895 2 1 -1.17218 -0.00101894 
-4 -3.15789 2 1 -1.26243 -0.00529802 
-4 -2.73684 2 1 -1.37371 -0.0105747 
-4 -2.31579 2 1 -1.51437 -0.0172438 
-4 -1.89474 2 1 -1.69778 -0.0259404 
-4 -1.47368 2 1 -1.94694 -0.0377547 
-4 -1.05263 2 1 -2.30493 -0.0547293 
-4 -0.631579 2 1 -2.86299 -0.08119 
-4 -0.210526 2 1 -3.85384 -0.128172 
-4 0.210526 2 1 -6.09983 -0.234668 
-4 0.631579 2 1 -16.1059 -0.709115 
4 -4 2 1 0.358973 0.127505 
4 -3.57895 2 1 0.399837 0.132871 
4 -3.15789 2 1 0.446037 0.138937 
4 -2.73684 2 1 0.498692 0.14585 
4 -2.31579 2 1 0.559256 0.153802 
4 -1.89474 2 1 0.629656 0.163045 
4 -1.47368 2 1 0.712499 0.173922 
4 -1.05263 2 1 0.811404 0.186908 
4 -0.631579 2 1 0.931544 0.202681 
4 -0.210526 2 1 1.08058 0.222249 
4 0.210526 2 1 1.27036 0.247167 
4 0.631579 2 1 1.52025 0.279976 
4 1.05263 2 1 1.86416 0.32513 
4 1.47368 2 1 2.36747 0.391212 
4 1.89474 2 1 3.1744 0.497159 
4 2.31579 2 1 4.67838 0.694625 
4 2.73684 2 1 8.46933 1.19236 
4 3.15789 2 1 36.3093 4.84762 
-4 -4 2 1 -1.09753 0.00252101 
-3.57895 -4 2 1 -0.985803 0.0121081 
-3.15789 -4 2 1 -0.879618 0.02122 
-2.73684 -4 2 1 -0.778569 0.0298912 
-2.31579 -4 2 1 -0.682292 0.0381529 
-1.89474 -4 2 1 -0.590456 0.0460335 
-1.47368 -4 2 1 -0.502762 0.0535586 
-1.05263 -4 2 1 -0.418935 0.060752 
-0.631579 -4 2 1 -0.338725 0.0676349 
-0.210526 -4 2 1 -0.261902 0.0742271 
0.210526 -4 2 1 -0.188258 0.0805467 
0.631579 -4 2 1 -0.117598 0.0866101 
1.05263 -4 2 1 -0.0497449 0.0924327 
1.47368 -4 2 1 0.0154656 0.0980285 
1.89474 -4 2 1 0.0781848 0.103411 
2.31579 -4 2 1 0.138553 0.108591 
2.73684 -4 2 1 0.1967 0.11358 
3.15789 -4 2 1 0.252745 0.11839 
3.57895 -4 2 1 0.306802 0.123028 
4 -4 2 1 0.358973 0.127505 
-4 -4 6 1 -1.25157 0.909288 
-4 -3.57895 6 1 -1.34693 0.99712 
-4 -3.15789 6 1 -1.46372 1.1047 
-4 -2.73684 6 1 -1.6101 1.23951 
-4 -2.31579 6 1 -1.79892 1.41342 
-4 -1.89474 6 1 -2.05177 1.64631 
-4 -1.47368 6 1 -2.40787 1.9743 
-4 -1.05263 6 1 -2.94671 2.4706 
-4 -0.631579 6 1 -3.85749 3.30947 
-4 -0.210526 6 1 -5.72824 5.03253 
-4 0.210526 6 1 -11.7678 10.5952 
4 -4 6 1 0.317715 0.726682 
4 -3.57895 6 1 0.357721 0.770607 
4 -3.15789 6 1 0.403194 0.820534 
4 -2.73684 6 1 0.455338 0.877786 
4 -2.31579 6 1 0.515737 0.944101 
4 -1.89474 6 1 0.586519 1.02182 
4 -1.47368 6 1 0.670613 1.11415 
4 -1.05263 6 1 0.772166 1.22565 
4 -0.631579 6 1 0.897242 1.36298 
4 -0.210526 6 1 1.05509 1.53628 
4 0.210526 6 1 1.26052 1.76184 
4 0.631579 6 1 1.53888 2.06746 
4 1.05263 6 1 1.93738 2.50499 
4 1.47368 6 1 2.5552 3.18333 
4 1.89474 6 1 3.64215 4.37675 
4 2.31579 6 1 6.05958 7.03097 
4 2.73684 6 1 16.104 18.0592 
-4 -4 6 1 -1.25157 0.909288 
-3.57895 -4 6 1 -1.1289 0.895014 
-3.15789 -4 6 1 -1.01266 0.881489 
-2.73684 -4 6 1 -0.902378 0.868655 
-2.31579 -4 6 1 -0.797593 0.856462 
-1.89474 -4 6 1 -0.697909 0.844863 
-1.47368 -4 6 1 -0.60296 0.833814 
-1.05263 -4 6 1 -0.512418 0.823279 
-0.631579 -4 6 1 -0.425983 0.813221 
-0.210526 -4 6 1 -0.343381 0.803609 
0.210526 -4 6 1 -0.264364 0.794414 
0.631579 -4 6 1 -0.188702 0.78561 
1.05263 -4 6 1 -0.116186 0.777172 
1.47368 -4 6 1 -0.0466249 0.769078 
1.89474 -4 6 1 0.0201593 0.761307 
2.31579 -4 6 1 0.0843294 0.75384 
2.73684 -4 6 1 0.146036 0.746659 
3.15789 -4 6 1 0.205418 0.739749 
3.57895 -4 6 1 0.262605 0.733095 
4 -4 6 1 0.317715 0.726682 
