-0.251892 0.234718 -0.219154 0.847077 0 
-0.291201 0.243824 -0.259243 0.8946 1 
-0.335313 0.254042 -0.304602 0.948371 2 
-0.385167 0.26559 -0.356344 1.00971 3 
-0.44196 0.278746 -0.415918 1.08033 4 
-0.50725 0.29387 -0.485248 1.16251 5 
-0.583099 0.311439 -0.566943 1.25936 6 
-0.672291 0.3321 -0.664635 1.37517 7 
-0.77869 0.356746 -0.783535 1.51611 8 
-0.907805 0.386655 -0.931388 1.69138 9 
-1.06778 0.423711 -1.12024 1.91525 10 
-1.27118 0.470827 -1.36987 2.21118 11 
-1.53846 0.532741 -1.71527 2.62063 12 
-1.90534 0.617724 -2.22464 3.22445 13 
-2.4402 0.741621 -3.05104 4.20409 14 
-3.29271 0.939097 -4.62419 6.06896 15 
-4.86532 1.30338 -8.79055 11.0079 16 
-8.73748 2.20033 -52.0238 62.258 17 
1.38256 0.176729 1.64815 1.31192 20 
1.48402 0.187405 1.79613 1.46209 21 
1.60968 0.200629 1.98506 1.65382 22 
1.7694 0.217437 2.23468 1.90714 23 
1.97918 0.239513 2.57982 2.25739 24 
2.26693 0.269794 3.08829 2.77338 25 
2.68605 0.3139 3.91195 3.60924 26 
3.35311 0.384097 5.47551 5.19594 27 
4.58051 0.513261 9.58886 9.3702 28 
7.58565 0.829502 50.0369 50.4171 29 
-0.251892 0.234718 -0.219154 0.847077 40 
-0.202135 0.232953 -0.165157 0.860519 41 
-0.149992 0.231103 -0.108388 0.874651 42 
-0.0952856 0.229162 -0.0486262 0.889528 43 
-0.0378233 0.227123 0.01437 0.905211 44 
0.0226091 0.224979 0.080871 0.921765 45 
0.0862477 0.222721 0.151178 0.939267 46 
0.153355 0.22034 0.225626 0.957801 47 
0.224222 0.217826 0.304594 0.977459 48 
0.299175 0.215167 0.388505 0.998348 49 
0.378576 0.21235 0.477838 1.02059 50 
0.462834 0.20936 0.573137 1.04431 51 
0.552409 0.206182 0.675021 1.06967 52 
0.647821 0.202797 0.784195 1.09685 53 
0.749658 0.199184 0.901471 1.12605 54 
0.858594 0.195319 1.02779 1.15749 55 
0.975396 0.191175 1.16423 1.19146 56 
1.10095 0.18672 1.31206 1.22826 57 
1.23628 0.181919 1.47278 1.26827 58 
1.38256 0.176729 1.64815 1.31192 59 
