-1.87148 -0.442293 -1.74231 0.768348 0 
-2.03398 -0.479572 -1.868 0.87438 1 
-2.24596 -0.528203 -2.02609 1.00775 2 
-2.53408 -0.594301 -2.23099 1.1806 3 
-2.94834 -0.689338 -2.50706 1.41349 4 
-3.5948 -0.837646 -2.8992 1.74431 5 
-4.74472 -1.10145 -3.50011 2.25124 6 
-7.36124 -1.70171 -4.53695 3.12592 7 
-19.1887 -4.41508 -6.7541 4.99631 8 
0.148762 -0.165172 0.0971103 0.354509 20 
0.188469 -0.165424 0.132131 0.378906 21 
0.232375 -0.165702 0.170636 0.405731 22 
0.281186 -0.166012 0.213175 0.435365 23 
0.33577 -0.166358 0.260415 0.468275 24 
0.397218 -0.166748 0.313182 0.505035 25 
0.466909 -0.16719 0.372506 0.546363 26 
0.546624 -0.167696 0.439689 0.593166 27 
0.63869 -0.168279 0.516405 0.64661 28 
0.746221 -0.168962 0.604837 0.708216 29 
0.873471 -0.169769 0.707891 0.780009 30 
1.02641 -0.170739 0.829521 0.864743 31 
1.21369 -0.171927 0.975247 0.966262 32 
1.44834 -0.173415 1.15302 1.0901 33 
1.75094 -0.175334 1.3747 1.24454 34 
2.156 -0.177903 1.65887 1.44251 35 
2.72615 -0.18152 2.03628 1.70543 36 
3.58819 -0.186987 2.56183 2.07155 37 
5.04333 -0.196217 3.34401 2.61646 38 
8.0247 -0.215126 4.63154 3.51342 39 
-1.87148 -0.442293 -1.74231 0.768348 40 
-1.63031 -0.409211 -1.53675 0.722101 41 
-1.42088 -0.380484 -1.35534 0.681286 42 
-1.23732 -0.355305 -1.19406 0.645001 43 
-1.07512 -0.333054 -1.04973 0.61253 44 
-0.930741 -0.31325 -0.919823 0.583302 45 
-0.801409 -0.295509 -0.80227 0.556855 46 
-0.684886 -0.279525 -0.695393 0.532809 47 
-0.579358 -0.26505 -0.597799 0.510852 48 
-0.483341 -0.251879 -0.50833 0.490723 49 
-0.395603 -0.239844 -0.426011 0.472203 50 
-0.315117 -0.228803 -0.350019 0.455106 51 
-0.241022 -0.21864 -0.27965 0.439274 52 
-0.172583 -0.209252 -0.214304 0.424572 53 
-0.109178 -0.200554 -0.15346 0.410883 54 
-0.0502711 -0.192474 -0.0966697 0.398106 55 
0.00460044 -0.184947 -0.0435402 0.386153 56 
0.0558374 -0.177919 0.0062713 0.374946 57 
0.103789 -0.171341 0.0530661 0.364418 58 
0.148762 -0.165172 0.0971103 0.354509 59 
21.8519 -0.732899 6.85787 6.0334 77 
11.3677 -0.34031 5.44919 4.43891 78 
8.0247 -0.215126 4.63154 3.51342 79 
