-0.409361 0.0845145 -0.429616 0.735008 0 
-0.45033 0.0790461 -0.477138 0.774606 1 
-0.496761 0.0728485 -0.531852 0.820196 2 
-0.549827 0.0657654 -0.595521 0.873249 3 
-0.611057 0.0575925 -0.670542 0.93576 4 
-0.682494 0.0480571 -0.760247 1.01051 5 
-0.766922 0.0367879 -0.869415 1.10147 6 
-0.868238 0.0232643 -1.00515 1.21457 7 
-0.992073 0.00673497 -1.1785 1.35901 8 
-1.14687 -0.0139276 -1.4076 1.54991 9 
-1.34591 -0.0404953 -1.72452 1.81398 10 
-1.61132 -0.0759214 -2.1917 2.20327 11 
-1.98293 -0.125523 -2.94924 2.83449 12 
-2.54042 -0.199936 -4.38987 4.03489 13 
-3.46979 -0.323987 -8.19609 7.20643 14 
-5.32934 -0.572198 -46.9233 39.4759 15 
0.980895 -0.0165902 1.18224 0.886551 20 
1.04456 -0.0329299 1.27815 0.959752 21 
1.12031 -0.0523696 1.39594 1.04966 22 
1.21193 -0.0758838 1.54409 1.16274 23 
1.32501 -0.104904 1.73606 1.30926 24 
1.46807 -0.141619 1.99468 1.50665 25 
1.65487 -0.18956 2.36191 1.78695 26 
1.90908 -0.254802 2.9244 2.21628 27 
2.27524 -0.348774 3.89427 2.95654 28 
2.84815 -0.495809 5.96527 4.53726 29 
3.87187 -0.758537 13.4751 10.2692 30 
-0.409361 0.0845145 -0.429616 0.735008 40 
-0.354618 0.0805334 -0.368685 0.740737 41 
-0.298321 0.0764393 -0.305816 0.746647 42 
-0.240403 0.0722273 -0.240916 0.752749 43 
-0.180793 0.0678922 -0.173883 0.759052 44 
-0.119417 0.0634287 -0.104612 0.765564 45 
-0.0561939 0.0588309 -0.0329872 0.772298 46 
0.00896048 0.0540926 0.0411119 0.779265 47 
0.0761361 0.0492073 0.117816 0.786476 48 
0.145428 0.0441681 0.197266 0.793946 49 
0.216939 0.0389676 0.279611 0.801688 50 
0.290776 0.0335979 0.365013 0.809717 51 
0.367055 0.0280506 0.453644 0.81805 52 
0.4459 0.0223167 0.545692 0.826704 53 
0.527441 0.0163867 0.641358 0.835699 54 
0.61182 0.0102504 0.74086 0.845054 55 
0.699187 0.00389668 0.844433 0.854791 56 
0.789704 -0.00268607 0.952332 0.864936 57 
0.883545 -0.00951051 1.06483 0.875513 58 
0.980895 -0.0165902 1.18224 0.886551 59 
