0.602537 -0.208905 0.512442 0.428025 0 
0.538683 -0.216404 0.451362 0.427162 1 
0.473496 -0.224059 0.38908 0.426282 2 
0.406933 -0.231875 0.325559 0.425385 3 
0.33895 -0.239858 0.260763 0.42447 4 
0.269501 -0.248014 0.194654 0.423536 5 
0.198538 -0.256347 0.127189 0.422583 6 
0.126012 -0.264864 0.0583288 0.42161 7 
0.0518687 -0.273571 -0.0119722 0.420617 8 
-0.0239449 -0.282473 -0.0837592 0.419603 9 
-0.101486 -0.291579 -0.15708 0.418567 10 
-0.180816 -0.300895 -0.231984 0.417509 11 
-0.261995 -0.310428 -0.308523 0.416427 12 
-0.34509 -0.320186 -0.386751 0.415322 13 
-0.43017 -0.330177 -0.466725 0.414193 14 
-0.517306 -0.340409 -0.548504 0.413037 15 
-0.606573 -0.350892 -0.632149 0.411856 16 
-0.698051 -0.361634 -0.717726 0.410647 17 
-0.791824 -0.372646 -0.805302 0.40941 18 
-0.887978 -0.383937 -0.894948 0.408143 19 
0.602537 -0.208905 0.512442 0.428025 40 
0.657779 -0.216782 0.558038 0.465163 41 
0.721907 -0.225925 0.61049 0.507885 42 
0.797251 -0.236667 0.671469 0.557553 43 
0.887036 -0.249468 0.743241 0.616012 44 
0.995854 -0.264983 0.828947 0.68582 45 
1.13047 -0.284177 0.933082 0.770638 46 
1.30131 -0.308534 1.06231 0.875892 47 
1.52524 -0.340461 1.22693 1.00998 48 
1.83158 -0.384138 1.44381 1.18662 49 
2.27608 -0.447513 1.7425 1.42992 50 
2.97941 -0.547791 2.18009 1.78633 51 
4.2605 -0.730443 2.8828 2.35869 52 
7.32745 -1.16772 4.19625 3.42851 53 
24.5055 -3.6169 7.52865 6.14276 54 
-0.887978 -0.383937 -0.894948 0.408143 60 
-0.958384 -0.41036 -0.960654 0.452616 61 
-1.04341 -0.442271 -1.03888 0.505563 62 
-1.14815 -0.481578 -1.13358 0.569663 63 
-1.28035 -0.53119 -1.25058 0.648852 64 
-1.45243 -0.595769 -1.3988 0.749172 65 
-1.68565 -0.683294 -1.59265 0.880381 66 
-2.01963 -0.808635 -1.85706 1.05934 67 
-2.53768 -1.00305 -2.2391 1.31792 68 
-3.44983 -1.34537 -2.83972 1.72445 69 
-5.48186 -2.10797 -3.92173 2.4568 70 
-13.9749 -5.29533 -6.4508 4.16859 71 
