10.5551 -2.65865 3.43382 2.5488 8 
5.1645 -1.37758 2.60303 1.83626 9 
3.47068 -0.975042 2.11394 1.41677 10 
2.64185 -0.778071 1.79169 1.14039 11 
2.15018 -0.661228 1.56335 0.944546 12 
1.82473 -0.583883 1.3931 0.798521 13 
1.59338 -0.528903 1.26126 0.685448 14 
1.42048 -0.487814 1.15616 0.595304 15 
1.28637 -0.455941 1.07041 0.521757 16 
1.1793 -0.430497 0.999111 0.460609 17 
1.09185 -0.409714 0.938902 0.40897 18 
1.01908 -0.39242 0.887379 0.36478 19 
-66.5308 -11.9886 -5.06329 3.68842 23 
-9.12665 -1.8545 -3.36262 2.43669 24 
-4.80315 -1.09123 -2.48967 1.79418 25 
-3.21354 -0.810601 -1.95842 1.40317 26 
-2.38762 -0.664795 -1.60109 1.14016 27 
-1.88165 -0.575471 -1.34428 0.951144 28 
-1.53988 -0.515135 -1.15081 0.808744 29 
-1.29354 -0.471645 -0.999811 0.697609 30 
-1.10755 -0.438811 -0.878689 0.60846 31 
-0.962161 -0.413144 -0.779372 0.535361 32 
-0.845382 -0.392528 -0.696459 0.474335 33 
-0.749526 -0.375606 -0.626195 0.422619 34 
-0.669432 -0.361466 -0.565892 0.378234 35 
-0.601507 -0.349475 -0.51357 0.339724 36 
-0.543174 -0.339177 -0.467744 0.305995 37 
-0.492536 -0.330237 -0.427275 0.276209 38 
-0.448163 -0.322403 -0.391276 0.249713 39 
1.01908 -0.39242 0.887379 0.36478 60 
0.916262 -0.387513 0.800862 0.356994 61 
0.817165 -0.382785 0.717047 0.349451 62 
0.721588 -0.378224 0.635809 0.342141 63 
0.629346 -0.373822 0.557033 0.335052 64 
0.540267 -0.369571 0.480607 0.328174 65 
0.454191 -0.365464 0.406428 0.321499 66 
0.37097 -0.361492 0.334399 0.315017 67 
0.290463 -0.35765 0.264427 0.30872 68 
0.21254 -0.353932 0.196425 0.3026 69 
0.137078 -0.350331 0.130311 0.296651 70 
0.0639631 -0.346842 0.0660081 0.290864 71 
-0.00691325 -0.34346 0.00344238 0.285234 72 
-0.0756521 -0.34018 -0.0574555 0.279753 73 
-0.142349 -0.336997 -0.116751 0.274417 74 
-0.207093 -0.333907 -0.174507 0.26922 75 
-0.269969 -0.330907 -0.230783 0.264155 76 
-0.331056 -0.327992 -0.285635 0.259219 77 
-0.390431 -0.325158 -0.339115 0.254407 78 
-0.448163 -0.322403 -0.391276 0.249713 79 
