4 -4 2 1 -0.854052 0.0193927 
4 -3.57895 2 1 -0.764613 0.0163445 
4 -3.15789 2 1 -0.676958 0.0133572 
4 -2.73684 2 1 -0.591034 0.0104288 
4 -2.31579 2 1 -0.506792 0.00755775 
4 -1.89474 2 1 -0.424181 0.0047423 
4 -1.47368 2 1 -0.343156 0.00198088 
4 -1.05263 2 1 -0.26367 -0.000728069 
4 -0.631579 2 1 -0.185681 -0.00338602 
4 -0.210526 2 1 -0.109146 -0.0059944 
4 0.210526 2 1 -0.0340257 -0.00855458 
4 0.631579 2 1 0.0397196 -0.0110679 
4 1.05263 2 1 0.112127 -0.0135356 
4 1.47368 2 1 0.183232 -0.0159589 
4 1.89474 2 1 0.253071 -0.0183391 
4 2.31579 2 1 0.321676 -0.0206772 
4 2.73684 2 1 0.38908 -0.0229744 
4 3.15789 2 1 0.455314 -0.0252317 
4 3.57895 2 1 0.520408 -0.0274502 
4 4 2 1 0.584392 -0.0296308 
-1.05263 -4 2 1 -22.3183 -4.49283 
-0.631579 -4 2 1 -6.58732 -1.18586 
-0.210526 -4 2 1 -3.90452 -0.621877 
0.210526 -4 2 1 -2.79465 -0.38856 
0.631579 -4 2 1 -2.18799 -0.261027 
1.05263 -4 2 1 -1.80554 -0.18063 
1.47368 -4 2 1 -1.54241 -0.125314 
1.89474 -4 2 1 -1.35028 -0.0849248 
2.31579 -4 2 1 -1.20384 -0.0541395 
2.73684 -4 2 1 -1.08852 -0.0298965 
3.15789 -4 2 1 -0.995348 -0.0103106 
3.57895 -4 2 1 -0.918509 0.00584255 
4 -4 2 1 -0.854052 0.0193927 
-1.89474 4 2 1 12.7091 -3.54241 
-1.47368 4 2 1 5.62839 -1.49098 
-1.05263 4 2 1 3.58441 -0.898796 
-0.631579 4 2 1 2.61293 -0.617338 
-0.210526 4 2 1 2.04525 -0.452871 
0.210526 4 2 1 1.67293 -0.345003 
0.631579 4 2 1 1.40993 -0.268807 
1.05263 4 2 1 1.21427 -0.212119 
1.47368 4 2 1 1.06302 -0.168298 
1.89474 4 2 1 0.942595 -0.133409 
2.31579 4 2 1 0.844449 -0.104975 
2.73684 4 2 1 0.762922 -0.0813546 
3.15789 4 2 1 0.694122 -0.0614219 
3.57895 4 2 1 0.635285 -0.0443755 
4 4 2 1 0.584392 -0.0296308 
4 -4 6 1 -0.930793 0.906576 
4 -3.57895 6 1 -0.827383 0.892834 
4 -3.15789 6 1 -0.726334 0.879406 
4 -2.73684 6 1 -0.627567 0.866281 
4 -2.31579 6 1 -0.531006 0.853449 
4 -1.89474 6 1 -0.436577 0.840901 
4 -1.47368 6 1 -0.34421 0.828627 
4 -1.05263 6 1 -0.253839 0.816617 
4 -0.631579 6 1 -0.165399 0.804865 
4 -0.210526 6 1 -0.0788295 0.793361 
4 0.210526 6 1 0.0059284 0.782098 
4 0.631579 6 1 0.088931 0.771068 
4 1.05263 6 1 0.170232 0.760264 
4 1.47368 6 1 0.249884 0.749679 
4 1.89474 6 1 0.327936 0.739307 
4 2.31579 6 1 0.404436 0.729142 
4 2.73684 6 1 0.479429 0.719176 
4 3.15789 6 1 0.55296 0.709405 
4 3.57895 6 1 0.625071 0.699822 
4 4 6 1 0.695804 0.690423 
-0.210526 -4 6 1 -10.9445 9.93752 
0.210526 -4 6 1 -4.96712 4.54679 
0.631579 -4 6 1 -3.24236 2.99129 
1.05263 -4 6 1 -2.4227 2.25207 
1.47368 -4 6 1 -1.94378 1.82015 
1.89474 -4 6 1 -1.62968 1.53688 
2.31579 -4 6 1 -1.40782 1.33679 
2.73684 -4 6 1 -1.24276 1.18793 
3.15789 -4 6 1 -1.11517 1.07286 
3.57895 -4 6 1 -1.01358 0.981242 
4 -4 6 1 -0.930793 0.906576 
-1.47368 4 6 1 50.73 32.4198 
-1.05263 4 6 1 8.7612 5.80513 
-0.631579 4 6 1 4.7461 3.25893 
-0.210526 4 6 1 3.23139 2.29837 
0.210526 4 6 1 2.43598 1.79396 
0.631579 4 6 1 1.94582 1.48313 
1.05263 4 6 1 1.61349 1.27237 
1.47368 4 6 1 1.37332 1.12007 
1.89474 4 6 1 1.19164 1.00486 
2.31579 4 6 1 1.04941 0.914665 
2.73684 4 6 1 0.935039 0.842134 
3.15789 4 6 1 0.841068 0.782543 
3.57895 4 6 1 0.762488 0.732711 
4 4 6 1 0.695804 0.690423 
