-0.929029 0.257898 -1.10234 1.15038 0 
-0.994306 0.269544 -1.19319 1.25148 1 
-1.07205 0.283416 -1.30391 1.37469 2 
-1.16622 0.300217 -1.4418 1.52813 3 
-1.28262 0.320985 -1.61826 1.72451 4 
-1.43018 0.347313 -1.85213 1.98476 5 
-1.62336 0.381779 -2.17684 2.3461 6 
-1.88716 0.428848 -2.65809 2.88165 7 
-2.269 0.496975 -3.44503 3.75736 8 
-2.8709 0.604366 -4.96445 5.44819 9 
-3.96015 0.798708 -9.12938 10.083 10 
-6.53117 1.25743 -69.322 77.0664 11 
0.478787 0.322485 0.473793 1.02121 20 
0.523672 0.335981 0.522743 1.08833 21 
0.575117 0.35145 0.579612 1.16632 22 
0.634674 0.369358 0.646492 1.25802 23 
0.704426 0.390332 0.72628 1.36743 24 
0.787235 0.415232 0.823112 1.50021 25 
0.887147 0.445274 0.943104 1.66475 26 
1.01007 0.482236 1.09569 1.87398 27 
1.16499 0.528818 1.29625 2.14899 28 
1.36627 0.589339 1.5716 2.52657 29 
1.63837 0.671157 1.97321 3.07726 30 
2.02666 0.787911 2.6137 3.95553 31 
2.62576 0.968054 3.79646 5.57738 32 
3.67133 1.28244 6.71569 9.58033 33 
5.95884 1.97027 25.7516 35.6831 34 
-0.929029 0.257898 -1.10234 1.15038 40 
-0.837086 0.262116 -0.997068 1.14175 41 
-0.747571 0.266222 -0.8949 1.13338 42 
-0.660389 0.270222 -0.795696 1.12525 43 
-0.575451 0.274119 -0.69933 1.11735 44 
-0.49267 0.277917 -0.605682 1.10968 45 
-0.411966 0.281619 -0.514639 1.10221 46 
-0.333262 0.28523 -0.426093 1.09496 47 
-0.256483 0.288752 -0.339942 1.0879 48 
-0.181561 0.29219 -0.256092 1.08103 49 
-0.108428 0.295545 -0.17445 1.07434 50 
-0.0370212 0.298821 -0.0949316 1.06782 51 
0.0327194 0.30202 -0.0174542 1.06147 52 
0.100852 0.305146 0.0580596 1.05528 53 
0.167431 0.308201 0.131684 1.04925 54 
0.232509 0.311186 0.203488 1.04336 55 
0.296137 0.314105 0.273539 1.03762 56 
0.358363 0.31696 0.3419 1.03202 57 
0.419231 0.319753 0.408632 1.02655 58 
0.478787 0.322485 0.473793 1.02121 59 
