-1.78566 -0.477103 -1.69678 0.70748 0 
-1.93658 -0.51943 -1.81978 0.804478 1 
-2.13203 -0.574249 -1.97425 0.926287 2 
-2.39516 -0.648048 -2.17402 1.08382 3 
-2.76846 -0.752746 -2.44245 1.2955 4 
-3.33944 -0.912888 -2.82229 1.59504 5 
-4.32169 -1.18838 -3.40106 2.05144 6 
-6.40964 -1.77398 -4.39045 2.83166 7 
-13.874 -3.86751 -6.46772 4.46976 8 
0.166978 -0.174839 0.113161 0.349079 20 
0.20681 -0.176214 0.148365 0.373207 21 
0.250935 -0.177738 0.187162 0.399797 22 
0.300087 -0.179435 0.230131 0.429246 23 
0.355176 -0.181338 0.277983 0.462042 24 
0.417347 -0.183485 0.3316 0.498789 25 
0.48806 -0.185926 0.392091 0.540247 26 
0.569205 -0.188729 0.46087 0.587385 27 
0.663273 -0.191977 0.539763 0.641455 28 
0.773621 -0.195788 0.631179 0.704109 29 
0.904873 -0.20032 0.738358 0.777565 30 
1.06359 -0.205801 0.865761 0.864881 31 
1.25941 -0.212563 1.01971 0.97039 32 
1.50704 -0.221115 1.20946 1.10044 33 
1.83021 -0.232274 1.44915 1.26471 34 
2.26969 -0.247451 1.76147 1.47877 35 
2.90204 -0.269287 2.18536 1.76928 36 
3.88993 -0.303401 2.79357 2.18612 37 
5.65046 -0.364197 3.73973 2.83458 38 
9.6722 -0.503078 5.41387 3.98198 39 
-1.78566 -0.477103 -1.69678 0.70748 40 
-1.56083 -0.4423 -1.49968 0.66845 41 
-1.36383 -0.411805 -1.32467 0.633796 42 
-1.1898 -0.384866 -1.16825 0.602822 43 
-1.03494 -0.360894 -1.0276 0.574971 44 
-0.896252 -0.339425 -0.900453 0.549793 45 
-0.771324 -0.320086 -0.784949 0.526921 46 
-0.658206 -0.302575 -0.679561 0.506052 47 
-0.555299 -0.286646 -0.583016 0.486935 48 
-0.461281 -0.272092 -0.494244 0.469356 49 
-0.375047 -0.258743 -0.412345 0.453139 50 
-0.295669 -0.246455 -0.33655 0.43813 51 
-0.222361 -0.235107 -0.2662 0.424199 52 
-0.154452 -0.224595 -0.200729 0.411235 53 
-0.0913666 -0.21483 -0.139647 0.39914 54 
-0.032609 -0.205734 -0.0825267 0.387829 55 
0.0222517 -0.197242 -0.0289948 0.377229 56 
0.0735905 -0.189295 0.0212766 0.367274 57 
0.121736 -0.181842 0.0685766 0.357908 58 
0.166978 -0.174839 0.113161 0.349079 59 
41.1532 -2.66726 8.87321 7.56856 77 
14.9985 -0.869238 6.60173 5.21353 78 
9.6722 -0.503078 5.41387 3.98198 79 
