135.412 -36.9113 4.88202 3.58933 7 
9.0238 -2.59726 3.31194 2.31772 8 
4.76116 -1.43996 2.53056 1.68488 9 
3.27566 -1.03665 2.0629 1.30612 10 
2.52017 -0.831538 1.75161 1.054 11 
2.06271 -0.70734 1.5295 0.874115 12 
1.75599 -0.624065 1.36304 0.739303 13 
1.53603 -0.564348 1.23366 0.634511 14 
1.37059 -0.519431 1.13019 0.550716 15 
1.24163 -0.484419 1.04557 0.482183 16 
1.13828 -0.456361 0.975079 0.425089 17 
1.05361 -0.433372 0.915446 0.376792 18 
0.982966 -0.414192 0.864343 0.335404 19 
-11.6931 -2.53866 -3.66567 2.6326 24 
-5.43436 -1.30903 -2.65134 1.88903 25 
-3.49141 -0.927303 -2.05859 1.45451 26 
-2.54475 -0.741315 -1.66982 1.16952 27 
-1.98444 -0.631234 -1.39519 0.968195 28 
-1.61406 -0.558467 -1.19087 0.818416 29 
-1.35103 -0.50679 -1.03292 0.702632 30 
-1.15459 -0.468196 -0.907172 0.610448 31 
-1.00229 -0.438273 -0.804682 0.535316 32 
-0.880752 -0.414396 -0.719545 0.472905 33 
-0.781516 -0.3949 -0.647699 0.420237 34 
-0.698958 -0.37868 -0.586256 0.375196 35 
-0.6292 -0.364975 -0.533109 0.336236 36 
-0.569478 -0.353241 -0.486685 0.302204 37 
-0.517773 -0.343083 -0.445783 0.27222 38 
-0.472571 -0.334202 -0.409474 0.245604 39 
0.982966 -0.414192 0.864343 0.335404 60 
0.883704 -0.408737 0.780146 0.329468 61 
0.787651 -0.403459 0.698309 0.323699 62 
0.694654 -0.398348 0.618734 0.318089 63 
0.604569 -0.393397 0.541329 0.312632 64 
0.517261 -0.388599 0.466007 0.307322 65 
0.432605 -0.383947 0.392683 0.302153 66 
0.35048 -0.379434 0.32128 0.297119 67 
0.270776 -0.375053 0.251724 0.292216 68 
0.193386 -0.3708 0.183943 0.287438 69 
0.118212 -0.366669 0.117871 0.28278 70 
0.045159 -0.362655 0.0534429 0.278238 71 
-0.0258608 -0.358752 -0.00940088 0.273807 72 
-0.0949313 -0.354956 -0.0707184 0.269485 73 
-0.162132 -0.351263 -0.130565 0.265266 74 
-0.227537 -0.347668 -0.188992 0.261147 75 
-0.291218 -0.344169 -0.24605 0.257124 76 
-0.353242 -0.34076 -0.301786 0.253195 77 
-0.413673 -0.337439 -0.356247 0.249356 78 
-0.472571 -0.334202 -0.409474 0.245604 79 
