0.87691 0.123764 0.741235 0.819612 0 
0.786104 0.114804 0.660223 0.804503 1 
0.697285 0.10604 0.58082 0.789695 2 
0.610388 0.0974663 0.502978 0.775177 3 
0.525351 0.0890759 0.426654 0.760942 4 
0.442116 0.0808632 0.351801 0.746982 5 
0.360625 0.0728226 0.278379 0.733289 6 
0.280825 0.0649488 0.206346 0.719855 7 
0.202663 0.0572367 0.135664 0.706673 8 
0.126089 0.0496813 0.0662948 0.693735 9 
0.0510555 0.0422779 -0.00179786 0.681036 10 
-0.0224834 0.035022 -0.0686488 0.668568 11 
-0.0945721 0.0279091 -0.134292 0.656326 12 
-0.165253 0.0209351 -0.198759 0.644303 13 
-0.234567 0.014096 -0.262082 0.632493 14 
-0.302554 0.0073879 -0.324291 0.620891 15 
-0.36925 0.000807058 -0.385414 0.609491 16 
-0.434693 -0.00565011 -0.445481 0.598289 17 
-0.498918 -0.011987 -0.504519 0.587278 18 
-0.561958 -0.0182071 -0.562553 0.576455 19 
0.87691 0.123764 0.741235 0.819612 40 
0.941741 0.145564 0.788658 0.894804 41 
1.01922 0.171618 0.844318 0.983055 42 
1.11347 0.203308 0.910564 1.08809 43 
1.23056 0.242682 0.990734 1.21521 44 
1.37997 0.292922 1.08973 1.37218 45 
1.57721 0.359245 1.21508 1.57092 46 
1.84962 0.450846 1.3789 1.83067 47 
2.25029 0.585578 1.60214 2.18462 48 
2.89773 0.803285 1.92425 2.69534 49 
4.1213 1.21472 2.42962 3.49664 50 
7.30645 2.28576 3.33684 4.93508 51 
36.2268 12.0105 5.4415 8.27213 52 
-0.561958 -0.0182071 -0.562553 0.576455 60 
-0.613199 -0.0107539 -0.609536 0.622618 61 
-0.672415 -0.00214076 -0.663175 0.675322 62 
-0.741625 0.00792613 -0.724992 0.736061 63 
-0.823593 0.0198487 -0.797012 0.806825 64 
-0.922205 0.0341921 -0.881988 0.890319 65 
-1.0431 0.0517769 -0.983762 0.990317 66 
-1.1948 0.073842 -1.10786 1.11225 67 
-1.39079 0.10235 -1.26253 1.26423 68 
-1.65379 0.140603 -1.46067 1.45891 69 
-2.02524 0.194632 -1.72358 1.71723 70 
-2.58965 0.276728 -2.08923 2.07651 71 
-3.55016 0.416437 -2.63249 2.61029 72 
-5.54909 0.707188 -3.52425 3.4865 73 
-12.2517 1.68211 -5.25822 5.19023 74 
