-4 -3.57895 2 1 1149.36 -188.134 
-4 -3.15789 2 1 11.6934 -1.86272 
-4 -2.73684 2 1 5.70218 -0.881765 
-4 -2.31579 2 1 3.69105 -0.55248 
-4 -1.89474 2 1 2.68283 -0.387403 
-4 -1.47368 2 1 2.07705 -0.288217 
-4 -1.05263 2 1 1.67284 -0.222034 
-4 -0.631579 2 1 1.38394 -0.174733 
-4 -0.210526 2 1 1.16717 -0.139241 
-4 0.210526 2 1 0.998516 -0.111627 
-4 0.631579 2 1 0.863557 -0.08953 
-4 1.05263 2 1 0.753112 -0.0714467 
-4 1.47368 2 1 0.661059 -0.0563747 
-4 1.89474 2 1 0.583156 -0.0436195 
-4 2.31579 2 1 0.516373 -0.0326851 
-4 2.73684 2 1 0.458489 -0.0232077 
-4 3.15789 2 1 0.407836 -0.0149141 
-4 3.57895 2 1 0.363138 -0.0075956 
-4 4 2 1 0.323403 -0.00108982 
4 -0.631579 2 1 -54.986 0.0694508 
4 -0.210526 2 1 -8.27098 0.103762 
4 0.210526 2 1 -4.62108 0.106442 
4 0.631579 2 1 -3.27432 0.107431 
4 1.05263 2 1 -2.57356 0.107946 
4 1.47368 2 1 -2.14391 0.108262 
4 1.89474 2 1 -1.85355 0.108475 
4 2.31579 2 1 -1.64418 0.108629 
4 2.73684 2 1 -1.48607 0.108745 
4 3.15789 2 1 -1.36245 0.108836 
4 3.57895 2 1 -1.26314 0.108909 
4 4 2 1 -1.18161 0.108968 
-4 4 2 1 0.323403 -0.00108982 
-3.57895 4 2 1 0.273277 0.00257578 
-3.15789 4 2 1 0.221064 0.00639405 
-2.73684 4 2 1 0.166629 0.0103747 
-2.31579 4 2 1 0.109829 0.0145284 
-1.89474 4 2 1 0.0505057 0.0188666 
-1.47368 4 2 1 -0.0115128 0.0234018 
-1.05263 4 2 1 -0.0764144 0.028148 
-0.631579 4 2 1 -0.144405 0.03312 
-0.210526 4 2 1 -0.21571 0.0383344 
0.210526 4 2 1 -0.290579 0.0438094 
0.631579 4 2 1 -0.369285 0.049565 
1.05263 4 2 1 -0.452132 0.0556234 
1.47368 4 2 1 -0.539454 0.062009 
1.89474 4 2 1 -0.631624 0.0687492 
2.31579 4 2 1 -0.729057 0.0758743 
2.73684 4 2 1 -0.832219 0.0834183 
3.15789 4 2 1 -0.941629 0.0914192 
3.57895 4 2 1 -1.05787 0.0999198 
4 4 2 1 -1.18161 0.108968 
-4 -3.15789 6 1 53.7156 34.4292 
-4 -2.73684 6 1 10.0186 6.69264 
-4 -2.31579 6 1 5.38316 3.75028 
-4 -1.89474 6 1 3.61144 2.62569 
-4 -1.47368 6 1 2.67596 2.03189 
-4 -1.05263 6 1 2.09772 1.66485 
-4 -0.631579 6 1 1.70489 1.4155 
-4 -0.210526 6 1 1.42061 1.23506 
-4 0.210526 6 1 1.20536 1.09843 
-4 0.631579 6 1 1.03671 0.991379 
-4 1.05263 6 1 0.901009 0.905243 
-4 1.47368 6 1 0.78946 0.834438 
-4 1.89474 6 1 0.696142 0.775204 
-4 2.31579 6 1 0.616924 0.72492 
-4 2.73684 6 1 0.548833 0.6817 
-4 3.15789 6 1 0.48968 0.644152 
-4 3.57895 6 1 0.437813 0.61123 
-4 4 6 1 0.391964 0.582127 
4 -0.210526 6 1 -22.0593 25.6784 
4 0.210526 6 1 -6.51292 7.36602 
4 0.631579 6 1 -3.94207 4.33778 
4 1.05263 6 1 -2.88515 3.09282 
4 1.47368 6 1 -2.30906 2.41424 
4 1.89474 6 1 -1.94649 1.98715 
4 2.31579 6 1 -1.69728 1.69361 
4 2.73684 6 1 -1.51546 1.47944 
4 3.15789 6 1 -1.37695 1.31629 
4 3.57895 6 1 -1.26793 1.18787 
4 4 6 1 -1.17987 1.08415 
-4 4 6 1 0.391964 0.582127 
-3.57895 4 6 1 0.341004 0.598403 
-3.15789 4 6 1 0.287822 0.615388 
-2.73684 4 6 1 0.232271 0.633131 
-2.31579 4 6 1 0.174186 0.651682 
-1.89474 4 6 1 0.113393 0.671098 
-1.47368 4 6 1 0.0496952 0.691442 
-1.05263 4 6 1 -0.0171189 0.712782 
-0.631579 4 6 1 -0.0872844 0.735192 
-0.210526 4 6 1 -0.16106 0.758754 
0.210526 4 6 1 -0.238731 0.783561 
0.631579 4 6 1 -0.320615 0.809714 
1.05263 4 6 1 -0.407064 0.837324 
1.47368 4 6 1 -0.498471 0.866518 
1.89474 4 6 1 -0.595274 0.897436 
2.31579 4 6 1 -0.697968 0.930234 
2.73684 4 6 1 -0.807104 0.965091 
3.15789 4 6 1 -0.923311 1.00221 
3.57895 4 6 1 -1.0473 1.04181 
4 4 6 1 -1.17987 1.08415 
