10.2451 -1.81866 39.8694 24.8633 2 
5.33284 -0.922721 9.41576 6.13178 3 
3.52986 -0.593878 5.20236 3.54019 4 
2.59375 -0.423142 3.52628 2.50927 5 
2.02049 -0.318586 2.62596 1.95549 6 
1.63336 -0.247978 2.06403 1.60986 7 
1.35437 -0.197094 1.6799 1.37359 8 
1.14376 -0.158682 1.40071 1.20186 9 
0.979141 -0.128657 1.18861 1.07141 10 
0.846926 -0.104542 1.02203 0.968944 11 
0.738406 -0.0847494 0.887728 0.886337 12 
0.647735 -0.0682121 0.777151 0.818323 13 
0.570844 -0.0541881 0.684524 0.761349 14 
0.504814 -0.0421449 0.605803 0.712929 15 
0.447495 -0.0316906 0.538075 0.671271 16 
0.39727 -0.0225301 0.479189 0.635051 17 
0.352899 -0.0144373 0.427519 0.60327 18 
0.313414 -0.00723578 0.381814 0.575158 19 
-8.87998 -0.130771 -34.5241 39.1088 29 
-4.81135 -0.012708 -7.29285 8.02525 30 
-3.37354 0.0290141 -4.21948 4.5171 31 
-2.63829 0.0503493 -3.03484 3.16487 32 
-2.19177 0.0633064 -2.40709 2.44832 33 
-1.89181 0.0720104 -2.01829 2.00451 34 
-1.67643 0.0782602 -1.75381 1.70261 35 
-1.51428 0.0829655 -1.56225 1.48395 36 
-1.3878 0.0866358 -1.4171 1.31827 37 
-1.28637 0.0895789 -1.30332 1.18839 38 
-1.20324 0.0919914 -1.21173 1.08385 39 
0.313414 -0.00723578 0.381814 0.575158 60 
0.263634 -0.00397888 0.331072 0.591356 61 
0.211727 -0.000582863 0.278052 0.608281 62 
0.157555 0.00296137 0.222599 0.625983 63 
0.100965 0.00666373 0.16454 0.644516 64 
0.0417936 0.010535 0.103689 0.663941 65 
-0.0201415 0.0145872 0.039837 0.684324 66 
-0.0850382 0.018833 -0.0272417 0.705736 67 
-0.153114 0.0232869 -0.0977987 0.72826 68 
-0.224609 0.0279645 -0.172112 0.751982 69 
-0.299786 0.032883 -0.250489 0.777001 70 
-0.378939 0.0380615 -0.333272 0.803427 71 
-0.46239 0.0435214 -0.420846 0.831382 72 
-0.5505 0.049286 -0.513636 0.861003 73 
-0.64367 0.0553817 -0.612124 0.892442 74 
-0.742349 0.0618377 -0.716851 0.925873 75 
-0.84704 0.0686872 -0.82843 0.961491 76 
-0.95831 0.0759671 -0.947555 0.999518 77 
-1.0768 0.0837193 -1.07502 1.04021 78 
-1.20324 0.0919914 -1.21173 1.08385 79 
