-4 -4 2 1 6.35116 -0.605882 
-4 -3.57895 2 1 4.30973 -0.367933 
-4 -3.15789 2 1 3.18823 -0.23721 
-4 -2.73684 2 1 2.47917 -0.154563 
-4 -2.31579 2 1 1.99038 -0.097589 
-4 -1.89474 2 1 1.63302 -0.0559344 
-4 -1.47368 2 1 1.36035 -0.0241527 
-4 -1.05263 2 1 1.14547 0.000894392 
-4 -0.631579 2 1 0.971754 0.0211424 
-4 -0.210526 2 1 0.828415 0.03785 
-4 0.210526 2 1 0.708124 0.0518711 
-4 0.631579 2 1 0.605736 0.0638054 
-4 1.05263 2 1 0.517531 0.0740866 
-4 1.47368 2 1 0.440753 0.0830359 
-4 1.89474 2 1 0.373316 0.0908964 
-4 2.31579 2 1 0.313613 0.0978553 
-4 2.73684 2 1 0.260387 0.104059 
-4 3.15789 2 1 0.212637 0.109625 
-4 3.57895 2 1 0.169559 0.114646 
-4 4 2 1 0.1305 0.119199 
4 0.631579 2 1 -13.836 -0.868513 
4 1.05263 2 1 -6.57658 -0.272705 
4 1.47368 2 1 -4.47675 -0.100366 
4 1.89474 2 1 -3.47806 -0.0183995 
4 2.31579 2 1 -2.89428 0.0295129 
4 2.73684 2 1 -2.51132 0.0609434 
4 3.15789 2 1 -2.24077 0.0831486 
4 3.57895 2 1 -2.03947 0.0996703 
4 4 2 1 -1.88384 0.112443 
-4 -4 2 1 6.35116 -0.605882 
-3.57895 -4 2 1 8.1545 -0.87925 
-3.15789 -4 2 1 12.118 -1.48007 
-2.73684 -4 2 1 27.9189 -3.87533 
-4 4 2 1 0.1305 0.119199 
-3.57895 4 2 1 0.085519 0.119048 
-3.15789 4 2 1 0.0375651 0.118887 
-2.73684 4 2 1 -0.0136661 0.118715 
-2.31579 4 2 1 -0.0685222 0.118531 
-1.89474 4 2 1 -0.127402 0.118334 
-1.47368 4 2 1 -0.190766 0.118121 
-1.05263 4 2 1 -0.259145 0.117892 
-0.631579 4 2 1 -0.333161 0.117644 
-0.210526 4 2 1 -0.413539 0.117374 
0.210526 4 2 1 -0.501137 0.117081 
0.631579 4 2 1 -0.596974 0.116759 
1.05263 4 2 1 -0.702269 0.116406 
1.47368 4 2 1 -0.818495 0.116016 
1.89474 4 2 1 -0.947447 0.115584 
2.31579 4 2 1 -1.09134 0.115101 
2.73684 4 2 1 -1.25292 0.114559 
3.15789 4 2 1 -1.43567 0.113946 
3.57895 4 2 1 -1.64405 0.113247 
4 4 2 1 -1.88384 0.112443 
-4 -4 6 1 49.1659 30.5912 
-4 -3.57895 6 1 11.5345 7.65082 
-4 -3.15789 6 1 6.2845 4.45041 
-4 -2.73684 6 1 4.19312 3.17549 
-4 -2.31579 6 1 3.06901 2.49023 
-4 -1.89474 6 1 2.36717 2.06238 
-4 -1.47368 6 1 1.88728 1.76984 
-4 -1.05263 6 1 1.53843 1.55717 
-4 -0.631579 6 1 1.27339 1.39561 
-4 -0.210526 6 1 1.0652 1.2687 
-4 0.210526 6 1 0.897348 1.16637 
-4 0.631579 6 1 0.759137 1.08211 
-4 1.05263 6 1 0.643355 1.01153 
-4 1.47368 6 1 0.544952 0.951545 
-4 1.89474 6 1 0.460288 0.899934 
-4 2.31579 6 1 0.386674 0.855058 
-4 2.73684 6 1 0.322079 0.81568 
-4 3.15789 6 1 0.264941 0.780849 
-4 3.57895 6 1 0.21404 0.749819 
-4 4 6 1 0.168406 0.722 
4 1.47368 6 1 -17.3452 15.8788 
4 1.89474 6 1 -7.53465 6.66288 
4 2.31579 6 1 -4.99132 4.27371 
4 2.73684 6 1 -3.82278 3.176 
4 3.15789 6 1 -3.1515 2.54541 
4 3.57895 6 1 -2.71576 2.13608 
4 4 6 1 -2.41009 1.84894 
-4 -4 6 1 49.1659 30.5912 
-4 4 6 1 0.168406 0.722 
-3.57895 4 6 1 0.119679 0.743297 
-3.15789 4 6 1 0.0673525 0.766166 
-2.73684 4 6 1 0.0110143 0.790789 
-2.31579 4 6 1 -0.0498159 0.817375 
-1.89474 4 6 1 -0.115698 0.846169 
-1.47368 4 6 1 -0.187288 0.877457 
-1.05263 4 6 1 -0.265361 0.911579 
-0.631579 4 6 1 -0.350841 0.948938 
-0.210526 4 6 1 -0.444833 0.990018 
0.210526 4 6 1 -0.548675 1.0354 
0.631579 4 6 1 -0.664002 1.08581 
1.05263 4 6 1 -0.792831 1.14211 
1.47368 4 6 1 -0.937679 1.20542 
1.89474 4 6 1 -1.10173 1.27712 
2.31579 4 6 1 -1.28908 1.359 
2.73684 4 6 1 -1.50508 1.4534 
3.15789 4 6 1 -1.75682 1.56342 
3.57895 4 6 1 -2.05398 1.6933 
4 4 6 1 -2.41009 1.84894 
