-4 -4 2 1 -1.54995 -0.49451 
-4 -3.57895 2 1 -1.67029 -0.540169 
-4 -3.15789 2 1 -1.8228 -0.598031 
-4 -2.73684 2 1 -2.02235 -0.673746 
-4 -2.31579 2 1 -2.29471 -0.777082 
-4 -1.89474 2 1 -2.68859 -0.926526 
-4 -1.47368 2 1 -3.30869 -1.1618 
-4 -1.05263 2 1 -4.42839 -1.58663 
-4 -0.631579 2 1 -7.05878 -2.58463 
-4 -0.210526 2 1 -20.5955 -7.72064 
4 -4 2 1 0.218587 -0.174517 
4 -3.57895 2 1 0.258639 -0.178122 
4 -3.15789 2 1 0.303225 -0.182134 
4 -2.73684 2 1 0.35316 -0.186628 
4 -2.31579 2 1 0.409468 -0.191696 
4 -1.89474 2 1 0.473453 -0.197454 
4 -1.47368 2 1 0.546799 -0.204055 
4 -1.05263 2 1 0.631723 -0.211698 
4 -0.631579 2 1 0.731201 -0.22065 
4 -0.210526 2 1 0.849326 -0.231281 
4 0.210526 2 1 0.991882 -0.24411 
4 0.631579 2 1 1.16732 -0.259899 
4 1.05263 2 1 1.38851 -0.279805 
4 1.47368 2 1 1.67602 -0.30568 
4 1.89474 2 1 2.06494 -0.340681 
4 2.31579 2 1 2.62043 -0.390673 
4 2.73684 2 1 3.47863 -0.467907 
4 3.15789 2 1 4.97966 -0.602993 
4 3.57895 2 1 8.2783 -0.899857 
4 4 2 1 21.4231 -2.08283 
-4 -4 2 1 -1.54995 -0.49451 
-3.57895 -4 2 1 -1.3672 -0.461444 
-3.15789 -4 2 1 -1.20302 -0.431737 
-2.73684 -4 2 1 -1.05471 -0.404903 
-2.31579 -4 2 1 -0.920078 -0.380543 
-1.89474 -4 2 1 -0.797318 -0.358331 
-1.47368 -4 2 1 -0.684924 -0.337995 
-1.05263 -4 2 1 -0.581637 -0.319307 
-0.631579 -4 2 1 -0.486392 -0.302074 
-0.210526 -4 2 1 -0.398286 -0.286132 
0.210526 -4 2 1 -0.316545 -0.271342 
0.631579 -4 2 1 -0.240503 -0.257583 
1.05263 -4 2 1 -0.169584 -0.244751 
1.47368 -4 2 1 -0.103288 -0.232756 
1.89474 -4 2 1 -0.0411767 -0.221518 
2.31579 -4 2 1 0.0171341 -0.210967 
2.73684 -4 2 1 0.0719826 -0.201043 
3.15789 -4 2 1 0.123669 -0.191691 
3.57895 -4 2 1 0.172458 -0.182864 
4 -4 2 1 0.218587 -0.174517 
3.57895 4 2 1 99.7764 -10.921 
4 4 2 1 21.4231 -2.08283 
-4 -4 6 1 -1.55964 0.598921 
-4 -3.57895 6 1 -1.67305 0.676639 
-4 -3.15789 6 1 -1.81452 0.773579 
-4 -2.73684 6 1 -1.99591 0.897881 
-4 -2.31579 6 1 -2.23691 1.06303 
-4 -1.89474 6 1 -2.57267 1.29312 
-4 -1.47368 6 1 -3.07279 1.63584 
-4 -1.05263 6 1 -3.89704 2.20068 
-4 -0.631579 6 1 -5.51155 3.30706 
-4 -0.210526 6 1 -10.0994 6.451 
-4 0.210526 6 1 -121.4 82.7224 
4 -4 6 1 0.161109 0.359929 
4 -3.57895 6 1 0.196925 0.384167 
4 -3.15789 6 1 0.236661 0.411057 
4 -2.73684 6 1 0.280997 0.441061 
4 -2.31579 6 1 0.330782 0.474752 
4 -1.89474 6 1 0.387087 0.512855 
4 -1.47368 6 1 0.451281 0.556297 
4 -1.05263 6 1 0.525147 0.606285 
4 -0.631579 6 1 0.611049 0.664418 
4 -0.210526 6 1 0.712191 0.732864 
4 0.210526 6 1 0.833023 0.814635 
4 0.631579 6 1 0.979914 0.91404 
4 1.05263 6 1 1.16231 1.03748 
4 1.47368 6 1 1.39486 1.19485 
4 1.89474 6 1 1.70155 1.4024 
4 2.31579 6 1 2.12455 1.68865 
4 2.73684 6 1 2.7455 2.10887 
4 3.15789 6 1 3.74582 2.78582 
4 3.57895 6 1 5.62605 4.05823 
4 4 6 1 10.4588 7.32869 
-4 -4 6 1 -1.55964 0.598921 
-3.57895 -4 6 1 -1.38679 0.574914 
-3.15789 -4 6 1 -1.23054 0.553213 
-2.73684 -4 6 1 -1.08863 0.533503 
-2.31579 -4 6 1 -0.959157 0.515521 
-1.89474 -4 6 1 -0.840559 0.499049 
-1.47368 -4 6 1 -0.731522 0.483905 
-1.05263 -4 6 1 -0.630935 0.469934 
-0.631579 -4 6 1 -0.53785 0.457006 
-0.210526 -4 6 1 -0.45146 0.445008 
0.210526 -4 6 1 -0.371067 0.433842 
0.631579 -4 6 1 -0.296068 0.423425 
1.05263 -4 6 1 -0.225937 0.413685 
1.47368 -4 6 1 -0.160216 0.404557 
1.89474 -4 6 1 -0.0985006 0.395986 
2.31579 -4 6 1 -0.0404359 0.387921 
2.73684 -4 6 1 0.0142927 0.38032 
3.15789 -4 6 1 0.0659647 0.373143 
3.57895 -4 6 1 0.114829 0.366357 
4 -4 6 1 0.161109 0.359929 
3.15789 4 6 1 56.2482 45.719 
3.57895 4 6 1 16.7073 12.5675 
4 4 6 1 10.4588 7.32869 
