-4 -4 2 1 7.69006 -1.38102 
-4 -3.57895 2 1 4.86054 -0.840241 
-4 -3.15789 2 1 3.47041 -0.574557 
-4 -2.73684 2 1 2.64405 -0.416622 
-4 -2.31579 2 1 2.09632 -0.311939 
-4 -1.89474 2 1 1.70663 -0.237461 
-4 -1.47368 2 1 1.4152 -0.181763 
-4 -1.05263 2 1 1.18903 -0.138537 
-4 -0.631579 2 1 1.00841 -0.104016 
-4 -0.210526 2 1 0.860832 -0.0758109 
-4 0.210526 2 1 0.737992 -0.0523335 
-4 0.631579 2 1 0.63415 -0.0324871 
-4 1.05263 2 1 0.545216 -0.0154899 
-4 1.47368 2 1 0.468194 -0.000769335 
-4 1.89474 2 1 0.400841 0.0121032 
-4 2.31579 2 1 0.341444 0.0234553 
-4 2.73684 2 1 0.288672 0.0335412 
-4 3.15789 2 1 0.241475 0.0425615 
-4 3.57895 2 1 0.199014 0.0506768 
-4 4 2 1 0.16061 0.0580166 
4 0.210526 2 1 -24.887 -3.79488 
4 0.631579 2 1 -7.8353 -0.986521 
4 1.05263 2 1 -4.85248 -0.49526 
4 1.47368 2 1 -3.61194 -0.290948 
4 1.89474 2 1 -2.93222 -0.179001 
4 2.31579 2 1 -2.50314 -0.108331 
4 2.73684 2 1 -2.20764 -0.0596638 
4 3.15789 2 1 -1.99175 -0.024107 
4 3.57895 2 1 -1.82711 0.00300804 
4 4 2 1 -1.69741 0.0243686 
-4 -4 2 1 7.69006 -1.38102 
-3.57895 -4 2 1 10.4344 -2.05095 
-3.15789 -4 2 1 17.7942 -3.84757 
-2.73684 -4 2 1 102.958 -24.6372 
-4 4 2 1 0.16061 0.0580166 
-3.57895 4 2 1 0.115269 0.0571955 
-3.15789 4 2 1 0.0671441 0.056324 
-2.73684 4 2 1 0.015969 0.0553972 
-2.31579 4 2 1 -0.0385552 0.0544098 
-1.89474 4 2 1 -0.0967685 0.0533556 
-1.47368 4 2 1 -0.159058 0.0522276 
-1.05263 4 2 1 -0.225869 0.0510177 
-0.631579 4 2 1 -0.29771 0.0497166 
-0.210526 4 2 1 -0.375172 0.0483138 
0.210526 4 2 1 -0.458943 0.0467968 
0.631579 4 2 1 -0.549824 0.045151 
1.05263 4 2 1 -0.648763 0.0433592 
1.47368 4 2 1 -0.75688 0.0414013 
1.89474 4 2 1 -0.875513 0.0392529 
2.31579 4 2 1 -1.00628 0.0368848 
2.73684 4 2 1 -1.15113 0.0342615 
3.15789 4 2 1 -1.31249 0.0313395 
3.57895 4 2 1 -1.49333 0.0280645 
4 4 2 1 -1.69741 0.0243686 
-4 -4 6 1 1124.74 614.07 
-4 -3.57895 6 1 14.6242 8.51164 
-4 -3.15789 6 1 7.06156 4.38627 
-4 -2.73684 6 1 4.51772 2.99863 
-4 -2.31579 6 1 3.24146 2.30244 
-4 -1.89474 6 1 2.4743 1.88396 
-4 -1.47368 6 1 1.96228 1.60466 
-4 -1.05263 6 1 1.59627 1.405 
-4 -0.631579 6 1 1.3216 1.25517 
-4 -0.210526 6 1 1.10788 1.13859 
-4 0.210526 6 1 0.936839 1.04529 
-4 0.631579 6 1 0.796861 0.96893 
-4 1.05263 6 1 0.680186 0.905284 
-4 1.47368 6 1 0.581442 0.85142 
-4 1.89474 6 1 0.49679 0.805243 
-4 2.31579 6 1 0.423415 0.765218 
-4 2.73684 6 1 0.359204 0.730191 
-4 3.15789 6 1 0.302541 0.699282 
-4 3.57895 6 1 0.252169 0.671804 
-4 4 6 1 0.207096 0.647217 
4 1.05263 6 1 -22.0999 19.5404 
4 1.47368 6 1 -7.82874 6.70263 
4 1.89474 6 1 -4.94632 4.10972 
4 2.31579 6 1 -3.70809 2.99586 
4 2.73684 6 1 -3.01942 2.37636 
4 3.15789 6 1 -2.5809 1.98189 
4 3.57895 6 1 -2.27718 1.70868 
4 4 6 1 -2.05439 1.50826 
-4 -4 6 1 1124.74 614.07 
-4 4 6 1 0.207096 0.647217 
-3.57895 4 6 1 0.158561 0.665696 
-3.15789 4 6 1 0.106724 0.685433 
-2.73684 4 6 1 0.0512358 0.70656 
-2.31579 4 6 1 -0.00830376 0.729229 
-1.89474 4 6 1 -0.072355 0.753616 
-1.47368 4 6 1 -0.141451 0.779924 
-1.05263 4 6 1 -0.216212 0.808388 
-0.631579 4 6 1 -0.297365 0.839287 
-0.210526 4 6 1 -0.385765 0.872944 
0.210526 4 6 1 -0.48243 0.909749 
0.631579 4 6 1 -0.588575 0.950163 
1.05263 4 6 1 -0.705667 0.994744 
1.47368 4 6 1 -0.83549 1.04417 
1.89474 4 6 1 -0.980241 1.09929 
2.31579 4 6 1 -1.14265 1.16112 
2.73684 4 6 1 -1.32616 1.23099 
3.15789 4 6 1 -1.53518 1.31057 
3.57895 4 6 1 -1.7754 1.40204 
4 4 6 1 -2.05439 1.50826 
