-0.818831 0.266391 -0.978182 1.12782 0 
-0.877537 0.27494 -1.0609 1.21927 1 
-0.946763 0.285021 -1.16093 1.32986 2 
-1.02962 0.297087 -1.28434 1.46631 3 
-1.13057 0.311788 -1.44041 1.63887 4 
-1.25626 0.330092 -1.6441 1.86406 5 
-1.41706 0.353509 -1.92111 2.17033 6 
-1.63008 0.384531 -2.31972 2.61103 7 
-1.92567 0.427577 -2.9425 3.29958 8 
-2.36341 0.491323 -4.05258 4.5269 9 
-3.07824 0.595423 -6.5894 7.33161 10 
-4.45518 0.795943 -18.2496 20.2232 11 
0.564664 0.325926 0.592864 1.07863 20 
0.612651 0.337641 0.649363 1.1528 21 
0.668046 0.351164 0.715815 1.24004 22 
0.732708 0.36695 0.795106 1.34414 23 
0.809176 0.385618 0.891353 1.4705 24 
0.901005 0.408036 1.01065 1.62711 25 
1.01334 0.43546 1.1624 1.82633 26 
1.15392 0.469779 1.36192 2.08827 27 
1.33493 0.513967 1.63601 2.44809 28 
1.57672 0.572995 2.03604 2.97328 29 
1.9161 0.655846 2.67476 3.8118 30 
2.42708 0.780592 3.85658 5.36332 31 
3.28387 0.989758 6.78649 9.20978 32 
5.01704 1.41287 26.3579 34.9037 33 
-0.818831 0.266391 -0.978182 1.12782 40 
-0.736668 0.269926 -0.88342 1.12485 41 
-0.655668 0.273412 -0.790183 1.12193 42 
-0.575808 0.276849 -0.698434 1.11906 43 
-0.497063 0.280237 -0.60814 1.11623 44 
-0.419409 0.283579 -0.519264 1.11345 45 
-0.342826 0.286874 -0.431774 1.11071 46 
-0.26729 0.290125 -0.345638 1.10801 47 
-0.19278 0.293331 -0.260825 1.10536 48 
-0.119275 0.296494 -0.177304 1.10274 49 
-0.0467562 0.299615 -0.095046 1.10017 50 
0.0247974 0.302694 -0.0140227 1.09763 51 
0.0954046 0.305732 0.0657936 1.09513 52 
0.165084 0.308731 0.14443 1.09267 53 
0.233854 0.31169 0.221911 1.09025 54 
0.301732 0.314611 0.298264 1.08785 55 
0.368735 0.317494 0.373512 1.0855 56 
0.434881 0.320341 0.44768 1.08318 57 
0.500185 0.323151 0.520789 1.08089 58 
0.564664 0.325926 0.592864 1.07863 59 
