-4 -4 2 1 -0.0266567 -0.197074 
-4 -3.57895 2 1 -0.0667441 -0.198492 
-4 -3.15789 2 1 -0.110568 -0.200043 
-4 -2.73684 2 1 -0.158678 -0.201745 
-4 -2.31579 2 1 -0.211733 -0.203622 
-4 -1.89474 2 1 -0.270538 -0.205703 
-4 -1.47368 2 1 -0.33608 -0.208022 
-4 -1.05263 2 1 -0.409589 -0.210623 
-4 -0.631579 2 1 -0.492611 -0.213561 
-4 -0.210526 2 1 -0.58712 -0.216905 
-4 0.210526 2 1 -0.695677 -0.220746 
-4 0.631579 2 1 -0.821667 -0.225204 
-4 1.05263 2 1 -0.969653 -0.23044 
-4 1.47368 2 1 -1.14595 -0.236678 
-4 1.89474 2 1 -1.35954 -0.244236 
-4 2.31579 2 1 -1.62365 -0.253581 
-4 2.73684 2 1 -1.95862 -0.265434 
-4 3.15789 2 1 -2.39738 -0.280959 
-4 3.57895 2 1 -2.99701 -0.302176 
-4 4 2 1 -3.86584 -0.332918 
4 -4 2 1 2.75893 -0.733074 
4 -3.57895 2 1 3.08947 -0.832626 
4 -3.15789 2 1 3.56055 -0.974504 
4 -2.73684 2 1 4.28598 -1.19299 
4 -2.31579 2 1 5.54795 -1.57307 
4 -1.89474 2 1 8.29104 -2.39923 
4 -1.47368 2 1 18.8261 -5.57217 
-4 -4 2 1 -0.0266567 -0.197074 
-3.57895 -4 2 1 0.0168853 -0.205452 
-3.15789 -4 2 1 0.0639668 -0.214511 
-2.73684 -4 2 1 0.115037 -0.224338 
-2.31579 -4 2 1 0.170627 -0.235035 
-1.89474 -4 2 1 0.231362 -0.246721 
-1.47368 -4 2 1 0.297993 -0.259543 
-1.05263 -4 2 1 0.371422 -0.273672 
-0.631579 -4 2 1 0.452744 -0.28932 
-0.210526 -4 2 1 0.543305 -0.306745 
0.210526 -4 2 1 0.644774 -0.32627 
0.631579 -4 2 1 0.759249 -0.348297 
1.05263 -4 2 1 0.8894 -0.373341 
1.47368 -4 2 1 1.03869 -0.402066 
1.89474 -4 2 1 1.21166 -0.435349 
2.31579 -4 2 1 1.41444 -0.474369 
2.73684 -4 2 1 1.65548 -0.520748 
3.15789 -4 2 1 1.9467 -0.576785 
3.57895 -4 2 1 2.30562 -0.645848 
4 -4 2 1 2.75893 -0.733074 
-4 4 2 1 -3.86584 -0.332918 
-3.57895 4 2 1 -4.53801 -0.419363 
-3.15789 4 2 1 -5.65052 -0.562438 
-2.73684 4 2 1 -7.84679 -0.844892 
-2.31579 4 2 1 -14.2144 -1.66381 
-1.89474 4 2 1 -260.757 -33.3707 
-4 -4 6 1 0.0211165 0.325621 
-4 -3.57895 6 1 -0.0150934 0.346472 
-4 -3.15789 6 1 -0.0545164 0.369174 
-4 -2.73684 6 1 -0.0975997 0.393983 
-4 -2.31579 6 1 -0.144878 0.421208 
-4 -1.89474 6 1 -0.196996 0.45122 
-4 -1.47368 6 1 -0.254735 0.48447 
-4 -1.05263 6 1 -0.319059 0.52151 
-4 -0.631579 6 1 -0.39116 0.56303 
-4 -0.210526 6 1 -0.472541 0.609893 
-4 0.210526 6 1 -0.565116 0.663202 
-4 0.631579 6 1 -0.671365 0.724385 
-4 1.05263 6 1 -0.79456 0.795326 
-4 1.47368 6 1 -0.939105 0.878563 
-4 1.89474 6 1 -1.11108 0.977593 
-4 2.31579 6 1 -1.31911 1.09739 
-4 2.73684 6 1 -1.57585 1.24523 
-4 3.15789 6 1 -1.9007 1.43229 
-4 3.57895 6 1 -2.32488 1.67656 
-4 4 6 1 -2.90221 2.00901 
4 -4 6 1 2.52136 0.988346 
4 -3.57895 6 1 2.76407 1.15826 
4 -3.15789 6 1 3.09064 1.38687 
4 -2.73684 6 1 3.55358 1.71094 
4 -2.31579 6 1 4.26086 2.20607 
4 -1.89474 6 1 5.47529 3.05622 
4 -1.47368 6 1 8.04719 4.85665 
4 -1.05263 6 1 17.1363 11.2194 
-4 -4 6 1 0.0211165 0.325621 
-3.57895 -4 6 1 0.0644416 0.337105 
-3.15789 -4 6 1 0.111121 0.349478 
-2.73684 -4 6 1 0.161559 0.362847 
-2.31579 -4 6 1 0.216229 0.377338 
-1.89474 -4 6 1 0.275688 0.393098 
-1.47368 -4 6 1 0.340593 0.410302 
-1.05263 -4 6 1 0.411728 0.429158 
-0.631579 -4 6 1 0.490035 0.449914 
-0.210526 -4 6 1 0.576658 0.472875 
0.210526 -4 6 1 0.672995 0.49841 
0.631579 -4 6 1 0.780776 0.526979 
1.05263 -4 6 1 0.90217 0.559157 
1.47368 -4 6 1 1.03993 0.595672 
1.89474 -4 6 1 1.1976 0.637465 
2.31579 -4 6 1 1.37985 0.685772 
2.73684 -4 6 1 1.59289 0.742241 
3.15789 -4 6 1 1.84525 0.809134 
3.57895 -4 6 1 2.14893 0.889629 
4 -4 6 1 2.52136 0.988346 
-4 4 6 1 -2.90221 2.00901 
-3.57895 4 6 1 -3.23542 2.38592 
-3.15789 4 6 1 -3.7242 2.9388 
-2.73684 4 6 1 -4.51067 3.82839 
-2.31579 4 6 1 -5.98583 5.49698 
-1.89474 4 6 1 -9.75888 9.76479 
-1.47368 4 6 1 -40.11 44.0959 
