0.903434 0.147727 0.765556 0.860109 0 
0.809551 0.137674 0.681524 0.8425 1 
0.718075 0.127878 0.599458 0.825304 2 
0.628912 0.11833 0.519291 0.808505 3 
0.541976 0.109021 0.440957 0.79209 4 
0.457186 0.0999408 0.364395 0.776047 5 
0.374462 0.0910823 0.289545 0.760362 6 
0.29373 0.0824371 0.216349 0.745024 7 
0.214919 0.0739976 0.144754 0.730022 8 
0.137961 0.0657566 0.0747082 0.715344 9 
0.0627912 0.057707 0.00616131 0.70098 10 
-0.0106516 0.0498424 -0.0609341 0.68692 11 
-0.0824263 0.0421564 -0.126624 0.673155 12 
-0.152589 0.034643 -0.190951 0.659675 13 
-0.221194 0.0272964 -0.253958 0.646472 14 
-0.288292 0.0201113 -0.315686 0.633537 15 
-0.353932 0.0130822 -0.376172 0.620863 16 
-0.418162 0.00620413 -0.435454 0.60844 17 
-0.481026 -0.000527655 -0.493567 0.596263 18 
-0.542567 -0.00711781 -0.550545 0.584323 19 
0.903434 0.147727 0.765556 0.860109 40 
0.969951 0.170938 0.814413 0.939409 41 
1.04971 0.198769 0.871981 1.03285 42 
1.14711 0.232754 0.94082 1.14458 43 
1.26871 0.275186 1.0246 1.28056 44 
1.42484 0.329664 1.12877 1.44964 45 
1.63262 0.402165 1.26181 1.66558 46 
1.92275 0.503403 1.43765 1.951 47 
2.35633 0.654691 1.68092 2.34585 48 
3.07462 0.905327 2.03958 2.92801 49 
4.49519 1.40101 2.62128 3.87216 50 
8.63303 2.84485 3.72791 5.66835 51 
194.301 67.6308 6.65427 10.4182 52 
-0.542567 -0.00711781 -0.550545 0.584323 60 
-0.593175 0.000105841 -0.597786 0.629837 61 
-0.651536 0.00843617 -0.651669 0.681751 62 
-0.71958 0.0181486 -0.7137 0.741514 63 
-0.799935 0.0296182 -0.785879 0.811055 64 
-0.896273 0.0433693 -0.870918 0.892987 65 
-1.01389 0.0601577 -0.97259 0.990943 66 
-1.16071 0.0811147 -1.0963 1.11014 67 
-1.34916 0.108013 -1.2501 1.25831 68 
-1.59986 0.143797 -1.44647 1.4475 69 
-1.94975 0.19374 -1.70592 1.69747 70 
-2.47223 0.268317 -2.06468 2.04312 71 
-3.33681 0.391724 -2.59326 2.55238 72 
-5.04298 0.635258 -3.44962 3.37744 73 
-9.98479 1.34064 -5.07563 4.94402 74 
-195.914 27.8797 -9.35577 9.06773 75 
