-0.120708 0.0998623 -0.0674067 0.640277 0 
-0.158619 0.107486 -0.10287 0.675327 1 
-0.200548 0.115918 -0.142118 0.714117 2 
-0.247168 0.125293 -0.18579 0.75728 3 
-0.299315 0.135779 -0.23468 0.8056 4 
-0.358033 0.147587 -0.289781 0.860059 5 
-0.424647 0.160982 -0.352359 0.921907 6 
-0.500866 0.176309 -0.424045 0.992758 7 
-0.588926 0.194018 -0.506984 1.07473 8 
-0.691821 0.214709 -0.604051 1.17067 9 
-0.813644 0.239207 -0.719193 1.28446 10 
-0.960147 0.268668 -0.857975 1.42163 11 
-1.13968 0.30477 -1.02851 1.59018 12 
-1.36481 0.350043 -1.24311 1.80228 13 
-1.65548 0.408493 -1.52138 2.0773 14 
-2.04513 0.48685 -1.8966 2.44814 15 
-2.59474 0.597372 -2.4301 2.97543 16 
-3.42822 0.764979 -3.24884 3.78462 17 
-4.84207 1.04929 -4.665 5.18428 18 
-7.76627 1.63733 -7.70815 8.19195 19 
1.85755 0.00573303 2.01479 1.29517 20 
2.01429 0.0130745 2.19468 1.47047 21 
2.21704 0.0225705 2.42841 1.69822 22 
2.48953 0.035333 2.74439 2.00613 23 
2.87522 0.0533972 3.19532 2.44553 24 
3.46313 0.080933 3.89111 3.12355 25 
4.46883 0.128036 5.10556 4.30696 26 
6.58307 0.22706 7.76314 6.89663 27 
13.8893 0.569256 18.202 17.0687 28 
-0.120708 0.0998623 -0.0674067 0.640277 40 
-0.0753595 0.0977046 -0.0200794 0.655162 41 
-0.0270746 0.0954071 0.0303328 0.671018 42 
0.0244411 0.0929558 0.0841418 0.687942 43 
0.0795232 0.0903349 0.141703 0.706046 44 
0.138555 0.0875261 0.203423 0.725458 45 
0.201978 0.0845083 0.269769 0.746325 46 
0.270301 0.0812573 0.341282 0.768818 47 
0.344113 0.0777452 0.418589 0.793133 48 
0.424106 0.073939 0.502425 0.819501 49 
0.511087 0.0698002 0.593653 0.848194 50 
0.606016 0.0652833 0.693297 0.879534 51 
0.710034 0.060334 0.802576 0.913904 52 
0.824512 0.0548869 0.922959 0.951767 53 
0.95111 0.0488631 1.05623 0.993684 54 
1.09186 0.0421658 1.20457 1.04034 55 
1.24928 0.0346755 1.3707 1.09259 56 
1.42652 0.0262423 1.55802 1.15151 57 
1.62756 0.0166764 1.77085 1.21845 58 
1.85755 0.00573303 2.01479 1.29517 59 
-7.76627 1.63733 -7.70815 8.19195 60 
-10.9452 2.39044 -11.2313 12.7947 61 
-20.8159 4.72881 -24.2362 29.7849 62 
