-2.44435 -0.0330422 -1.99905 1.26959 0 
-2.68876 -0.00543575 -2.13345 1.44239 1 
-3.02136 0.032133 -2.3033 1.66075 2 
-3.50042 0.0862437 -2.52473 1.94544 3 
-4.24997 0.170907 -2.82548 2.33211 4 
-5.5892 0.322176 -3.25746 2.88748 5 
-8.66521 0.669618 -3.93049 3.75278 6 
-23.0877 2.29867 -5.12447 5.28785 7 
0.0397976 -0.0746345 0.00843301 0.415583 20 
0.0789677 -0.068483 0.0430845 0.44112 21 
0.121765 -0.0617619 0.0806677 0.468817 22 
0.168718 -0.0543881 0.121571 0.498961 23 
0.220462 -0.0462619 0.166254 0.531892 24 
0.27777 -0.0372618 0.215268 0.568013 25 
0.341592 -0.0272389 0.269272 0.607812 26 
0.413103 -0.0160083 0.329071 0.651882 27 
0.493784 -0.00333776 0.39565 0.700948 28 
0.585517 0.0110687 0.470231 0.755911 29 
0.690743 0.027594 0.554349 0.817903 30 
0.812674 0.0467427 0.649959 0.888364 31 
0.95563 0.0691934 0.759587 0.969156 32 
1.12556 0.0958807 0.886562 1.06273 33 
1.3309 0.128129 1.03535 1.17239 34 
1.58401 0.167878 1.21211 1.30265 35 
1.90373 0.218089 1.42555 1.45994 36 
2.32037 0.28352 1.68838 1.65364 37 
2.88584 0.372326 2.02002 1.89805 38 
3.69726 0.499757 2.45156 2.21608 39 
-2.44435 -0.0330422 -1.99905 1.26959 40 
-2.07649 -0.0392014 -1.73929 1.15909 41 
-1.77597 -0.044233 -1.51847 1.06515 42 
-1.52585 -0.0484207 -1.32844 0.984306 43 
-1.31443 -0.0519605 -1.16319 0.914006 44 
-1.13338 -0.0549918 -1.01816 0.85231 45 
-0.976594 -0.057617 -0.889865 0.79773 46 
-0.839496 -0.0599124 -0.775555 0.749101 47 
-0.718599 -0.0619366 -0.673065 0.705501 48 
-0.61119 -0.063735 -0.580653 0.666187 49 
-0.515133 -0.0653433 -0.496901 0.630558 50 
-0.428718 -0.0667901 -0.420647 0.598119 51 
-0.350562 -0.0680987 -0.350927 0.568459 52 
-0.279535 -0.0692879 -0.286935 0.541236 53 
-0.214705 -0.0703734 -0.227994 0.516162 54 
-0.155295 -0.0713681 -0.173528 0.492991 55 
-0.100651 -0.072283 -0.123047 0.471516 56 
-0.0502233 -0.0731273 -0.0761272 0.451556 57 
-0.00354114 -0.0739089 -0.0324061 0.432956 58 
0.0397976 -0.0746345 0.00843301 0.415583 59 
31.9046 7.2264 4.6298 6.25852 74 
10.6084 2.14787 3.74241 4.61168 75 
6.75759 1.22956 3.22039 3.64289 76 
5.14465 0.844916 2.87661 3.0049 77 
4.25802 0.63348 2.63309 2.55297 78 
3.69726 0.499757 2.45156 2.21608 79 
