-4 -4 2 1 -1.3874 -0.418362 
-4 -3.57895 2 1 -1.48849 -0.456597 
-4 -3.15789 2 1 -1.61449 -0.504257 
-4 -2.73684 2 1 -1.77591 -0.565314 
-4 -2.31579 2 1 -1.99013 -0.646342 
-4 -1.89474 2 1 -2.28813 -0.759057 
-4 -1.47368 2 1 -2.73098 -0.926562 
-4 -1.05263 2 1 -3.45821 -1.20163 
-4 -0.631579 2 1 -4.87332 -1.73689 
-4 -0.210526 2 1 -8.82804 -3.23274 
-4 0.210526 2 1 -81.9023 -30.8727 
4 -4 2 1 0.257117 -0.134055 
4 -3.57895 2 1 0.297171 -0.13761 
4 -3.15789 2 1 0.341922 -0.141582 
4 -2.73684 2 1 0.392247 -0.146049 
4 -2.31579 2 1 0.449258 -0.151109 
4 -1.89474 2 1 0.514382 -0.156889 
4 -1.47368 2 1 0.589482 -0.163554 
4 -1.05263 2 1 0.677041 -0.171326 
4 -0.631579 2 1 0.780441 -0.180503 
4 -0.210526 2 1 0.904408 -0.191506 
4 0.210526 2 1 1.05576 -0.204938 
4 0.631579 2 1 1.24468 -0.221706 
4 1.05263 2 1 1.48716 -0.243228 
4 1.47368 2 1 1.80974 -0.271858 
4 1.89474 2 1 2.25993 -0.311815 
4 2.31579 2 1 2.93217 -0.371479 
4 2.73684 2 1 4.04447 -0.470202 
4 3.15789 2 1 6.23925 -0.665 
4 3.57895 2 1 12.5943 -1.22904 
4 4 2 1 249.539 -22.259 
-4 -4 2 1 -1.3874 -0.418362 
-3.57895 -4 2 1 -1.23159 -0.391425 
-3.15789 -4 2 1 -1.08904 -0.36678 
-2.73684 -4 2 1 -0.958127 -0.344148 
-2.31579 -4 2 1 -0.837486 -0.323292 
-1.89474 -4 2 1 -0.725952 -0.30401 
-1.47368 -4 2 1 -0.622532 -0.28613 
-1.05263 -4 2 1 -0.52637 -0.269506 
-0.631579 -4 2 1 -0.436729 -0.254008 
-0.210526 -4 2 1 -0.352967 -0.239528 
0.210526 -4 2 1 -0.274525 -0.225966 
0.631579 -4 2 1 -0.20091 -0.21324 
1.05263 -4 2 1 -0.131691 -0.201273 
1.47368 -4 2 1 -0.066486 -0.19 
1.89474 -4 2 1 -0.00495458 -0.179363 
2.31579 -4 2 1 0.0532047 -0.169308 
2.73684 -4 2 1 0.108262 -0.15979 
3.15789 -4 2 1 0.160458 -0.150766 
3.57895 -4 2 1 0.210011 -0.142199 
4 -4 2 1 0.257117 -0.134055 
4 4 2 1 249.539 -22.259 
-4 -4 6 1 -1.45512 0.600046 
-4 -3.57895 6 1 -1.56079 0.671625 
-4 -3.15789 6 1 -1.69175 0.760329 
-4 -2.73684 6 1 -1.85831 0.87314 
-4 -2.31579 6 1 -2.07724 1.02143 
-4 -1.89474 6 1 -2.37788 1.22506 
-4 -1.47368 6 1 -2.81645 1.52212 
-4 -1.05263 6 1 -3.51614 1.99604 
-4 -0.631579 6 1 -4.80898 2.87172 
-4 -0.210526 6 1 -8.00418 5.03592 
-4 0.210526 6 1 -28.99 19.2502 
4 -4 6 1 0.199915 0.408969 
4 -3.57895 6 1 0.236308 0.435135 
4 -3.15789 6 1 0.276907 0.464326 
4 -2.73684 6 1 0.322488 0.497099 
4 -2.31579 6 1 0.374027 0.534157 
4 -1.89474 6 1 0.432775 0.576396 
4 -1.47368 6 1 0.500357 0.624988 
4 -1.05263 6 1 0.578928 0.681481 
4 -0.631579 6 1 0.671406 0.747973 
4 -0.210526 6 1 0.781841 0.827376 
4 0.210526 6 1 0.916025 0.923855 
4 0.631579 6 1 1.08254 1.04358 
4 1.05263 6 1 1.29468 1.19611 
4 1.47368 6 1 1.57417 1.39707 
4 1.89474 6 1 1.95913 1.67385 
4 2.31579 6 1 2.52314 2.07938 
4 2.73684 6 1 3.42899 2.73069 
4 3.15789 6 1 5.12257 3.94838 
4 3.57895 6 1 9.42188 7.03961 
4 4 6 1 42.3938 30.7465 
-4 -4 6 1 -1.45512 0.600046 
-3.57895 -4 6 1 -1.29988 0.582124 
-3.15789 -4 6 1 -1.15757 0.565695 
-2.73684 -4 6 1 -1.02665 0.550579 
-2.31579 -4 6 1 -0.905784 0.536625 
-1.89474 -4 6 1 -0.793869 0.523704 
-1.47368 -4 6 1 -0.689945 0.511706 
-1.05263 -4 6 1 -0.593184 0.500534 
-0.631579 -4 6 1 -0.50287 0.490107 
-0.210526 -4 6 1 -0.418381 0.480353 
0.210526 -4 6 1 -0.339169 0.471208 
0.631579 -4 6 1 -0.264757 0.462617 
1.05263 -4 6 1 -0.194719 0.454531 
1.47368 -4 6 1 -0.128682 0.446906 
1.89474 -4 6 1 -0.0663128 0.439706 
2.31579 -4 6 1 -0.00731318 0.432894 
2.73684 -4 6 1 0.0485824 0.426441 
3.15789 -4 6 1 0.101613 0.420318 
3.57895 -4 6 1 0.151992 0.414502 
4 -4 6 1 0.199915 0.408969 
4 4 6 1 42.3938 30.7465 
