-4 1.05263 2 1 32.3441 -1.15186 
-4 1.47368 2 1 9.60293 -0.30272 
-4 1.89474 2 1 5.91949 -0.165184 
-4 2.31579 2 1 4.41138 -0.108872 
-4 2.73684 2 1 3.59088 -0.0782354 
-4 3.15789 2 1 3.07502 -0.0589738 
-4 3.57895 2 1 2.72071 -0.0457442 
-4 4 2 1 2.46234 -0.0360966 
4 -4 2 1 -4.26933 -0.899483 
4 -3.57895 2 1 -3.20444 -0.705638 
4 -3.15789 2 1 -2.50854 -0.578963 
4 -2.73684 2 1 -2.01817 -0.489699 
4 -2.31579 2 1 -1.65399 -0.423407 
4 -1.89474 2 1 -1.37284 -0.372229 
4 -1.47368 2 1 -1.14924 -0.331526 
4 -1.05263 2 1 -0.967147 -0.29838 
4 -0.631579 2 1 -0.815995 -0.270865 
4 -0.210526 2 1 -0.688512 -0.247659 
4 0.210526 2 1 -0.579543 -0.227823 
4 0.631579 2 1 -0.485327 -0.210673 
4 1.05263 2 1 -0.403059 -0.195698 
4 1.47368 2 1 -0.3306 -0.182508 
4 1.89474 2 1 -0.266297 -0.170803 
4 2.31579 2 1 -0.208844 -0.160344 
4 2.73684 2 1 -0.157203 -0.150944 
4 3.15789 2 1 -0.110534 -0.142449 
4 3.57895 2 1 -0.0681516 -0.134734 
4 4 2 1 -0.029492 -0.127697 
2.31579 -4 2 1 -22.7693 -5.32349 
2.73684 -4 2 1 -9.77609 -2.21634 
3.15789 -4 2 1 -6.55936 -1.44711 
3.57895 -4 2 1 -5.10133 -1.09844 
4 -4 2 1 -4.26933 -0.899483 
-4 4 2 1 2.46234 -0.0360966 
-3.57895 4 2 1 2.09797 -0.049491 
-3.15789 4 2 1 1.79912 -0.0604768 
-2.73684 4 2 1 1.54957 -0.06965 
-2.31579 4 2 1 1.33807 -0.077425 
-1.89474 4 2 1 1.15651 -0.084099 
-1.47368 4 2 1 0.998971 -0.0898902 
-1.05263 4 2 1 0.860973 -0.0949631 
-0.631579 4 2 1 0.739094 -0.0994434 
-0.210526 4 2 1 0.630666 -0.103429 
0.210526 4 2 1 0.533579 -0.106998 
0.631579 4 2 1 0.446142 -0.110212 
1.05263 4 2 1 0.366984 -0.113122 
1.47368 4 2 1 0.294983 -0.115769 
1.89474 4 2 1 0.229209 -0.118187 
2.31579 4 2 1 0.168889 -0.120404 
2.73684 4 2 1 0.113371 -0.122445 
3.15789 4 2 1 0.0621042 -0.12433 
3.57895 4 2 1 0.0146175 -0.126075 
4 4 2 1 -0.029492 -0.127697 
-4 0.631579 6 1 326.108 362.807 
-4 1.05263 6 1 10.9718 11.3559 
-4 1.47368 6 1 5.97259 5.78056 
-4 1.89474 6 1 4.27075 3.88261 
-4 2.31579 6 1 3.41303 2.92604 
-4 2.73684 6 1 2.89619 2.34966 
-4 3.15789 6 1 2.55072 1.96437 
-4 3.57895 6 1 2.3035 1.68866 
-4 4 6 1 2.11783 1.4816 
4 -4 6 1 -3.91181 1.98627 
4 -3.57895 6 1 -3.03983 1.62435 
4 -3.15789 6 1 -2.4396 1.37521 
4 -2.73684 6 1 -2.0012 1.19325 
4 -2.31579 6 1 -1.66697 1.05453 
4 -1.89474 6 1 -1.40372 0.945263 
4 -1.47368 6 1 -1.19101 0.856975 
4 -1.05263 6 1 -1.01556 0.784152 
4 -0.631579 6 1 -0.868371 0.723058 
4 -0.210526 6 1 -0.743119 0.671071 
4 0.210526 6 1 -0.635243 0.626296 
4 0.631579 6 1 -0.54136 0.587329 
4 1.05263 6 1 -0.458914 0.553109 
4 1.47368 6 1 -0.385935 0.522818 
4 1.89474 6 1 -0.320881 0.495816 
4 2.31579 6 1 -0.262528 0.471596 
4 2.73684 6 1 -0.20989 0.449748 
4 3.15789 6 1 -0.162168 0.429941 
4 3.57895 6 1 -0.118704 0.4119 
4 4 6 1 -0.0789512 0.395401 
1.89474 -4 6 1 -33.3998 25.6772 
2.31579 -4 6 1 -11.2937 7.91699 
2.73684 -4 6 1 -7.19348 4.62281 
3.15789 -4 6 1 -5.46645 3.23529 
3.57895 -4 6 1 -4.51466 2.47061 
4 -4 6 1 -3.91181 1.98627 
-4 4 6 1 2.11783 1.4816 
-3.57895 4 6 1 1.81162 1.33019 
-3.15789 4 6 1 1.55679 1.20419 
-2.73684 4 6 1 1.3414 1.0977 
-2.31579 4 6 1 1.15697 1.0065 
-1.89474 4 6 1 0.997254 0.927531 
-1.47368 4 6 1 0.857608 0.858483 
-1.05263 4 6 1 0.734469 0.797597 
-0.631579 4 6 1 0.625073 0.743506 
-0.210526 4 6 1 0.527242 0.695133 
0.210526 4 6 1 0.439233 0.651618 
0.631579 4 6 1 0.359639 0.612262 
1.05263 4 6 1 0.287307 0.576497 
1.47368 4 6 1 0.221287 0.543854 
1.89474 4 6 1 0.160787 0.51394 
2.31579 4 6 1 0.105143 0.486426 
2.73684 4 6 1 0.0537927 0.461036 
3.15789 4 6 1 0.00625727 0.437532 
3.57895 4 6 1 -0.0378729 0.415712 
4 4 6 1 -0.0789512 0.395401 
