-4 -4 2 1 -0.0897162 -0.0020294 
-4 -3.57895 2 1 -0.128039 0.00231094 
-4 -3.15789 2 1 -0.170244 0.00709099 
-4 -2.73684 2 1 -0.216953 0.0123811 
-4 -2.31579 2 1 -0.268927 0.0182676 
-4 -1.89474 2 1 -0.32711 0.0248573 
-4 -1.47368 2 1 -0.392685 0.0322841 
-4 -1.05263 2 1 -0.467156 0.0407186 
-4 -0.631579 2 1 -0.552466 0.0503806 
-4 -0.210526 2 1 -0.651166 0.0615591 
-4 0.210526 2 1 -0.766677 0.0746417 
-4 0.631579 2 1 -0.903695 0.09016 
-4 1.05263 2 1 -1.06884 0.108864 
-4 1.47368 2 1 -1.27177 0.131848 
-4 1.89474 2 1 -1.52712 0.160768 
-4 2.31579 2 1 -1.85822 0.198268 
-4 2.73684 2 1 -2.30465 0.248829 
-4 3.15789 2 1 -2.93936 0.320715 
-4 3.57895 2 1 -3.9133 0.431021 
-4 4 2 1 -5.59761 0.621783 
4 -4 2 1 2.06191 -0.199035 
4 -3.57895 2 1 2.24931 -0.213812 
4 -3.15789 2 1 2.4968 -0.233326 
4 -2.73684 2 1 2.83874 -0.260288 
4 -2.31579 2 1 3.34201 -0.299971 
4 -1.89474 2 1 4.15599 -0.364153 
4 -1.47368 2 1 5.69692 -0.485655 
4 -1.05263 2 1 9.72434 -0.803215 
4 -0.631579 2 1 47.3921 -3.77331 
-4 -4 2 1 -0.0897162 -0.0020294 
-3.57895 -4 2 1 -0.0453511 -0.00609154 
-3.15789 -4 2 1 0.00211723 -0.0104378 
-2.73684 -4 2 1 0.053026 -0.0150991 
-2.31579 -4 2 1 0.107763 -0.0201109 
-1.89474 -4 2 1 0.166778 -0.0255144 
-1.47368 -4 2 1 0.230592 -0.0313573 
-1.05263 -4 2 1 0.299815 -0.0376954 
-0.631579 -4 2 1 0.375166 -0.0445946 
-0.210526 -4 2 1 0.457495 -0.0521328 
0.210526 -4 2 1 0.54782 -0.0604031 
0.631579 -4 2 1 0.647365 -0.0695176 
1.05263 -4 2 1 0.757617 -0.0796124 
1.47368 -4 2 1 0.880402 -0.0908547 
1.89474 -4 2 1 1.01799 -0.103452 
2.31579 -4 2 1 1.17321 -0.117665 
2.73684 -4 2 1 1.34972 -0.133826 
3.15789 -4 2 1 1.55219 -0.152364 
3.57895 -4 2 1 1.78681 -0.173847 
4 -4 2 1 2.06191 -0.199035 
-4 4 2 1 -5.59761 0.621783 
-3.57895 4 2 1 -7.06518 0.797962 
-3.15789 4 2 1 -10.1121 1.16374 
-2.73684 4 2 1 -20.2579 2.38172 
-4 -4 6 1 -0.0360956 0.525279 
-4 -3.57895 6 1 -0.0714043 0.554684 
-4 -3.15789 6 1 -0.110245 0.587031 
-4 -2.73684 6 1 -0.153176 0.622784 
-4 -2.31579 6 1 -0.200878 0.662511 
-4 -1.89474 6 1 -0.254194 0.706913 
-4 -1.47368 6 1 -0.314177 0.756867 
-4 -1.05263 6 1 -0.382161 0.813485 
-4 -0.631579 6 1 -0.459862 0.878195 
-4 -0.210526 6 1 -0.549522 0.952864 
-4 0.210526 6 1 -0.654133 1.03998 
-4 0.631579 6 1 -0.777774 1.14295 
-4 1.05263 6 1 -0.926159 1.26653 
-4 1.47368 6 1 -1.10754 1.41759 
-4 1.89474 6 1 -1.3343 1.60643 
-4 2.31579 6 1 -1.62591 1.84929 
-4 2.73684 6 1 -2.01481 2.17317 
-4 3.15789 6 1 -2.55947 2.62677 
-4 3.57895 6 1 -3.37687 3.3075 
-4 4 6 1 -4.7403 4.44298 
4 -4 6 1 2.13696 1.17262 
4 -3.57895 6 1 2.32809 1.34144 
4 -3.15789 6 1 2.5781 1.56228 
4 -2.73684 6 1 2.91917 1.86354 
4 -2.31579 6 1 3.41212 2.29895 
4 -1.89474 6 1 4.18746 2.98379 
4 -1.47368 6 1 5.58521 4.21841 
4 -1.05263 6 1 8.85748 7.10876 
4 -0.631579 6 1 25.4497 21.7644 
-4 -4 6 1 -0.0360956 0.525279 
-3.57895 -4 6 1 0.00953497 0.538872 
-3.15789 -4 6 1 0.058318 0.553404 
-2.73684 -4 6 1 0.110592 0.568976 
-2.31579 -4 6 1 0.166746 0.585704 
-1.89474 -4 6 1 0.227227 0.603721 
-1.47368 -4 6 1 0.292557 0.623183 
-1.05263 -4 6 1 0.363343 0.64427 
-0.631579 -4 6 1 0.440299 0.667194 
-0.210526 -4 6 1 0.524266 0.692208 
0.210526 -4 6 1 0.61625 0.71961 
0.631579 -4 6 1 0.717457 0.749758 
1.05263 -4 6 1 0.829345 0.78309 
1.47368 -4 6 1 0.953702 0.820135 
1.89474 -4 6 1 1.09273 0.861551 
2.31579 -4 6 1 1.2492 0.908162 
2.73684 -4 6 1 1.4266 0.961009 
3.15789 -4 6 1 1.62944 1.02143 
3.57895 -4 6 1 1.8636 1.09119 
4 -4 6 1 2.13696 1.17262 
-4 4 6 1 -4.7403 4.44298 
-3.57895 4 6 1 -5.77914 5.78906 
-3.15789 4 6 1 -7.75686 8.35172 
-2.73684 4 6 1 -12.9958 15.1401 
-2.31579 4 6 1 -67.4532 85.704 
