-4 -4 2 1 119.796 -31.1555 
-4 -3.57895 2 1 11.5075 -2.95691 
-4 -3.15789 2 1 5.84724 -1.48297 
-4 -2.73684 2 1 3.82668 -0.956808 
-4 -2.31579 2 1 2.78928 -0.686667 
-4 -1.89474 2 1 2.15789 -0.522251 
-4 -1.47368 2 1 1.73316 -0.41165 
-4 -1.05263 2 1 1.4279 -0.332159 
-4 -0.631579 2 1 1.19791 -0.272271 
-4 -0.210526 2 1 1.01842 -0.22553 
-4 0.210526 2 1 0.874433 -0.188035 
-4 0.631579 2 1 0.756365 -0.15729 
-4 1.05263 2 1 0.657796 -0.131623 
-4 1.47368 2 1 0.574264 -0.109871 
-4 1.89474 2 1 0.502572 -0.0912018 
-4 2.31579 2 1 0.440368 -0.0750039 
-4 2.73684 2 1 0.385888 -0.0608169 
-4 3.15789 2 1 0.337775 -0.0482882 
-4 3.57895 2 1 0.294975 -0.0371431 
-4 4 2 1 0.256655 -0.0271644 
4 -0.210526 2 1 -15.179 -2.30256 
4 0.210526 2 1 -6.24619 -0.814264 
4 0.631579 2 1 -4.0544 -0.44909 
4 1.05263 2 1 -3.0635 -0.283995 
4 1.47368 2 1 -2.49877 -0.189904 
4 1.89474 2 1 -2.13393 -0.129119 
4 2.31579 2 1 -1.87882 -0.0866134 
4 2.73684 2 1 -1.69039 -0.0552203 
4 3.15789 2 1 -1.54554 -0.0310855 
4 3.57895 2 1 -1.4307 -0.0119525 
4 4 2 1 -1.33743 0.00358745 
-4 -4 2 1 119.796 -31.1555 
-4 4 2 1 0.256655 -0.0271644 
-3.57895 4 2 1 0.208782 -0.0262409 
-3.15789 4 2 1 0.158569 -0.0252722 
-2.73684 4 2 1 0.105841 -0.024255 
-2.31579 4 2 1 0.0504026 -0.0231856 
-1.89474 4 2 1 -0.00795962 -0.0220597 
-1.47368 4 2 1 -0.0694835 -0.0208728 
-1.05263 4 2 1 -0.134433 -0.0196199 
-0.631579 4 2 1 -0.203103 -0.0182951 
-0.210526 4 2 1 -0.275821 -0.0168923 
0.210526 4 2 1 -0.352958 -0.0154042 
0.631579 4 2 1 -0.434928 -0.0138229 
1.05263 4 2 1 -0.5222 -0.0121393 
1.47368 4 2 1 -0.615306 -0.0103432 
1.89474 4 2 1 -0.714851 -0.00842286 
2.31579 4 2 1 -0.821527 -0.00636495 
2.73684 4 2 1 -0.936129 -0.00415414 
3.15789 4 2 1 -1.05957 -0.00177273 
3.57895 4 2 1 -1.19293 0.000799808 
4 4 2 1 -1.33743 0.00358745 
-4 -3.15789 6 1 14.8605 8.1571 
-4 -2.73684 6 1 6.75364 3.91573 
-4 -2.31579 6 1 4.26285 2.6126 
-4 -1.89474 6 1 3.05365 1.97997 
-4 -1.47368 6 1 2.33931 1.60624 
-4 -1.05263 6 1 1.86765 1.35948 
-4 -0.631579 6 1 1.53297 1.18438 
-4 -0.210526 6 1 1.28315 1.05368 
-4 0.210526 6 1 1.08956 0.952393 
-4 0.631579 6 1 0.935123 0.871596 
-4 1.05263 6 1 0.809059 0.805642 
-4 1.47368 6 1 0.704205 0.750785 
-4 1.89474 6 1 0.615625 0.704441 
-4 2.31579 6 1 0.539801 0.664772 
-4 2.73684 6 1 0.474164 0.630432 
-4 3.15789 6 1 0.416791 0.600415 
-4 3.57895 6 1 0.366212 0.573953 
-4 4 6 1 0.321288 0.55045 
4 0.210526 6 1 -22.1683 21.1271 
4 0.631579 6 1 -6.93987 6.42945 
4 1.05263 6 1 -4.26062 3.84358 
4 1.47368 6 1 -3.14498 2.76683 
4 1.89474 6 1 -2.53336 2.17652 
4 2.31579 6 1 -2.14714 1.80376 
4 2.73684 6 1 -1.88111 1.547 
4 3.15789 6 1 -1.68671 1.35938 
4 3.57895 6 1 -1.53845 1.21629 
4 4 6 1 -1.42165 1.10356 
-4 4 6 1 0.321288 0.55045 
-3.57895 4 6 1 0.271708 0.566184 
-3.15789 4 6 1 0.219529 0.582742 
-2.73684 4 6 1 0.164544 0.600192 
-2.31579 4 6 1 0.106518 0.618606 
-1.89474 4 6 1 0.0451921 0.638067 
-1.47368 4 6 1 -0.0197227 0.658667 
-1.05263 4 6 1 -0.0885514 0.680509 
-0.631579 4 6 1 -0.161659 0.703709 
-0.210526 4 6 1 -0.239457 0.728398 
0.210526 4 6 1 -0.322412 0.754723 
0.631579 4 6 1 -0.411055 0.782853 
1.05263 4 6 1 -0.50599 0.81298 
1.47368 4 6 1 -0.607914 0.845325 
1.89474 4 6 1 -0.717626 0.880141 
2.31579 4 6 1 -0.836055 0.917724 
2.73684 4 6 1 -0.964284 0.958416 
3.15789 4 6 1 -1.10358 1.00262 
3.57895 4 6 1 -1.25544 1.05081 
4 4 6 1 -1.42165 1.10356 
