-4 -4 2 1 0.13591 -0.216501 
-4 -3.57895 2 1 0.092839 -0.215609 
-4 -3.15789 2 1 0.0465393 -0.214651 
-4 -2.73684 2 1 -0.00336618 -0.213617 
-4 -2.31579 2 1 -0.0573159 -0.2125 
-4 -1.89474 2 1 -0.115822 -0.211288 
-4 -1.47368 2 1 -0.179487 -0.20997 
-4 -1.05263 2 1 -0.249026 -0.20853 
-4 -0.631579 2 1 -0.325289 -0.206951 
-4 -0.210526 2 1 -0.409303 -0.205211 
-4 0.210526 2 1 -0.502311 -0.203285 
-4 0.631579 2 1 -0.605841 -0.201141 
-4 1.05263 2 1 -0.721784 -0.19874 
-4 1.47368 2 1 -0.852515 -0.196033 
-4 1.89474 2 1 -1.00106 -0.192957 
-4 2.31579 2 1 -1.17131 -0.189432 
-4 2.73684 2 1 -1.36842 -0.18535 
-4 3.15789 2 1 -1.59929 -0.180569 
-4 3.57895 2 1 -1.87338 -0.174893 
-4 4 2 1 -2.2041 -0.168045 
4 -4 2 1 6.40906 -0.735277 
4 -3.57895 2 1 8.32725 -0.921808 
4 -3.15789 2 1 12.5722 -1.3346 
4 -2.73684 2 1 29.902 -3.01981 
-4 -4 2 1 0.13591 -0.216501 
-3.57895 -4 2 1 0.179937 -0.220142 
-3.15789 -4 2 1 0.228419 -0.224152 
-2.73684 -4 2 1 0.282066 -0.228588 
-2.31579 -4 2 1 0.341751 -0.233524 
-1.89474 -4 2 1 0.408555 -0.239048 
-1.47368 -4 2 1 0.483831 -0.245274 
-1.05263 -4 2 1 0.569301 -0.252342 
-0.631579 -4 2 1 0.667185 -0.260436 
-0.210526 -4 2 1 0.780399 -0.269799 
0.210526 -4 2 1 0.912852 -0.280753 
0.631579 -4 2 1 1.0699 -0.29374 
1.05263 -4 2 1 1.2591 -0.309387 
1.47368 -4 2 1 1.49145 -0.328602 
1.89474 -4 2 1 1.78362 -0.352763 
2.31579 -4 2 1 2.16209 -0.384062 
2.73684 -4 2 1 2.67176 -0.426211 
3.15789 -4 2 1 3.39515 -0.486033 
3.57895 -4 2 1 4.50234 -0.577596 
4 -4 2 1 6.40906 -0.735277 
-4 4 2 1 -2.2041 -0.168045 
-3.57895 4 2 1 -2.42868 -0.172324 
-3.15789 4 2 1 -2.73724 -0.178204 
-2.73684 4 2 1 -3.18775 -0.186789 
-2.31579 4 2 1 -3.90739 -0.200502 
-1.89474 4 2 1 -5.24005 -0.225896 
-1.47368 4 2 1 -8.55022 -0.288972 
-1.05263 4 2 1 -30.8938 -0.714736 
-4 -4 6 1 0.147594 0.30139 
-4 -3.57895 6 1 0.108854 0.319196 
-4 -3.15789 6 1 0.0674854 0.338209 
-4 -2.73684 6 1 0.0232107 0.358558 
-4 -2.31579 6 1 -0.024287 0.380388 
-4 -1.89474 6 1 -0.0753732 0.403867 
-4 -1.47368 6 1 -0.13047 0.42919 
-4 -1.05263 6 1 -0.19007 0.456582 
-4 -0.631579 6 1 -0.254748 0.486308 
-4 -0.210526 6 1 -0.325181 0.51868 
-4 0.210526 6 1 -0.402175 0.554067 
-4 0.631579 6 1 -0.48669 0.59291 
-4 1.05263 6 1 -0.579886 0.635743 
-4 1.47368 6 1 -0.683171 0.683213 
-4 1.89474 6 1 -0.798278 0.736117 
-4 2.31579 6 1 -0.92736 0.795443 
-4 2.73684 6 1 -1.07313 0.862438 
-4 3.15789 6 1 -1.23903 0.93869 
-4 3.57895 6 1 -1.42957 1.02626 
-4 4 6 1 -1.65066 1.12787 
4 -4 6 1 3.74632 2.01998 
4 -3.57895 6 1 4.19069 2.4355 
4 -3.15789 6 1 4.83515 3.03812 
4 -2.73684 6 1 5.85411 3.99091 
4 -2.31579 6 1 7.70768 5.72413 
4 -1.89474 6 1 12.1325 9.86164 
4 -1.47368 6 1 36.5898 32.7309 
-4 -4 6 1 0.147594 0.30139 
-3.57895 -4 6 1 0.188054 0.320712 
-3.15789 -4 6 1 0.232211 0.3418 
-2.73684 -4 6 1 0.280596 0.364906 
-2.31579 -4 6 1 0.333846 0.390336 
-1.89474 -4 6 1 0.392734 0.418458 
-1.47368 -4 6 1 0.458205 0.449724 
-1.05263 -4 6 1 0.531429 0.484693 
-0.631579 -4 6 1 0.61387 0.524063 
-0.210526 -4 6 1 0.707384 0.568721 
0.210526 -4 6 1 0.814364 0.61981 
0.631579 -4 6 1 0.937944 0.678826 
1.05263 -4 6 1 1.08231 0.747769 
1.47368 -4 6 1 1.25319 0.829374 
1.89474 -4 6 1 1.45863 0.927483 
2.31579 -4 6 1 1.71029 1.04767 
2.73684 -4 6 1 2.02575 1.19831 
3.15789 -4 6 1 2.43278 1.39269 
3.57895 -4 6 1 2.97803 1.65308 
4 -4 6 1 3.74632 2.01998 
-4 4 6 1 -1.65066 1.12787 
-3.57895 4 6 1 -1.75365 1.27771 
-3.15789 4 6 1 -1.88423 1.46767 
-2.73684 4 6 1 -2.05519 1.71637 
-2.31579 4 6 1 -2.28868 2.05604 
-1.89474 4 6 1 -2.62669 2.54777 
-1.47368 4 6 1 -3.15965 3.32309 
-1.05263 4 6 1 -4.12453 4.72676 
-0.631579 4 6 1 -6.40416 8.04309 
-0.210526 4 6 1 -18.4303 25.5383 
