-0.631443 0.230623 -0.597338 0.972669 20 
-0.56112 0.224513 -0.523046 0.96984 21 
-0.490143 0.218347 -0.448027 0.966983 22 
-0.418505 0.212123 -0.37227 0.964099 23 
-0.346197 0.20584 -0.295766 0.961186 24 
-0.273208 0.199499 -0.218501 0.958244 25 
-0.199529 0.193098 -0.140466 0.955272 26 
-0.125151 0.186636 -0.0616491 0.952271 27 
-0.0500626 0.180112 0.0179625 0.94924 28 
0.0257456 0.173526 0.0983803 0.946177 29 
0.102284 0.166876 0.179617 0.943084 30 
0.179564 0.160162 0.261684 0.939959 31 
0.257595 0.153383 0.344596 0.936802 32 
0.336389 0.146537 0.428364 0.933612 33 
0.415957 0.139624 0.513003 0.93039 34 
0.496311 0.132643 0.598526 0.927133 35 
0.577462 0.125592 0.684947 0.923842 36 
0.659422 0.118472 0.772281 0.920517 37 
0.742203 0.11128 0.86054 0.917156 38 
0.825818 0.104015 0.949742 0.91376 39 
-5.61397 1.3917 -8.68585 11.9529 47 
-3.49991 0.89906 -4.28501 5.97874 48 
-2.53215 0.673544 -2.82837 4.00132 49 
-1.97722 0.544229 -2.10196 3.01522 50 
-1.6174 0.460379 -1.66673 2.42438 51 
-1.36517 0.401602 -1.37683 2.03084 52 
-1.17855 0.358115 -1.16988 1.74991 53 
-1.03489 0.324638 -1.01474 1.5393 54 
-0.920889 0.298072 -0.894114 1.37555 55 
-0.828218 0.276477 -0.797638 1.24458 56 
-0.751403 0.258577 -0.718721 1.13745 57 
-0.686696 0.243498 -0.652967 1.04819 58 
-0.631443 0.230623 -0.597338 0.972669 59 
6.39647 0.374836 13.1393 12.6378 68 
3.85883 0.251467 5.85499 5.63171 69 
2.77409 0.198732 3.78452 3.6403 70 
2.17219 0.16947 2.80543 2.69859 71 
1.78943 0.150862 2.23479 2.14974 72 
1.52457 0.137985 1.86111 1.79033 73 
1.3304 0.128546 1.59743 1.53672 74 
1.18196 0.121329 1.40142 1.34819 75 
1.06479 0.115633 1.24998 1.20253 76 
0.969947 0.111022 1.12946 1.08662 77 
0.891612 0.107214 1.03128 0.992182 78 
0.825818 0.104015 0.949742 0.91376 79 
