-4 -4 2 1 2.58417 0.607359 
-4 -3.57895 2 1 2.15192 0.55205 
-4 -3.15789 2 1 1.8081 0.508056 
-4 -2.73684 2 1 1.52809 0.472228 
-4 -2.31579 2 1 1.29564 0.442485 
-4 -1.89474 2 1 1.09958 0.417398 
-4 -1.47368 2 1 0.931988 0.395953 
-4 -1.05263 2 1 0.787078 0.377411 
-4 -0.631579 2 1 0.66054 0.36122 
-4 -0.210526 2 1 0.549087 0.346959 
-4 0.210526 2 1 0.450175 0.334302 
-4 0.631579 2 1 0.361798 0.322994 
-4 1.05263 2 1 0.28236 0.312829 
-4 1.47368 2 1 0.210569 0.303643 
-4 1.89474 2 1 0.145371 0.295301 
-4 2.31579 2 1 0.085899 0.287691 
-4 2.73684 2 1 0.0314295 0.280721 
-4 3.15789 2 1 -0.0186429 0.274314 
-4 3.57895 2 1 -0.0648302 0.268404 
-4 4 2 1 -0.107567 0.262936 
4 2.31579 2 1 -58.8498 5.62696 
4 2.73684 2 1 -14.2072 1.36337 
4 3.15789 2 1 -8.53408 0.821551 
4 3.57895 2 1 -6.30844 0.608991 
4 4 2 1 -5.12012 0.4955 
-4 -4 2 1 2.58417 0.607359 
-3.57895 -4 2 1 2.89564 0.677155 
-3.15789 -4 2 1 3.34341 0.777492 
-2.73684 -4 2 1 4.04197 0.93403 
-2.31579 -4 2 1 5.28403 1.21236 
-1.89474 -4 2 1 8.1077 1.8451 
-1.47368 -4 2 1 20.8278 4.69547 
-4 4 2 1 -0.107567 0.262936 
-3.57895 4 2 1 -0.151803 0.264988 
-3.15789 4 2 1 -0.200328 0.26724 
-2.73684 4 2 1 -0.253797 0.26972 
-2.31579 4 2 1 -0.313008 0.272468 
-1.89474 4 2 1 -0.378938 0.275526 
-1.47368 4 2 1 -0.452798 0.278953 
-1.05263 4 2 1 -0.536112 0.282819 
-0.631579 4 2 1 -0.630819 0.287213 
-0.210526 4 2 1 -0.739426 0.292252 
0.210526 4 2 1 -0.865236 0.298089 
0.631579 4 2 1 -1.01269 0.30493 
1.05263 4 2 1 -1.1879 0.313059 
1.47368 4 2 1 -1.3995 0.322877 
1.89474 4 2 1 -1.66017 0.334971 
2.31579 4 2 1 -1.98921 0.350237 
2.73684 4 2 1 -2.41755 0.370111 
3.15789 4 2 1 -2.99817 0.397049 
3.57895 4 2 1 -3.8298 0.435634 
4 4 2 1 -5.12012 0.4955 
-4 -4 6 1 3.7691 3.77323 
-4 -3.57895 6 1 2.95938 3.17935 
-4 -3.15789 6 1 2.37622 2.75163 
-4 -2.73684 6 1 1.9362 2.4289 
-4 -2.31579 6 1 1.59237 2.17673 
-4 -1.89474 6 1 1.31631 1.97425 
-4 -1.47368 6 1 1.08977 1.8081 
-4 -1.05263 6 1 0.900532 1.66931 
-4 -0.631579 6 1 0.740077 1.55162 
-4 -0.210526 6 1 0.602304 1.45057 
-4 0.210526 6 1 0.482722 1.36287 
-4 0.631579 6 1 0.37795 1.28602 
-4 1.05263 6 1 0.285398 1.21814 
-4 1.47368 6 1 0.203045 1.15774 
-4 1.89474 6 1 0.129294 1.10365 
-4 2.31579 6 1 0.0628638 1.05493 
-4 2.73684 6 1 0.00271605 1.01081 
-4 3.15789 6 1 -0.0520003 0.970681 
-4 3.57895 6 1 -0.101989 0.934017 
-4 4 6 1 -0.147838 0.90039 
4 3.57895 6 1 -32.3252 25.1749 
4 4 6 1 -13.6215 10.1157 
-4 -4 6 1 3.7691 3.77323 
-3.57895 -4 6 1 4.64067 4.83423 
-3.15789 -4 6 1 6.2539 6.79809 
-2.73684 -4 6 1 10.2566 11.6707 
-2.31579 -4 6 1 37.1115 44.3624 
-4 4 6 1 -0.147838 0.90039 
-3.57895 4 6 1 -0.19921 0.935526 
-3.15789 4 6 1 -0.256164 0.97448 
-2.73684 4 6 1 -0.319662 1.01791 
-2.31579 4 6 1 -0.390901 1.06663 
-1.89474 4 6 1 -0.471389 1.12168 
-1.47368 4 6 1 -0.563051 1.18438 
-1.05263 4 6 1 -0.668388 1.25642 
-0.631579 4 6 1 -0.790707 1.34008 
-0.210526 4 6 1 -0.934474 1.43841 
0.210526 4 6 1 -1.10587 1.55564 
0.631579 4 6 1 -1.31372 1.69779 
1.05263 4 6 1 -1.57102 1.87377 
1.47368 4 6 1 -1.8978 2.09728 
1.89474 4 6 1 -2.32661 2.39056 
2.31579 4 6 1 -2.91407 2.79235 
2.73684 4 6 1 -3.7682 3.37654 
3.15789 4 6 1 -5.1239 4.30377 
3.57895 4 6 1 -7.60664 6.00184 
4 4 6 1 -13.6215 10.1157 
