4.08902 0.85936 10.1087 9.45457 0 
3.14988 0.73524 6.09246 6.0834 1 
2.50731 0.650316 4.22052 4.51212 2 
2.03998 0.588552 3.13743 3.60298 3 
1.68481 0.541612 2.43133 3.01029 4 
1.40575 0.50473 1.93457 2.59331 5 
1.1807 0.474986 1.56608 2.284 6 
0.995361 0.450492 1.28185 2.04542 7 
0.840079 0.429969 1.05594 1.8558 8 
0.708089 0.412525 0.872085 1.70147 9 
0.594516 0.397515 0.719532 1.57342 10 
0.495757 0.384462 0.590917 1.46546 11 
0.409091 0.373008 0.481014 1.37321 12 
0.332424 0.362876 0.386018 1.29347 13 
0.264122 0.353849 0.303088 1.22386 14 
0.202885 0.345755 0.230062 1.16256 15 
0.147671 0.338458 0.165267 1.10817 16 
0.0976333 0.331845 0.107384 1.05959 17 
0.0520768 0.325824 0.0553642 1.01592 18 
0.0104251 0.320319 0.00835925 0.976466 19 
-5.07411 1.02745 -25.7795 25.2521 36 
-4.09081 0.83098 -10.5976 9.95106 37 
-3.48391 0.709714 -6.92821 6.25292 38 
-3.07199 0.627409 -5.27639 4.58814 39 
4.08902 0.85936 10.1087 9.45457 40 
4.86465 1.03005 19.6683 19.301 41 
0.0104251 0.320319 0.00835925 0.976466 60 
-0.0345926 0.324804 -0.0426214 1.01131 61 
-0.0833753 0.329664 -0.0984483 1.04946 62 
-0.136416 0.334948 -0.159847 1.09142 63 
-0.194298 0.340715 -0.227695 1.13779 64 
-0.257715 0.347033 -0.303065 1.1893 65 
-0.327502 0.353986 -0.387282 1.24685 66 
-0.404668 0.361673 -0.482 1.31158 67 
-0.49045 0.37022 -0.589313 1.38492 68 
-0.586376 0.379776 -0.711914 1.46871 69 
-0.694358 0.390534 -0.853319 1.56535 70 
-0.816822 0.402735 -1.01821 1.67804 71 
-0.95689 0.416689 -1.21298 1.81115 72 
-1.11865 0.432805 -1.44655 1.97077 73 
-1.30757 0.451626 -1.7318 2.16571 74 
-1.53111 0.473897 -2.088 2.40915 75 
-1.79975 0.500661 -2.54541 2.72175 76 
-2.12867 0.53343 -3.15428 3.13786 77 
-2.54073 0.574481 -4.0048 3.71911 78 
-3.07199 0.627409 -5.27639 4.58814 79 
