-4 -4 2 1 -0.641401 0.141917 
-4 -3.57895 2 1 -0.689572 0.137808 
-4 -3.15789 2 1 -0.745349 0.133051 
-4 -2.73684 2 1 -0.810686 0.127478 
-4 -2.31579 2 1 -0.888271 0.120861 
-4 -1.89474 2 1 -0.981907 0.112875 
-4 -1.47368 2 1 -1.09715 0.103046 
-4 -1.05263 2 1 -1.24244 0.0906531 
-4 -0.631579 2 1 -1.43132 0.0745438 
-4 -0.210526 2 1 -1.68684 0.0527503 
-4 0.210526 2 1 -2.05182 0.0216199 
-4 0.631579 2 1 -2.61581 -0.0264835 
-4 1.05263 2 1 -3.60255 -0.110643 
-4 1.47368 2 1 -5.77226 -0.2957 
-4 1.89474 2 1 -14.4359 -1.03463 
4 -4 2 1 0.697708 0.170104 
4 -3.57895 2 1 0.749002 0.167996 
4 -3.15789 2 1 0.808658 0.165545 
4 -2.73684 2 1 0.8789 0.162659 
4 -2.31579 2 1 0.96282 0.15921 
4 -1.89474 2 1 1.06485 0.155018 
4 -1.47368 2 1 1.19155 0.149812 
4 -1.05263 2 1 1.3531 0.143173 
4 -0.631579 2 1 1.56618 0.134418 
4 -0.210526 2 1 1.86013 0.122339 
4 0.210526 2 1 2.29175 0.104604 
4 0.631579 2 1 2.98734 0.0760212 
4 1.05263 2 1 4.29573 0.0222585 
4 1.47368 2 1 7.66423 -0.116156 
4 1.89474 2 1 35.9648 -1.27905 
-4 -4 2 1 -0.641401 0.141917 
-3.57895 -4 2 1 -0.572736 0.143362 
-3.15789 -4 2 1 -0.503874 0.144812 
-2.73684 -4 2 1 -0.434815 0.146265 
-2.31579 -4 2 1 -0.365557 0.147723 
-1.89474 -4 2 1 -0.2961 0.149185 
-1.47368 -4 2 1 -0.226443 0.150651 
-1.05263 -4 2 1 -0.156585 0.152122 
-0.631579 -4 2 1 -0.0865255 0.153596 
-0.210526 -4 2 1 -0.016263 0.155075 
0.210526 -4 2 1 0.0542031 0.156559 
0.631579 -4 2 1 0.124874 0.158046 
1.05263 -4 2 1 0.19575 0.159538 
1.47368 -4 2 1 0.266832 0.161034 
1.89474 -4 2 1 0.338121 0.162535 
2.31579 -4 2 1 0.409619 0.16404 
2.73684 -4 2 1 0.481325 0.165549 
3.15789 -4 2 1 0.553242 0.167063 
3.57895 -4 2 1 0.625369 0.168581 
4 -4 2 1 0.697708 0.170104 
-4 -4 6 1 -0.751865 0.905502 
-4 -3.57895 6 1 -0.817079 0.965504 
-4 -3.15789 6 1 -0.894381 1.03663 
-4 -2.73684 6 1 -0.987475 1.12228 
-4 -2.31579 6 1 -1.10175 1.22742 
-4 -1.89474 6 1 -1.24536 1.35956 
-4 -1.47368 6 1 -1.43128 1.53061 
-4 -1.05263 6 1 -1.68141 1.76075 
-4 -0.631579 6 1 -2.03598 2.08698 
-4 -0.210526 6 1 -2.57766 2.58536 
-4 0.210526 6 1 -3.50761 3.44099 
-4 0.631579 6 1 -5.47656 5.25257 
-4 1.05263 6 1 -12.4295 11.6498 
4 -4 6 1 0.786648 0.962486 
4 -3.57895 6 1 0.854207 1.02959 
4 -3.15789 6 1 0.934767 1.1096 
4 -2.73684 6 1 1.03248 1.20665 
4 -2.31579 6 1 1.15348 1.32684 
4 -1.89474 6 1 1.30723 1.47953 
4 -1.47368 6 1 1.50907 1.68001 
4 -1.05263 6 1 1.78578 1.95484 
4 -0.631579 6 1 2.1885 2.35483 
4 -0.210526 6 1 2.82866 2.99065 
4 0.210526 6 1 4.00404 4.15807 
4 0.631579 6 1 6.8681 7.00269 
4 1.05263 6 1 24.3412 24.3573 
-4 -4 6 1 -0.751865 0.905502 
-3.57895 -4 6 1 -0.673282 0.908413 
-3.15789 -4 6 1 -0.59444 0.911333 
-2.73684 -4 6 1 -0.515339 0.914263 
-2.31579 -4 6 1 -0.435977 0.917202 
-1.89474 -4 6 1 -0.356353 0.920151 
-1.47368 -4 6 1 -0.276466 0.92311 
-1.05263 -4 6 1 -0.196314 0.926079 
-0.631579 -4 6 1 -0.115896 0.929058 
-0.210526 -4 6 1 -0.0352101 0.932046 
0.210526 -4 6 1 0.0457442 0.935044 
0.631579 -4 6 1 0.126968 0.938053 
1.05263 -4 6 1 0.208464 0.941071 
1.47368 -4 6 1 0.290232 0.9441 
1.89474 -4 6 1 0.372275 0.947139 
2.31579 -4 6 1 0.454593 0.950188 
2.73684 -4 6 1 0.537188 0.953247 
3.15789 -4 6 1 0.620061 0.956316 
3.57895 -4 6 1 0.703214 0.959396 
4 -4 6 1 0.786648 0.962486 
