0.0534753 -0.27572 0.0859455 0.251235 0 
0.0115688 -0.278028 0.0483741 0.268909 1 
-0.0338854 -0.280532 0.00786747 0.287963 2 
-0.0833579 -0.283256 -0.0359322 0.308566 3 
-0.137406 -0.286233 -0.0834437 0.330915 4 
-0.196696 -0.289498 -0.13516 0.355242 5 
-0.262028 -0.293096 -0.191664 0.381822 6 
-0.334376 -0.29708 -0.253654 0.410982 7 
-0.414935 -0.301517 -0.321969 0.443117 8 
-0.505185 -0.306487 -0.397629 0.478708 9 
-0.606988 -0.312093 -0.481888 0.518343 10 
-0.722715 -0.318466 -0.576297 0.562753 11 
-0.85543 -0.325775 -0.682809 0.612856 12 
-1.00917 -0.334242 -0.803912 0.669822 13 
-1.18937 -0.344166 -0.942823 0.735166 14 
-1.40348 -0.355957 -1.10378 0.81088 15 
-1.6621 -0.3702 -1.29249 0.899649 16 
-1.98069 -0.387745 -1.5168 1.00516 17 
-2.38286 -0.409893 -1.78784 1.13266 18 
-2.90646 -0.438729 -2.12191 1.28981 19 
4.17552 -1.11496 3.13022 1.22039 20 
4.95558 -1.34116 3.47457 1.46276 21 
6.26244 -1.72011 3.95838 1.80329 22 
8.90187 -2.48548 4.68788 2.31676 23 
17.0318 -4.84297 5.91392 3.17971 24 
0.0534753 -0.27572 0.0859455 0.251235 40 
0.0973443 -0.284652 0.127875 0.264584 41 
0.145282 -0.294412 0.173392 0.279074 42 
0.197883 -0.305122 0.222976 0.294859 43 
0.255862 -0.316926 0.277199 0.312121 44 
0.320087 -0.330002 0.336743 0.331077 45 
0.391627 -0.344567 0.402431 0.351989 46 
0.471805 -0.360891 0.475268 0.375177 47 
0.562288 -0.379313 0.556485 0.401033 48 
0.665197 -0.400266 0.64762 0.430046 49 
0.783282 -0.424307 0.750606 0.462832 50 
0.920168 -0.452177 0.867914 0.500177 51 
1.08073 -0.484867 1.00276 0.543105 52 
1.2717 -0.523747 1.15939 0.592968 53 
1.50261 -0.57076 1.34354 0.651594 54 
1.78745 -0.628753 1.56318 0.721516 55 
2.14763 -0.702085 1.82964 0.806346 56 
2.61758 -0.797765 2.1597 0.911422 57 
3.2565 -0.927849 2.57921 1.04497 58 
4.17552 -1.11496 3.13022 1.22039 59 
-2.90646 -0.438729 -2.12191 1.28981 60 
-3.29345 -0.510332 -2.29352 1.48724 61 
-3.86965 -0.616942 -2.52322 1.7515 62 
-4.81868 -0.792535 -2.8465 2.12343 63 
-6.67548 -1.13609 -3.3352 2.68567 64 
-11.9365 -2.1095 -4.15992 3.63449 65 
-132.964 -24.5026 -5.84879 5.57751 66 
