62.5152 9.92144 4.37827 5.51722 8 
8.6529 1.16138 3.10175 3.69026 9 
4.8186 0.537778 2.44501 2.75035 10 
3.41623 0.3097 2.04486 2.17765 11 
2.68917 0.191453 1.77549 1.79213 12 
2.24428 0.119097 1.5818 1.51492 13 
1.944 0.070259 1.43581 1.30599 14 
1.72767 0.0350758 1.32185 1.14288 15 
1.56441 0.00852299 1.23041 1.01201 16 
1.43682 -0.012228 1.15541 0.90468 17 
1.33436 -0.0288914 1.0928 0.815062 18 
1.25027 -0.0425668 1.03972 0.739106 19 
-27.9991 1.80111 -5.30566 4.5499 21 
-8.36463 0.430271 -3.6345 3.16328 22 
-4.7831 0.180216 -2.72087 2.40521 23 
-3.28011 0.0752797 -2.14487 1.92728 24 
-2.45319 0.017546 -1.74852 1.59842 25 
-1.92994 -0.0189863 -1.45912 1.35829 26 
-1.56904 -0.0441841 -1.23853 1.17526 27 
-1.30507 -0.062614 -1.06481 1.03112 28 
-1.1036 -0.0766798 -0.924459 0.914663 29 
-0.944794 -0.0877675 -0.808706 0.818618 30 
-0.81639 -0.0967324 -0.711603 0.738049 31 
-0.710422 -0.104131 -0.628981 0.669494 32 
-0.621483 -0.11034 -0.557824 0.610453 33 
-0.545772 -0.115626 -0.495901 0.559073 34 
-0.480543 -0.120181 -0.441524 0.513954 35 
-0.42376 -0.124145 -0.393393 0.474018 36 
-0.373882 -0.127627 -0.350491 0.43842 37 
-0.329723 -0.130711 -0.312008 0.40649 38 
-0.290351 -0.133459 -0.277296 0.377688 39 
1.25027 -0.0425668 1.03972 0.739106 60 
1.12063 -0.0502154 0.93494 0.710351 61 
0.999335 -0.0573715 0.835948 0.683186 62 
0.885607 -0.0640812 0.742282 0.657482 63 
0.778759 -0.0703849 0.653522 0.633124 64 
0.678186 -0.0763184 0.569293 0.61001 65 
0.583351 -0.0819134 0.489257 0.588046 66 
0.493776 -0.0871981 0.413108 0.56715 67 
0.409036 -0.0921975 0.34057 0.547244 68 
0.328749 -0.0969343 0.271392 0.52826 69 
0.252573 -0.101428 0.205346 0.510135 70 
0.1802 -0.105698 0.142223 0.492813 71 
0.111353 -0.10976 0.081834 0.476241 72 
0.04578 -0.113629 0.0240051 0.460371 73 
-0.0167473 -0.117318 -0.0314232 0.445161 74 
-0.0764361 -0.120839 -0.0845974 0.430569 75 
-0.133475 -0.124204 -0.135652 0.416558 76 
-0.188038 -0.127423 -0.184712 0.403095 77 
-0.240281 -0.130505 -0.231891 0.390148 78 
-0.290351 -0.133459 -0.277296 0.377688 79 
