19.7815 3.04495 5.89134 7.56654 11 
7.60909 1.07621 3.9936 4.79051 12 
4.91499 0.64047 3.11038 3.49853 13 
3.73084 0.448946 2.59974 2.75156 14 
3.06508 0.341268 2.26699 2.2648 15 
2.63844 0.272264 2.03296 1.92246 16 
2.34171 0.224271 1.85939 1.66856 17 
2.12339 0.18896 1.72554 1.47276 18 
1.95603 0.161891 1.61916 1.31716 19 
-6.14927 -0.303123 -4.44562 2.92681 20 
-4.18433 -0.228376 -3.34204 2.28856 21 
-3.09654 -0.186996 -2.6289 1.87612 22 
-2.40572 -0.160717 -2.13014 1.58766 23 
-1.92811 -0.142549 -1.76172 1.37459 24 
-1.5782 -0.129238 -1.47846 1.21077 25 
-1.31081 -0.119066 -1.25388 1.08088 26 
-1.09983 -0.11104 -1.07147 0.975387 27 
-0.92911 -0.104546 -0.920367 0.887996 28 
-0.788133 -0.0991833 -0.793146 0.814418 29 
-0.669748 -0.0946799 -0.684562 0.751619 30 
-0.568927 -0.0908446 -0.590799 0.697392 31 
-0.482031 -0.087539 -0.509016 0.650093 32 
-0.406362 -0.0846605 -0.437055 0.608474 33 
-0.339876 -0.0821314 -0.373246 0.571571 34 
-0.280997 -0.0798916 -0.31628 0.538624 35 
-0.22849 -0.0778942 -0.26511 0.509031 36 
-0.181373 -0.0761019 -0.218896 0.482303 37 
-0.138858 -0.0744846 -0.176951 0.458044 38 
-0.100301 -0.0730179 -0.138708 0.435927 39 
-27.7746 -0.645745 -8.21003 6.91224 56 
-11.8278 -0.393091 -6.21174 4.79662 57 
-7.91706 -0.331131 -5.12686 3.64805 58 
-6.14927 -0.303123 -4.44562 2.92681 59 
1.95603 0.161891 1.61916 1.31716 60 
1.70465 0.133174 1.41804 1.21634 61 
1.48768 0.108389 1.24154 1.12786 62 
1.29852 0.0867793 1.08541 1.04959 63 
1.13213 0.067772 0.94631 0.979853 64 
0.984648 0.0509236 0.821597 0.917334 65 
0.853013 0.035886 0.709152 0.860964 66 
0.734804 0.0223821 0.607247 0.809879 67 
0.628066 0.0101887 0.514468 0.763368 68 
0.531208 -0.000876057 0.429641 0.720844 69 
0.442918 -0.010962 0.351785 0.681814 70 
0.362108 -0.0201936 0.280077 0.645866 71 
0.287865 -0.0286749 0.213814 0.612648 72 
0.21942 -0.0364938 0.152399 0.581861 73 
0.15612 -0.043725 0.0953194 0.553246 74 
0.0974058 -0.0504324 0.0421315 0.526583 75 
0.042796 -0.0566708 -0.00754957 0.501677 76 
-0.00812508 -0.0624879 -0.0540596 0.478361 77 
-0.0557189 -0.0679249 -0.0976929 0.456488 78 
-0.100301 -0.0730179 -0.138708 0.435927 79 
