-0.341264 0.158336 -0.335508 0.796851 0 
-0.381705 0.159647 -0.37979 0.841014 1 
-0.427361 0.161128 -0.430422 0.891509 2 
-0.47931 0.162813 -0.488874 0.949805 3 
-0.538949 0.164747 -0.557111 1.01786 4 
-0.608122 0.16699 -0.637812 1.09834 5 
-0.689315 0.169623 -0.734738 1.19501 6 
-0.785957 0.172757 -0.853327 1.31328 7 
-0.902924 0.17655 -1.00176 1.46131 8 
-1.04738 0.181235 -1.19291 1.65195 9 
-1.2303 0.187167 -1.44833 1.90668 10 
-1.46941 0.194921 -1.80699 2.26438 11 
-1.79532 0.20549 -2.34732 2.80326 12 
-2.26573 0.220746 -3.25418 3.70768 13 
-3.00415 0.244692 -5.09194 5.5405 14 
-4.33087 0.287717 -10.8053 11.2386 15 
1.13881 0.0547772 1.37932 1.05752 20 
1.21576 0.0470182 1.49639 1.1599 21 
1.30883 0.0376353 1.64274 1.2879 22 
1.42364 0.0260592 1.83094 1.45249 23 
1.56885 0.011419 2.08193 1.67201 24 
1.75835 -0.00768719 2.43345 1.97944 25 
2.01607 -0.0336709 2.96098 2.44081 26 
2.38692 -0.0710607 3.84088 3.21036 27 
2.96633 -0.129479 5.6033 4.75174 28 
3.99909 -0.233604 10.9114 9.39416 29 
-0.341264 0.158336 -0.335508 0.796851 40 
-0.288917 0.154673 -0.277816 0.80562 41 
-0.234627 0.150875 -0.217765 0.814749 42 
-0.178284 0.146932 -0.155205 0.824258 43 
-0.119768 0.142838 -0.089977 0.834173 44 
-0.0589522 0.138583 -0.0219064 0.844521 45 
0.0043025 0.134157 0.049197 0.855329 46 
0.0701455 0.12955 0.12354 0.86663 47 
0.138739 0.124751 0.20135 0.878457 48 
0.210259 0.119746 0.282875 0.89085 49 
0.284898 0.114524 0.368387 0.903848 50 
0.362862 0.109069 0.458187 0.917498 51 
0.444381 0.103365 0.552604 0.931851 52 
0.529702 0.0973955 0.652006 0.94696 53 
0.619098 0.0911405 0.756796 0.962889 54 
0.712869 0.0845796 0.867425 0.979706 55 
0.811342 0.0776895 0.984396 0.997486 56 
0.914881 0.070445 1.10827 1.01632 57 
1.02389 0.0628179 1.23967 1.03629 58 
1.13881 0.0547772 1.37932 1.05752 59 
