0.325612 -0.0653004 0.281091 0.449169 0 
0.276877 -0.0633764 0.236349 0.462337 1 
0.225667 -0.0613547 0.189573 0.476103 2 
0.171787 -0.0592277 0.140619 0.49051 3 
0.115024 -0.0569868 0.089332 0.505604 4 
0.0551396 -0.0546227 0.0355418 0.521434 5 
-0.00813063 -0.0521249 -0.02094 0.538057 6 
-0.0750823 -0.0494818 -0.0803205 0.555532 7 
-0.146046 -0.0466803 -0.142829 0.573928 8 
-0.221395 -0.0437057 -0.208718 0.593319 9 
-0.301547 -0.0405414 -0.278272 0.613789 10 
-0.386977 -0.0371688 -0.351803 0.635429 11 
-0.478224 -0.0335666 -0.429663 0.658343 12 
-0.575903 -0.0297104 -0.512246 0.682647 13 
-0.680719 -0.0255725 -0.599995 0.708471 14 
-0.793484 -0.0211208 -0.693412 0.735964 15 
-0.915138 -0.0163181 -0.793061 0.76529 16 
-1.04678 -0.0111213 -0.899591 0.796642 17 
-1.18968 -0.00547988 -1.01374 0.830235 18 
-1.34535 0.000665902 -1.13635 0.866319 19 
0.325612 -0.0653004 0.281091 0.449169 40 
0.37008 -0.0571378 0.318595 0.482901 41 
0.419964 -0.0479811 0.360161 0.520285 42 
0.476317 -0.0376367 0.406486 0.56195 43 
0.540487 -0.0258576 0.458438 0.608676 44 
0.61422 -0.012323 0.517107 0.661443 45 
0.699827 0.00339099 0.583886 0.721504 46 
0.800425 0.021857 0.660583 0.790485 47 
0.920333 0.0438673 0.749583 0.870532 48 
1.0657 0.0705507 0.854106 0.96454 49 
1.24559 0.103572 0.9786 1.07651 50 
1.47397 0.145494 1.12939 1.21213 51 
1.7735 0.200476 1.3158 1.37979 52 
2.18355 0.275745 1.55214 1.59235 53 
2.77914 0.385072 1.86156 1.87065 54 
3.72302 0.558332 2.28417 2.25075 55 
5.44693 0.874776 2.89598 2.80101 56 
9.59873 1.63689 3.86069 3.66866 57 
33.5165 6.02726 5.60735 5.23962 58 
-1.34535 0.000665902 -1.13635 0.866319 60 
-1.44538 0.0238959 -1.19879 0.963867 61 
-1.57054 0.0529621 -1.2737 1.08091 62 
-1.73166 0.0903797 -1.36525 1.22394 63 
-1.94684 0.140352 -1.47967 1.40269 64 
-2.24878 0.210471 -1.62673 1.63245 65 
-2.70318 0.315998 -1.82276 1.93869 66 
-3.46452 0.492808 -2.09706 2.36724 67 
-5.00246 0.849967 -2.50825 3.00963 68 
-9.74192 1.95063 -3.19282 4.07914 69 
