6.35116 -0.605882 49.1659 30.5912 0 
4.30973 -0.367933 11.5345 7.65082 1 
3.18823 -0.23721 6.2845 4.45041 2 
2.47917 -0.154563 4.19312 3.17549 3 
1.99038 -0.097589 3.06901 2.49023 4 
1.63302 -0.0559344 2.36717 2.06238 5 
1.36035 -0.0241527 1.88728 1.76984 6 
1.14547 0.000894392 1.53843 1.55717 7 
0.971754 0.0211424 1.27339 1.39561 8 
0.828415 0.03785 1.0652 1.2687 9 
0.708124 0.0518711 0.897348 1.16637 10 
0.605736 0.0638054 0.759137 1.08211 11 
0.517531 0.0740866 0.643355 1.01153 12 
0.440753 0.0830359 0.544952 0.951545 13 
0.373316 0.0908964 0.460288 0.899934 14 
0.313613 0.0978553 0.386674 0.855058 15 
0.260387 0.104059 0.322079 0.81568 16 
0.212637 0.109625 0.264941 0.780849 17 
0.169559 0.114646 0.21404 0.749819 18 
0.1305 0.119199 0.168406 0.722 19 
-4.47675 -0.100366 -17.3452 15.8788 33 
-3.47806 -0.0183995 -7.53465 6.66288 34 
-2.89428 0.0295129 -4.99132 4.27371 35 
-2.51132 0.0609434 -3.82278 3.176 36 
-2.24077 0.0831486 -3.1515 2.54541 37 
-2.03947 0.0996703 -2.71576 2.13608 38 
-1.88384 0.112443 -2.41009 1.84894 39 
6.35116 -0.605882 49.1659 30.5912 40 
0.1305 0.119199 0.168406 0.722 60 
0.085519 0.119048 0.119679 0.743297 61 
0.0375651 0.118887 0.0673525 0.766166 62 
-0.0136661 0.118715 0.0110143 0.790789 63 
-0.0685222 0.118531 -0.0498159 0.817375 64 
-0.127402 0.118334 -0.115698 0.846169 65 
-0.190766 0.118121 -0.187288 0.877457 66 
-0.259145 0.117892 -0.265361 0.911579 67 
-0.333161 0.117644 -0.350841 0.948938 68 
-0.413539 0.117374 -0.444833 0.990018 69 
-0.501137 0.117081 -0.548675 1.0354 70 
-0.596974 0.116759 -0.664002 1.08581 71 
-0.702269 0.116406 -0.792831 1.14211 72 
-0.818495 0.116016 -0.937679 1.20542 73 
-0.947447 0.115584 -1.10173 1.27712 74 
-1.09134 0.115101 -1.28908 1.359 75 
-1.25292 0.114559 -1.50508 1.4534 76 
-1.43567 0.113946 -1.75682 1.56342 77 
-1.64405 0.113247 -2.05398 1.6933 78 
-1.88384 0.112443 -2.41009 1.84894 79 
