-4 1.47368 2 1 29.4838 -3.85313 
-4 1.89474 2 1 10.1139 -1.17982 
-4 2.31579 2 1 6.4036 -0.667744 
-4 2.73684 2 1 4.8294 -0.450483 
-4 3.15789 2 1 3.95893 -0.330346 
-4 3.57895 2 1 3.40651 -0.254104 
-4 4 2 1 3.02475 -0.201416 
4 -4 2 1 -3.21281 -0.935425 
4 -3.57895 2 1 -2.55603 -0.773533 
4 -3.15789 2 1 -2.07881 -0.655902 
4 -2.73684 2 1 -1.71637 -0.566562 
4 -2.31579 2 1 -1.43174 -0.496404 
4 -1.89474 2 1 -1.2023 -0.439848 
4 -1.47368 2 1 -1.01342 -0.393289 
4 -1.05263 2 1 -0.855205 -0.35429 
4 -0.631579 2 1 -0.720756 -0.32115 
4 -0.210526 2 1 -0.605091 -0.292639 
4 0.210526 2 1 -0.504531 -0.267851 
4 0.631579 2 1 -0.416297 -0.246102 
4 1.05263 2 1 -0.338255 -0.226865 
4 1.47368 2 1 -0.268735 -0.209729 
4 1.89474 2 1 -0.206413 -0.194367 
4 2.31579 2 1 -0.150227 -0.180518 
4 2.73684 2 1 -0.0993126 -0.167967 
4 3.15789 2 1 -0.0529613 -0.156542 
4 3.57895 2 1 -0.010586 -0.146097 
4 4 2 1 0.0283038 -0.136511 
1.89474 -4 2 1 -19.5157 -7.16085 
2.31579 -4 2 1 -8.401 -2.91659 
2.73684 -4 2 1 -5.64143 -1.86282 
3.15789 -4 2 1 -4.38958 -1.38479 
3.57895 -4 2 1 -3.67495 -1.1119 
4 -4 2 1 -3.21281 -0.935425 
-4 4 2 1 3.02475 -0.201416 
-3.57895 4 2 1 2.50744 -0.19021 
-3.15789 4 2 1 2.10646 -0.181525 
-2.73684 4 2 1 1.78654 -0.174595 
-2.31579 4 2 1 1.52534 -0.168938 
-1.89474 4 2 1 1.30807 -0.164231 
-1.47368 4 2 1 1.12449 -0.160255 
-1.05263 4 2 1 0.967345 -0.156851 
-0.631579 4 2 1 0.831298 -0.153904 
-0.210526 4 2 1 0.712371 -0.151328 
0.210526 4 2 1 0.607522 -0.149057 
0.631579 4 2 1 0.514392 -0.14704 
1.05263 4 2 1 0.43112 -0.145236 
1.47368 4 2 1 0.356219 -0.143614 
1.89474 4 2 1 0.288488 -0.142147 
2.31579 4 2 1 0.226944 -0.140813 
2.73684 4 2 1 0.170777 -0.139597 
3.15789 4 2 1 0.119311 -0.138482 
3.57895 4 2 1 0.0719794 -0.137457 
4 4 2 1 0.0283038 -0.136511 
-4 1.47368 6 1 22.5608 19.836 
-4 1.89474 6 1 8.7128 7.18979 
-4 2.31579 6 1 5.67657 4.41705 
-4 2.73684 6 1 4.3453 3.20131 
-4 3.15789 6 1 3.59771 2.51859 
-4 3.57895 6 1 3.11895 2.08138 
-4 4 6 1 2.78612 1.77744 
4 -4 6 1 -3.40126 1.47961 
4 -3.57895 6 1 -2.72406 1.26212 
4 -3.15789 6 1 -2.2298 1.10339 
4 -2.73684 6 1 -1.85318 0.982439 
4 -2.31579 6 1 -1.55666 0.887211 
4 -1.89474 6 1 -1.31715 0.810291 
4 -1.47368 6 1 -1.11964 0.746862 
4 -1.05263 6 1 -0.953987 0.69366 
4 -0.631579 6 1 -0.813049 0.648398 
4 -0.210526 6 1 -0.691681 0.60942 
4 0.210526 6 1 -0.586072 0.575503 
4 0.631579 6 1 -0.49334 0.545722 
4 1.05263 6 1 -0.411264 0.519363 
4 1.47368 6 1 -0.338109 0.495869 
4 1.89474 6 1 -0.272493 0.474796 
4 2.31579 6 1 -0.21331 0.455789 
4 2.73684 6 1 -0.159657 0.438559 
4 3.15789 6 1 -0.110794 0.422866 
4 3.57895 6 1 -0.0661063 0.408514 
4 4 6 1 -0.0250813 0.395339 
1.89474 -4 6 1 -18.9328 12.0398 
2.31579 -4 6 1 -8.74273 5.11138 
2.73684 -4 6 1 -5.95274 3.21441 
3.15789 -4 6 1 -4.64914 2.32807 
3.57895 -4 6 1 -3.89396 1.8146 
4 -4 6 1 -3.40126 1.47961 
-4 4 6 1 2.78612 1.77744 
-3.57895 4 6 1 2.30474 1.54077 
-3.15789 4 6 1 1.93049 1.35677 
-2.73684 4 6 1 1.63117 1.20962 
-2.31579 4 6 1 1.38634 1.08925 
-1.89474 4 6 1 1.18236 0.988963 
-1.47368 4 6 1 1.00978 0.90412 
-1.05263 4 6 1 0.861886 0.831407 
-0.631579 4 6 1 0.733724 0.768398 
-0.210526 4 6 1 0.621594 0.71327 
0.210526 4 6 1 0.522666 0.664633 
0.631579 4 6 1 0.434738 0.621404 
1.05263 4 6 1 0.356071 0.582728 
1.47368 4 6 1 0.285275 0.547923 
1.89474 4 6 1 0.221226 0.516434 
2.31579 4 6 1 0.163003 0.487809 
2.73684 4 6 1 0.109846 0.461674 
3.15789 4 6 1 0.06112 0.437719 
3.57895 4 6 1 0.0162945 0.415681 
4 4 6 1 -0.0250813 0.395339 
