64.3878 -9.17192 97.0881 84.8859 13 
12.4006 -1.56725 12.1893 9.99748 14 
7.25291 -0.814247 6.92899 5.35737 15 
5.30273 -0.528975 5.02763 3.68019 16 
4.27685 -0.378909 4.04655 2.81479 17 
3.64404 -0.286342 3.4478 2.28664 18 
3.21472 -0.223541 3.04434 1.93075 19 
-2.99099 -0.883262 -3.26793 1.40905 20 
-2.41011 -0.738575 -2.63839 1.2154 21 
-1.97769 -0.630868 -2.17156 1.0718 22 
-1.64327 -0.547569 -1.8116 0.961066 23 
-1.37692 -0.481226 -1.52556 0.873079 24 
-1.15977 -0.42714 -1.2928 0.80148 25 
-0.979357 -0.382202 -1.0997 0.74208 26 
-0.827075 -0.344271 -0.936925 0.692008 27 
-0.696822 -0.311827 -0.797844 0.649225 28 
-0.584141 -0.283761 -0.677638 0.612248 29 
-0.4857 -0.259241 -0.572708 0.57997 30 
-0.398961 -0.237636 -0.480316 0.551549 31 
-0.321954 -0.218455 -0.398342 0.526333 32 
-0.253128 -0.201312 -0.325117 0.503808 33 
-0.191246 -0.185898 -0.259312 0.483566 34 
-0.135306 -0.171964 -0.199854 0.465276 35 
-0.0844928 -0.159308 -0.145866 0.448669 36 
-0.0381317 -0.14776 -0.0966268 0.433522 37 
0.00433763 -0.137182 -0.0515363 0.419652 38 
0.0433855 -0.127455 -0.0100913 0.406903 39 
-13.3941 -5.03528 -16.3668 10.1627 54 
-7.04303 -2.50048 -8.11094 4.64552 55 
-4.99944 -1.68486 -5.62985 2.98747 56 
-3.99088 -1.28233 -4.43454 2.18867 57 
-3.38991 -1.04248 -3.7312 1.71864 58 
-2.99099 -0.883262 -3.26793 1.40905 59 
3.21472 -0.223541 3.04434 1.93075 60 
2.63913 -0.206101 2.48512 1.65176 61 
2.20139 -0.192839 2.06127 1.4403 62 
1.85726 -0.182412 1.72894 1.2745 63 
1.57962 -0.174 1.46138 1.14102 64 
1.35089 -0.16707 1.24134 1.03124 65 
1.1592 -0.161263 1.05718 0.939363 66 
0.996229 -0.156325 0.900799 0.861344 67 
0.855965 -0.152075 0.766346 0.794265 68 
0.733975 -0.148379 0.649512 0.735977 69 
0.626906 -0.145135 0.547047 0.684858 70 
0.532178 -0.142265 0.456454 0.639661 71 
0.447774 -0.139708 0.375782 0.599414 72 
0.372092 -0.137415 0.303486 0.563346 73 
0.303848 -0.135347 0.238327 0.530838 74 
0.241997 -0.133473 0.179296 0.501388 75 
0.18568 -0.131767 0.125569 0.474583 76 
0.134186 -0.130206 0.076461 0.450084 77 
0.0869214 -0.128774 0.0314012 0.427603 78 
0.0433855 -0.127455 -0.0100913 0.406903 79 
