-4 -4 2 1 -1.82822 -0.46146 
-4 -3.57895 2 1 -1.98486 -0.501524 
-4 -3.15789 2 1 -2.18846 -0.553601 
-4 -2.73684 2 1 -2.46388 -0.624046 
-4 -2.31579 2 1 -2.85723 -0.724656 
-4 -1.89474 2 1 -3.46492 -0.880087 
-4 -1.47368 2 1 -4.52771 -1.15192 
-4 -1.05263 2 1 -6.86293 -1.74921 
-4 -0.631579 2 1 -16.1636 -4.12809 
4 -4 2 1 0.157913 -0.1705 
4 -3.57895 2 1 0.197685 -0.171329 
4 -3.15789 2 1 0.241703 -0.172247 
4 -2.73684 2 1 0.290688 -0.173268 
4 -2.31579 2 1 0.34553 -0.174411 
4 -1.89474 2 1 0.407345 -0.1757 
4 -1.47368 2 1 0.477554 -0.177163 
4 -1.05263 2 1 0.557991 -0.17884 
4 -0.631579 2 1 0.651068 -0.18078 
4 -0.210526 2 1 0.760017 -0.183051 
4 0.210526 2 1 0.889276 -0.185746 
4 0.631579 2 1 1.04511 -0.188994 
4 1.05263 2 1 1.23665 -0.192987 
4 1.47368 2 1 1.47776 -0.198013 
4 1.89474 2 1 1.79054 -0.204533 
4 2.31579 2 1 2.21253 -0.213329 
4 2.73684 2 1 2.81302 -0.225847 
4 3.15789 2 1 3.73564 -0.245079 
4 3.57895 2 1 5.3346 -0.27841 
4 4 2 1 8.78395 -0.350312 
-4 -4 2 1 -1.82822 -0.46146 
-3.57895 -4 2 1 -1.59536 -0.427347 
-3.15789 -4 2 1 -1.39223 -0.39759 
-2.73684 -4 2 1 -1.21349 -0.371405 
-2.31579 -4 2 1 -1.05498 -0.348185 
-1.89474 -4 2 1 -0.913467 -0.327453 
-1.47368 -4 2 1 -0.786343 -0.30883 
-1.05263 -4 2 1 -0.671525 -0.292009 
-0.631579 -4 2 1 -0.567307 -0.276742 
-0.210526 -4 2 1 -0.472286 -0.262822 
0.210526 -4 2 1 -0.385297 -0.250078 
0.631579 -4 2 1 -0.305362 -0.238368 
1.05263 -4 2 1 -0.231656 -0.227571 
1.47368 -4 2 1 -0.16348 -0.217583 
1.89474 -4 2 1 -0.100233 -0.208317 
2.31579 -4 2 1 -0.0413983 -0.199699 
2.73684 -4 2 1 0.0134689 -0.191661 
3.15789 -4 2 1 0.0647574 -0.184147 
3.57895 -4 2 1 0.112806 -0.177108 
4 -4 2 1 0.157913 -0.1705 
3.15789 4 2 1 28.6874 -1.42607 
3.57895 4 2 1 12.9608 -0.576066 
4 4 2 1 8.78395 -0.350312 
-4 -4 6 1 -1.71965 0.736554 
-4 -3.57895 6 1 -1.84404 0.837931 
-4 -3.15789 6 1 -2.00039 0.965348 
-4 -2.73684 6 1 -2.20282 1.13032 
-4 -2.31579 6 1 -2.47522 1.35231 
-4 -1.89474 6 1 -2.86145 1.66707 
-4 -1.47368 6 1 -3.4517 2.1481 
-4 -1.05263 6 1 -4.46568 2.97446 
-4 -0.631579 6 1 -6.61511 4.72615 
-4 -0.210526 6 1 -14.2335 10.9348 
4 -4 6 1 0.105123 0.351353 
4 -3.57895 6 1 0.140233 0.375605 
4 -3.15789 6 1 0.178882 0.402301 
4 -2.73684 6 1 0.221634 0.43183 
4 -2.31579 6 1 0.269177 0.464669 
4 -1.89474 6 1 0.322365 0.501408 
4 -1.47368 6 1 0.382267 0.542784 
4 -1.05263 6 1 0.45024 0.589735 
4 -0.631579 6 1 0.528033 0.643469 
4 -0.210526 6 1 0.61794 0.70557 
4 0.210526 6 1 0.723029 0.778158 
4 0.631579 6 1 0.847501 0.864134 
4 1.05263 6 1 0.997262 0.967577 
4 1.47368 6 1 1.18089 1.09442 
4 1.89474 6 1 1.41134 1.25359 
4 2.31579 6 1 1.70914 1.45929 
4 2.73684 6 1 2.10885 1.73538 
4 3.15789 6 1 2.67361 2.12548 
4 3.57895 6 1 3.53223 2.71855 
4 4 6 1 4.9947 3.72872 
-4 -4 6 1 -1.71965 0.736554 
-3.57895 -4 6 1 -1.51833 0.694056 
-3.15789 -4 6 1 -1.34012 0.656438 
-2.73684 -4 6 1 -1.18126 0.622903 
-2.31579 -4 6 1 -1.03877 0.592823 
-1.89474 -4 6 1 -0.910224 0.565688 
-1.47368 -4 6 1 -0.793684 0.541087 
-1.05263 -4 6 1 -0.68754 0.518681 
-0.631579 -4 6 1 -0.59046 0.498187 
-0.210526 -4 6 1 -0.501331 0.479373 
0.210526 -4 6 1 -0.419214 0.462038 
0.631579 -4 6 1 -0.343314 0.446016 
1.05263 -4 6 1 -0.272949 0.431162 
1.47368 -4 6 1 -0.207537 0.417354 
1.89474 -4 6 1 -0.146571 0.404484 
2.31579 -4 6 1 -0.0896129 0.392461 
2.73684 -4 6 1 -0.0362806 0.381203 
3.15789 -4 6 1 0.0137616 0.370639 
3.57895 -4 6 1 0.0608091 0.360707 
4 -4 6 1 0.105123 0.351353 
2.31579 4 6 1 33.336 34.4097 
2.73684 4 6 1 11.899 11.203 
3.15789 4 6 1 7.74238 6.70323 
3.57895 4 6 1 5.97388 4.78874 
4 4 6 1 4.9947 3.72872 
