45.7215 2.92948 9.97627 9.27107 4 
8.17668 0.458736 5.17054 4.8008 5 
4.45666 0.213929 3.4724 3.22121 6 
3.04724 0.121178 2.60406 2.41348 7 
2.30579 0.0723852 2.07672 1.92295 8 
1.84843 0.0422871 1.72248 1.59344 9 
1.53813 0.021867 1.46813 1.35684 10 
1.31379 0.00710338 1.27664 1.17872 11 
1.14403 -0.00406807 1.12726 1.03977 12 
1.01109 -0.0128162 1.00748 0.928354 13 
0.904174 -0.0198524 0.909304 0.837027 14 
0.816314 -0.0256343 0.827361 0.760804 15 
0.742833 -0.0304699 0.757936 0.696225 16 
0.680468 -0.034574 0.698363 0.640811 17 
0.626875 -0.0381008 0.646684 0.592739 18 
0.580325 -0.0411642 0.601427 0.550642 19 
-11.0408 2.78741 -4.86308 6.94438 26 
-5.03296 1.2129 -3.09025 4.33819 27 
-3.27975 0.753422 -2.27647 3.14186 28 
-2.44345 0.534249 -1.80919 2.45493 29 
-1.95386 0.405942 -1.50595 2.00915 30 
-1.6324 0.321694 -1.29327 1.69649 31 
-1.40515 0.262138 -1.13585 1.46508 32 
-1.23599 0.217806 -1.01464 1.28688 33 
-1.10517 0.183521 -0.918422 1.14543 34 
-1.00098 0.156216 -0.840195 1.03043 35 
-0.916048 0.133957 -0.775343 0.935097 36 
-0.845478 0.115462 -0.720707 0.854778 37 
-0.785914 0.099852 -0.674048 0.786186 38 
-0.734968 0.0865002 -0.633739 0.726929 39 
0.580325 -0.0411642 0.601427 0.550642 60 
0.517143 -0.0350316 0.541785 0.559154 61 
0.453345 -0.0288393 0.481593 0.567745 62 
0.388922 -0.0225863 0.420844 0.576416 63 
0.323864 -0.0162717 0.359529 0.585166 64 
0.258164 -0.00989471 0.297642 0.593999 65 
0.19181 -0.00345429 0.235174 0.602915 66 
0.124793 0.00305047 0.172117 0.611915 67 
0.0571029 0.00962056 0.108463 0.621 68 
-0.0112701 0.0162569 0.0442018 0.630171 69 
-0.0803366 0.0229607 -0.0206738 0.63943 70 
-0.150107 0.0297327 -0.0861729 0.648779 71 
-0.220593 0.0365741 -0.152305 0.658217 72 
-0.291804 0.043486 -0.219078 0.667747 73 
-0.363753 0.0504695 -0.286503 0.67737 74 
-0.436451 0.0575257 -0.354589 0.687088 75 
-0.509909 0.0646556 -0.423346 0.696901 76 
-0.58414 0.0718606 -0.492783 0.706811 77 
-0.659155 0.0791417 -0.56291 0.71682 78 
-0.734968 0.0865002 -0.633739 0.726929 79 
