-1.19729 -0.190812 -1.32425 0.743306 0 
-1.27938 -0.209122 -1.42194 0.820374 1 
-1.37964 -0.231484 -1.54199 0.915086 2 
-1.50484 -0.25941 -1.69308 1.03429 3 
-1.66562 -0.29527 -1.88903 1.18888 4 
-1.87966 -0.343008 -2.15331 1.39738 5 
-2.17865 -0.409696 -2.52921 1.69393 6 
-2.62572 -0.50941 -3.10635 2.14925 7 
-3.36707 -0.67476 -4.10542 2.93744 8 
-4.83578 -1.00234 -6.25568 4.63384 9 
-9.13319 -1.96083 -14.2514 10.9419 10 
0.31366 -0.001092 0.262787 0.565474 20 
0.353816 -0.000746181 0.300639 0.599547 21 
0.398959 -0.000357419 0.343282 0.637932 22 
0.45008 8.28198e-05 0.391687 0.681504 23 
0.50845 0.000585484 0.447106 0.73139 24 
0.575728 0.00116487 0.511183 0.78907 25 
0.654122 0.00183998 0.586119 0.856524 26 
0.746636 0.00263668 0.67493 0.936468 27 
0.857461 0.00359108 0.781863 1.03272 28 
0.992632 0.00475513 0.913094 1.15085 29 
1.16116 0.00620645 1.07797 1.29926 30 
1.37713 0.00806633 1.29132 1.49131 31 
1.66386 0.0105356 1.57822 1.74957 32 
2.06293 0.0139723 1.98462 2.11539 33 
2.65647 0.0190836 2.60481 2.67367 34 
3.63238 0.0274879 3.66774 3.63047 35 
5.53577 0.0438794 5.91057 5.64937 36 
10.8859 0.0899536 13.7485 12.7048 37 
-1.19729 -0.190812 -1.32425 0.743306 40 
-1.07111 -0.174969 -1.19038 0.728305 41 
-0.952896 -0.160126 -1.06519 0.714277 42 
-0.841918 -0.146191 -0.947851 0.701129 43 
-0.73753 -0.133084 -0.837654 0.688781 44 
-0.639161 -0.120732 -0.733965 0.677163 45 
-0.546306 -0.109073 -0.636224 0.666211 46 
-0.458515 -0.0980493 -0.543932 0.655869 47 
-0.375382 -0.0876109 -0.456648 0.646089 48 
-0.296548 -0.0777122 -0.373973 0.636825 49 
-0.221688 -0.0683124 -0.295552 0.628038 50 
-0.150507 -0.0593747 -0.221066 0.619691 51 
-0.0827425 -0.0508658 -0.150225 0.611753 52 
-0.0181529 -0.0427557 -0.0827676 0.604194 53 
0.0434793 -0.0350169 -0.0184577 0.596988 54 
0.102353 -0.0276245 0.0429202 0.590111 55 
0.158649 -0.0205558 0.101562 0.58354 56 
0.212533 -0.0137899 0.157647 0.577255 57 
0.264157 -0.00730779 0.211339 0.571239 58 
0.31366 -0.001092 0.262787 0.565474 59 
