6.81398 -1.60679 18.9188 10.7293 2 
4.22054 -0.979212 7.47705 4.46275 3 
2.99699 -0.683131 4.54371 2.85618 4 
2.28471 -0.510769 3.20046 2.1205 5 
1.81862 -0.397982 2.43008 1.69857 6 
1.48989 -0.318435 1.93051 1.42496 7 
1.2456 -0.25932 1.5803 1.23315 8 
1.05692 -0.213661 1.32117 1.09123 9 
0.906796 -0.177333 1.12169 0.981974 10 
0.784508 -0.147742 0.963383 0.89527 11 
0.682972 -0.123171 0.834694 0.824788 12 
0.597317 -0.102444 0.728023 0.766365 13 
0.524088 -0.0847237 0.638164 0.717151 14 
0.460765 -0.0694002 0.561434 0.675126 15 
0.405463 -0.0560182 0.49515 0.638823 16 
0.356751 -0.0442305 0.437316 0.607148 17 
0.313516 -0.0337683 0.386413 0.579268 18 
0.274884 -0.0244199 0.341265 0.554541 19 
-5.69068 -0.536117 -13.3389 13.2538 30 
-3.80472 -0.293881 -5.74385 5.54988 31 
-2.91168 -0.179178 -3.77063 3.54838 32 
-2.39083 -0.11228 -2.86344 2.62819 33 
-2.04963 -0.0684549 -2.34213 2.0994 34 
-1.80879 -0.0375217 -2.00367 1.75609 35 
-1.62972 -0.0145213 -1.76621 1.51523 36 
-1.49135 0.003251 -1.59042 1.33692 37 
-1.38122 0.0173959 -1.45503 1.19959 38 
-1.29149 0.028921 -1.34754 1.09056 39 
0.274884 -0.0244199 0.341265 0.554541 60 
0.226411 -0.0227692 0.291328 0.570391 61 
0.175666 -0.0210411 0.2389 0.587031 62 
0.122487 -0.0192302 0.183788 0.604524 63 
0.0666933 -0.0173302 0.125782 0.622935 64 
0.00808828 -0.0153345 0.0646468 0.642339 65 
-0.0535464 -0.0132356 0.000122609 0.662819 66 
-0.118452 -0.0110253 -0.0680804 0.684466 67 
-0.186896 -0.00869458 -0.140286 0.707384 68 
-0.259175 -0.0062332 -0.216858 0.731688 69 
-0.335622 -0.00362989 -0.298203 0.757506 70 
-0.416608 -0.00087203 -0.384784 0.784987 71 
-0.502549 0.00205458 -0.477122 0.814294 72 
-0.593915 0.0051659 -0.57581 0.845618 73 
-0.691234 0.00848 -0.681528 0.879173 74 
-0.795111 0.0120174 -0.795055 0.915206 75 
-0.906229 0.0158014 -0.917288 0.954002 76 
-1.02537 0.0198587 -1.04927 0.995892 77 
-1.15345 0.0242201 -1.19221 1.04126 78 
-1.29149 0.028921 -1.34754 1.09056 79 
