-0.419035 0.0763118 -0.443236 0.728818 0 
-0.460088 0.0700471 -0.491248 0.767973 1 
-0.506643 0.0629428 -0.54658 0.813097 2 
-0.559886 0.0548179 -0.611045 0.865669 3 
-0.62137 0.0454353 -0.687107 0.927699 4 
-0.693169 0.0344787 -0.778205 1.00199 5 
-0.778116 0.0215157 -0.889285 1.09258 6 
-0.880187 0.00593951 -1.02773 1.20549 7 
-1.00514 -0.0131285 -1.20509 1.35012 8 
-1.16164 -0.0370109 -1.44042 1.54204 9 
-1.36337 -0.0677942 -1.76773 1.80896 10 
-1.63322 -0.108975 -2.25402 2.20554 11 
-2.01275 -0.166891 -3.05228 2.85653 12 
-2.58584 -0.254345 -4.6045 4.12239 13 
-3.55126 -0.40167 -8.93469 7.65372 14 
-5.52159 -0.702345 -86.9588 71.2835 15 
0.961446 -0.0212528 1.15687 0.869993 20 
1.02371 -0.0381536 1.25031 0.940297 21 
1.09763 -0.058221 1.36482 1.02645 22 
1.18685 -0.0824369 1.50843 1.1345 23 
1.29662 -0.112236 1.69384 1.274 24 
1.43501 -0.149801 1.94241 1.46103 25 
1.61487 -0.198623 2.29306 1.72486 26 
1.85812 -0.264652 2.8249 2.12502 27 
2.20545 -0.358933 3.72729 2.80398 28 
2.74182 -0.504531 5.59456 4.20891 29 
3.67932 -0.759012 11.7519 8.84173 30 
-0.419035 0.0763118 -0.443236 0.728818 40 
-0.363886 0.0724141 -0.38177 0.734241 41 
-0.30724 0.0684107 -0.318431 0.73983 42 
-0.249035 0.0642971 -0.253132 0.745591 43 
-0.189207 0.0600688 -0.18578 0.751533 44 
-0.127687 0.0557209 -0.116278 0.757665 45 
-0.064401 0.0512482 -0.0445205 0.763996 46 
0.000727041 0.0466453 0.029604 0.770536 47 
0.067779 0.0419065 0.106215 0.777295 48 
0.136841 0.0370255 0.185439 0.784285 49 
0.208006 0.031996 0.267412 0.791517 50 
0.281371 0.026811 0.35228 0.799005 51 
0.357039 0.0214632 0.440199 0.806762 52 
0.43512 0.0159449 0.531337 0.814803 53 
0.515733 0.0102476 0.625874 0.823144 54 
0.599001 0.0043627 0.724003 0.831801 55 
0.685059 -0.00171939 0.825933 0.840794 56 
0.774049 -0.00800869 0.931889 0.850143 57 
0.866124 -0.014516 1.04212 0.859868 58 
0.961446 -0.0212528 1.15687 0.869993 59 
