0.820527 0.0345328 0.691823 0.70242 0 
0.736079 0.0282582 0.616937 0.692865 1 
0.652734 0.0220657 0.542929 0.683422 2 
0.570471 0.0159535 0.469783 0.674089 3 
0.489269 0.00992016 0.397484 0.664864 4 
0.409108 0.00396415 0.326016 0.655746 5 
0.329967 -0.00191602 0.255367 0.646732 6 
0.251828 -0.00772178 0.185522 0.63782 7 
0.174672 -0.0134545 0.116466 0.629009 8 
0.0984795 -0.0191157 0.0481882 0.620297 9 
0.0232333 -0.0247065 -0.019326 0.611683 10 
-0.0510842 -0.0302283 -0.086089 0.603164 11 
-0.12449 -0.0356824 -0.152113 0.59474 12 
-0.197001 -0.04107 -0.217411 0.586409 13 
-0.268634 -0.0463923 -0.281994 0.578169 14 
-0.339403 -0.0516505 -0.345875 0.570018 15 
-0.409326 -0.0568458 -0.409063 0.561956 16 
-0.478416 -0.0619792 -0.471572 0.55398 17 
-0.546689 -0.0670519 -0.533411 0.54609 18 
-0.614159 -0.072065 -0.594591 0.538284 19 
0.820527 0.0345328 0.691823 0.70242 40 
0.882659 0.0503439 0.737169 0.767165 41 
0.956423 0.0691152 0.789968 0.842552 42 
1.04542 0.0917638 0.852223 0.931439 43 
1.15493 0.11963 0.926722 1.03781 44 
1.29293 0.15475 1.01747 1.16738 45 
1.47225 0.200381 1.13044 1.32868 46 
1.71467 0.262073 1.27493 1.53498 47 
2.06065 0.350116 1.46627 1.80817 48 
2.59453 0.485976 1.73164 2.18707 49 
3.52646 0.723132 2.12434 2.74777 50 
5.56624 1.24221 2.76492 3.66239 51 
13.584 3.28256 3.99631 5.42056 52 
-0.614159 -0.072065 -0.594591 0.538284 60 
-0.667545 -0.0661819 -0.641278 0.584916 61 
-0.729628 -0.0593404 -0.694749 0.638324 62 
-0.80272 -0.0512856 -0.756599 0.700101 63 
-0.890036 -0.0416635 -0.828964 0.772381 64 
-0.996174 -0.029967 -0.914775 0.858092 65 
-1.12796 -0.0154445 -1.01816 0.961359 66 
-1.29596 0.00306898 -1.14515 1.08819 67 
-1.51748 0.0274807 -1.30484 1.2477 68 
-1.82295 0.0611434 -1.51176 1.45438 69 
-2.27124 0.110545 -1.79048 1.73277 70 
-2.99307 0.190091 -2.18621 2.12804 71 
-4.34875 0.339487 -2.79224 2.73335 72 
-7.82659 0.722743 -3.83682 3.77671 73 
-36.3568 3.86676 -6.06595 6.00322 74 
