-4 -4 2 1 0.999126 0.171326 
-4 -3.57895 2 1 0.893864 0.158573 
-4 -3.15789 2 1 0.792581 0.146301 
-4 -2.73684 2 1 0.695056 0.134485 
-4 -2.31579 2 1 0.601083 0.1231 
-4 -1.89474 2 1 0.510471 0.112121 
-4 -1.47368 2 1 0.423044 0.101529 
-4 -1.05263 2 1 0.338636 0.0913021 
-4 -0.631579 2 1 0.257094 0.0814225 
-4 -0.210526 2 1 0.178273 0.0718728 
-4 0.210526 2 1 0.102041 0.0626366 
-4 0.631579 2 1 0.028272 0.0536989 
-4 1.05263 2 1 -0.0431522 0.0450452 
-4 1.47368 2 1 -0.112341 0.0366624 
-4 1.89474 2 1 -0.179398 0.0285378 
-4 2.31579 2 1 -0.244421 0.0206598 
-4 2.73684 2 1 -0.3075 0.0130173 
-4 3.15789 2 1 -0.368721 0.0055998 
-4 3.57895 2 1 -0.428165 -0.00160238 
-4 4 2 1 -0.485909 -0.00859852 
-4 -4 2 1 0.999126 0.171326 
-3.57895 -4 2 1 1.0731 0.194267 
-3.15789 -4 2 1 1.16286 0.2221 
-2.73684 -4 2 1 1.27404 0.256577 
-2.31579 -4 2 1 1.41535 0.300398 
-1.89474 -4 2 1 1.60096 0.357958 
-1.47368 -4 2 1 1.8556 0.43692 
-1.05263 -4 2 1 2.22653 0.551946 
-0.631579 -4 2 1 2.817 0.735055 
-0.210526 -4 2 1 3.90389 1.0721 
0.210526 -4 2 1 6.56713 1.89798 
0.631579 -4 2 1 23.2846 7.08211 
-4 4 2 1 -0.485909 -0.00859852 
-3.57895 4 2 1 -0.534946 -0.00462057 
-3.15789 4 2 1 -0.591182 -5.87354e-05 
-2.73684 4 2 1 -0.656325 0.00522573 
-2.31579 4 2 1 -0.732676 0.0114193 
-1.89474 4 2 1 -0.823397 0.0187786 
-1.47368 4 2 1 -0.932968 0.0276671 
-1.05263 4 2 1 -1.06795 0.0386164 
-0.631579 4 2 1 -1.23832 0.0524375 
-0.210526 4 2 1 -1.46013 0.0704306 
0.210526 4 2 1 -1.76079 0.0948203 
0.631579 4 2 1 -2.19145 0.129755 
1.05263 4 2 1 -2.85967 0.183962 
1.47368 4 2 1 -4.03687 0.279457 
1.89474 4 2 1 -6.66232 0.492434 
2.31579 4 2 1 -17.68 1.38619 
-4 -4 6 1 0.858128 0.952217 
-4 -3.57895 6 1 0.762581 0.926318 
-4 -3.15789 6 1 0.670404 0.901332 
-4 -2.73684 6 1 0.58142 0.877211 
-4 -2.31579 6 1 0.495468 0.853913 
-4 -1.89474 6 1 0.412395 0.831395 
-4 -1.47368 6 1 0.332059 0.809618 
-4 -1.05263 6 1 0.254326 0.788548 
-4 -0.631579 6 1 0.179072 0.768149 
-4 -0.210526 6 1 0.10618 0.748391 
-4 0.210526 6 1 0.035541 0.729243 
-4 0.631579 6 1 -0.032948 0.710678 
-4 1.05263 6 1 -0.0993838 0.69267 
-4 1.47368 6 1 -0.163857 0.675193 
-4 1.89474 6 1 -0.226454 0.658226 
-4 2.31579 6 1 -0.287255 0.641745 
-4 2.73684 6 1 -0.346336 0.62573 
-4 3.15789 6 1 -0.40377 0.610162 
-4 3.57895 6 1 -0.459624 0.595022 
-4 4 6 1 -0.513962 0.580293 
-4 -4 6 1 0.858128 0.952217 
-3.57895 -4 6 1 0.913951 1.04297 
-3.15789 -4 6 1 0.980689 1.15146 
-2.73684 -4 6 1 1.06189 1.28346 
-2.31579 -4 6 1 1.16283 1.44755 
-1.89474 -4 6 1 1.29169 1.65703 
-1.47368 -4 6 1 1.46193 1.93378 
-1.05263 -4 6 1 1.69728 2.31638 
-0.631579 -4 6 1 2.04394 2.87993 
-0.210526 -4 6 1 2.60534 3.79255 
0.210526 -4 6 1 3.67048 5.52409 
0.631579 -4 6 1 6.46922 10.0738 
1.05263 -4 6 1 33.7288 54.388 
-4 4 6 1 -0.513962 0.580293 
-3.57895 4 6 1 -0.56212 0.622105 
-3.15789 4 6 1 -0.616931 0.669695 
-2.73684 4 6 1 -0.679877 0.724347 
-2.31579 4 6 1 -0.752914 0.787762 
-1.89474 4 6 1 -0.838681 0.862228 
-1.47368 4 6 1 -0.940822 0.950911 
-1.05263 4 6 1 -1.06452 1.05831 
-0.631579 4 6 1 -1.21741 1.19106 
-0.210526 4 6 1 -1.41121 1.35932 
0.210526 4 6 1 -1.66485 1.57955 
0.631579 4 6 1 -2.01115 1.88022 
1.05263 4 6 1 -2.5122 2.31525 
1.47368 4 6 1 -3.30157 3.00062 
1.89474 4 6 1 -4.72869 4.23971 
2.31579 4 6 1 -8.09019 7.15832 
2.73684 4 6 1 -25.5897 22.3522 
