1.33762 -0.034567 1.25529 1.02381 0 
1.18675 -0.0422665 1.10522 0.972998 1 
1.04747 -0.0493747 0.966858 0.926156 2 
0.918491 -0.0559572 0.83889 0.882832 3 
0.798711 -0.0620702 0.720187 0.842644 4 
0.687179 -0.0677622 0.609777 0.805265 5 
0.583072 -0.0730753 0.506821 0.770408 6 
0.485673 -0.0780461 0.410588 0.737828 7 
0.394354 -0.0827066 0.320441 0.707309 8 
0.308562 -0.087085 0.23582 0.67866 9 
0.22781 -0.0912062 0.156233 0.651715 10 
0.151667 -0.0950922 0.0812422 0.626327 11 
0.0797497 -0.0987625 0.0104614 0.602364 12 
0.0117152 -0.102235 -0.0564542 0.579709 13 
-0.0527425 -0.105524 -0.119813 0.558259 14 
-0.113898 -0.108645 -0.179891 0.537919 15 
-0.171999 -0.111611 -0.236937 0.518606 16 
-0.227269 -0.114431 -0.291174 0.500243 17 
-0.27991 -0.117118 -0.342806 0.482763 18 
-0.330104 -0.119679 -0.392015 0.466103 19 
1.33762 -0.034567 1.25529 1.02381 40 
1.44353 -0.0449678 1.35376 1.13568 41 
1.57656 -0.0580318 1.47799 1.27685 42 
1.74866 -0.0749321 1.63965 1.46052 43 
1.97998 -0.0976492 1.85862 1.70931 44 
2.30748 -0.129811 2.17195 2.06532 45 
2.80686 -0.178851 2.65739 2.61689 46 
3.66157 -0.262786 3.51046 3.58616 47 
5.46031 -0.439427 5.40322 5.73676 48 
11.6961 -1.0518 13.2018 14.5977 49 
-0.330104 -0.119679 -0.392015 0.466103 60 
-0.37445 -0.13035 -0.440597 0.491053 61 
-0.424495 -0.142392 -0.495491 0.519244 62 
-0.481413 -0.156088 -0.558011 0.551352 63 
-0.546722 -0.171803 -0.629868 0.588254 64 
-0.622428 -0.190019 -0.713319 0.631111 65 
-0.711227 -0.211386 -0.811418 0.68149 66 
-0.816837 -0.236799 -0.928393 0.741563 67 
-0.944532 -0.267525 -1.07027 0.814425 68 
-1.10205 -0.305427 -1.24595 0.904647 69 
-1.30121 -0.35335 -1.46915 1.01927 70 
-1.56106 -0.415875 -1.76216 1.16975 71 
-1.91431 -0.500874 -2.16381 1.37602 72 
-2.42234 -0.62312 -2.74825 1.67616 73 
-3.21547 -0.813964 -3.67707 2.15316 74 
-4.62721 -1.15366 -5.38173 3.02859 75 
-7.84411 -1.92772 -9.53149 5.15972 76 
-22.4656 -5.44598 -34.728 18.0995 77 
