-4 -4 2 1 -0.914057 0.265677 
-4 -3.57895 2 1 -0.978482 0.277387 
-4 -3.15789 2 1 -1.05511 0.291316 
-4 -2.73684 2 1 -1.14779 0.30816 
-4 -2.31579 2 1 -1.26212 0.328942 
-4 -1.89474 2 1 -1.40673 0.355226 
-4 -1.47368 2 1 -1.59545 0.389529 
-4 -1.05263 2 1 -1.85213 0.436183 
-4 -0.631579 2 1 -2.2215 0.503321 
-4 -0.210526 2 1 -2.79868 0.60823 
-4 0.210526 2 1 -3.82766 0.795259 
-4 0.631579 2 1 -6.18009 1.22284 
-4 1.05263 2 1 -17.0097 3.19125 
4 -4 2 1 0.490631 0.329011 
4 -3.57895 2 1 0.535965 0.34265 
4 -3.15789 2 1 0.587984 0.3583 
4 -2.73684 2 1 0.648283 0.376442 
4 -2.31579 2 1 0.71901 0.39772 
4 -1.89474 2 1 0.803128 0.423028 
4 -1.47368 2 1 0.904835 0.453627 
4 -1.05263 2 1 1.03029 0.491372 
4 -0.631579 2 1 1.18892 0.539096 
4 -0.210526 2 1 1.39589 0.601361 
4 0.210526 2 1 1.67724 0.686007 
4 0.631579 2 1 2.08187 0.807743 
4 1.05263 2 1 2.71355 0.997788 
4 1.47368 2 1 3.83792 1.33606 
4 1.89474 2 1 6.39982 2.10682 
4 2.31579 2 1 18.0419 5.6094 
-4 -4 2 1 -0.914057 0.265677 
-3.57895 -4 2 1 -0.823548 0.269758 
-3.15789 -4 2 1 -0.735265 0.273738 
-2.73684 -4 2 1 -0.64913 0.277622 
-2.31579 -4 2 1 -0.565062 0.281413 
-1.89474 -4 2 1 -0.48299 0.285113 
-1.47368 -4 2 1 -0.402844 0.288727 
-1.05263 -4 2 1 -0.324555 0.292257 
-0.631579 -4 2 1 -0.24806 0.295705 
-0.210526 -4 2 1 -0.173298 0.299076 
0.210526 -4 2 1 -0.100212 0.302372 
0.631579 -4 2 1 -0.0287447 0.305594 
1.05263 -4 2 1 0.0411565 0.308746 
1.47368 -4 2 1 0.109542 0.311829 
1.89474 -4 2 1 0.176462 0.314846 
2.31579 -4 2 1 0.241962 0.317799 
2.73684 -4 2 1 0.306087 0.320691 
3.15789 -4 2 1 0.368879 0.323522 
3.57895 -4 2 1 0.430381 0.326295 
4 -4 2 1 0.490631 0.329011 
-4 -4 6 1 -1.08655 1.15562 
-4 -3.57895 6 1 -1.17654 1.25625 
-4 -3.15789 6 1 -1.28612 1.37877 
-4 -2.73684 6 1 -1.42247 1.53123 
-4 -2.31579 6 1 -1.59675 1.7261 
-4 -1.89474 6 1 -1.82735 1.98395 
-4 -1.47368 6 1 -2.14684 2.34118 
-4 -1.05263 6 1 -2.61888 2.86899 
-4 -0.631579 6 1 -3.38698 3.72784 
-4 -0.210526 6 1 -4.85698 5.37152 
-4 0.210526 6 1 -8.8003 9.78073 
-4 0.631579 6 1 -54.5426 60.9274 
4 -4 6 1 0.489877 1.03642 
4 -3.57895 6 1 0.539848 1.10507 
4 -3.15789 6 1 0.598012 1.18498 
4 -2.73684 6 1 0.666563 1.27916 
4 -2.31579 6 1 0.74856 1.39181 
4 -1.89474 6 1 0.848385 1.52895 
4 -1.47368 6 1 0.972564 1.69956 
4 -1.05263 6 1 1.13125 1.91756 
4 -0.631579 6 1 1.34113 2.20591 
4 -0.210526 6 1 1.63178 2.60521 
4 0.210526 6 1 2.0609 3.19474 
4 0.631579 6 1 2.75838 4.15297 
4 1.05263 6 1 4.09053 5.98312 
4 1.47368 6 1 7.6467 10.8687 
4 1.89474 6 1 47.1307 65.1132 
-4 -4 6 1 -1.08655 1.15562 
-3.57895 -4 6 1 -0.982733 1.14777 
-3.15789 -4 6 1 -0.881776 1.14014 
-2.73684 -4 6 1 -0.78356 1.13271 
-2.31579 -4 6 1 -0.687976 1.12548 
-1.89474 -4 6 1 -0.594919 1.11845 
-1.47368 -4 6 1 -0.504291 1.11159 
-1.05263 -4 6 1 -0.415997 1.10492 
-0.631579 -4 6 1 -0.329949 1.09841 
-0.210526 -4 6 1 -0.246061 1.09207 
0.210526 -4 6 1 -0.164254 1.08588 
0.631579 -4 6 1 -0.0844508 1.07985 
1.05263 -4 6 1 -0.00657896 1.07396 
1.47368 -4 6 1 0.0694309 1.06821 
1.89474 -4 6 1 0.143645 1.0626 
2.31579 -4 6 1 0.216125 1.05712 
2.73684 -4 6 1 0.286933 1.05177 
3.15789 -4 6 1 0.356125 1.04654 
3.57895 -4 6 1 0.423756 1.04142 
4 -4 6 1 0.489877 1.03642 
