-4 2.31579 2 1 19.3859 -1.04165 
-4 2.73684 2 1 9.74984 -0.3968 
-4 3.15789 2 1 6.78248 -0.198222 
-4 3.57895 2 1 5.34079 -0.101743 
-4 4 2 1 4.48875 -0.0447234 
4 -4 2 1 -2.32397 -0.467552 
4 -3.57895 2 1 -1.95072 -0.398774 
4 -3.15789 2 1 -1.64944 -0.343258 
4 -2.73684 2 1 -1.40114 -0.297505 
4 -2.31579 2 1 -1.19298 -0.259148 
4 -1.89474 2 1 -1.01595 -0.226527 
4 -1.47368 2 1 -0.863559 -0.198446 
4 -1.05263 2 1 -0.730991 -0.174018 
4 -0.631579 2 1 -0.614617 -0.152574 
4 -0.210526 2 1 -0.51164 -0.133599 
4 0.210526 2 1 -0.419873 -0.116689 
4 0.631579 2 1 -0.33758 -0.101525 
4 1.05263 2 1 -0.263366 -0.0878496 
4 1.47368 2 1 -0.196096 -0.075454 
4 1.89474 2 1 -0.13484 -0.0641665 
4 2.31579 2 1 -0.0788257 -0.0538448 
4 2.73684 2 1 -0.0274078 -0.0443702 
4 3.15789 2 1 0.019957 -0.0356424 
4 3.57895 2 1 0.0637299 -0.0275765 
4 4 2 1 0.104305 -0.0200999 
1.05263 -4 2 1 -138.7 -42.3428 
1.47368 -4 2 1 -10.5494 -2.99322 
1.89474 -4 2 1 -5.8762 -1.55829 
2.31579 -4 2 1 -4.2418 -1.05644 
2.73684 -4 2 1 -3.40943 -0.80085 
3.15789 -4 2 1 -2.90504 -0.645974 
3.57895 -4 2 1 -2.56668 -0.54208 
4 -4 2 1 -2.32397 -0.467552 
-4 4 2 1 4.48875 -0.0447234 
-3.57895 4 2 1 3.44869 -0.0388823 
-3.15789 4 2 1 2.74783 -0.0349462 
-2.73684 4 2 1 2.2435 -0.0321138 
-2.31579 4 2 1 1.86319 -0.029978 
-1.89474 4 2 1 1.56618 -0.0283099 
-1.47368 4 2 1 1.32779 -0.0269711 
-1.05263 4 2 1 1.13222 -0.0258728 
-0.631579 4 2 1 0.968899 -0.0249555 
-0.210526 4 2 1 0.830448 -0.024178 
0.210526 4 2 1 0.711591 -0.0235105 
0.631579 4 2 1 0.608442 -0.0229312 
1.05263 4 2 1 0.518081 -0.0224237 
1.47368 4 2 1 0.438269 -0.0219755 
1.89474 4 2 1 0.36726 -0.0215767 
2.31579 4 2 1 0.303674 -0.0212196 
2.73684 4 2 1 0.246404 -0.0208979 
3.15789 4 2 1 0.194555 -0.0206067 
3.57895 4 2 1 0.147391 -0.0203419 
4 4 2 1 0.104305 -0.0200999 
-4 2.73684 6 1 18.3913 15.0069 
-4 3.15789 6 1 9.45394 7.30868 
-4 3.57895 6 1 6.62467 4.87169 
-4 4 6 1 5.23656 3.67604 
4 -4 6 1 -2.81365 1.44924 
4 -3.57895 6 1 -2.3394 1.29796 
4 -3.15789 6 1 -1.96596 1.17883 
4 -2.73684 6 1 -1.66427 1.08259 
4 -2.31579 6 1 -1.41547 1.00322 
4 -1.89474 6 1 -1.20676 0.936649 
4 -1.47368 6 1 -1.02919 0.880003 
4 -1.05263 6 1 -0.876261 0.83122 
4 -0.631579 6 1 -0.743183 0.788768 
4 -0.210526 6 1 -0.626324 0.751491 
4 0.210526 6 1 -0.522891 0.718496 
4 0.631579 6 1 -0.430694 0.689086 
4 1.05263 6 1 -0.347998 0.662706 
4 1.47368 6 1 -0.273406 0.638911 
4 1.89474 6 1 -0.205782 0.617339 
4 2.31579 6 1 -0.144193 0.597693 
4 2.73684 6 1 -0.0878667 0.579725 
4 3.15789 6 1 -0.0361552 0.563229 
4 3.57895 6 1 0.0114859 0.548032 
4 4 6 1 0.0555192 0.533985 
1.47368 -4 6 1 -47.8997 35.0508 
1.89474 -4 6 1 -10.6 7.25219 
2.31579 -4 6 1 -6.2882 4.03874 
2.73684 -4 6 1 -4.62055 2.79588 
3.15789 -4 6 1 -3.73557 2.13633 
3.57895 -4 6 1 -3.187 1.72749 
4 -4 6 1 -2.81365 1.44924 
-4 4 6 1 5.23656 3.67604 
-3.57895 4 6 1 3.8272 2.82133 
-3.15789 4 6 1 2.94785 2.28805 
-2.73684 4 6 1 2.34686 1.92358 
-2.31579 4 6 1 1.91012 1.65871 
-1.89474 4 6 1 1.57839 1.45753 
-1.47368 4 6 1 1.31785 1.29953 
-1.05263 4 6 1 1.10782 1.17216 
-0.631579 4 6 1 0.934903 1.06729 
-0.210526 4 6 1 0.790059 0.979449 
0.210526 4 6 1 0.666968 0.9048 
0.631579 4 6 1 0.561069 0.840577 
1.05263 4 6 1 0.468998 0.78474 
1.47368 4 6 1 0.388211 0.735747 
1.89474 4 6 1 0.316753 0.692411 
2.31579 4 6 1 0.253098 0.653807 
2.73684 4 6 1 0.196032 0.6192 
3.15789 4 6 1 0.144584 0.587999 
3.57895 4 6 1 0.0979627 0.559725 
4 4 6 1 0.0555192 0.533985 
