0.981481 0.172601 0.840508 0.94018 0 
0.87835 0.160195 0.747163 0.91573 1 
0.778897 0.148231 0.656911 0.89209 2 
0.682929 0.136687 0.569602 0.869221 3 
0.590265 0.12554 0.485094 0.847086 4 
0.500739 0.11477 0.403255 0.82565 5 
0.414194 0.104359 0.323959 0.80488 6 
0.330482 0.0942888 0.24709 0.784746 7 
0.249467 0.084543 0.172539 0.765219 8 
0.171021 0.0751063 0.100203 0.746271 9 
0.0950237 0.0659642 0.0299825 0.727879 10 
0.0213618 0.057103 -0.0382121 0.710016 11 
-0.0500705 0.04851 -0.104468 0.692662 12 
-0.119373 0.0401732 -0.168866 0.675794 13 
-0.186639 0.0320813 -0.231484 0.659393 14 
-0.251958 0.0242238 -0.292394 0.643439 15 
-0.315413 0.0165904 -0.351665 0.627914 16 
-0.377082 0.00917191 -0.409363 0.612801 17 
-0.43704 0.00195923 -0.46555 0.598084 18 
-0.495357 -0.00505605 -0.520283 0.583748 19 
0.981481 0.172601 0.840508 0.94018 40 
1.05396 0.196108 0.894863 1.02915 41 
1.14172 0.224566 0.959671 1.13523 42 
1.25013 0.259726 1.03827 1.26388 43 
1.38749 0.30427 1.13558 1.42317 44 
1.56714 0.362534 1.25919 1.62551 45 
1.8122 0.442008 1.42144 1.89107 46 
2.16634 0.556856 1.64377 2.25501 47 
2.72321 0.737452 1.96718 2.78437 48 
3.72673 1.0629 2.48084 3.62516 49 
6.07406 1.82415 3.42259 5.16667 50 
17.9333 5.67016 5.70997 8.91077 51 
-0.495357 -0.00505605 -0.520283 0.583748 60 
-0.544644 -0.000307147 -0.568292 0.626358 61 
-0.601216 0.00514364 -0.622951 0.67487 62 
-0.666816 0.0114643 -0.685745 0.730603 63 
-0.743794 0.0188813 -0.758637 0.795297 64 
-0.83539 0.0277067 -0.844273 0.871304 65 
-0.946204 0.0383838 -0.946319 0.961874 66 
-1.083 0.0515639 -1.06999 1.07164 67 
-1.25611 0.0682438 -1.22297 1.20742 68 
-1.48223 0.090031 -1.41709 1.3797 69 
-1.79011 0.119695 -1.67151 1.60551 70 
-2.23385 0.162451 -2.0195 1.91437 71 
-2.92889 0.229418 -2.52432 2.36242 72 
-4.17296 0.349286 -3.3228 3.07112 73 
-7.04132 0.625658 -4.77632 4.36118 74 
-20.6966 1.94137 -8.25142 7.44549 75 
