-4 -4 2 1 0.52039 -0.22126 
-4 -3.57895 2 1 0.461662 -0.227573 
-4 -3.15789 2 1 0.401079 -0.234085 
-4 -2.73684 2 1 0.338553 -0.240805 
-4 -2.31579 2 1 0.27399 -0.247745 
-4 -1.89474 2 1 0.207287 -0.254915 
-4 -1.47368 2 1 0.138336 -0.262326 
-4 -1.05263 2 1 0.067023 -0.269992 
-4 -0.631579 2 1 -0.00677689 -0.277924 
-4 -0.210526 2 1 -0.0831957 -0.286138 
-4 0.210526 2 1 -0.162375 -0.294649 
-4 0.631579 2 1 -0.244468 -0.303473 
-4 1.05263 2 1 -0.329638 -0.312628 
-4 1.47368 2 1 -0.418061 -0.322133 
-4 1.89474 2 1 -0.509927 -0.332007 
-4 2.31579 2 1 -0.605442 -0.342274 
-4 2.73684 2 1 -0.704827 -0.352957 
-4 3.15789 2 1 -0.808322 -0.364081 
-4 3.57895 2 1 -0.916188 -0.375675 
-4 4 2 1 -1.02871 -0.38777 
-4 -4 2 1 0.52039 -0.22126 
-3.57895 -4 2 1 0.572478 -0.226102 
-3.15789 -4 2 1 0.63238 -0.231671 
-2.73684 -4 2 1 0.701999 -0.238143 
-2.31579 -4 2 1 0.783908 -0.245758 
-1.89474 -4 2 1 0.881675 -0.254847 
-1.47368 -4 2 1 1.0004 -0.265884 
-1.05263 -4 2 1 1.14763 -0.279571 
-0.631579 -4 2 1 1.33503 -0.296993 
-0.210526 -4 2 1 1.58165 -0.319919 
0.210526 -4 2 1 1.9208 -0.351448 
0.631579 -4 2 1 2.41661 -0.397541 
1.05263 -4 2 1 3.21022 -0.471318 
1.47368 -4 2 1 4.68505 -0.608425 
1.89474 -4 2 1 8.37782 -0.951721 
2.31579 -4 2 1 34.457 -3.37616 
-4 4 2 1 -1.02871 -0.38777 
-3.57895 4 2 1 -1.11001 -0.411662 
-3.15789 4 2 1 -1.20963 -0.440939 
-2.73684 4 2 1 -1.33455 -0.477653 
-2.31579 4 2 1 -1.49583 -0.52505 
-1.89474 4 2 1 -1.71202 -0.588586 
-1.47368 4 2 1 -2.01694 -0.678197 
-1.05263 4 2 1 -2.47929 -0.814075 
-0.631579 4 2 1 -3.26345 -1.04453 
-0.210526 4 2 1 -4.88471 -1.52099 
0.210526 4 2 1 -10.2181 -3.08839 
-4 -4 6 1 0.435787 0.380857 
-4 -3.57895 6 1 0.380552 0.383656 
-4 -3.15789 6 1 0.323715 0.386536 
-4 -2.73684 6 1 0.265206 0.389501 
-4 -2.31579 6 1 0.204949 0.392555 
-4 -1.89474 6 1 0.142865 0.395701 
-4 -1.47368 6 1 0.0788696 0.398945 
-4 -1.05263 6 1 0.0128734 0.402289 
-4 -0.631579 6 1 -0.0552193 0.40574 
-4 -0.210526 6 1 -0.12551 0.409302 
-4 0.210526 6 1 -0.198106 0.412981 
-4 0.631579 6 1 -0.273124 0.416783 
-4 1.05263 6 1 -0.350687 0.420714 
-4 1.47368 6 1 -0.430926 0.42478 
-4 1.89474 6 1 -0.513982 0.428989 
-4 2.31579 6 1 -0.600007 0.433349 
-4 2.73684 6 1 -0.689161 0.437867 
-4 3.15789 6 1 -0.78162 0.442553 
-4 3.57895 6 1 -0.877571 0.447415 
-4 4 6 1 -0.977215 0.452465 
-4 -4 6 1 0.435787 0.380857 
-3.57895 -4 6 1 0.47809 0.41491 
-3.15789 -4 6 1 0.526172 0.453614 
-2.73684 -4 6 1 0.581301 0.497991 
-2.31579 -4 6 1 0.645151 0.549387 
-1.89474 -4 6 1 0.719967 0.609612 
-1.47368 -4 6 1 0.808842 0.681153 
-1.05263 -4 6 1 0.916147 0.76753 
-0.631579 -4 6 1 1.04828 0.873892 
-0.210526 -4 6 1 1.21498 1.00808 
0.210526 -4 6 1 1.43187 1.18267 
0.631579 -4 6 1 1.72561 1.41912 
1.05263 -4 6 1 2.14585 1.7574 
1.47368 -4 6 1 2.79674 2.28134 
1.89474 -4 6 1 3.93997 3.2016 
2.31579 -4 6 1 6.47395 5.24136 
2.73684 -4 6 1 16.8768 13.6153 
-4 4 6 1 -0.977215 0.452465 
-3.57895 4 6 1 -1.04436 0.506483 
-3.15789 4 6 1 -1.12469 0.571106 
-2.73684 4 6 1 -1.2225 0.649796 
-2.31579 4 6 1 -1.34421 0.747708 
-1.89474 4 6 1 -1.49978 0.872864 
-1.47368 4 6 1 -1.70563 1.03847 
-1.05263 4 6 1 -1.99085 1.26793 
-0.631579 4 6 1 -2.41229 1.60698 
-0.210526 4 6 1 -3.09815 2.15875 
0.210526 4 6 1 -4.41105 3.21497 
0.631579 4 6 1 -7.93487 6.04987 
1.05263 4 6 1 -49.0183 39.1013 
