-4 -4 2 1 -0.687548 0.181655 
-4 -3.57895 2 1 -0.738277 0.180898 
-4 -3.15789 2 1 -0.797306 0.180017 
-4 -2.73684 2 1 -0.866853 0.178979 
-4 -2.31579 2 1 -0.950005 0.177737 
-4 -1.89474 2 1 -1.05119 0.176227 
-4 -1.47368 2 1 -1.17697 0.17435 
-4 -1.05263 2 1 -1.33759 0.171952 
-4 -0.631579 2 1 -1.54981 0.168784 
-4 -0.210526 2 1 -1.84329 0.164404 
-4 0.210526 2 1 -2.27573 0.157949 
-4 0.631579 2 1 -2.97644 0.14749 
-4 1.05263 2 1 -4.30732 0.127625 
-4 1.47368 2 1 -7.81302 0.0752982 
-4 1.89474 2 1 -42.6347 -0.444459 
4 -4 2 1 0.662626 0.224108 
4 -3.57895 2 1 0.713237 0.226524 
4 -3.15789 2 1 0.771996 0.22933 
4 -2.73684 2 1 0.841043 0.232627 
4 -2.31579 2 1 0.923339 0.236557 
4 -1.89474 2 1 1.0231 0.241321 
4 -1.47368 2 1 1.14655 0.247216 
4 -1.05263 2 1 1.30327 0.254699 
4 -0.631579 2 1 1.50878 0.264513 
4 -0.210526 2 1 1.79009 0.277946 
4 0.210526 2 1 2.19861 0.297454 
4 0.631579 2 1 2.84583 0.328359 
4 1.05263 2 1 4.02731 0.384777 
4 1.47368 2 1 6.86951 0.520497 
4 1.89474 2 1 23.1548 1.29815 
-4 -4 2 1 -0.687548 0.181655 
-3.57895 -4 2 1 -0.615545 0.183919 
-3.15789 -4 2 1 -0.543649 0.186179 
-2.73684 -4 2 1 -0.471857 0.188437 
-2.31579 -4 2 1 -0.400171 0.190691 
-1.89474 -4 2 1 -0.328591 0.192941 
-1.47368 -4 2 1 -0.257115 0.195189 
-1.05263 -4 2 1 -0.185744 0.197433 
-0.631579 -4 2 1 -0.114477 0.199674 
-0.210526 -4 2 1 -0.0433148 0.201911 
0.210526 -4 2 1 0.0277436 0.204145 
0.631579 -4 2 1 0.0986982 0.206376 
1.05263 -4 2 1 0.169549 0.208604 
1.47368 -4 2 1 0.240297 0.210829 
1.89474 -4 2 1 0.310942 0.21305 
2.31579 -4 2 1 0.381483 0.215268 
2.73684 -4 2 1 0.451922 0.217483 
3.15789 -4 2 1 0.522259 0.219694 
3.57895 -4 2 1 0.592493 0.221903 
4 -4 2 1 0.662626 0.224108 
-4 -4 6 1 -0.81292 0.974255 
-4 -3.57895 6 1 -0.882769 1.04291 
-4 -3.15789 6 1 -0.966053 1.12477 
-4 -2.73684 6 1 -1.06706 1.22405 
-4 -2.31579 6 1 -1.19212 1.34697 
-4 -1.89474 6 1 -1.35098 1.50311 
-4 -1.47368 6 1 -1.5595 1.70806 
-4 -1.05263 6 1 -1.84526 1.98894 
-4 -0.631579 6 1 -2.26094 2.39751 
-4 -0.210526 6 1 -2.92123 3.04651 
-4 0.210526 6 1 -4.13203 4.2366 
-4 0.631579 6 1 -7.07397 7.12823 
-4 1.05263 6 1 -24.7682 24.5199 
4 -4 6 1 0.734835 1.01034 
4 -3.57895 6 1 0.799636 1.08093 
4 -3.15789 6 1 0.876666 1.16484 
4 -2.73684 6 1 0.969748 1.26623 
4 -2.31579 6 1 1.08448 1.39122 
4 -1.89474 6 1 1.22942 1.5491 
4 -1.47368 6 1 1.41829 1.75484 
4 -1.05263 6 1 1.67464 2.03408 
4 -0.631579 6 1 2.04251 2.4348 
4 -0.210526 6 1 2.61486 3.05827 
4 0.210526 6 1 3.62786 4.16175 
4 0.631579 6 1 5.90886 6.64646 
4 1.05263 6 1 15.8212 17.444 
-4 -4 6 1 -0.81292 0.974255 
-3.57895 -4 6 1 -0.730222 0.976183 
-3.15789 -4 6 1 -0.647663 0.978108 
-2.73684 -4 6 1 -0.565244 0.980029 
-2.31579 -4 6 1 -0.482963 0.981948 
-1.89474 -4 6 1 -0.40082 0.983863 
-1.47368 -4 6 1 -0.318816 0.985775 
-1.05263 -4 6 1 -0.236949 0.987683 
-0.631579 -4 6 1 -0.15522 0.989589 
-0.210526 -4 6 1 -0.0736279 0.991491 
0.210526 -4 6 1 0.00782767 0.99339 
0.631579 -4 6 1 0.089147 0.995286 
1.05263 -4 6 1 0.17033 0.997179 
1.47368 -4 6 1 0.251378 0.999069 
1.89474 -4 6 1 0.33229 1.00096 
2.31579 -4 6 1 0.413068 1.00284 
2.73684 -4 6 1 0.493711 1.00472 
3.15789 -4 6 1 0.574219 1.0066 
3.57895 -4 6 1 0.654594 1.00847 
4 -4 6 1 0.734835 1.01034 
