4 -4 2 1 -0.458185 0.107637 
4 -3.57895 2 1 -0.401173 0.103618 
4 -3.15789 2 1 -0.342326 0.0994689 
4 -2.73684 2 1 -0.281554 0.0951844 
4 -2.31579 2 1 -0.218762 0.0907575 
4 -1.89474 2 1 -0.153846 0.0861809 
4 -1.47368 2 1 -0.0866974 0.0814469 
4 -1.05263 2 1 -0.017199 0.0765472 
4 -0.631579 2 1 0.054775 0.071473 
4 -0.210526 2 1 0.129359 0.0662148 
4 0.210526 2 1 0.206698 0.0607623 
4 0.631579 2 1 0.286948 0.0551047 
4 1.05263 2 1 0.370275 0.0492301 
4 1.47368 2 1 0.45686 0.0431257 
4 1.89474 2 1 0.546899 0.0367779 
4 2.31579 2 1 0.640601 0.0301718 
4 2.73684 2 1 0.738196 0.0232913 
4 3.15789 2 1 0.839931 0.0161189 
4 3.57895 2 1 0.946075 0.00863573 
4 4 2 1 1.05692 0.000821008 
-2.31579 -4 2 1 -14.3281 3.47296 
-1.89474 -4 2 1 -6.03154 1.45992 
-1.47368 -4 2 1 -3.75565 0.907713 
-1.05263 -4 2 1 -2.69161 0.649543 
-0.631579 -4 2 1 -2.07503 0.499938 
-0.210526 -4 2 1 -1.67268 0.402316 
0.210526 -4 2 1 -1.38944 0.333592 
0.631579 -4 2 1 -1.17924 0.28259 
1.05263 -4 2 1 -1.01705 0.243238 
1.47368 -4 2 1 -0.888115 0.211953 
1.89474 -4 2 1 -0.783151 0.186485 
2.31579 -4 2 1 -0.696044 0.16535 
2.73684 -4 2 1 -0.622594 0.147528 
3.15789 -4 2 1 -0.559823 0.132298 
3.57895 -4 2 1 -0.50556 0.119132 
4 -4 2 1 -0.458185 0.107637 
-0.631579 4 2 1 101.643 7.74186 
-0.210526 4 2 1 8.54873 0.577385 
0.210526 4 2 1 4.57224 0.271357 
0.631579 4 2 1 3.17016 0.163454 
1.05263 4 2 1 2.45382 0.108325 
1.47368 4 2 1 2.019 0.0748615 
1.89474 4 2 1 1.72699 0.0523887 
2.31579 4 2 1 1.51736 0.0362559 
2.73684 4 2 1 1.35956 0.0241118 
3.15789 4 2 1 1.23648 0.0146399 
3.57895 4 2 1 1.1378 0.00704562 
4 4 2 1 1.05692 0.000821008 
4 -4 6 1 -0.388155 0.708759 
4 -3.57895 6 1 -0.331397 0.71413 
4 -3.15789 6 1 -0.272856 0.71967 
4 -2.73684 6 1 -0.212446 0.725386 
4 -2.31579 6 1 -0.150077 0.731288 
4 -1.89474 6 1 -0.0856514 0.737385 
4 -1.47368 6 1 -0.0190665 0.743685 
4 -1.05263 6 1 0.0497885 0.750201 
4 -0.631579 6 1 0.121032 0.756943 
4 -0.210526 6 1 0.194789 0.763922 
4 0.210526 6 1 0.271197 0.771152 
4 0.631579 6 1 0.3504 0.778647 
4 1.05263 6 1 0.432555 0.786421 
4 1.47368 6 1 0.51783 0.794491 
4 1.89474 6 1 0.606407 0.802872 
4 2.31579 6 1 0.698479 0.811585 
4 2.73684 6 1 0.79426 0.820649 
4 3.15789 6 1 0.893977 0.830085 
4 3.57895 6 1 0.997878 0.839916 
4 4 6 1 1.10623 0.85017 
-2.73684 -4 6 1 -78.7373 96.7073 
-2.31579 -4 6 1 -8.74963 10.9538 
-1.89474 -4 6 1 -4.52567 5.77833 
-1.47368 -4 6 1 -3.00206 3.91149 
-1.05263 -4 6 1 -2.21655 2.94903 
-0.631579 -4 6 1 -1.73738 2.36192 
-0.210526 -4 6 1 -1.41458 1.9664 
0.210526 -4 6 1 -1.18234 1.68185 
0.631579 -4 6 1 -1.00725 1.46732 
1.05263 -4 6 1 -0.870523 1.29979 
1.47368 -4 6 1 -0.760792 1.16534 
1.89474 -4 6 1 -0.670781 1.05505 
2.31579 -4 6 1 -0.595614 0.962952 
2.73684 -4 6 1 -0.531898 0.884882 
3.15789 -4 6 1 -0.477201 0.817864 
3.57895 -4 6 1 -0.429735 0.759706 
4 -4 6 1 -0.388155 0.708759 
-0.631579 4 6 1 21.7243 22.5833 
-0.210526 4 6 1 7.02649 7.09062 
0.210526 4 6 1 4.26999 4.18504 
0.631579 4 6 1 3.10607 2.95817 
1.05263 4 6 1 2.46389 2.28126 
1.47368 4 6 1 2.05687 1.85223 
1.89474 4 6 1 1.77583 1.55599 
2.31579 4 6 1 1.57012 1.33915 
2.73684 4 6 1 1.41303 1.17356 
3.15789 4 6 1 1.28915 1.04298 
3.57895 4 6 1 1.18895 0.937359 
4 4 6 1 1.10623 0.85017 
