-4 0.631579 2 1 27.2597 3.57199 
-4 1.05263 2 1 8.48322 1.02185 
-4 1.47368 2 1 5.26106 0.584236 
-4 1.89474 2 1 3.92635 0.402962 
-4 2.31579 2 1 3.19636 0.303818 
-4 2.73684 2 1 2.73602 0.241297 
-4 3.15789 2 1 2.41922 0.19827 
-4 3.57895 2 1 2.18787 0.166849 
-4 4 2 1 2.01152 0.142897 
4 -4 2 1 -5.86173 -0.411253 
4 -3.57895 2 1 -4.04756 -0.307205 
4 -3.15789 2 1 -3.01889 -0.248207 
4 -2.73684 2 1 -2.35636 -0.210209 
4 -2.31579 2 1 -1.89402 -0.183692 
4 -1.89474 2 1 -1.55304 -0.164136 
4 -1.47368 2 1 -1.29118 -0.149118 
4 -1.05263 2 1 -1.08377 -0.137222 
4 -0.631579 2 1 -0.915417 -0.127566 
4 -0.210526 2 1 -0.776046 -0.119573 
4 0.210526 2 1 -0.658764 -0.112847 
4 0.631579 2 1 -0.558705 -0.107108 
4 1.05263 2 1 -0.472335 -0.102154 
4 1.47368 2 1 -0.397025 -0.097835 
4 1.89474 2 1 -0.330777 -0.0940355 
4 2.31579 2 1 -0.27205 -0.0906673 
4 2.73684 2 1 -0.21963 -0.0876609 
4 3.15789 2 1 -0.172555 -0.0849609 
4 3.57895 2 1 -0.130046 -0.0825229 
4 4 2 1 -0.0914689 -0.0803104 
2.73684 -4 2 1 -23.1546 -1.14787 
3.15789 -4 2 1 -10.8717 -0.624659 
3.57895 -4 2 1 -7.46191 -0.479415 
4 -4 2 1 -5.86173 -0.411253 
-4 4 2 1 2.01152 0.142897 
-3.57895 4 2 1 1.74883 0.115016 
-3.15789 4 2 1 1.52339 0.091088 
-2.73684 4 2 1 1.32779 0.0703276 
-2.31579 4 2 1 1.15648 0.052145 
-1.89474 4 2 1 1.0052 0.0360881 
-1.47368 4 2 1 0.870625 0.0218047 
-1.05263 4 2 1 0.750138 0.00901648 
-0.631579 4 2 1 0.641636 -0.00249977 
-0.210526 4 2 1 0.543415 -0.0129248 
0.210526 4 2 1 0.45408 -0.0224067 
0.631579 4 2 1 0.372477 -0.0310679 
1.05263 4 2 1 0.297644 -0.0390105 
1.47368 4 2 1 0.228773 -0.0463205 
1.89474 4 2 1 0.165177 -0.0530704 
2.31579 4 2 1 0.106273 -0.0593223 
2.73684 4 2 1 0.0515614 -0.0651294 
3.15789 4 2 1 0.000608656 -0.0705374 
3.57895 4 2 1 -0.0469593 -0.0755862 
4 4 2 1 -0.0914689 -0.0803104 
-4 0.210526 6 1 18.1455 24.7071 
-4 0.631579 6 1 6.72897 8.51214 
-4 1.05263 6 1 4.34542 5.13094 
-4 1.47368 6 1 3.31318 3.66665 
-4 1.89474 6 1 2.7369 2.84917 
-4 2.31579 6 1 2.36913 2.32747 
-4 2.73684 6 1 2.11404 1.9656 
-4 3.15789 6 1 1.92672 1.69988 
-4 3.57895 6 1 1.78333 1.49648 
-4 4 6 1 1.67004 1.33577 
4 -4 6 1 -4.38475 2.79899 
4 -3.57895 6 1 -3.30949 2.20023 
4 -3.15789 6 1 -2.60938 1.81036 
4 -2.73684 6 1 -2.11724 1.53631 
4 -2.31579 6 1 -1.7524 1.33315 
4 -1.89474 6 1 -1.47111 1.17651 
4 -1.47368 6 1 -1.24763 1.05206 
4 -1.05263 6 1 -1.06579 0.950803 
4 -0.631579 6 1 -0.914949 0.866807 
4 -0.210526 6 1 -0.787803 0.796004 
4 0.210526 6 1 -0.679174 0.735513 
4 0.631579 6 1 -0.585292 0.683234 
4 1.05263 6 1 -0.503345 0.637601 
4 1.47368 6 1 -0.431192 0.597422 
4 1.89474 6 1 -0.367178 0.561775 
4 2.31579 6 1 -0.309998 0.529934 
4 2.73684 6 1 -0.258613 0.50132 
4 3.15789 6 1 -0.212186 0.475467 
4 3.57895 6 1 -0.170031 0.451992 
4 4 6 1 -0.131585 0.430583 
1.89474 -4 6 1 -44.2228 43.5586 
2.31579 -4 6 1 -13.0032 11.6168 
2.73684 -4 6 1 -8.12197 6.62267 
3.15789 -4 6 1 -6.13706 4.59184 
3.57895 -4 6 1 -5.06044 3.49032 
4 -4 6 1 -4.38475 2.79899 
-4 4 6 1 1.67004 1.33577 
-3.57895 4 6 1 1.45918 1.22983 
-3.15789 4 6 1 1.27517 1.13737 
-2.73684 4 6 1 1.11318 1.05599 
-2.31579 4 6 1 0.969488 0.983792 
-1.89474 4 6 1 0.841155 0.919314 
-1.47368 4 6 1 0.725844 0.861378 
-1.05263 4 6 1 0.621669 0.809038 
-0.631579 4 6 1 0.527092 0.76152 
-0.210526 4 6 1 0.440845 0.718187 
0.210526 4 6 1 0.361872 0.678509 
0.631579 4 6 1 0.289292 0.642043 
1.05263 4 6 1 0.222358 0.608414 
1.47368 4 6 1 0.160436 0.577302 
1.89474 4 6 1 0.102984 0.548437 
2.31579 4 6 1 0.0495338 0.521582 
2.73684 4 6 1 -0.000318079 0.496535 
3.15789 4 6 1 -0.0469232 0.473119 
3.57895 4 6 1 -0.0905889 0.451181 
4 4 6 1 -0.131585 0.430583 
