-4 -1.47368 2 1 366.543 -103.95 
-4 -1.05263 2 1 9.23569 -2.76721 
-4 -0.631579 2 1 4.7244 -1.48969 
-4 -0.210526 2 1 3.19521 -1.05665 
-4 0.210526 2 1 2.42576 -0.83876 
-4 0.631579 2 1 1.96252 -0.707579 
-4 1.05263 2 1 1.65304 -0.61994 
-4 1.47368 2 1 1.43166 -0.557249 
-4 1.89474 2 1 1.26545 -0.510181 
-4 2.31579 2 1 1.13607 -0.473543 
-4 2.73684 2 1 1.0325 -0.444214 
-4 3.15789 2 1 0.947717 -0.420205 
-4 3.57895 2 1 0.877035 -0.400189 
-4 4 2 1 0.817206 -0.383247 
4 -2.31579 2 1 -457.969 -75.8628 
4 -1.89474 2 1 -9.78724 -1.81273 
4 -1.47368 2 1 -4.89867 -1.00502 
4 -1.05263 2 1 -3.24536 -0.731857 
4 -0.631579 2 1 -2.41417 -0.594525 
4 -0.210526 2 1 -1.914 -0.511885 
4 0.210526 2 1 -1.57994 -0.456691 
4 0.631579 2 1 -1.34103 -0.417217 
4 1.05263 2 1 -1.16168 -0.387584 
4 1.47368 2 1 -1.02209 -0.364521 
4 1.89474 2 1 -0.910352 -0.346059 
4 2.31579 2 1 -0.818892 -0.330948 
4 2.73684 2 1 -0.742648 -0.318351 
4 3.15789 2 1 -0.678113 -0.307688 
4 3.57895 2 1 -0.622783 -0.298546 
4 4 2 1 -0.57482 -0.290622 
-4 4 2 1 0.817206 -0.383247 
-3.57895 4 2 1 0.733388 -0.377669 
-3.15789 4 2 1 0.650901 -0.372181 
-2.73684 4 2 1 0.569713 -0.366779 
-2.31579 4 2 1 0.489794 -0.361461 
-1.89474 4 2 1 0.411115 -0.356226 
-1.47368 4 2 1 0.333647 -0.351071 
-1.05263 4 2 1 0.257361 -0.345995 
-0.631579 4 2 1 0.182232 -0.340996 
-0.210526 4 2 1 0.108233 -0.336072 
0.210526 4 2 1 0.0353387 -0.331222 
0.631579 4 2 1 -0.0364754 -0.326443 
1.05263 4 2 1 -0.107233 -0.321735 
1.47368 4 2 1 -0.176958 -0.317095 
1.89474 4 2 1 -0.245671 -0.312523 
2.31579 4 2 1 -0.313396 -0.308017 
2.73684 4 2 1 -0.380153 -0.303575 
3.15789 4 2 1 -0.445963 -0.299196 
3.57895 4 2 1 -0.510845 -0.294879 
4 4 2 1 -0.57482 -0.290622 
-4 -1.89474 6 1 14.1246 10.2201 
-4 -1.47368 6 1 5.82913 4.06979 
-4 -1.05263 6 1 3.69921 2.49066 
-4 -0.631579 6 1 2.72344 1.76722 
-4 -0.210526 6 1 2.16369 1.35222 
-4 0.210526 6 1 1.80066 1.08307 
-4 0.631579 6 1 1.54615 0.894367 
-4 1.05263 6 1 1.35782 0.754738 
-4 1.47368 6 1 1.21283 0.647242 
-4 1.89474 6 1 1.09776 0.561931 
-4 2.31579 6 1 1.00422 0.492579 
-4 2.73684 6 1 0.926682 0.435091 
-4 3.15789 6 1 0.861363 0.386664 
-4 3.57895 6 1 0.805586 0.34531 
-4 4 6 1 0.757402 0.309587 
4 -2.73684 6 1 -14.1349 11.7058 
4 -2.31579 6 1 -5.70022 4.66218 
4 -1.89474 6 1 -3.54275 2.86055 
4 -1.47368 6 1 -2.55548 2.0361 
4 -1.05263 6 1 -1.98945 1.56343 
4 -0.631579 6 1 -1.62246 1.25697 
4 -0.210526 6 1 -1.36524 1.04217 
4 0.210526 6 1 -1.17493 0.883252 
4 0.631579 6 1 -1.02844 0.760919 
4 1.05263 6 1 -0.912185 0.663842 
4 1.47368 6 1 -0.81769 0.584932 
4 1.89474 6 1 -0.739365 0.519525 
4 2.31579 6 1 -0.673387 0.464429 
4 2.73684 6 1 -0.61705 0.417383 
4 3.15789 6 1 -0.568384 0.376744 
4 3.57895 6 1 -0.525923 0.341286 
4 4 6 1 -0.48855 0.310077 
-4 4 6 1 0.757402 0.309587 
-3.57895 4 6 1 0.683443 0.309616 
-3.15789 4 6 1 0.610527 0.309644 
-2.73684 4 6 1 0.538632 0.309673 
-2.31579 4 6 1 0.467737 0.309701 
-1.89474 4 6 1 0.397821 0.309728 
-1.47368 4 6 1 0.328864 0.309755 
-1.05263 4 6 1 0.260846 0.309782 
-0.631579 4 6 1 0.193749 0.309809 
-0.210526 4 6 1 0.127554 0.309835 
0.210526 4 6 1 0.0622418 0.30986 
0.631579 4 6 1 -0.00220374 0.309886 
1.05263 4 6 1 -0.0658003 0.309911 
1.47368 4 6 1 -0.128564 0.309935 
1.89474 4 6 1 -0.190512 0.30996 
2.31579 4 6 1 -0.25166 0.309984 
2.73684 4 6 1 -0.312023 0.310008 
3.15789 4 6 1 -0.371616 0.310031 
3.57895 4 6 1 -0.430454 0.310054 
4 4 6 1 -0.48855 0.310077 
