-4 -4 2 1 -4.19741 0.237014 
-4 -3.57895 2 1 -4.90491 0.343293 
-4 -3.15789 2 1 -6.05064 0.515402 
-4 -2.73684 2 1 -8.2244 0.841939 
-4 -2.31579 2 1 -13.9357 1.69988 
-4 -1.89474 2 1 -69.5364 10.0521 
4 -4 2 1 -0.0911427 -0.11299 
4 -3.57895 2 1 -0.049429 -0.109267 
4 -3.15789 2 1 -0.00447081 -0.105255 
4 -2.73684 2 1 0.044126 -0.100918 
4 -2.31579 2 1 0.0968216 -0.0962146 
4 -1.89474 2 1 0.154157 -0.0910975 
4 -1.47368 2 1 0.216775 -0.085509 
4 -1.05263 2 1 0.285438 -0.0793808 
4 -0.631579 2 1 0.361069 -0.0726309 
4 -0.210526 2 1 0.444782 -0.0651596 
4 0.210526 2 1 0.537949 -0.0568446 
4 0.631579 2 1 0.642264 -0.0475346 
4 1.05263 2 1 0.759858 -0.0370395 
4 1.47368 2 1 0.893438 -0.0251177 
4 1.89474 2 1 1.0465 -0.011457 
4 2.31579 2 1 1.22364 0.00435283 
4 2.73684 2 1 1.43104 0.0228624 
4 3.15789 2 1 1.67715 0.0448276 
4 3.57895 2 1 1.97394 0.0713161 
4 4 2 1 2.33887 0.103885 
-4 -4 2 1 -4.19741 0.237014 
-3.57895 -4 2 1 -3.2634 0.157402 
-3.15789 -4 2 1 -2.6204 0.102596 
-2.73684 -4 2 1 -2.15075 0.0625641 
-2.31579 -4 2 1 -1.79268 0.0320427 
-1.89474 -4 2 1 -1.51063 0.00800218 
-1.47368 -4 2 1 -1.28273 -0.0114235 
-1.05263 -4 2 1 -1.09474 -0.0274468 
-0.631579 -4 2 1 -0.93703 -0.0408896 
-0.210526 -4 2 1 -0.802825 -0.0523288 
0.210526 -4 2 1 -0.687235 -0.0621813 
0.631579 -4 2 1 -0.586638 -0.0707559 
1.05263 -4 2 1 -0.498295 -0.0782859 
1.47368 -4 2 1 -0.420095 -0.0849514 
1.89474 -4 2 1 -0.350387 -0.0908931 
2.31579 -4 2 1 -0.287858 -0.0962229 
2.73684 -4 2 1 -0.231453 -0.101031 
3.15789 -4 2 1 -0.180316 -0.105389 
3.57895 -4 2 1 -0.133741 -0.109359 
4 -4 2 1 -0.0911427 -0.11299 
1.05263 4 2 1 30.8199 5.86328 
1.47368 4 2 1 8.83424 1.41737 
1.89474 4 2 1 5.46057 0.73515 
2.31579 4 2 1 4.09352 0.458709 
2.73684 4 2 1 3.3532 0.309002 
3.15789 4 2 1 2.88899 0.21513 
3.57895 4 2 1 2.5707 0.150765 
4 4 2 1 2.33887 0.103885 
-4 -4 6 1 -2.69198 1.94578 
-4 -3.57895 6 1 -2.89843 2.2455 
-4 -3.15789 6 1 -3.17146 2.64189 
-4 -2.73684 6 1 -3.54948 3.19071 
-4 -2.31579 6 1 -4.10749 4.00083 
-4 -1.89474 6 1 -5.01416 5.31714 
-4 -1.47368 6 1 -6.74477 7.82965 
-4 -1.05263 6 1 -11.3578 14.5269 
-4 -0.631579 6 1 -61.914 87.9248 
4 -4 6 1 -0.0864983 0.377602 
4 -3.57895 6 1 -0.0488045 0.39748 
4 -3.15789 6 1 -0.0084824 0.418743 
4 -2.73684 6 1 0.0347527 0.441542 
4 -2.31579 6 1 0.0812282 0.46605 
4 -1.89474 6 1 0.131323 0.492467 
4 -1.47368 6 1 0.185476 0.521024 
4 -1.05263 6 1 0.244203 0.551992 
4 -0.631579 6 1 0.308107 0.585691 
4 -0.210526 6 1 0.377905 0.622498 
4 0.210526 6 1 0.454452 0.662863 
4 0.631579 6 1 0.538777 0.707331 
4 1.05263 6 1 0.632128 0.756558 
4 1.47368 6 1 0.736036 0.811352 
4 1.89474 6 1 0.852401 0.872715 
4 2.31579 6 1 0.983603 0.941902 
4 2.73684 6 1 1.13268 1.02051 
4 3.15789 6 1 1.30354 1.11061 
4 3.57895 6 1 1.50134 1.21492 
4 4 6 1 1.733 1.33708 
-4 -4 6 1 -2.69198 1.94578 
-3.57895 -4 6 1 -2.24359 1.67591 
-3.15789 -4 6 1 -1.89562 1.46647 
-2.73684 -4 6 1 -1.61774 1.29922 
-2.31579 -4 6 1 -1.3907 1.16257 
-1.89474 -4 6 1 -1.20172 1.04883 
-1.47368 -4 6 1 -1.04197 0.952681 
-1.05263 -4 6 1 -0.905163 0.870337 
-0.631579 -4 6 1 -0.786677 0.799024 
-0.210526 -4 6 1 -0.683068 0.736663 
0.210526 -4 6 1 -0.591698 0.68167 
0.631579 -4 6 1 -0.510519 0.63281 
1.05263 -4 6 1 -0.437917 0.589113 
1.47368 -4 6 1 -0.372601 0.549801 
1.89474 -4 6 1 -0.313526 0.514245 
2.31579 -4 6 1 -0.259839 0.481932 
2.73684 -4 6 1 -0.210834 0.452437 
3.15789 -4 6 1 -0.165925 0.425407 
3.57895 -4 6 1 -0.124619 0.400546 
4 -4 6 1 -0.0864983 0.377602 
0.210526 4 6 1 10.6836 17.1084 
0.631579 4 6 1 5.44343 7.87504 
1.05263 4 6 1 3.84995 5.06725 
1.47368 4 6 1 3.07914 3.70904 
1.89474 4 6 1 2.62462 2.90816 
2.31579 4 6 1 2.32486 2.37997 
2.73684 4 6 1 2.11232 2.00546 
3.15789 4 6 1 1.95376 1.72608 
3.57895 4 6 1 1.83094 1.50966 
4 4 6 1 1.733 1.33708 
