-4 4 2 1 76.4888 16.2556 
4 -4 2 1 -1.78028 0.329885 
4 -3.57895 2 1 -1.54963 0.325738 
4 -3.15789 2 1 -1.34734 0.322101 
4 -2.73684 2 1 -1.16849 0.318885 
4 -2.31579 2 1 -1.00922 0.316021 
4 -1.89474 2 1 -0.866493 0.313455 
4 -1.47368 2 1 -0.737851 0.311142 
4 -1.05263 2 1 -0.621308 0.309046 
4 -0.631579 2 1 -0.515234 0.307139 
4 -0.210526 2 1 -0.41828 0.305396 
4 0.210526 2 1 -0.329317 0.303796 
4 0.631579 2 1 -0.247398 0.302323 
4 1.05263 2 1 -0.171717 0.300962 
4 1.47368 2 1 -0.101587 0.299701 
4 1.89474 2 1 -0.0364201 0.29853 
4 2.31579 2 1 0.0242931 0.297438 
4 2.73684 2 1 0.0809939 0.296419 
4 3.15789 2 1 0.134067 0.295464 
4 3.57895 2 1 0.183851 0.294569 
4 4 2 1 0.230641 0.293728 
0.631579 -4 2 1 -42.1448 7.423 
1.05263 -4 2 1 -8.50715 1.51197 
1.47368 -4 2 1 -4.96666 0.889817 
1.89474 -4 2 1 -3.61486 0.652269 
2.31579 -4 2 1 -2.90141 0.526897 
2.73684 -4 2 1 -2.46051 0.44942 
3.15789 -4 2 1 -2.16104 0.396795 
3.57895 -4 2 1 -1.94435 0.358716 
4 -4 2 1 -1.78028 0.329885 
-4 4 2 1 76.4888 16.2556 
-3.57895 4 2 1 12.5344 2.86907 
-3.15789 4 2 1 6.58154 1.62306 
-2.73684 4 2 1 4.34312 1.15453 
-2.31579 4 2 1 3.16927 0.908825 
-1.89474 4 2 1 2.44645 0.757528 
-1.47368 4 2 1 1.9566 0.654995 
-1.05263 4 2 1 1.60272 0.580923 
-0.631579 4 2 1 1.33509 0.524906 
-0.210526 4 2 1 1.12562 0.481059 
0.210526 4 2 1 0.957191 0.445805 
0.631579 4 2 1 0.818828 0.416844 
1.05263 4 2 1 0.703137 0.392628 
1.47368 4 2 1 0.604968 0.37208 
1.89474 4 2 1 0.520621 0.354425 
2.31579 4 2 1 0.447368 0.339092 
2.73684 4 2 1 0.383156 0.325651 
3.15789 4 2 1 0.326408 0.313773 
3.57895 4 2 1 0.275895 0.3032 
4 4 2 1 0.230641 0.293728 
4 -4 6 1 -2.35936 2.10138 
4 -3.57895 6 1 -2.02505 1.95176 
4 -3.15789 6 1 -1.74116 1.82471 
4 -2.73684 6 1 -1.49707 1.71547 
4 -2.31579 6 1 -1.28497 1.62054 
4 -1.89474 6 1 -1.09896 1.53729 
4 -1.47368 6 1 -0.934488 1.46368 
4 -1.05263 6 1 -0.788032 1.39813 
4 -0.631579 6 1 -0.656782 1.33939 
4 -0.210526 6 1 -0.538486 1.28645 
4 0.210526 6 1 -0.431318 1.23848 
4 0.631579 6 1 -0.333776 1.19483 
4 1.05263 6 1 -0.244621 1.15492 
4 1.47368 6 1 -0.162815 1.11831 
4 1.89474 6 1 -0.0874845 1.0846 
4 2.31579 6 1 -0.017891 1.05345 
4 2.73684 6 1 0.0465971 1.02459 
4 3.15789 6 1 0.106522 0.997769 
4 3.57895 6 1 0.162351 0.972783 
4 4 6 1 0.214491 0.949447 
1.47368 -4 6 1 -23.4282 25.7225 
1.89474 -4 6 1 -8.23491 8.68869 
2.31579 -4 6 1 -5.18185 5.26579 
2.73684 -4 6 1 -3.87192 3.79718 
3.15789 -4 6 1 -3.1438 2.98085 
3.57895 -4 6 1 -2.6803 2.46121 
4 -4 6 1 -2.35936 2.10138 
-3.15789 4 6 1 29.2463 30.7168 
-2.73684 4 6 1 8.98809 9.94535 
-2.31579 4 6 1 5.11367 5.97276 
-1.89474 4 6 1 3.47044 4.28789 
-1.47368 4 6 1 2.56195 3.35638 
-1.05263 4 6 1 1.98545 2.76528 
-0.631579 4 6 1 1.58707 2.35681 
-0.210526 4 6 1 1.29532 2.05766 
0.210526 4 6 1 1.07243 1.82912 
0.631579 4 6 1 0.896599 1.64884 
1.05263 4 6 1 0.754346 1.50298 
1.47368 4 6 1 0.636891 1.38255 
1.89474 4 6 1 0.53827 1.28143 
2.31579 4 6 1 0.454289 1.19532 
2.73684 4 6 1 0.381913 1.12111 
3.15789 4 6 1 0.318892 1.05649 
3.57895 4 6 1 0.263522 0.999722 
4 4 6 1 0.214491 0.949447 
