-4 -4 2 1 0.364732 -0.0907307 
-4 -3.57895 2 1 0.31409 -0.0906247 
-4 -3.15789 2 1 0.261073 -0.0905137 
-4 -2.73684 2 1 0.20551 -0.0903973 
-4 -2.31579 2 1 0.147214 -0.0902753 
-4 -1.89474 2 1 0.0859775 -0.0901471 
-4 -1.47368 2 1 0.0215725 -0.0900122 
-4 -1.05263 2 1 -0.0462537 -0.0898702 
-4 -0.631579 2 1 -0.117781 -0.0897204 
-4 -0.210526 2 1 -0.193321 -0.0895623 
-4 0.210526 2 1 -0.27322 -0.089395 
-4 0.631579 2 1 -0.357868 -0.0892177 
-4 1.05263 2 1 -0.447701 -0.0890296 
-4 1.47368 2 1 -0.54321 -0.0888296 
-4 1.89474 2 1 -0.644951 -0.0886166 
-4 2.31579 2 1 -0.753554 -0.0883892 
-4 2.73684 2 1 -0.869738 -0.0881459 
-4 3.15789 2 1 -0.994326 -0.0878851 
-4 3.57895 2 1 -1.12826 -0.0876046 
-4 4 2 1 -1.27264 -0.0873023 
-4 -4 2 1 0.364732 -0.0907307 
-3.57895 -4 2 1 0.410331 -0.0839954 
-3.15789 -4 2 1 0.461746 -0.0764009 
-2.73684 -4 2 1 0.520166 -0.0677717 
-2.31579 -4 2 1 0.587128 -0.0578808 
-1.89474 -4 2 1 0.664652 -0.0464297 
-1.47368 -4 2 1 0.755452 -0.0330177 
-1.05263 -4 2 1 0.863257 -0.0170939 
-0.631579 -4 2 1 0.993338 0.00212035 
-0.210526 -4 2 1 1.1534 0.0257623 
0.210526 -4 2 1 1.35514 0.0555616 
0.631579 -4 2 1 1.61729 0.0942842 
1.05263 -4 2 1 1.97177 0.146644 
1.47368 -4 2 1 2.47776 0.221383 
1.89474 -4 2 1 3.25881 0.336752 
2.31579 -4 2 1 4.62294 0.538246 
2.73684 -4 2 1 7.61189 0.979743 
3.15789 -4 2 1 19.4036 2.72148 
-4 4 2 1 -1.27264 -0.0873023 
-3.57895 4 2 1 -1.3684 -0.0746591 
-3.15789 4 2 1 -1.48764 -0.0589156 
-2.73684 4 2 1 -1.64021 -0.0387724 
-2.31579 4 2 1 -1.84234 -0.0120853 
-1.89474 4 2 1 -2.12286 0.0249526 
-1.47368 4 2 1 -2.53837 0.0798123 
-1.05263 4 2 1 -3.21716 0.169432 
-0.631579 4 2 1 -4.52548 0.34217 
-0.210526 4 2 1 -8.09643 0.813642 
0.210526 4 2 1 -57.313 7.31169 
-4 -4 6 1 0.310004 0.438984 
-4 -3.57895 6 1 0.263314 0.449997 
-4 -3.15789 6 1 0.214659 0.461474 
-4 -2.73684 6 1 0.163912 0.473444 
-4 -2.31579 6 1 0.110935 0.48594 
-4 -1.89474 6 1 0.055578 0.498997 
-4 -1.47368 6 1 -0.00232283 0.512654 
-4 -1.05263 6 1 -0.0629471 0.526954 
-4 -0.631579 6 1 -0.126492 0.541942 
-4 -0.210526 6 1 -0.193173 0.557671 
-4 0.210526 6 1 -0.263229 0.574195 
-4 0.631579 6 1 -0.336922 0.591577 
-4 1.05263 6 1 -0.414543 0.609886 
-4 1.47368 6 1 -0.496416 0.629198 
-4 1.89474 6 1 -0.582898 0.649597 
-4 2.31579 6 1 -0.674391 0.671177 
-4 2.73684 6 1 -0.771343 0.694046 
-4 3.15789 6 1 -0.874258 0.718321 
-4 3.57895 6 1 -0.983704 0.744136 
-4 4 6 1 -1.10032 0.771643 
4 -4 6 1 22.4361 20.5663 
4 -3.57895 6 1 59.8517 59.4907 
-4 -4 6 1 0.310004 0.438984 
-3.57895 -4 6 1 0.347939 0.473492 
-3.15789 -4 6 1 0.390183 0.51192 
-2.73684 -4 6 1 0.437515 0.554976 
-2.31579 -4 6 1 0.490912 0.603549 
-1.89474 -4 6 1 0.551621 0.658774 
-1.47368 -4 6 1 0.621254 0.722117 
-1.05263 -4 6 1 0.701934 0.795509 
-0.631579 -4 6 1 0.796518 0.881548 
-0.210526 -4 6 1 0.908937 0.983811 
0.210526 -4 6 1 1.04476 1.10737 
0.631579 -4 6 1 1.21215 1.25963 
1.05263 -4 6 1 1.42356 1.45194 
1.47368 -4 6 1 1.69896 1.70247 
1.89474 -4 6 1 2.07262 2.04238 
2.31579 -4 6 1 2.60853 2.52987 
2.73684 -4 6 1 3.44166 3.28774 
3.15789 -4 6 1 4.91416 4.62722 
3.57895 -4 6 1 8.2203 7.63469 
4 -4 6 1 22.4361 20.5663 
-4 4 6 1 -1.10032 0.771643 
-3.57895 4 6 1 -1.16389 0.859586 
-3.15789 4 6 1 -1.24006 0.964972 
-2.73684 4 6 1 -1.333 1.09356 
-2.31579 4 6 1 -1.44894 1.25397 
-1.89474 4 6 1 -1.59761 1.45966 
-1.47368 4 6 1 -1.79517 1.73298 
-1.05263 4 6 1 -2.07044 2.11384 
-0.631579 4 6 1 -2.48054 2.68123 
-0.210526 4 6 1 -3.15664 3.61664 
0.210526 4 6 1 -4.48176 5.44998 
0.631579 4 6 1 -8.25298 10.6676 
1.05263 4 6 1 -102.397 140.918 
