-1.28228 -0.315135 -1.38376 0.654219 0 
-1.37223 -0.34393 -1.48464 0.726646 1 
-1.48311 -0.379422 -1.60908 0.815981 2 
-1.62316 -0.424252 -1.76641 0.928928 3 
-1.80565 -0.482665 -1.97166 1.07627 4 
-2.0533 -0.561937 -2.25064 1.27656 5 
-2.4086 -0.675668 -2.65181 1.56455 6 
-2.96124 -0.852567 -3.27791 2.01403 7 
-3.93885 -1.1655 -4.39186 2.81374 8 
-6.13778 -1.86937 -6.9277 4.63422 9 
-15.6556 -4.916 -18.4109 12.878 10 
0.285635 -0.0762795 0.230717 0.476233 20 
0.325676 -0.0784178 0.267707 0.505567 21 
0.370545 -0.0808139 0.309166 0.538444 22 
0.42117 -0.0835174 0.355956 0.575549 23 
0.478737 -0.0865915 0.409176 0.617753 24 
0.544776 -0.0901182 0.470249 0.666184 25 
0.621309 -0.0942051 0.541053 0.722332 26 
0.71105 -0.0989975 0.624112 0.788198 27 
0.817744 -0.104695 0.722913 0.866547 28 
0.946694 -0.111581 0.842396 0.961298 29 
1.10567 -0.120071 0.989817 1.0782 30 
1.30656 -0.130799 1.17627 1.22606 31 
1.56843 -0.144783 1.41962 1.41904 32 
1.92404 -0.163773 1.75062 1.68152 33 
2.43467 -0.191042 2.22698 2.05928 34 
3.22995 -0.233512 2.97144 2.64964 35 
4.6399 -0.308805 4.29895 3.70237 36 
7.82589 -0.478943 7.33534 6.11024 37 
21.8536 -1.22805 21.3399 17.2159 38 
-1.28228 -0.315135 -1.38376 0.654219 40 
-1.1431 -0.293933 -1.24027 0.638401 41 
-1.01415 -0.274289 -1.10735 0.623747 42 
-0.894341 -0.256037 -0.983885 0.610136 43 
-0.782732 -0.239035 -0.868893 0.597459 44 
-0.67851 -0.223157 -0.761532 0.585623 45 
-0.580965 -0.208297 -0.661066 0.574547 46 
-0.489475 -0.19436 -0.566853 0.564161 47 
-0.403493 -0.181261 -0.478326 0.554401 48 
-0.322537 -0.168928 -0.394986 0.545213 49 
-0.246178 -0.157296 -0.316389 0.536549 50 
-0.174036 -0.146306 -0.242142 0.528363 51 
-0.10577 -0.135906 -0.171894 0.520619 52 
-0.041077 -0.126051 -0.105329 0.51328 53 
0.0203171 -0.116698 -0.0421665 0.506317 54 
0.0786583 -0.10781 0.0178491 0.499701 55 
0.134169 -0.0993539 0.0749469 0.493406 56 
0.187049 -0.0912981 0.129335 0.48741 57 
0.237483 -0.0836151 0.181201 0.481692 58 
0.285635 -0.0762795 0.230717 0.476233 59 
