1.29295 -0.00402459 1.19495 1.01548 0 
1.14882 -0.0134025 1.05401 0.968133 1 
1.015 -0.0221095 0.923183 0.924184 2 
0.890426 -0.0302152 0.801417 0.88328 3 
0.774167 -0.0377797 0.687804 0.845115 4 
0.665418 -0.0448556 0.58155 0.809421 5 
0.563474 -0.0514887 0.481964 0.775968 6 
0.467717 -0.0577192 0.388437 0.74455 7 
0.3776 -0.0635828 0.300432 0.714987 8 
0.292638 -0.0691109 0.217474 0.687119 9 
0.212402 -0.0743316 0.139141 0.660805 10 
0.136507 -0.0792698 0.0650573 0.635918 11 
0.0646117 -0.0839477 -0.00511437 0.612346 12 
-0.00359303 -0.0883856 -0.0716758 0.589986 13 
-0.068384 -0.0926013 -0.134898 0.568748 14 
-0.130011 -0.0966111 -0.195028 0.548549 15 
-0.188701 -0.10043 -0.252285 0.529315 16 
-0.244658 -0.104071 -0.306871 0.510978 17 
-0.29807 -0.107546 -0.358969 0.493477 18 
-0.349105 -0.110867 -0.408744 0.476757 19 
1.29295 -0.00402459 1.19495 1.01548 40 
1.39461 -0.0091068 1.28602 1.12453 41 
1.52181 -0.0154653 1.40005 1.26108 42 
1.68554 -0.0236499 1.54699 1.43703 43 
1.90417 -0.0345791 1.74348 1.67231 44 
2.21089 -0.0499117 2.01965 2.00302 45 
2.67235 -0.07298 2.43633 2.50198 46 
3.44519 -0.111614 3.13733 3.34139 47 
5.00502 -0.189588 4.5643 5.05013 48 
9.80076 -0.429323 9.05621 10.429 49 
-0.349105 -0.110867 -0.408744 0.476757 60 
-0.394052 -0.120241 -0.457459 0.503582 61 
-0.444891 -0.130844 -0.512572 0.533932 62 
-0.502862 -0.142935 -0.575436 0.568549 63 
-0.569579 -0.156849 -0.647806 0.608401 64 
-0.647182 -0.173035 -0.732017 0.654774 65 
-0.738572 -0.192095 -0.831233 0.70941 66 
-0.847782 -0.214872 -0.949858 0.774733 67 
-0.980587 -0.242571 -1.0942 0.85422 68 
-1.14556 -0.276978 -1.27365 0.953036 69 
-1.356 -0.320867 -1.50278 1.07921 70 
-1.6337 -0.378785 -1.80553 1.24593 71 
-2.01705 -0.458738 -2.22418 1.47647 72 
-2.5805 -0.576253 -2.84105 1.81616 73 
-3.48993 -0.765926 -3.84058 2.36657 74 
-5.2052 -1.12367 -5.73888 3.41191 75 
-9.64942 -2.05057 -10.7385 6.16506 76 
-48.6663 -10.1881 -60.3388 33.4786 77 
