-4 -1.47368 2 1 17.0266 -3.87902 
-4 -1.05263 2 1 6.11496 -1.48976 
-4 -0.631579 2 1 3.74312 -0.970408 
-4 -0.210526 2 1 2.70547 -0.743199 
-4 0.210526 2 1 2.12338 -0.615743 
-4 0.631579 2 1 1.75085 -0.534171 
-4 1.05263 2 1 1.49197 -0.477486 
-4 1.47368 2 1 1.30162 -0.435807 
-4 1.89474 2 1 1.15577 -0.40387 
-4 2.31579 2 1 1.04044 -0.378618 
-4 2.73684 2 1 0.946969 -0.35815 
-4 3.15789 2 1 0.869673 -0.341226 
-4 3.57895 2 1 0.80469 -0.326997 
-4 4 2 1 0.749295 -0.314867 
4 -1.89474 2 1 -13.0735 -1.33068 
4 -1.47368 2 1 -5.57369 -0.663326 
4 -1.05263 2 1 -3.5276 -0.481258 
4 -0.631579 2 1 -2.57265 -0.396283 
4 -0.210526 2 1 -2.01976 -0.347085 
4 0.210526 2 1 -1.65917 -0.314998 
4 0.631579 2 1 -1.40541 -0.292418 
4 1.05263 2 1 -1.21714 -0.275665 
4 1.47368 2 1 -1.07189 -0.262741 
4 1.89474 2 1 -0.956444 -0.252468 
4 2.31579 2 1 -0.862473 -0.244106 
4 2.73684 2 1 -0.784496 -0.237167 
4 3.15789 2 1 -0.718751 -0.231317 
4 3.57895 2 1 -0.662568 -0.226318 
4 4 2 1 -0.614003 -0.221996 
-4 4 2 1 0.749295 -0.314867 
-3.57895 4 2 1 0.671578 -0.309573 
-3.15789 4 2 1 0.594576 -0.304327 
-2.73684 4 2 1 0.518278 -0.29913 
-2.31579 4 2 1 0.442676 -0.293979 
-1.89474 4 2 1 0.367759 -0.288876 
-1.47368 4 2 1 0.293518 -0.283818 
-1.05263 4 2 1 0.219945 -0.278806 
-0.631579 4 2 1 0.147029 -0.273839 
-0.210526 4 2 1 0.0747635 -0.268916 
0.210526 4 2 1 0.00313845 -0.264037 
0.631579 4 2 1 -0.0678543 -0.259201 
1.05263 4 2 1 -0.138223 -0.254407 
1.47368 4 2 1 -0.207976 -0.249656 
1.89474 4 2 1 -0.277121 -0.244945 
2.31579 4 2 1 -0.345667 -0.240276 
2.73684 4 2 1 -0.41362 -0.235647 
3.15789 4 2 1 -0.480989 -0.231057 
3.57895 4 2 1 -0.547781 -0.226507 
4 4 2 1 -0.614003 -0.221996 
-4 -2.31579 6 1 144.899 111.874 
-4 -1.89474 6 1 9.34852 7.02679 
-4 -1.47368 6 1 4.85521 3.55127 
-4 -1.05263 6 1 3.29049 2.34098 
-4 -0.631579 6 1 2.49495 1.72564 
-4 -0.210526 6 1 2.01332 1.35311 
-4 0.210526 6 1 1.69042 1.10335 
-4 0.631579 6 1 1.45889 0.924256 
-4 1.05263 6 1 1.28474 0.789557 
-4 1.47368 6 1 1.149 0.684565 
-4 1.89474 6 1 1.04022 0.600428 
-4 2.31579 6 1 0.951104 0.531493 
-4 2.73684 6 1 0.876752 0.473983 
-4 3.15789 6 1 0.813778 0.425274 
-4 3.57895 6 1 0.759757 0.38349 
-4 4 6 1 0.712906 0.347251 
4 -2.73684 6 1 -35.4226 33.508 
4 -2.31579 6 1 -7.34346 6.85812 
4 -1.89474 6 1 -4.07532 3.75634 
4 -1.47368 6 1 -2.81006 2.55549 
4 -1.05263 6 1 -2.13834 1.91796 
4 -0.631579 6 1 -1.72186 1.52268 
4 -0.210526 6 1 -1.43837 1.25362 
4 0.210526 6 1 -1.23294 1.05864 
4 0.631579 6 1 -1.07722 0.910858 
4 1.05263 6 1 -0.95513 0.79498 
4 1.47368 6 1 -0.856829 0.701682 
4 1.89474 6 1 -0.775982 0.624951 
4 2.31579 6 1 -0.708321 0.560734 
4 2.73684 6 1 -0.650862 0.5062 
4 3.15789 6 1 -0.60146 0.459312 
4 3.57895 6 1 -0.558531 0.418569 
4 4 6 1 -0.520882 0.382836 
-4 4 6 1 0.712906 0.347251 
-3.57895 4 6 1 0.643112 0.349264 
-3.15789 4 6 1 0.573896 0.35126 
-2.73684 4 6 1 0.50525 0.35324 
-2.31579 4 6 1 0.437168 0.355204 
-1.89474 4 6 1 0.369643 0.357151 
-1.47368 4 6 1 0.302667 0.359083 
-1.05263 4 6 1 0.236234 0.360999 
-0.631579 4 6 1 0.170339 0.3629 
-0.210526 4 6 1 0.104973 0.364785 
0.210526 4 6 1 0.0401307 0.366655 
0.631579 4 6 1 -0.0241938 0.36851 
1.05263 4 6 1 -0.0880071 0.370351 
1.47368 4 6 1 -0.151315 0.372177 
1.89474 4 6 1 -0.214124 0.373988 
2.31579 4 6 1 -0.276439 0.375786 
2.73684 4 6 1 -0.338267 0.377569 
3.15789 4 6 1 -0.399613 0.379338 
3.57895 4 6 1 -0.460483 0.381094 
4 4 6 1 -0.520882 0.382836 
