0.452161 -0.171885 0.378315 0.398755 0 
0.397077 -0.175857 0.327013 0.404968 1 
0.339866 -0.179983 0.273913 0.411399 2 
0.280401 -0.184271 0.218921 0.418059 3 
0.218547 -0.188731 0.161933 0.424961 4 
0.154157 -0.193375 0.102838 0.432118 5 
0.0870705 -0.198213 0.0415169 0.439545 6 
0.0171158 -0.203258 -0.0221577 0.447256 7 
-0.0558954 -0.208523 -0.0883243 0.45527 8 
-0.132168 -0.214023 -0.157132 0.463603 9 
-0.211926 -0.219775 -0.228743 0.472276 10 
-0.295412 -0.225795 -0.303331 0.48131 11 
-0.382896 -0.232104 -0.381086 0.490727 12 
-0.474671 -0.238723 -0.462214 0.500552 13 
-0.571061 -0.245674 -0.54694 0.510813 14 
-0.672423 -0.252983 -0.635508 0.52154 15 
-0.779152 -0.26068 -0.728185 0.532764 16 
-0.891685 -0.268795 -0.825265 0.544522 17 
-1.01051 -0.277364 -0.927069 0.556851 18 
-1.13617 -0.286426 -1.03395 0.569796 19 
0.452161 -0.171885 0.378315 0.398755 40 
0.501247 -0.17135 0.418329 0.433116 41 
0.557229 -0.170741 0.463393 0.471815 42 
0.621671 -0.170039 0.51453 0.515727 43 
0.696647 -0.169223 0.573054 0.565984 44 
0.784969 -0.168261 0.64069 0.624066 45 
0.89055 -0.167112 0.719748 0.691956 46 
1.019 -0.165714 0.813387 0.772368 47 
1.17864 -0.163976 0.926051 0.869116 48 
1.38241 -0.161757 1.06419 0.987743 49 
1.65153 -0.158828 1.23756 1.13662 50 
2.02348 -0.154778 1.46158 1.329 51 
2.57107 -0.148817 1.76227 1.58721 52 
3.45717 -0.139171 2.18712 1.95204 53 
5.13614 -0.120893 2.833 2.50668 54 
9.53359 -0.0730203 3.93309 3.45137 55 
51.3218 0.381903 6.22632 5.42065 56 
-1.13617 -0.286426 -1.03395 0.569796 60 
-1.22465 -0.297628 -1.10042 0.637301 61 
-1.33396 -0.311465 -1.18003 0.718164 62 
-1.47242 -0.328993 -1.27714 0.816784 63 
-1.65349 -0.351916 -1.39819 0.939732 64 
-1.90042 -0.383176 -1.55331 1.09728 65 
-2.25713 -0.428332 -1.75922 1.30641 66 
-2.81774 -0.499302 -2.04577 1.59743 67 
-3.82707 -0.627075 -2.47183 2.03016 68 
-6.18325 -0.925351 -3.1721 2.74139 69 
-17.9873 -2.41966 -4.5369 4.12753 70 
