0.316349 -0.0616413 0.274385 0.449838 0 
0.268049 -0.0593304 0.230088 0.463496 1 
0.217249 -0.0568999 0.183737 0.477786 2 
0.163748 -0.0543402 0.135187 0.492755 3 
0.107326 -0.0516407 0.0842781 0.508451 4 
0.0477358 -0.0487897 0.0308333 0.524929 5 
-0.0152957 -0.0457741 -0.0253414 0.542249 6 
-0.0820761 -0.042579 -0.0844608 0.560477 7 
-0.15295 -0.0391881 -0.146763 0.579685 8 
-0.228306 -0.0355828 -0.212511 0.599957 9 
-0.308583 -0.0317421 -0.281999 0.621381 10 
-0.394279 -0.0276421 -0.355557 0.64406 11 
-0.485962 -0.0232556 -0.433552 0.668108 12 
-0.584282 -0.0185516 -0.516398 0.693651 13 
-0.689987 -0.0134942 -0.604563 0.720834 14 
-0.803942 -0.00804216 -0.698576 0.749819 15 
-0.927151 -0.00214734 -0.799037 0.780793 16 
-1.06079 0.00424647 -0.906635 0.813968 17 
-1.20624 0.0112054 -1.02216 0.849586 18 
-1.36514 0.0188079 -1.14652 0.887927 19 
0.316349 -0.0616413 0.274385 0.449838 40 
0.360609 -0.0533364 0.311849 0.483266 41 
0.410201 -0.0440309 0.353324 0.520275 42 
0.466151 -0.0335325 0.399494 0.561472 43 
0.529765 -0.021596 0.451201 0.607611 44 
0.602733 -0.00790413 0.509507 0.659637 45 
0.687284 0.00796093 0.57576 0.718754 46 
0.786412 0.0265612 0.651704 0.786519 47 
0.904242 0.0486709 0.739632 0.864978 48 
1.04662 0.0753865 0.842626 0.956879 49 
1.22211 0.108315 0.964919 1.066 50 
1.44377 0.149908 1.1125 1.19768 51 
1.7326 0.204104 1.2941 1.35973 52 
2.12458 0.277654 1.52305 1.56402 53 
2.68696 0.38318 1.8206 1.82953 54 
3.56174 0.547324 2.22306 2.18864 55 
5.10931 0.83771 2.79775 2.70143 56 
8.59081 1.49098 3.68534 3.49343 57 
23.6686 4.32018 5.23697 4.87795 58 
-1.36514 0.0188079 -1.14652 0.887927 60 
-1.46653 0.0442663 -1.20883 0.987772 61 
-1.59358 0.0761684 -1.28364 1.10764 62 
-1.75745 0.117316 -1.37512 1.25421 63 
-1.97685 0.172407 -1.48955 1.43755 64 
-2.28577 0.249978 -1.63679 1.67347 65 
-2.75305 0.367312 -1.83332 1.98836 66 
-3.54242 0.565524 -2.10886 2.42985 67 
-5.16202 0.972206 -2.52307 3.09351 68 
-10.3745 2.28106 -3.21578 4.20341 69 
