0.841583 0.0746756 0.709874 0.751562 0 
0.7548 0.0673609 0.632757 0.739909 1 
0.669449 0.0601669 0.556786 0.728429 2 
0.585497 0.0530908 0.481937 0.717118 3 
0.502907 0.0461296 0.408184 0.705973 4 
0.421648 0.0392805 0.335505 0.69499 5 
0.341688 0.0325408 0.263874 0.684165 6 
0.262996 0.0259081 0.193271 0.673496 7 
0.185541 0.0193796 0.123673 0.662979 8 
0.109295 0.0129531 0.0550585 0.65261 9 
0.0342298 0.00662606 -0.012593 0.642387 10 
-0.0396818 0.000396258 -0.0793015 0.632307 11 
-0.112466 -0.00573854 -0.145087 0.622366 12 
-0.184149 -0.0117805 -0.209968 0.612561 13 
-0.254755 -0.0177317 -0.273963 0.602891 14 
-0.324309 -0.0235941 -0.33709 0.593351 15 
-0.392833 -0.0293698 -0.399368 0.58394 16 
-0.46035 -0.0350607 -0.460812 0.574655 17 
-0.526883 -0.0406686 -0.521439 0.565493 18 
-0.592453 -0.0461953 -0.581267 0.556453 19 
0.841583 0.0746756 0.709874 0.751562 40 
0.90456 0.0932458 0.755823 0.82049 41 
0.979508 0.115346 0.809479 0.900978 42 
1.0702 0.142089 0.872958 0.996202 43 
1.18218 0.175108 0.94923 1.11062 44 
1.32393 0.216908 1.04259 1.25067 45 
1.50916 0.271527 1.15952 1.42607 46 
1.76148 0.345931 1.31023 1.65214 47 
2.12543 0.453248 1.5118 1.95452 48 
2.69608 0.62152 1.79525 2.37972 49 
3.71942 0.923275 2.22316 3.02161 50 
6.08815 1.62175 2.94372 4.10251 51 
17.5457 5.0003 4.41319 6.30683 52 
-0.592453 -0.0461953 -0.581267 0.556453 60 
-0.644862 -0.0393095 -0.627998 0.60308 61 
-0.705645 -0.0313236 -0.681443 0.656406 62 
-0.776982 -0.0219511 -0.743161 0.717987 63 
-0.861884 -0.0107963 -0.815233 0.789899 64 
-0.964626 0.00270245 -0.900504 0.87498 65 
-1.09149 0.0193706 -1.00296 0.977213 66 
-1.25211 0.0404731 -1.1284 1.10237 67 
-1.46201 0.0680507 -1.2855 1.25912 68 
-1.74799 0.105624 -1.488 1.46117 69 
-2.16057 0.15983 -1.7589 1.73147 70 
-2.8077 0.244853 -2.1399 2.11162 71 
-3.96884 0.397409 -2.71524 2.68568 72 
-6.65987 0.750967 -3.6845 3.65279 73 
-19.7419 2.46974 -5.66287 5.62676 74 
