-0.438535 0.0628386 -0.470783 0.720081 0 
-0.479791 0.0551909 -0.519828 0.758658 1 
-0.526637 0.0465069 -0.576469 0.803209 2 
-0.580293 0.0365605 -0.64262 0.85524 3 
-0.64236 0.025055 -0.720893 0.916807 4 
-0.714984 0.0115925 -0.814958 0.990794 5 
-0.801108 -0.00437263 -0.93013 1.08138 6 
-0.904883 -0.0236098 -1.07441 1.19487 7 
-1.03236 -0.0472397 -1.26043 1.34118 8 
-1.19269 -0.0769609 -1.50937 1.53699 9 
-1.40046 -0.115477 -1.85964 1.8125 10 
-1.6804 -0.16737 -2.38894 2.22882 11 
-2.078 -0.241074 -3.28161 2.93095 12 
-2.68716 -0.353996 -5.10744 4.36707 13 
-3.73797 -0.548788 -10.932 8.94842 14 
0.924876 -0.0256291 1.10851 0.844091 20 
0.984678 -0.0431502 1.19748 0.909626 21 
1.05542 -0.0638782 1.30603 0.989593 22 
1.14042 -0.0887821 1.44144 1.08935 23 
1.24447 -0.119265 1.6151 1.21728 24 
1.37476 -0.157438 1.84586 1.38727 25 
1.54266 -0.206633 2.16743 1.62416 26 
1.76722 -0.272426 2.64655 1.97712 27 
2.08292 -0.364923 3.43658 2.55911 28 
2.55939 -0.504523 4.98548 3.70014 29 
3.36137 -0.739493 9.39709 6.95004 30 
4.99549 -1.21827 121.255 89.3524 31 
-0.438535 0.0628386 -0.470783 0.720081 40 
-0.382507 0.0592031 -0.408169 0.724998 41 
-0.325097 0.0554779 -0.343814 0.730051 42 
-0.266254 0.0516598 -0.277645 0.735247 43 
-0.205924 0.0477451 -0.209585 0.740591 44 
-0.144048 0.0437302 -0.139552 0.74609 45 
-0.0805682 0.0396112 -0.0674567 0.751751 46 
-0.0154201 0.0353839 0.0067915 0.757581 47 
0.0514627 0.0310441 0.083291 0.763588 48 
0.12015 0.0265872 0.162146 0.76978 49 
0.190717 0.0220083 0.243466 0.776165 50 
0.263241 0.0173025 0.32737 0.782754 51 
0.337804 0.0124643 0.413982 0.789555 52 
0.414495 0.00748805 0.503435 0.796579 53 
0.493404 0.00236784 0.595873 0.803837 54 
0.574631 -0.00290271 0.691445 0.811342 55 
0.658278 -0.00833032 0.790316 0.819105 56 
0.744456 -0.0139221 0.892658 0.827141 57 
0.833281 -0.0196857 0.998658 0.835465 58 
0.924876 -0.0256291 1.10851 0.844091 59 
