-4 -4 2 1 0.255769 -0.0703529 
-4 -3.57895 2 1 0.209999 -0.0664133 
-4 -3.15789 2 1 0.161534 -0.0622415 
-4 -2.73684 2 1 0.110126 -0.0578166 
-4 -2.31579 2 1 0.0555003 -0.0531146 
-4 -1.89474 2 1 -0.00265554 -0.0481087 
-4 -1.47368 2 1 -0.064695 -0.0427686 
-4 -1.05263 2 1 -0.131021 -0.0370595 
-4 -0.631579 2 1 -0.202092 -0.0309419 
-4 -0.210526 2 1 -0.278439 -0.0243703 
-4 0.210526 2 1 -0.36067 -0.0172922 
-4 0.631579 2 1 -0.449492 -0.00964669 
-4 1.05263 2 1 -0.545733 -0.00136268 
-4 1.47368 2 1 -0.65036 0.00764328 
-4 1.89474 2 1 -0.764522 0.0174699 
-4 2.31579 2 1 -0.889582 0.0282346 
-4 2.73684 2 1 -1.02718 0.0400786 
-4 3.15789 2 1 -1.1793 0.0531727 
-4 3.57895 2 1 -1.34837 0.0677258 
-4 4 2 1 -1.5374 0.0839962 
4 -4 2 1 20.6056 3.18224 
4 -3.57895 2 1 68.9284 11.9196 
-4 -4 2 1 0.255769 -0.0703529 
-3.57895 -4 2 1 0.299327 -0.0633909 
-3.15789 -4 2 1 0.347789 -0.0556449 
-2.73684 -4 2 1 0.402034 -0.0469748 
-2.31579 -4 2 1 0.463161 -0.0372047 
-1.89474 -4 2 1 0.532569 -0.0261109 
-1.47368 -4 2 1 0.612063 -0.0134051 
-1.05263 -4 2 1 0.704014 0.00129182 
-0.631579 -4 2 1 0.811599 0.0184875 
-0.210526 -4 2 1 0.939176 0.0388786 
0.210526 -4 2 1 1.09289 0.0634468 
0.631579 -4 2 1 1.28168 0.0936222 
1.05263 -4 2 1 1.51911 0.131572 
1.47368 -4 2 1 1.82676 0.180744 
1.89474 -4 2 1 2.24116 0.24698 
2.31579 -4 2 1 2.82958 0.34103 
2.73684 -4 2 1 3.73074 0.485064 
3.15789 -4 2 1 5.28417 0.733355 
3.57895 -4 2 1 8.5998 1.2633 
4 -4 2 1 20.6056 3.18224 
-4 4 2 1 -1.5374 0.0839962 
-3.57895 4 2 1 -1.65472 0.118258 
-3.15789 4 2 1 -1.80411 0.161883 
-2.73684 4 2 1 -2.0008 0.219319 
-2.31579 4 2 1 -2.27146 0.298357 
-1.89474 4 2 1 -2.66748 0.414006 
-1.47368 4 2 1 -3.30225 0.59937 
-1.05263 4 2 1 -4.48475 0.944686 
-0.631579 4 2 1 -7.46201 1.81411 
-0.210526 4 2 1 -29.1798 8.15618 
-4 -4 6 1 0.231626 0.430358 
-4 -3.57895 6 1 0.189932 0.44675 
-4 -3.15789 6 1 0.146041 0.464007 
-4 -2.73684 6 1 0.0997742 0.482197 
-4 -2.31579 6 1 0.0509327 0.5014 
-4 -1.89474 6 1 -0.00070415 0.521702 
-4 -1.47368 6 1 -0.0553835 0.5432 
-4 -1.05263 6 1 -0.113382 0.566003 
-4 -0.631579 6 1 -0.175012 0.590234 
-4 -0.210526 6 1 -0.240625 0.616031 
-4 0.210526 6 1 -0.310621 0.643551 
-4 0.631579 6 1 -0.385453 0.672973 
-4 1.05263 6 1 -0.465641 0.7045 
-4 1.47368 6 1 -0.551781 0.738367 
-4 1.89474 6 1 -0.644561 0.774845 
-4 2.31579 6 1 -0.744781 0.814248 
-4 2.73684 6 1 -0.853371 0.856942 
-4 3.15789 6 1 -0.971426 0.903358 
-4 3.57895 6 1 -1.10024 0.954004 
-4 4 6 1 -1.24136 1.00949 
4 -4 6 1 5.32329 4.48332 
4 -3.57895 6 1 6.1144 5.55352 
4 -3.15789 6 1 7.37311 7.25629 
4 -2.73684 6 1 9.68796 10.3878 
4 -2.31579 6 1 15.3488 18.0457 
4 -1.89474 6 1 50.5214 65.6266 
-4 -4 6 1 0.231626 0.430358 
-3.57895 -4 6 1 0.269467 0.460479 
-3.15789 -4 6 1 0.3111 0.493619 
-2.73684 -4 6 1 0.357125 0.530255 
-2.31579 -4 6 1 0.408275 0.570971 
-1.89474 -4 6 1 0.465457 0.616487 
-1.47368 -4 6 1 0.529805 0.667708 
-1.05263 -4 6 1 0.602756 0.725777 
-0.631579 -4 6 1 0.686159 0.792166 
-0.210526 -4 6 1 0.782432 0.868799 
0.210526 -4 6 1 0.894805 0.958248 
0.631579 -4 6 1 1.02769 1.06402 
1.05263 -4 6 1 1.18725 1.19103 
1.47368 -4 6 1 1.38243 1.3464 
1.89474 -4 6 1 1.62665 1.5408 
2.31579 -4 6 1 1.94106 1.79107 
2.73684 -4 6 1 2.36098 2.12532 
3.15789 -4 6 1 2.95023 2.59437 
3.57895 -4 6 1 3.83711 3.30032 
4 -4 6 1 5.32329 4.48332 
-4 4 6 1 -1.24136 1.00949 
-3.57895 4 6 1 -1.30602 1.12461 
-3.15789 4 6 1 -1.38427 1.26394 
-2.73684 4 6 1 -1.4809 1.43599 
-2.31579 4 6 1 -1.60325 1.65384 
-1.89474 4 6 1 -1.76316 1.93856 
-1.47368 4 6 1 -1.98107 2.32656 
-1.05263 4 6 1 -2.29553 2.88645 
-0.631579 4 6 1 -2.78894 3.76498 
-0.210526 4 6 1 -3.67483 5.34231 
0.210526 4 6 1 -5.73071 9.00285 
0.631579 4 6 1 -15.7808 26.8972 
