-2.09641 -0.300527 -1.85123 0.959632 0 
-2.28988 -0.316497 -1.98173 1.09201 1 
-2.54667 -0.337694 -2.14629 1.25893 2 
-2.90397 -0.367187 -2.36027 1.47597 3 
-3.43514 -0.411031 -2.64982 1.76967 4 
-4.30788 -0.48307 -3.06359 2.18938 5 
-6.00781 -0.623389 -3.70334 2.8383 6 
-10.7703 -1.01651 -4.82374 3.97477 7 
-102.032 -8.54959 -7.29241 6.47883 8 
0.102493 -0.128362 0.0580246 0.379111 20 
0.141859 -0.125559 0.0926919 0.404308 21 
0.185178 -0.122474 0.130589 0.431853 22 
0.233078 -0.119064 0.17219 0.46209 23 
0.286326 -0.115273 0.218065 0.495433 24 
0.34587 -0.111033 0.268908 0.532388 25 
0.412897 -0.106261 0.325573 0.573574 26 
0.488912 -0.100849 0.389121 0.619763 27 
0.575853 -0.0946587 0.460887 0.671924 28 
0.676259 -0.0875099 0.542574 0.731297 29 
0.793519 -0.0791611 0.636393 0.799488 30 
0.932266 -0.0692824 0.745264 0.87862 31 
1.099 -0.0574109 0.873125 0.971553 32 
1.30315 -0.042876 1.02542 1.08225 33 
1.55888 -0.024668 1.20989 1.21632 34 
1.88858 -0.00119337 1.43794 1.38208 35 
2.32978 0.0302195 1.72707 1.59223 36 
2.95053 0.0744163 2.10563 1.86738 37 
3.88845 0.141195 2.62271 2.24321 38 
5.47001 0.253801 3.37133 2.78733 39 
-2.09641 -0.300527 -1.85123 0.959632 40 
-1.8094 -0.278055 -1.62424 0.890616 41 
-1.566 -0.258998 -1.42693 0.830621 42 
-1.35698 -0.242632 -1.25383 0.777989 43 
-1.17552 -0.228425 -1.10074 0.731442 44 
-1.01652 -0.215976 -0.964388 0.689983 45 
-0.876047 -0.204977 -0.842164 0.65282 46 
-0.751042 -0.19519 -0.731983 0.619318 47 
-0.639085 -0.186424 -0.632148 0.588963 48 
-0.538232 -0.178528 -0.541267 0.56133 49 
-0.446911 -0.171378 -0.458188 0.536069 50 
-0.363831 -0.164873 -0.381947 0.512887 51 
-0.287925 -0.15893 -0.311734 0.491538 52 
-0.218301 -0.153478 -0.24686 0.471813 53 
-0.154211 -0.14846 -0.186738 0.453533 54 
-0.0950211 -0.143826 -0.130866 0.436544 55 
-0.040189 -0.139533 -0.0788084 0.420716 56 
0.0107491 -0.135545 -0.0301866 0.405932 57 
0.0581939 -0.13183 0.0153281 0.392093 58 
0.102493 -0.128362 0.0580246 0.379111 59 
1446.49 99.6117 7.05402 8.03027 75 
17.5602 1.08741 5.25576 5.47014 76 
9.52272 0.533234 4.3247 4.14462 77 
6.82345 0.34712 3.7554 3.33413 78 
5.47001 0.253801 3.37133 2.78733 79 
