0.52039 -0.22126 0.435787 0.380857 0 
0.461662 -0.227573 0.380552 0.383656 1 
0.401079 -0.234085 0.323715 0.386536 2 
0.338553 -0.240805 0.265206 0.389501 3 
0.27399 -0.247745 0.204949 0.392555 4 
0.207287 -0.254915 0.142865 0.395701 5 
0.138336 -0.262326 0.0788696 0.398945 6 
0.067023 -0.269992 0.0128734 0.402289 7 
-0.00677689 -0.277924 -0.0552193 0.40574 8 
-0.0831957 -0.286138 -0.12551 0.409302 9 
-0.162375 -0.294649 -0.198106 0.412981 10 
-0.244468 -0.303473 -0.273124 0.416783 11 
-0.329638 -0.312628 -0.350687 0.420714 12 
-0.418061 -0.322133 -0.430926 0.42478 13 
-0.509927 -0.332007 -0.513982 0.428989 14 
-0.605442 -0.342274 -0.600007 0.433349 15 
-0.704827 -0.352957 -0.689161 0.437867 16 
-0.808322 -0.364081 -0.78162 0.442553 17 
-0.916188 -0.375675 -0.877571 0.447415 18 
-1.02871 -0.38777 -0.977215 0.452465 19 
0.52039 -0.22126 0.435787 0.380857 40 
0.572478 -0.226102 0.47809 0.41491 41 
0.63238 -0.231671 0.526172 0.453614 42 
0.701999 -0.238143 0.581301 0.497991 43 
0.783908 -0.245758 0.645151 0.549387 44 
0.881675 -0.254847 0.719967 0.609612 45 
1.0004 -0.265884 0.808842 0.681153 46 
1.14763 -0.279571 0.916147 0.76753 47 
1.33503 -0.296993 1.04828 0.873892 48 
1.58165 -0.319919 1.21498 1.00808 49 
1.9208 -0.351448 1.43187 1.18267 50 
2.41661 -0.397541 1.72561 1.41912 51 
3.21022 -0.471318 2.14585 1.7574 52 
4.68505 -0.608425 2.79674 2.28134 53 
8.37782 -0.951721 3.93997 3.2016 54 
34.457 -3.37616 6.47395 5.24136 55 
-1.02871 -0.38777 -0.977215 0.452465 60 
-1.11001 -0.411662 -1.04436 0.506483 61 
-1.20963 -0.440939 -1.12469 0.571106 62 
-1.33455 -0.477653 -1.2225 0.649796 63 
-1.49583 -0.52505 -1.34421 0.747708 64 
-1.71202 -0.588586 -1.49978 0.872864 65 
-2.01694 -0.678197 -1.70563 1.03847 66 
-2.47929 -0.814075 -1.99085 1.26793 67 
-3.26345 -1.04453 -2.41229 1.60698 68 
-4.88471 -1.52099 -3.09815 2.15875 69 
-10.2181 -3.08839 -4.41105 3.21497 70 
