-4 -4 2 1 -2.83612 0.168245 
-4 -3.57895 2 1 -3.15059 0.234278 
-4 -3.15789 2 1 -3.59226 0.327022 
-4 -2.73684 2 1 -4.25788 0.466792 
-4 -2.31579 2 1 -5.37565 0.701504 
-4 -1.89474 2 1 -7.64318 1.17765 
-4 -1.47368 2 1 -14.7132 2.66223 
4 -4 2 1 -0.0100388 -0.0557888 
4 -3.57895 2 1 0.0295555 -0.0488163 
4 -3.15789 2 1 0.0725682 -0.0412418 
4 -2.73684 2 1 0.119462 -0.0329838 
4 -2.31579 2 1 0.170788 -0.0239455 
4 -1.89474 2 1 0.227204 -0.0140107 
4 -1.47368 2 1 0.289507 -0.00303912 
4 -1.05263 2 1 0.35867 0.00914049 
4 -0.631579 2 1 0.435893 0.0227392 
4 -0.210526 2 1 0.522669 0.0380205 
4 0.210526 2 1 0.62089 0.0553172 
4 0.631579 2 1 0.73298 0.0750561 
4 1.05263 2 1 0.862099 0.0977938 
4 1.47368 2 1 1.01245 0.12427 
4 1.89474 2 1 1.18973 0.155489 
4 2.31579 2 1 1.40189 0.19285 
4 2.73684 2 1 1.66035 0.238365 
4 3.15789 2 1 1.98213 0.29503 
4 3.57895 2 1 2.39373 0.367512 
4 4 2 1 2.93886 0.46351 
-4 -4 2 1 -2.83612 0.168245 
-3.57895 -4 2 1 -2.36252 0.130701 
-3.15789 -4 2 1 -1.99141 0.101282 
-2.73684 -4 2 1 -1.69277 0.0776079 
-2.31579 -4 2 1 -1.44727 0.0581458 
-1.89474 -4 2 1 -1.24187 0.0418634 
-1.47368 -4 2 1 -1.0675 0.0280403 
-1.05263 -4 2 1 -0.917619 0.0161585 
-0.631579 -4 2 1 -0.787403 0.00583573 
-0.210526 -4 2 1 -0.673221 -0.00321584 
0.210526 -4 2 1 -0.572285 -0.0112174 
0.631579 -4 2 1 -0.482416 -0.0183417 
1.05263 -4 2 1 -0.401888 -0.0247255 
1.47368 -4 2 1 -0.329316 -0.0304785 
1.89474 -4 2 1 -0.263577 -0.0356899 
2.31579 -4 2 1 -0.20375 -0.0404326 
2.73684 -4 2 1 -0.149071 -0.0447672 
3.15789 -4 2 1 -0.0989036 -0.0487442 
3.57895 -4 2 1 -0.0527109 -0.0524061 
4 -4 2 1 -0.0100388 -0.0557888 
1.47368 4 2 1 29.1534 8.93215 
1.89474 4 2 1 9.49084 2.58014 
2.31579 4 2 1 6.02201 1.45952 
2.73684 4 2 1 4.57675 0.992633 
3.15789 4 2 1 3.78421 0.736603 
3.57895 4 2 1 3.28367 0.574902 
4 4 2 1 2.93886 0.46351 
-4 -4 6 1 -2.15826 1.52753 
-4 -3.57895 6 1 -2.30053 1.73672 
-4 -3.15789 6 1 -2.48139 2.00264 
-4 -2.73684 6 1 -2.719 2.352 
-4 -2.31579 6 1 -3.04502 2.83137 
-4 -1.89474 6 1 -3.52011 3.5299 
-4 -1.47368 6 1 -4.27679 4.64247 
-4 -1.05263 6 1 -5.67085 6.6922 
-4 -0.631579 6 1 -9.09361 11.7248 
-4 -0.210526 6 1 -30.8032 43.6449 
4 -4 6 1 -0.0286274 0.425712 
4 -3.57895 6 1 0.00665007 0.450153 
4 -3.15789 6 1 0.0446842 0.476503 
4 -2.73684 6 1 0.0858111 0.504996 
4 -2.31579 6 1 0.130424 0.535905 
4 -1.89474 6 1 0.178986 0.569549 
4 -1.47368 6 1 0.232046 0.60631 
4 -1.05263 6 1 0.290259 0.64664 
4 -0.631579 6 1 0.354413 0.691087 
4 -0.210526 6 1 0.425467 0.740314 
4 0.210526 6 1 0.504598 0.795137 
4 0.631579 6 1 0.593267 0.856567 
4 1.05263 6 1 0.693307 0.925876 
4 1.47368 6 1 0.807056 1.00468 
4 1.89474 6 1 0.937539 1.09508 
4 2.31579 6 1 1.08874 1.19984 
4 2.73684 6 1 1.26603 1.32266 
4 3.15789 6 1 1.47678 1.46868 
4 3.57895 6 1 1.73147 1.64512 
4 4 6 1 2.04542 1.86263 
-4 -4 6 1 -2.15826 1.52753 
-3.57895 -4 6 1 -1.85894 1.37267 
-3.15789 -4 6 1 -1.61046 1.24411 
-2.73684 -4 6 1 -1.40087 1.13568 
-2.31579 -4 6 1 -1.22172 1.04299 
-1.89474 -4 6 1 -1.06682 0.962846 
-1.47368 -4 6 1 -0.93155 0.892863 
-1.05263 -4 6 1 -0.812411 0.831223 
-0.631579 -4 6 1 -0.706677 0.776519 
-0.210526 -4 6 1 -0.612205 0.727641 
0.210526 -4 6 1 -0.527288 0.683707 
0.631579 -4 6 1 -0.450546 0.644003 
1.05263 -4 6 1 -0.380852 0.607945 
1.47368 -4 6 1 -0.317279 0.575053 
1.89474 -4 6 1 -0.259053 0.544929 
2.31579 -4 6 1 -0.205527 0.517236 
2.73684 -4 6 1 -0.156155 0.491692 
3.15789 -4 6 1 -0.110471 0.468056 
3.57895 -4 6 1 -0.0680757 0.446122 
4 -4 6 1 -0.0286274 0.425712 
0.631579 4 6 1 10.1778 18.519 
1.05263 4 6 1 5.5352 9.01026 
1.47368 4 6 1 4.02693 5.92108 
1.89474 4 6 1 3.27995 4.39115 
2.31579 4 6 1 2.83402 3.47782 
2.73684 4 6 1 2.53767 2.87085 
3.15789 4 6 1 2.32645 2.43824 
3.57895 4 6 1 2.16829 2.11429 
4 4 6 1 2.04542 1.86263 
