-4 -4 2 1 0.563314 -0.229185 
-4 -3.57895 2 1 0.502071 -0.23636 
-4 -3.15789 2 1 0.439212 -0.243725 
-4 -2.73684 2 1 0.374672 -0.251286 
-4 -2.31579 2 1 0.308383 -0.259052 
-4 -1.89474 2 1 0.240273 -0.267032 
-4 -1.47368 2 1 0.170267 -0.275234 
-4 -1.05263 2 1 0.0982825 -0.283667 
-4 -0.631579 2 1 0.0242359 -0.292342 
-4 -0.210526 2 1 -0.0519631 -0.30127 
-4 0.210526 2 1 -0.13041 -0.31046 
-4 0.631579 2 1 -0.211205 -0.319926 
-4 1.05263 2 1 -0.294455 -0.32968 
-4 1.47368 2 1 -0.380275 -0.339734 
-4 1.89474 2 1 -0.468785 -0.350104 
-4 2.31579 2 1 -0.560113 -0.360804 
-4 2.73684 2 1 -0.654397 -0.37185 
-4 3.15789 2 1 -0.751781 -0.383259 
-4 3.57895 2 1 -0.852423 -0.39505 
-4 4 2 1 -0.956487 -0.407242 
-4 -4 2 1 0.563314 -0.229185 
-3.57895 -4 2 1 0.617156 -0.236433 
-3.15789 -4 2 1 0.679383 -0.244811 
-2.73684 -4 2 1 0.75212 -0.254602 
-2.31579 -4 2 1 0.838273 -0.266201 
-1.89474 -4 2 1 0.941933 -0.280155 
-1.47368 -4 2 1 1.06904 -0.297267 
-1.05263 -4 2 1 1.22856 -0.318742 
-0.631579 -4 2 1 1.43471 -0.346494 
-0.210526 -4 2 1 1.71144 -0.383747 
0.210526 -4 2 1 2.10245 -0.436387 
0.631579 -4 2 1 2.697 -0.516426 
1.05263 -4 2 1 3.70991 -0.652786 
1.47368 -4 2 1 5.82244 -0.93718 
1.89474 -4 2 1 12.9512 -1.89686 
-4 4 2 1 -0.956487 -0.407242 
-3.57895 4 2 1 -1.03229 -0.434487 
-3.15789 4 2 1 -1.12453 -0.467644 
-2.73684 4 2 1 -1.23923 -0.508871 
-2.31579 4 2 1 -1.3857 -0.561521 
-1.89474 4 2 1 -1.5793 -0.631106 
-1.47368 4 2 1 -1.84709 -0.727363 
-1.05263 4 2 1 -2.24187 -0.869262 
-0.631579 4 2 1 -2.88202 -1.09936 
-0.210526 4 2 1 -4.09943 -1.53695 
0.210526 4 2 1 -7.31615 -2.69317 
0.631579 4 2 1 -40.0652 -14.4646 
-4 -4 6 1 0.474529 0.391286 
-4 -3.57895 6 1 0.416475 0.392126 
-4 -3.15789 6 1 0.356998 0.392987 
-4 -2.73684 6 1 0.296045 0.39387 
-4 -2.31579 6 1 0.233558 0.394774 
-4 -1.89474 6 1 0.169481 0.395702 
-4 -1.47368 6 1 0.103752 0.396653 
-4 -1.05263 6 1 0.0363054 0.397629 
-4 -0.631579 6 1 -0.0329265 0.398632 
-4 -0.210526 6 1 -0.104016 0.399661 
-4 0.210526 6 1 -0.177038 0.400718 
-4 0.631579 6 1 -0.252073 0.401804 
-4 1.05263 6 1 -0.329205 0.40292 
-4 1.47368 6 1 -0.408523 0.404068 
-4 1.89474 6 1 -0.490123 0.40525 
-4 2.31579 6 1 -0.574102 0.406465 
-4 2.73684 6 1 -0.660568 0.407717 
-4 3.15789 6 1 -0.749633 0.409006 
-4 3.57895 6 1 -0.841414 0.410335 
-4 4 6 1 -0.936039 0.411705 
-4 -4 6 1 0.474529 0.391286 
-3.57895 -4 6 1 0.518475 0.426103 
-3.15789 -4 6 1 0.568726 0.465916 
-2.73684 -4 6 1 0.626744 0.511883 
-2.31579 -4 6 1 0.694481 0.565549 
-1.89474 -4 6 1 0.774603 0.629028 
-1.47368 -4 6 1 0.870847 0.70528 
-1.05263 -4 6 1 0.988625 0.798593 
-0.631579 -4 6 1 1.13607 0.915413 
-0.210526 -4 6 1 1.32602 1.0659 
0.210526 -4 6 1 1.57993 1.26707 
0.631579 -4 6 1 1.93665 1.54969 
1.05263 -4 6 1 2.4745 1.97582 
1.47368 -4 6 1 3.37833 2.6919 
1.89474 -4 6 1 5.21437 4.14656 
2.31579 -4 6 1 10.9605 8.69913 
-4 4 6 1 -0.936039 0.411705 
-3.57895 4 6 1 -1.00268 0.459479 
-3.15789 4 6 1 -1.08225 0.516518 
-2.73684 4 6 1 -1.1789 0.585803 
-2.31579 4 6 1 -1.2988 0.671754 
-1.89474 4 6 1 -1.45148 0.781206 
-1.47368 4 6 1 -1.65252 0.925324 
-1.05263 4 6 1 -1.92922 1.12368 
-0.631579 4 6 1 -2.33417 1.41397 
-0.210526 4 6 1 -2.98346 1.87942 
0.210526 4 6 1 -4.19377 2.74705 
0.631579 4 6 1 -7.24532 4.93458 
1.05263 4 6 1 -29.6917 21.0255 
