-1.04112 0.116073 -1.20703 1.01683 0 
-1.11246 0.120307 -1.30156 1.11186 1 
-1.19824 0.125398 -1.41719 1.22808 2 
-1.30335 0.131636 -1.56185 1.3735 3 
-1.43514 0.139457 -1.74806 1.56067 4 
-1.60526 0.149553 -1.99672 1.81062 5 
-1.83326 0.163084 -2.34557 2.16127 6 
-2.15474 0.182162 -2.87042 2.68885 7 
-2.64203 0.211081 -3.74945 3.57244 8 
-3.46796 0.260096 -5.52367 5.35586 9 
-5.17352 0.361314 -10.9793 10.8398 10 
0.393946 0.210017 0.361923 0.838822 20 
0.435774 0.218903 0.404169 0.890621 21 
0.483271 0.228992 0.452519 0.949903 22 
0.537673 0.240548 0.508398 1.01842 23 
0.600604 0.253917 0.573715 1.0985 24 
0.674242 0.269559 0.65108 1.19336 25 
0.761572 0.28811 0.744167 1.3075 26 
0.866804 0.310464 0.858309 1.44745 27 
0.996072 0.337924 1.00156 1.62309 28 
1.15867 0.372465 1.18668 1.85008 29 
1.36941 0.41723 1.43518 2.15476 30 
1.65336 0.477549 1.78632 2.5853 31 
2.05672 0.563232 2.32023 3.23994 32 
2.67484 0.694537 3.22985 4.35524 33 
3.74149 0.92112 5.12699 6.68136 34 
6.02284 1.40574 11.5292 14.5312 35 
-1.04112 0.116073 -1.20703 1.01683 40 
-0.936823 0.122901 -1.09044 1.0036 41 
-0.836849 0.129445 -0.979066 0.990968 42 
-0.740934 0.135724 -0.872569 0.978885 43 
-0.648836 0.141753 -0.770631 0.967319 44 
-0.560331 0.147547 -0.672968 0.956238 45 
-0.475213 0.153119 -0.579316 0.945613 46 
-0.393291 0.158482 -0.489432 0.935415 47 
-0.314389 0.163647 -0.403093 0.925619 48 
-0.238342 0.168626 -0.320095 0.916202 49 
-0.164999 0.173427 -0.240246 0.907143 50 
-0.0942169 0.178061 -0.163371 0.898421 51 
-0.025865 0.182535 -0.0893067 0.890018 52 
0.0401801 0.186859 -0.0179017 0.881916 53 
0.104033 0.191039 0.0509846 0.874101 54 
0.165802 0.195082 0.117483 0.866556 55 
0.225586 0.198996 0.181716 0.859268 56 
0.28348 0.202786 0.243797 0.852225 57 
0.339573 0.206458 0.303833 0.845413 58 
0.393946 0.210017 0.361923 0.838822 59 
