-4 -4 2 1 0.171679 -0.168642 
-4 -3.57895 2 1 0.128065 -0.166185 
-4 -3.15789 2 1 0.0813871 -0.163556 
-4 -2.73684 2 1 0.0313099 -0.160736 
-4 -2.31579 2 1 -0.0225518 -0.157703 
-4 -1.89474 2 1 -0.0806439 -0.154431 
-4 -1.47368 2 1 -0.143485 -0.150892 
-4 -1.05263 2 1 -0.211683 -0.147051 
-4 -0.631579 2 1 -0.285952 -0.142868 
-4 -0.210526 2 1 -0.367142 -0.138296 
-4 0.210526 2 1 -0.456266 -0.133276 
-4 0.631579 2 1 -0.554549 -0.127741 
-4 1.05263 2 1 -0.663477 -0.121606 
-4 1.47368 2 1 -0.78488 -0.114769 
-4 1.89474 2 1 -0.92103 -0.107101 
-4 2.31579 2 1 -1.07479 -0.0984419 
-4 2.73684 2 1 -1.24981 -0.0885849 
-4 3.15789 2 1 -1.45083 -0.0772638 
-4 3.57895 2 1 -1.6841 -0.0641262 
-4 4 2 1 -1.95807 -0.0486965 
4 -4 2 1 7.91206 -0.209128 
4 -3.57895 2 1 10.9475 -0.194134 
4 -3.15789 2 1 19.3712 -0.152526 
4 -2.73684 2 1 160.798 0.54604 
-4 -4 2 1 0.171679 -0.168642 
-3.57895 -4 2 1 0.215563 -0.168871 
-3.15789 -4 2 1 0.264026 -0.169125 
-2.73684 -4 2 1 0.317822 -0.169406 
-2.31579 -4 2 1 0.377883 -0.16972 
-1.89474 -4 2 1 0.445371 -0.170073 
-1.47368 -4 2 1 0.521756 -0.170473 
-1.05263 -4 2 1 0.608919 -0.170929 
-0.631579 -4 2 1 0.709315 -0.171454 
-0.210526 -4 2 1 0.826207 -0.172065 
0.210526 -4 2 1 0.964022 -0.172786 
0.631579 -4 2 1 1.12893 -0.173648 
1.05263 -4 2 1 1.32979 -0.174699 
1.47368 -4 2 1 1.57981 -0.176007 
1.89474 -4 2 1 1.89954 -0.177679 
2.31579 -4 2 1 2.32285 -0.179893 
2.73684 -4 2 1 2.90982 -0.182963 
3.15789 -4 2 1 3.77811 -0.187505 
3.57895 -4 2 1 5.19368 -0.194909 
4 -4 2 1 7.91206 -0.209128 
-4 4 2 1 -1.95807 -0.0486965 
-3.57895 4 2 1 -2.13667 -0.0321467 
-3.15789 4 2 1 -2.37513 -0.0100506 
-2.73684 4 2 1 -2.70959 0.0209414 
-2.31579 4 2 1 -3.21264 0.0675553 
-1.89474 4 2 1 -4.0547 0.145583 
-1.47368 4 2 1 -5.75261 0.302917 
-1.05263 4 2 1 -10.9595 0.785404 
-4 -4 6 1 0.173151 0.342059 
-4 -3.57895 6 1 0.133795 0.359937 
-4 -3.15789 6 1 0.0919484 0.378946 
-4 -2.73684 6 1 0.0473682 0.399197 
-4 -2.31579 6 1 -0.000222764 0.420816 
-4 -1.89474 6 1 -0.0511402 0.443946 
-4 -1.47368 6 1 -0.105745 0.468751 
-4 -1.05263 6 1 -0.164454 0.49542 
-4 -0.631579 6 1 -0.227747 0.524172 
-4 -0.210526 6 1 -0.296183 0.555259 
-4 0.210526 6 1 -0.370415 0.58898 
-4 0.631579 6 1 -0.451213 0.625683 
-4 1.05263 6 1 -0.539487 0.665783 
-4 1.47368 6 1 -0.636325 0.709773 
-4 1.89474 6 1 -0.743038 0.758249 
-4 2.31579 6 1 -0.861218 0.811933 
-4 2.73684 6 1 -0.992816 0.871713 
-4 3.15789 6 1 -1.14026 0.93869 
-4 3.57895 6 1 -1.30658 1.01425 
-4 4 6 1 -1.49567 1.10014 
4 -4 6 1 4.03563 2.54635 
4 -3.57895 6 1 4.52441 3.07463 
4 -3.15789 6 1 5.2418 3.85 
4 -2.73684 6 1 6.39711 5.09869 
4 -2.31579 6 1 8.56753 7.44453 
4 -1.89474 6 1 14.1392 13.4666 
4 -1.47368 6 1 60.0505 63.0885 
-4 -4 6 1 0.173151 0.342059 
-3.57895 -4 6 1 0.212806 0.36469 
-3.15789 -4 6 1 0.256173 0.389439 
-2.73684 -4 6 1 0.303801 0.416619 
-2.31579 -4 6 1 0.356347 0.446607 
-1.89474 -4 6 1 0.414617 0.479862 
-1.47368 -4 6 1 0.4796 0.516947 
-1.05263 -4 6 1 0.552525 0.558565 
-0.631579 -4 6 1 0.634945 0.605601 
-0.210526 -4 6 1 0.728842 0.659187 
0.210526 -4 6 1 0.836793 0.720794 
0.631579 -4 6 1 0.962209 0.792368 
1.05263 -4 6 1 1.1097 0.876541 
1.47368 -4 6 1 1.28566 0.97696 
1.89474 -4 6 1 1.49921 1.09883 
2.31579 -4 6 1 1.76384 1.24985 
2.73684 -4 6 1 2.10035 1.4419 
3.15789 -4 6 1 2.54265 1.69432 
3.57895 -4 6 1 3.14993 2.04088 
4 -4 6 1 4.03563 2.54635 
-4 4 6 1 -1.49567 1.10014 
-3.57895 4 6 1 -1.58108 1.2382 
-3.15789 4 6 1 -1.68743 1.41011 
-2.73684 4 6 1 -1.8235 1.63005 
-2.31579 4 6 1 -2.00377 1.92145 
-1.89474 4 6 1 -2.25396 2.32587 
-1.47368 4 6 1 -2.62452 2.92486 
-1.05263 4 6 1 -3.22986 3.90336 
-0.631579 4 6 1 -4.39654 5.78922 
-0.210526 4 6 1 -7.58037 10.9357 
0.210526 4 6 1 -51.3849 81.7431 
