40.4901 -5.57306 36.6096 32.0492 13 
11.1458 -1.36563 10.1636 8.34895 14 
6.80398 -0.743093 6.24173 4.83428 15 
5.05636 -0.492517 4.66252 3.41902 16 
4.11274 -0.357219 3.80967 2.65472 17 
3.52205 -0.272526 3.27575 2.17623 18 
3.11749 -0.214519 2.91004 1.84849 19 
-3.0979 -0.912036 -3.33338 1.4402 20 
-2.48087 -0.758588 -2.68059 1.23549 21 
-2.02693 -0.645697 -2.20031 1.08488 22 
-1.67896 -0.55916 -1.83214 0.96942 23 
-1.40373 -0.490714 -1.54093 0.878099 24 
-1.18059 -0.435223 -1.30483 0.804061 25 
-0.99604 -0.389326 -1.10955 0.742823 26 
-0.840857 -0.350734 -0.945348 0.69133 27 
-0.70855 -0.317831 -0.805349 0.647428 28 
-0.594409 -0.289445 -0.68457 0.609553 29 
-0.494932 -0.264707 -0.579308 0.576543 30 
-0.407465 -0.242954 -0.486752 0.547518 31 
-0.329955 -0.223679 -0.404734 0.521798 32 
-0.260795 -0.206479 -0.331549 0.498848 33 
-0.198703 -0.191038 -0.265845 0.478244 34 
-0.14265 -0.177098 -0.20653 0.459643 35 
-0.0917945 -0.164451 -0.152715 0.442767 36 
-0.0454462 -0.152924 -0.103669 0.427387 37 
-0.00303124 -0.142376 -0.0587853 0.413312 38 
0.0359307 -0.132687 -0.0175554 0.400382 39 
-15.8876 -5.927 -17.5679 11.0158 54 
-7.66251 -2.70186 -8.417 4.85997 55 
-5.30107 -1.77592 -5.78752 3.09111 56 
-4.18071 -1.33662 -4.53965 2.25166 57 
-3.52664 -1.08015 -3.81103 1.76151 58 
-3.0979 -0.912036 -3.33338 1.4402 59 
3.11749 -0.214519 2.91004 1.84849 60 
2.57214 -0.200037 2.39199 1.59224 61 
2.15333 -0.188915 1.99413 1.39544 62 
1.8216 -0.180106 1.67898 1.23956 63 
1.55235 -0.172956 1.42318 1.11303 64 
1.32945 -0.167037 1.21141 1.00828 65 
1.14187 -0.162056 1.0332 0.920131 66 
0.98184 -0.157806 0.881164 0.844926 67 
0.843703 -0.154138 0.749921 0.780008 68 
0.723254 -0.150939 0.635484 0.723402 69 
0.6173 -0.148125 0.534817 0.673608 70 
0.523373 -0.145631 0.445576 0.629466 71 
0.439536 -0.143405 0.365921 0.590066 72 
0.364245 -0.141405 0.294386 0.554681 73 
0.296257 -0.1396 0.229789 0.522729 74 
0.234558 -0.137961 0.171168 0.493732 75 
0.178315 -0.136468 0.11773 0.4673 76 
0.126835 -0.135101 0.0688163 0.443105 77 
0.0795366 -0.133845 0.0238763 0.420876 78 
0.0359307 -0.132687 -0.0175554 0.400382 79 
