-4 -4 2 1 -2.05034 -0.33412 
-4 -3.57895 2 1 -2.2374 -0.35525 
-4 -3.15789 2 1 -2.48485 -0.383202 
-4 -2.73684 2 1 -2.82756 -0.421913 
-4 -2.31579 2 1 -3.33364 -0.479079 
-4 -1.89474 2 1 -4.15648 -0.572025 
-4 -1.47368 2 1 -5.72895 -0.749648 
-4 -1.05263 2 1 -9.93241 -1.22446 
-4 -0.631579 2 1 -57.1733 -6.5607 
4 -4 2 1 0.111742 -0.136603 
4 -3.57895 2 1 0.151172 -0.134405 
4 -3.15789 2 1 0.194605 -0.131985 
4 -2.73684 2 1 0.242685 -0.129305 
4 -2.31579 2 1 0.296197 -0.126323 
4 -1.89474 2 1 0.35612 -0.122984 
4 -1.47368 2 1 0.423677 -0.119219 
4 -1.05263 2 1 0.500426 -0.114942 
4 -0.631579 2 1 0.588381 -0.110041 
4 -0.210526 2 1 0.69019 -0.104367 
4 0.210526 2 1 0.809406 -0.0977236 
4 0.631579 2 1 0.950909 -0.0898379 
4 1.05263 2 1 1.12159 -0.0803261 
4 1.47368 2 1 1.33153 -0.0686271 
4 1.89474 2 1 1.596 -0.0538885 
4 2.31579 2 1 1.93945 -0.034749 
4 2.73684 2 1 2.40345 -0.00889136 
4 3.15789 2 1 3.06499 0.0279744 
4 3.57895 2 1 4.08432 0.0847791 
4 4 2 1 5.8593 0.183694 
-4 -4 2 1 -2.05034 -0.33412 
-3.57895 -4 2 1 -1.7731 -0.308793 
-3.15789 -4 2 1 -1.53684 -0.287209 
-2.73684 -4 2 1 -1.33309 -0.268596 
-2.31579 -4 2 1 -1.15558 -0.252379 
-1.89474 -4 2 1 -0.999546 -0.238125 
-1.47368 -4 2 1 -0.861309 -0.225496 
-1.05263 -4 2 1 -0.737992 -0.21423 
-0.631579 -4 2 1 -0.627301 -0.204118 
-0.210526 -4 2 1 -0.527393 -0.194991 
0.210526 -4 2 1 -0.436765 -0.186712 
0.631579 -4 2 1 -0.354181 -0.179167 
1.05263 -4 2 1 -0.278616 -0.172264 
1.47368 -4 2 1 -0.209212 -0.165923 
1.89474 -4 2 1 -0.145244 -0.16008 
2.31579 -4 2 1 -0.0860982 -0.154676 
2.73684 -4 2 1 -0.0312489 -0.149666 
3.15789 -4 2 1 0.0197556 -0.145006 
3.57895 -4 2 1 0.067306 -0.140662 
4 -4 2 1 0.111742 -0.136603 
2.73684 4 2 1 22.5686 0.938723 
3.15789 4 2 1 10.7975 0.406833 
3.57895 4 2 1 7.44541 0.255365 
4 4 2 1 5.8593 0.183694 
-4 -4 6 1 -1.83005 0.917953 
-4 -3.57895 6 1 -1.9598 1.04476 
-4 -3.15789 6 1 -2.12337 1.2046 
-4 -2.73684 6 1 -2.33595 1.41234 
-4 -2.31579 6 1 -2.62345 1.69328 
-4 -1.89474 6 1 -3.03393 2.09442 
-4 -1.47368 6 1 -3.66779 2.71384 
-4 -1.05263 6 1 -4.77553 3.79636 
-4 -0.631579 6 1 -7.20581 6.17131 
-4 -0.210526 6 1 -16.8351 15.5813 
4 -4 6 1 0.0656572 0.373445 
4 -3.57895 6 1 0.100378 0.398493 
4 -3.15789 6 1 0.138378 0.425908 
4 -2.73684 6 1 0.180145 0.45604 
4 -2.31579 6 1 0.226268 0.489314 
4 -1.89474 6 1 0.277465 0.526249 
4 -1.47368 6 1 0.334623 0.567484 
4 -1.05263 6 1 0.398847 0.613818 
4 -0.631579 6 1 0.471534 0.666256 
4 -0.210526 6 1 0.554475 0.726093 
4 0.210526 6 1 0.650004 0.79501 
4 0.631579 6 1 0.761222 0.875246 
4 1.05263 6 1 0.89234 0.969839 
4 1.47368 6 1 1.04922 1.08302 
4 1.89474 6 1 1.24029 1.22086 
4 2.31579 6 1 1.4781 1.39242 
4 2.73684 6 1 1.78216 1.61178 
4 3.15789 6 1 2.18466 1.90216 
4 3.57895 6 1 2.74263 2.3047 
4 4 6 1 3.56772 2.89994 
-4 -4 6 1 -1.83005 0.917953 
-3.57895 -4 6 1 -1.60738 0.853997 
-3.15789 -4 6 1 -1.41324 0.798233 
-2.73684 -4 6 1 -1.24247 0.749182 
-2.31579 -4 6 1 -1.09109 0.7057 
-1.89474 -4 6 1 -0.955974 0.66689 
-1.47368 -4 6 1 -0.834634 0.632038 
-1.05263 -4 6 1 -0.725068 0.600567 
-0.631579 -4 6 1 -0.625639 0.572007 
-0.210526 -4 6 1 -0.535004 0.545974 
0.210526 -4 6 1 -0.452045 0.522146 
0.631579 -4 6 1 -0.375827 0.500253 
1.05263 -4 6 1 -0.30556 0.48007 
1.47368 -4 6 1 -0.240574 0.461404 
1.89474 -4 6 1 -0.180294 0.44409 
2.31579 -4 6 1 -0.124227 0.427986 
2.73684 -4 6 1 -0.0719474 0.412969 
3.15789 -4 6 1 -0.0230827 0.398934 
3.57895 -4 6 1 0.0226907 0.385786 
4 -4 6 1 0.0656572 0.373445 
1.89474 4 6 1 15.7666 19.4973 
2.31579 4 6 1 8.13209 9.11006 
2.73684 4 6 1 5.8018 5.93956 
3.15789 4 6 1 4.67311 4.4039 
3.57895 4 6 1 4.00713 3.49779 
4 4 6 1 3.56772 2.89994 
