4 -4 2 1 -0.583344 0.247717 
4 -3.57895 2 1 -0.516627 0.24229 
4 -3.15789 2 1 -0.448901 0.236781 
4 -2.73684 2 1 -0.380143 0.231188 
4 -2.31579 2 1 -0.31033 0.225509 
4 -1.89474 2 1 -0.239437 0.219742 
4 -1.47368 2 1 -0.167438 0.213885 
4 -1.05263 2 1 -0.094309 0.207937 
4 -0.631579 2 1 -0.0200214 0.201894 
4 -0.210526 2 1 0.055452 0.195754 
4 0.210526 2 1 0.13214 0.189516 
4 0.631579 2 1 0.210072 0.183177 
4 1.05263 2 1 0.289278 0.176734 
4 1.47368 2 1 0.369791 0.170185 
4 1.89474 2 1 0.451642 0.163526 
4 2.31579 2 1 0.534865 0.156757 
4 2.73684 2 1 0.619495 0.149872 
4 3.15789 2 1 0.705569 0.142871 
4 3.57895 2 1 0.793123 0.135749 
4 4 2 1 0.882195 0.128503 
-1.89474 -4 2 1 -85.6599 26.0631 
-1.47368 -4 2 1 -8.66717 2.70065 
-1.05263 -4 2 1 -4.51552 1.44088 
-0.631579 -4 2 1 -3.03032 0.990221 
-0.210526 -4 2 1 -2.26715 0.758646 
0.210526 -4 2 1 -1.80244 0.617636 
0.631579 -4 2 1 -1.48975 0.522753 
1.05263 -4 2 1 -1.26496 0.454545 
1.47368 -4 2 1 -1.09558 0.403149 
1.89474 -4 2 1 -0.963373 0.363032 
2.31579 -4 2 1 -0.857307 0.330848 
2.73684 -4 2 1 -0.770329 0.304455 
3.15789 -4 2 1 -0.69771 0.28242 
3.57895 -4 2 1 -0.636167 0.263746 
4 -4 2 1 -0.583344 0.247717 
-1.05263 4 2 1 80.0737 9.45142 
-0.631579 4 2 1 8.49208 1.02439 
-0.210526 4 2 1 4.53257 0.558248 
0.210526 4 2 1 3.11356 0.391193 
0.631579 4 2 1 2.38388 0.30529 
1.05263 4 2 1 1.93939 0.252962 
1.47368 4 2 1 1.64022 0.217743 
1.89474 4 2 1 1.42513 0.192421 
2.31579 4 2 1 1.26303 0.173338 
2.73684 4 2 1 1.13649 0.158441 
3.15789 4 2 1 1.03497 0.146489 
3.57895 4 2 1 0.951712 0.136687 
4 4 2 1 0.882195 0.128503 
4 -4 6 1 -0.535102 0.952228 
4 -3.57895 6 1 -0.465756 0.952082 
4 -3.15789 6 1 -0.395325 0.951933 
4 -2.73684 6 1 -0.323785 0.951782 
4 -2.31579 6 1 -0.251108 0.951629 
4 -1.89474 6 1 -0.177268 0.951473 
4 -1.47368 6 1 -0.102237 0.951314 
4 -1.05263 6 1 -0.0259847 0.951153 
4 -0.631579 6 1 0.0515182 0.95099 
4 -0.210526 6 1 0.130303 0.950823 
4 0.210526 6 1 0.210401 0.950654 
4 0.631579 6 1 0.291847 0.950482 
4 1.05263 6 1 0.374673 0.950307 
4 1.47368 6 1 0.458916 0.950129 
4 1.89474 6 1 0.544613 0.949948 
4 2.31579 6 1 0.631801 0.949764 
4 2.73684 6 1 0.720519 0.949577 
4 3.15789 6 1 0.810808 0.949386 
4 3.57895 6 1 0.902711 0.949192 
4 4 6 1 0.99627 0.948995 
-1.47368 -4 6 1 -13.307 19.0794 
-1.05263 -4 6 1 -5.20525 7.58059 
-0.631579 -4 6 1 -3.20425 4.74057 
-0.210526 -4 6 1 -2.29789 3.45417 
0.210526 -4 6 1 -1.78087 2.72035 
0.631579 -4 6 1 -1.44667 2.24602 
1.05263 -4 6 1 -1.21289 1.91421 
1.47368 -4 6 1 -1.04018 1.66908 
1.89474 -4 6 1 -0.907373 1.48059 
2.31579 -4 6 1 -0.802076 1.33115 
2.73684 -4 6 1 -0.716542 1.20975 
3.15789 -4 6 1 -0.645685 1.10918 
3.57895 -4 6 1 -0.586025 1.0245 
4 -4 6 1 -0.535102 0.952228 
-0.631579 4 6 1 15.7981 16.1609 
-0.210526 4 6 1 6.34193 6.44277 
0.210526 4 6 1 3.99807 4.03397 
0.631579 4 6 1 2.93532 2.94177 
1.05263 4 6 1 2.32878 2.31842 
1.47368 4 6 1 1.93659 1.91537 
1.89474 4 6 1 1.6622 1.63338 
2.31579 4 6 1 1.45946 1.42502 
2.73684 4 6 1 1.30354 1.26478 
3.15789 4 6 1 1.17991 1.13772 
3.57895 4 6 1 1.07948 1.03451 
4 4 6 1 0.99627 0.948995 
