-0.155602 0.18158 -0.105103 0.742231 0 
-0.193561 0.191686 -0.141334 0.782883 1 
-0.235738 0.202914 -0.181702 0.828177 2 
-0.282877 0.215462 -0.226959 0.878957 3 
-0.335906 0.22958 -0.278049 0.936283 4 
-0.396006 0.245579 -0.336179 1.00151 5 
-0.464691 0.263864 -0.402912 1.07638 6 
-0.54394 0.284961 -0.48031 1.16323 7 
-0.636396 0.309574 -0.57115 1.26515 8 
-0.745659 0.338661 -0.679269 1.38647 9 
-0.876771 0.373565 -0.810114 1.53328 10 
-1.03701 0.416223 -0.971693 1.71458 11 
-1.2373 0.469544 -1.17627 1.94413 12 
-1.49481 0.538095 -1.44366 2.24415 13 
-1.83812 0.629489 -1.80802 2.65297 14 
-2.3187 0.757427 -2.33378 3.24289 15 
-3.03947 0.949303 -3.1587 4.16849 16 
-4.24044 1.26902 -4.63968 5.8302 17 
-6.64125 1.90815 -8.07594 9.68583 18 
-13.8347 3.82314 -24.8612 28.5196 19 
1.69642 0.140389 1.91069 1.38015 20 
1.83272 0.15857 2.08293 1.55823 21 
2.00638 0.181735 2.30576 1.78862 22 
2.23521 0.212259 2.60531 2.09833 23 
2.55045 0.25431 3.02945 2.53685 24 
3.01246 0.315939 3.67629 3.20562 25 
3.75482 0.414964 4.78371 4.35059 26 
5.14386 0.600252 7.11555 6.7615 27 
8.67663 1.0715 15.213 15.1336 28 
-0.155602 0.18158 -0.105103 0.742231 40 
-0.108987 0.180543 -0.0557891 0.757837 41 
-0.0595887 0.179445 -0.00345251 0.774399 42 
-0.0071505 0.178278 0.0521931 0.792009 43 
0.0486173 0.177038 0.111472 0.810769 44 
0.108042 0.175716 0.174751 0.830794 45 
0.171496 0.174305 0.242451 0.852219 46 
0.239404 0.172795 0.31505 0.875193 47 
0.312251 0.171175 0.393101 0.899894 48 
0.390596 0.169432 0.477242 0.926521 49 
0.475086 0.167553 0.568214 0.955311 50 
0.566474 0.16552 0.666885 0.986536 51 
0.665641 0.163315 0.774276 1.02052 52 
0.773623 0.160913 0.891594 1.05765 53 
0.891651 0.158288 1.02028 1.09837 54 
1.0212 0.155407 1.16208 1.14325 55 
1.16403 0.15223 1.3191 1.19294 56 
1.32231 0.14871 1.49393 1.24827 57 
1.49867 0.144787 1.68978 1.31025 58 
1.69642 0.140389 1.91069 1.38015 59 
-13.8347 3.82314 -24.8612 28.5196 60 
