0.180388 -0.156386 0.179285 0.352546 0 
0.136619 -0.153598 0.139753 0.370397 1 
0.0898268 -0.150617 0.0977646 0.389357 2 
0.0396862 -0.147424 0.0530836 0.409534 3 
-0.0141754 -0.143993 0.00544231 0.431047 4 
-0.0721883 -0.140298 -0.0454635 0.454034 5 
-0.134852 -0.136307 -0.0999813 0.478652 6 
-0.202748 -0.131982 -0.15851 0.505081 7 
-0.276561 -0.12728 -0.221508 0.533529 8 
-0.3571 -0.122151 -0.289509 0.564235 9 
-0.445328 -0.116531 -0.363133 0.597481 10 
-0.542401 -0.110348 -0.443107 0.633594 11 
-0.649719 -0.103512 -0.53029 0.672963 12 
-0.768995 -0.095915 -0.625703 0.716048 13 
-0.902346 -0.0874213 -0.730569 0.763401 14 
-1.05242 -0.0778625 -0.846366 0.815691 15 
-1.22257 -0.0670249 -0.974897 0.87373 16 
-1.41711 -0.0546335 -1.11838 0.938524 17 
-1.6417 -0.0403283 -1.2796 1.01132 18 
-1.90388 -0.0236288 -1.46205 1.09371 19 
8.38644 -0.0377046 4.11559 2.69364 20 
11.8481 0.0637942 4.61743 3.25461 21 
22.2896 0.36995 5.35659 4.08084 22 
0.180388 -0.156386 0.179285 0.352546 40 
0.224223 -0.155752 0.218733 0.376008 41 
0.272665 -0.155051 0.261897 0.401679 42 
0.326479 -0.154273 0.309327 0.429888 43 
0.386612 -0.153403 0.361689 0.46103 44 
0.454247 -0.152425 0.419795 0.495588 45 
0.530879 -0.151317 0.484645 0.534157 46 
0.618432 -0.15005 0.557484 0.577478 47 
0.719421 -0.14859 0.639885 0.626486 48 
0.837195 -0.146886 0.733866 0.68238 49 
0.976317 -0.144874 0.84205 0.746722 50 
1.14317 -0.142461 0.96792 0.821582 51 
1.34697 -0.139514 1.1162 0.909771 52 
1.6015 -0.135833 1.29346 1.0152 53 
1.92842 -0.131105 1.50911 1.14345 54 
2.36371 -0.124809 1.77715 1.30287 55 
2.97195 -0.116012 2.1193 1.50636 56 
3.88182 -0.102853 2.57123 1.77514 57 
5.3916 -0.0810179 3.19586 2.14664 58 
8.38644 -0.0377046 4.11559 2.69364 59 
-1.90388 -0.0236288 -1.46205 1.09371 60 
-2.07325 -0.00320201 -1.54404 1.22919 61 
-2.29797 0.0238993 -1.64574 1.39722 62 
-2.61045 0.0615851 -1.77522 1.61117 63 
-3.07459 0.117561 -1.94567 1.89281 64 
-3.83617 0.209408 -2.18019 2.2803 65 
-5.3159 0.387867 -2.52325 2.84714 66 
-9.43589 0.884746 -3.07291 3.75534 67 
-81.7079 9.60088 -4.09617 5.44608 68 
