4 -4 2 1 -1.24321 0.23691 
4 -3.57895 2 1 -1.10447 0.236447 
4 -3.15789 2 1 -0.97467 0.236014 
4 -2.73684 2 1 -0.852962 0.235609 
4 -2.31579 2 1 -0.738616 0.235227 
4 -1.89474 2 1 -0.630983 0.234868 
4 -1.47368 2 1 -0.529489 0.23453 
4 -1.05263 2 1 -0.433623 0.23421 
4 -0.631579 2 1 -0.34293 0.233907 
4 -0.210526 2 1 -0.257001 0.233621 
4 0.210526 2 1 -0.175471 0.233349 
4 0.631579 2 1 -0.0980116 0.233091 
4 1.05263 2 1 -0.0243241 0.232845 
4 1.47368 2 1 0.04586 0.232611 
4 1.89474 2 1 0.112785 0.232388 
4 2.31579 2 1 0.176672 0.232175 
4 2.73684 2 1 0.237724 0.231971 
4 3.15789 2 1 0.296126 0.231776 
4 3.57895 2 1 0.352046 0.23159 
4 4 2 1 0.405639 0.231411 
-0.210526 -4 2 1 -73.6074 3.27818 
0.210526 -4 2 1 -8.35085 0.535625 
0.631579 -4 2 1 -4.58448 0.377335 
1.05263 -4 2 1 -3.23052 0.320431 
1.47368 -4 2 1 -2.53342 0.291134 
1.89474 -4 2 1 -2.10849 0.273276 
2.31579 -4 2 1 -1.82237 0.261251 
2.73684 -4 2 1 -1.61659 0.252602 
3.15789 -4 2 1 -1.46149 0.246084 
3.57895 -4 2 1 -1.34038 0.240994 
4 -4 2 1 -1.24321 0.23691 
-2.73684 4 2 1 16.9062 0.918767 
-2.31579 4 2 1 6.98062 0.505301 
-1.89474 4 2 1 4.30201 0.39372 
-1.47368 4 2 1 3.0561 0.34182 
-1.05263 4 2 1 2.33598 0.311822 
-0.631579 4 2 1 1.86681 0.292278 
-0.210526 4 2 1 1.53687 0.278534 
0.210526 4 2 1 1.29219 0.268342 
0.631579 4 2 1 1.10351 0.260482 
1.05263 4 2 1 0.953581 0.254236 
1.47368 4 2 1 0.83157 0.249154 
1.89474 4 2 1 0.730346 0.244937 
2.31579 4 2 1 0.645014 0.241382 
2.73684 4 2 1 0.572103 0.238345 
3.15789 4 2 1 0.509086 0.23572 
3.57895 4 2 1 0.454076 0.233429 
4 4 2 1 0.405639 0.231411 
4 -4 6 1 -1.56465 1.54012 
4 -3.57895 6 1 -1.3792 1.48575 
4 -3.15789 6 1 -1.20846 1.4357 
4 -2.73684 6 1 -1.05073 1.38946 
4 -2.31579 6 1 -0.904595 1.34662 
4 -1.89474 6 1 -0.768812 1.30681 
4 -1.47368 6 1 -0.64232 1.26973 
4 -1.05263 6 1 -0.524198 1.2351 
4 -0.631579 6 1 -0.413642 1.20268 
4 -0.210526 6 1 -0.309946 1.17228 
4 0.210526 6 1 -0.212493 1.14371 
4 0.631579 6 1 -0.120734 1.11681 
4 1.05263 6 1 -0.0341844 1.09144 
4 1.47368 6 1 0.0475868 1.06747 
4 1.89474 6 1 0.124965 1.04478 
4 2.31579 6 1 0.198294 1.02329 
4 2.73684 6 1 0.267885 1.00288 
4 3.15789 6 1 0.334016 0.983496 
4 3.57895 6 1 0.396939 0.96505 
4 4 6 1 0.456881 0.947476 
0.631579 -4 6 1 -110.609 122.549 
1.05263 -4 6 1 -9.33182 10.1595 
1.47368 -4 6 1 -5.03467 5.3909 
1.89474 -4 6 1 -3.5201 3.71013 
2.31579 -4 6 1 -2.7464 2.85153 
2.73684 -4 6 1 -2.27678 2.3304 
3.15789 -4 6 1 -1.96143 1.98044 
3.57895 -4 6 1 -1.73505 1.72922 
4 -4 6 1 -1.56465 1.54012 
-1.89474 4 6 1 16.6055 15.7905 
-1.47368 4 6 1 6.65904 6.64818 
-1.05263 4 6 1 4.06575 4.26456 
-0.631579 4 6 1 2.87221 3.16752 
-0.210526 4 6 1 2.18599 2.53678 
0.210526 4 6 1 1.74032 2.12714 
0.631579 4 6 1 1.42757 1.83969 
1.05263 4 6 1 1.19601 1.62684 
1.47368 4 6 1 1.01764 1.4629 
1.89474 4 6 1 0.876034 1.33274 
2.31579 4 6 1 0.76088 1.2269 
2.73684 4 6 1 0.665402 1.13914 
3.15789 4 6 1 0.584954 1.06519 
3.57895 4 6 1 0.516245 1.00204 
4 4 6 1 0.456881 0.947476 
