-1.04718 0.0769451 -1.24669 1.15021 20 
-0.934907 0.0779427 -1.10608 1.1225 21 
-0.827542 0.0788967 -0.972849 1.09625 22 
-0.724774 0.0798099 -0.846428 1.07134 23 
-0.626313 0.0806848 -0.726308 1.04767 24 
-0.531893 0.0815237 -0.612028 1.02515 25 
-0.441272 0.082329 -0.503174 1.00371 26 
-0.354223 0.0831025 -0.399368 0.983252 27 
-0.270541 0.083846 -0.300267 0.963725 28 
-0.190034 0.0845614 -0.205557 0.945064 29 
-0.112524 0.0852501 -0.114954 0.927211 30 
-0.0378463 0.0859137 -0.0281955 0.910117 31 
0.0341506 0.0865534 0.0549576 0.893733 32 
0.103609 0.0871706 0.134726 0.878015 33 
0.17066 0.0877664 0.211311 0.862925 34 
0.235428 0.0883419 0.284901 0.848425 35 
0.298027 0.0888982 0.355667 0.834482 36 
0.358564 0.0894361 0.423769 0.821063 37 
0.417139 0.0899565 0.489356 0.80814 38 
0.473847 0.0904604 0.552562 0.795686 39 
-4.23842 -0.435916 -33.4096 31.9341 50 
-3.00453 -0.237619 -7.44275 7.0806 51 
-2.35459 -0.133168 -4.28691 4.06007 52 
-1.95339 -0.06869 -3.05731 2.88319 53 
-1.68106 -0.0249247 -2.40273 2.25668 54 
-1.48411 0.00672735 -1.99625 1.86763 55 
-1.33504 0.0306838 -1.7193 1.60255 56 
-1.21829 0.049447 -1.51846 1.41033 57 
-1.12437 0.0645406 -1.36616 1.26455 58 
-1.04718 0.0769451 -1.24669 1.15021 59 
5.34138 -0.663448 73.6302 54.1668 65 
3.53784 -0.384106 9.67233 7.45617 66 
2.61309 -0.240876 5.06491 4.09121 67 
2.05066 -0.153764 3.37795 2.85916 68 
1.67249 -0.0951922 2.50296 2.22013 69 
1.40079 -0.0531087 1.96742 1.829 70 
1.19613 -0.0214103 1.60589 1.56497 71 
1.03643 0.00332495 1.34542 1.37473 72 
0.908337 0.0231643 1.14882 1.23115 73 
0.803316 0.0394305 0.995171 1.11894 74 
0.715647 0.0530091 0.871782 1.02882 75 
0.641358 0.0645153 0.770515 0.954864 76 
0.577604 0.07439 0.68591 0.893075 77 
0.52229 0.0829572 0.614168 0.840679 78 
0.473847 0.0904604 0.552562 0.795686 79 
