-2.23864 -0.189569 -1.9137 1.09053 0 
-2.45222 -0.188032 -2.04596 1.24005 1 
-2.73862 -0.185972 -2.21287 1.42876 2 
-3.14273 -0.183065 -2.43013 1.67439 3 
-3.75589 -0.178655 -2.72454 2.00724 4 
-4.79689 -0.171167 -3.14607 2.48382 5 
-6.95349 -0.155654 -3.79976 3.22286 6 
-14.0892 -0.104327 -4.95024 4.52356 7 
0.0750789 -0.10337 0.0358934 0.396323 20 
0.114293 -0.0988921 0.0704687 0.421845 21 
0.157314 -0.0939792 0.108135 0.449649 22 
0.204724 -0.0885651 0.149327 0.480055 23 
0.257231 -0.082569 0.194563 0.513447 24 
0.315702 -0.0758917 0.244471 0.550286 25 
0.381217 -0.0684101 0.299811 0.591137 26 
0.455129 -0.0599695 0.361525 0.636691 27 
0.539163 -0.0503731 0.430778 0.687811 28 
0.635552 -0.0393658 0.509043 0.745583 29 
0.747235 -0.0266119 0.598201 0.811396 30 
0.878167 -0.0116598 0.700696 0.887054 31 
1.03379 0.00611229 0.819764 0.974946 32 
1.22183 0.0275853 0.959777 1.0783 33 
1.45357 0.0540497 1.12679 1.20158 34 
1.74626 0.0874747 1.32946 1.35119 35 
2.1276 0.131022 1.58056 1.53654 36 
2.64502 0.190111 1.89981 1.77219 37 
3.38722 0.274867 2.31929 2.08184 38 
4.54127 0.406656 2.89503 2.50683 39 
-2.23864 -0.189569 -1.9137 1.09053 40 
-1.92012 -0.177702 -1.67343 1.00497 41 
-1.65407 -0.16779 -1.46649 0.931288 42 
-1.42851 -0.159387 -1.2864 0.867161 43 
-1.23486 -0.152172 -1.12825 0.810847 44 
-1.06678 -0.145911 -0.988254 0.760999 45 
-0.91953 -0.140425 -0.863464 0.716564 46 
-0.78946 -0.135579 -0.751528 0.676706 47 
-0.673731 -0.131267 -0.650557 0.640752 48 
-0.570093 -0.127406 -0.559014 0.608156 49 
-0.476747 -0.123929 -0.475639 0.578468 50 
-0.392231 -0.12078 -0.399385 0.551316 51 
-0.315349 -0.117916 -0.329377 0.526387 52 
-0.245113 -0.115299 -0.264877 0.50342 53 
-0.180695 -0.112899 -0.205261 0.482192 54 
-0.121401 -0.11069 -0.149993 0.462513 55 
-0.066644 -0.10865 -0.0986158 0.444218 56 
-0.0159219 -0.106761 -0.0507311 0.427168 57 
0.0311953 -0.105005 -0.00599491 0.411238 58 
0.0750789 -0.10337 0.0358934 0.396323 59 
24.5361 3.27798 5.06454 6.01659 75 
10.4291 1.25216 4.10732 4.46804 76 
6.98325 0.757333 3.53904 3.54868 77 
5.42741 0.53391 3.16266 2.93979 78 
4.54127 0.406656 2.89503 2.50683 79 
