10.8896 -0.285834 26.9888 22.5256 16 
7.30949 -0.112084 11.2358 8.87869 17 
5.66116 -0.0320875 7.43015 5.58177 18 
4.71328 0.0139156 5.71717 4.0978 19 
-2.2754 -0.412053 -2.77819 1.48155 20 
-1.91612 -0.350388 -2.3158 1.33078 21 
-1.62416 -0.300278 -1.94971 1.21142 22 
-1.38223 -0.258754 -1.65268 1.11456 23 
-1.17848 -0.223783 -1.40684 1.0344 24 
-1.00453 -0.193927 -1.20001 0.966961 25 
-0.85429 -0.168141 -1.02359 0.909436 26 
-0.723224 -0.145646 -0.871333 0.859789 27 
-0.60788 -0.125849 -0.738591 0.816507 28 
-0.505589 -0.108292 -0.621839 0.778437 29 
-0.414254 -0.0926158 -0.518351 0.744693 30 
-0.332205 -0.0785333 -0.42599 0.714577 31 
-0.258093 -0.0658132 -0.343051 0.687533 32 
-0.190821 -0.0542669 -0.268163 0.663115 33 
-0.129482 -0.0437391 -0.200208 0.640957 34 
-0.0733262 -0.0341007 -0.138266 0.62076 35 
-0.0217221 -0.0252437 -0.0815725 0.602274 36 
0.0258618 -0.0170766 -0.0294876 0.58529 37 
0.0698777 -0.00952195 0.0185287 0.569634 38 
0.110713 -0.00251328 0.0629352 0.555154 39 
-9.64305 -2.48604 -42.9938 32.2256 53 
-5.59232 -1.34576 -10.3179 7.24552 54 
-4.09319 -0.923759 -6.17633 4.07937 55 
-3.3122 -0.703911 -4.55221 2.83776 56 
-2.83303 -0.569027 -3.6852 2.17495 57 
-2.50906 -0.47783 -3.14597 1.76272 58 
-2.2754 -0.412053 -2.77819 1.48155 59 
4.71328 0.0139156 5.71717 4.0978 60 
3.58003 0.00987046 4.08341 3.07417 61 
2.83135 0.00719803 3.10198 2.45926 62 
2.29987 0.00530092 2.44721 2.04902 63 
1.90305 0.00388448 1.97928 1.75583 64 
1.59547 0.00278656 1.6282 1.53587 65 
1.35006 0.00191059 1.35506 1.36473 66 
1.14971 0.00119544 1.1365 1.22779 67 
0.983053 0.000600541 0.957645 1.11573 68 
0.842244 9.7922e-05 0.808578 1.02233 69 
0.721704 -0.000332345 0.682427 0.943295 70 
0.617351 -0.000704833 0.574287 0.87554 71 
0.526129 -0.00103045 0.480557 0.816814 72 
0.445707 -0.00131752 0.398537 0.765424 73 
0.374273 -0.0015725 0.326161 0.720078 74 
0.310401 -0.00180049 0.261823 0.679767 75 
0.252951 -0.00200556 0.204254 0.643697 76 
0.201 -0.002191 0.152439 0.611233 77 
0.153794 -0.0023595 0.105557 0.581859 78 
0.110713 -0.00251328 0.0629352 0.555154 79 
