-4 -4 2 1 0.440764 -0.161313 
-4 -3.57895 2 1 0.386269 -0.164802 
-4 -3.15789 2 1 0.329609 -0.168429 
-4 -2.73684 2 1 0.270653 -0.172203 
-4 -2.31579 2 1 0.209258 -0.176133 
-4 -1.89474 2 1 0.14527 -0.180229 
-4 -1.47368 2 1 0.0785204 -0.184502 
-4 -1.05263 2 1 0.00882693 -0.188964 
-4 -0.631579 2 1 -0.0640096 -0.193627 
-4 -0.210526 2 1 -0.140207 -0.198504 
-4 0.210526 2 1 -0.220003 -0.203613 
-4 0.631579 2 1 -0.303658 -0.208968 
-4 1.05263 2 1 -0.39146 -0.214589 
-4 1.47368 2 1 -0.483726 -0.220495 
-4 1.89474 2 1 -0.580803 -0.226709 
-4 2.31579 2 1 -0.683079 -0.233257 
-4 2.73684 2 1 -0.790983 -0.240164 
-4 3.15789 2 1 -0.904992 -0.247463 
-4 3.57895 2 1 -1.02564 -0.255186 
-4 4 2 1 -1.15352 -0.263373 
-4 -4 2 1 0.440764 -0.161313 
-3.57895 -4 2 1 0.489353 -0.159849 
-3.15789 -4 2 1 0.544688 -0.158181 
-2.73684 -4 2 1 0.608279 -0.156265 
-2.31579 -4 2 1 0.682123 -0.154039 
-1.89474 -4 2 1 0.768917 -0.151424 
-1.47368 -4 2 1 0.872394 -0.148305 
-1.05263 -4 2 1 0.997877 -0.144524 
-0.631579 -4 2 1 1.15322 -0.139842 
-0.210526 -4 2 1 1.35052 -0.133896 
0.210526 -4 2 1 1.60943 -0.126094 
0.631579 -4 2 1 1.96416 -0.115404 
1.05263 -4 2 1 2.47995 -0.0998598 
1.47368 -4 2 1 3.29873 -0.0751849 
1.89474 -4 2 1 4.79849 -0.0299876 
2.31579 -4 2 1 8.43365 0.0795623 
2.73684 -4 2 1 30.0344 0.730528 
-4 4 2 1 -1.15352 -0.263373 
-3.57895 4 2 1 -1.24302 -0.271785 
-3.15789 4 2 1 -1.3537 -0.282189 
-2.73684 4 2 1 -1.49409 -0.295385 
-2.31579 4 2 1 -1.67801 -0.312673 
-1.89474 4 2 1 -1.92941 -0.336305 
-1.47368 4 2 1 -2.2938 -0.370557 
-1.05263 4 2 1 -2.8694 -0.424662 
-0.631579 4 2 1 -3.91479 -0.522926 
-0.210526 4 2 1 -6.40167 -0.756688 
0.210526 4 2 1 -19.9306 -2.02838 
-4 -4 6 1 0.369103 0.40387 
-4 -3.57895 6 1 0.31842 0.410688 
-4 -3.15789 6 1 0.265916 0.417751 
-4 -2.73684 6 1 0.211489 0.425073 
-4 -2.31579 6 1 0.155032 0.432667 
-4 -1.89474 6 1 0.0964299 0.440551 
-4 -1.47368 6 1 0.0355571 0.448739 
-4 -1.05263 6 1 -0.0277206 0.457252 
-4 -0.631579 6 1 -0.0935486 0.466107 
-4 -0.210526 6 1 -0.162084 0.475327 
-4 0.210526 6 1 -0.233498 0.484933 
-4 0.631579 6 1 -0.307975 0.494952 
-4 1.05263 6 1 -0.385717 0.50541 
-4 1.47368 6 1 -0.466943 0.516337 
-4 1.89474 6 1 -0.551893 0.527765 
-4 2.31579 6 1 -0.64083 0.539728 
-4 2.73684 6 1 -0.734039 0.552267 
-4 3.15789 6 1 -0.831838 0.565423 
-4 3.57895 6 1 -0.934572 0.579243 
-4 4 6 1 -1.04263 0.593779 
-4 -4 6 1 0.369103 0.40387 
-3.57895 -4 6 1 0.40878 0.438325 
-3.15789 -4 6 1 0.4534 0.477071 
-2.73684 -4 6 1 0.503945 0.520963 
-2.31579 -4 6 1 0.561682 0.571099 
-1.89474 -4 6 1 0.628261 0.628914 
-1.47368 -4 6 1 0.705883 0.696319 
-1.05263 -4 6 1 0.797544 0.775914 
-0.631579 -4 6 1 0.907431 0.871336 
-0.210526 -4 6 1 1.04158 0.987826 
0.210526 -4 6 1 1.20902 1.13323 
0.631579 -4 6 1 1.42391 1.31983 
1.05263 -4 6 1 1.70974 1.56803 
1.47368 -4 6 1 2.10858 1.91438 
1.89474 -4 6 1 2.70398 2.4314 
2.31579 -4 6 1 3.68874 3.28653 
2.73684 -4 6 1 5.63036 4.97257 
3.15789 -4 6 1 11.2412 9.84485 
3.57895 -4 6 1 209.268 181.804 
-4 4 6 1 -1.04263 0.593779 
-3.57895 4 6 1 -1.10881 0.663812 
-3.15789 4 6 1 -1.18809 0.747707 
-2.73684 4 6 1 -1.28479 0.850032 
-2.31579 4 6 1 -1.40535 0.97761 
-1.89474 4 6 1 -1.55986 1.1411 
-1.47368 4 6 1 -1.76499 1.35817 
-1.05263 4 6 1 -2.0505 1.66029 
-0.631579 4 6 1 -2.47514 2.10963 
-0.210526 4 6 1 -3.17339 2.8485 
0.210526 4 6 1 -4.53534 4.28969 
0.631579 4 6 1 -8.36442 8.34154 
1.05263 4 6 1 -85.7742 90.2548 
