38.571 -11.5073 4.60484 3.22915 7 
7.73593 -2.42518 3.18327 2.12843 8 
4.36934 -1.43358 2.45272 1.56277 9 
3.07761 -1.05312 2.00786 1.21831 10 
2.39445 -0.851898 1.70851 0.986523 11 
1.97178 -0.727406 1.49331 0.819896 12 
1.68448 -0.642783 1.33115 0.694339 13 
1.47648 -0.581519 1.20458 0.596334 14 
1.31894 -0.535117 1.10304 0.517708 15 
1.19547 -0.498752 1.01976 0.45323 16 
1.09611 -0.469486 0.950239 0.399397 17 
1.01442 -0.445426 0.891317 0.353774 18 
0.946078 -0.425295 0.840744 0.314616 19 
-15.7431 -3.4989 -4.01187 2.89341 24 
-6.17122 -1.51488 -2.82592 2.01802 25 
-3.78741 -1.02076 -2.16328 1.52891 26 
-2.70507 -0.796417 -1.74019 1.2166 27 
-2.08692 -0.66829 -1.44663 0.999915 28 
-1.68708 -0.58541 -1.23101 0.84076 29 
-1.40724 -0.527408 -1.06593 0.718911 30 
-1.20045 -0.484543 -0.93549 0.622627 31 
-1.04139 -0.451573 -0.829817 0.544626 32 
-0.91525 -0.425428 -0.74247 0.480152 33 
-0.812771 -0.404186 -0.669063 0.425967 34 
-0.727865 -0.386587 -0.606504 0.37979 35 
-0.656368 -0.371767 -0.552555 0.339969 36 
-0.595337 -0.359117 -0.505552 0.305274 37 
-0.542631 -0.348192 -0.464236 0.274777 38 
-0.496654 -0.338662 -0.427632 0.247759 39 
0.946078 -0.425295 0.840744 0.314616 60 
0.850355 -0.419547 0.758865 0.3103 61 
0.757364 -0.413963 0.67902 0.306091 62 
0.66699 -0.408536 0.601136 0.301986 63 
0.579125 -0.40326 0.525141 0.29798 64 
0.493664 -0.398129 0.450968 0.29407 65 
0.410511 -0.393135 0.378551 0.290253 66 
0.329574 -0.388275 0.307828 0.286525 67 
0.250765 -0.383543 0.238742 0.282884 68 
0.174001 -0.378933 0.171236 0.279325 69 
0.0992035 -0.374442 0.105256 0.275848 70 
0.0262982 -0.370064 0.0407507 0.272448 71 
-0.0447859 -0.365796 -0.022328 0.269123 72 
-0.114116 -0.361633 -0.0840272 0.26587 73 
-0.181757 -0.357571 -0.144392 0.262689 74 
-0.247769 -0.353607 -0.203464 0.259575 75 
-0.312211 -0.349738 -0.261286 0.256527 76 
-0.375137 -0.345959 -0.317897 0.253543 77 
-0.436602 -0.342268 -0.373333 0.250621 78 
-0.496654 -0.338662 -0.427632 0.247759 79 
