-4 -4 2 1 8.18085 -1.61458 
-4 -3.57895 2 1 5.04498 -0.96523 
-4 -3.15789 2 1 3.56094 -0.657926 
-4 -2.73684 2 1 2.69566 -0.478749 
-4 -2.31579 2 1 2.12891 -0.361392 
-4 -1.89474 2 1 1.72893 -0.278567 
-4 -1.47368 2 1 1.43155 -0.216987 
-4 -1.05263 2 1 1.20178 -0.169409 
-4 -0.631579 2 1 1.01892 -0.131543 
-4 -0.210526 2 1 0.869934 -0.100691 
-4 0.210526 2 1 0.746204 -0.0750702 
-4 0.631579 2 1 0.641811 -0.0534534 
-4 1.05263 2 1 0.552552 -0.0349702 
-4 1.47368 2 1 0.475357 -0.0189853 
-4 1.89474 2 1 0.407936 -0.00502416 
-4 2.31579 2 1 0.348542 0.00727462 
-4 2.73684 2 1 0.295823 0.0181913 
-4 3.15789 2 1 0.248714 0.0279464 
-4 3.57895 2 1 0.206363 0.036716 
-4 4 2 1 0.168086 0.0446422 
4 0.210526 2 1 -18.8391 -3.08945 
4 0.631579 2 1 -7.13747 -0.979237 
4 1.05263 2 1 -4.57931 -0.517911 
4 1.47368 2 1 -3.45849 -0.315788 
4 1.89474 2 1 -2.82931 -0.202325 
4 2.31579 2 1 -2.42647 -0.129678 
4 2.73684 2 1 -2.14645 -0.079182 
4 3.15789 2 1 -1.94052 -0.0420451 
4 3.57895 2 1 -1.7827 -0.0135855 
4 4 2 1 -1.6579 0.00891993 
-4 -4 2 1 8.18085 -1.61458 
-3.57895 -4 2 1 11.3501 -2.44359 
-3.15789 -4 2 1 20.6254 -4.86975 
-2.73684 -4 2 1 516.658 -134.619 
-4 4 2 1 0.168086 0.0446422 
-3.57895 4 2 1 0.122617 0.0437527 
-3.15789 4 2 1 0.0744057 0.0428095 
-2.73684 4 2 1 0.0231967 0.0418077 
-2.31579 4 2 1 -0.0312988 0.0407416 
-1.89474 4 2 1 -0.0894076 0.0396048 
-1.47368 4 2 1 -0.151502 0.03839 
-1.05263 4 2 1 -0.218005 0.037089 
-0.631579 4 2 1 -0.289405 0.0356922 
-0.210526 4 2 1 -0.366263 0.0341886 
0.210526 4 2 1 -0.44923 0.0325655 
0.631579 4 2 1 -0.539064 0.0308081 
1.05263 4 2 1 -0.636655 0.0288989 
1.47368 4 2 1 -0.743052 0.0268174 
1.89474 4 2 1 -0.859504 0.0245392 
2.31579 4 2 1 -0.987506 0.0220351 
2.73684 4 2 1 -1.12887 0.0192696 
3.15789 4 2 1 -1.2858 0.0161996 
3.57895 4 2 1 -1.46101 0.0127718 
4 4 2 1 -1.6579 0.00891993 
-4 -3.57895 6 1 15.7981 8.93451 
-4 -3.15789 6 1 7.3129 4.4128 
-4 -2.73684 6 1 4.617 2.97618 
-4 -2.31579 6 1 3.2926 2.27041 
-4 -1.89474 6 1 2.50533 1.85088 
-4 -1.47368 6 1 1.98352 1.57281 
-4 -1.05263 6 1 1.61228 1.37497 
-4 -0.631579 6 1 1.33465 1.22703 
-4 -0.210526 6 1 1.11919 1.11221 
-4 0.210526 6 1 0.947122 1.02051 
-4 0.631579 6 1 0.806534 0.945596 
-4 1.05263 6 1 0.689513 0.883236 
-4 1.47368 6 1 0.59059 0.830521 
-4 1.89474 6 1 0.505869 0.785373 
-4 2.31579 6 1 0.432496 0.746273 
-4 2.73684 6 1 0.368334 0.712082 
-4 3.15789 6 1 0.311751 0.681929 
-4 3.57895 6 1 0.26148 0.655139 
-4 4 6 1 0.216519 0.63118 
4 1.05263 6 1 -16.0185 13.9687 
4 1.47368 6 1 -6.91086 5.84196 
4 1.89474 6 1 -4.56452 3.74831 
4 2.31579 6 1 -3.48851 2.78819 
4 2.73684 6 1 -2.87096 2.23714 
4 3.15789 6 1 -2.47032 1.87965 
4 3.57895 6 1 -2.18938 1.62897 
4 4 6 1 -1.98147 1.44344 
-4 4 6 1 0.216519 0.63118 
-3.57895 4 6 1 0.167987 0.649115 
-3.15789 4 6 1 0.11622 0.668245 
-2.73684 4 6 1 0.0608844 0.688695 
-2.31579 4 6 1 0.00159756 0.710604 
-1.89474 4 6 1 -0.0620794 0.734136 
-1.47368 4 6 1 -0.130653 0.759477 
-1.05263 4 6 1 -0.20471 0.786845 
-0.631579 4 6 1 -0.284937 0.816493 
-0.210526 4 6 1 -0.372137 0.848718 
0.210526 4 6 1 -0.467261 0.883871 
0.631579 4 6 1 -0.57144 0.92237 
1.05263 4 6 1 -0.686033 0.964718 
1.47368 4 6 1 -0.812682 1.01152 
1.89474 4 6 1 -0.953397 1.06352 
2.31579 4 6 1 -1.11066 1.12164 
2.73684 4 6 1 -1.28756 1.18701 
3.15789 4 6 1 -1.48804 1.2611 
3.57895 4 6 1 -1.71714 1.34576 
4 4 6 1 -1.98147 1.44344 
