-2.3904 -0.0718474 -1.977 1.22496 0 
-2.62643 -0.0508872 -2.11079 1.39192 1 
-2.94638 -0.0224753 -2.27979 1.60281 2 
-3.40468 0.0182213 -2.5 1.87762 3 
-4.11578 0.0813678 -2.79888 2.25059 4 
-5.36857 0.192616 -3.22772 2.78574 5 
-8.16271 0.440736 -3.89486 3.61827 6 
-19.89 1.48213 -5.07533 5.09138 7 
0.0484572 -0.0809428 0.0150712 0.411461 20 
0.0876171 -0.0751345 0.0496798 0.437047 21 
0.130446 -0.068782 0.0872569 0.464828 22 
0.177486 -0.061805 0.128202 0.495098 23 
0.22939 -0.0541066 0.172988 0.528208 24 
0.286953 -0.0455689 0.222182 0.564577 25 
0.351153 -0.0360466 0.27647 0.604712 26 
0.42321 -0.0253591 0.336686 0.649229 27 
0.504659 -0.0132785 0.403856 0.698887 28 
0.597465 0.000486618 0.479258 0.754631 29 
0.704181 0.0163149 0.564507 0.817655 30 
0.828188 0.0347077 0.661663 0.889482 31 
0.974058 0.0563433 0.773411 0.972096 32 
1.14813 0.0821623 0.903303 1.06812 33 
1.35947 0.113508 1.05615 1.18112 34 
1.62146 0.152367 1.23863 1.31603 35 
1.95481 0.201809 1.46027 1.47989 36 
2.39325 0.266839 1.73521 1.68315 37 
2.99579 0.356208 2.0853 1.94197 38 
3.87576 0.486726 2.54622 2.28272 39 
-2.3904 -0.0718474 -1.977 1.22496 40 
-2.03591 -0.0731694 -1.72242 1.121 41 
-1.74462 -0.0742557 -1.50526 1.03232 42 
-1.50102 -0.0751642 -1.31785 0.955786 43 
-1.29428 -0.0759352 -1.15445 0.889061 44 
-1.11662 -0.0765978 -1.01074 0.830374 45 
-0.962307 -0.0771732 -0.88336 0.778354 46 
-0.827026 -0.0776778 -0.769672 0.731927 47 
-0.707458 -0.0781237 -0.667582 0.690237 48 
-0.601018 -0.0785206 -0.575402 0.652593 49 
-0.505654 -0.0788763 -0.491755 0.618434 50 
-0.419724 -0.0791967 -0.41551 0.587298 51 
-0.341894 -0.079487 -0.345726 0.5588 52 
-0.27107 -0.0797511 -0.281614 0.532619 53 
-0.206347 -0.0799925 -0.22251 0.508482 54 
-0.146969 -0.080214 -0.167849 0.486161 55 
-0.0923005 -0.0804178 -0.117149 0.465456 56 
-0.0418021 -0.0806062 -0.069994 0.446199 57 
0.00498563 -0.0807806 -0.0260247 0.428244 58 
0.0484572 -0.0809428 0.0150712 0.411461 59 
56.6264 11.8999 5.03933 6.77382 74 
12.3327 2.31648 3.99223 4.88757 75 
7.40025 1.24929 3.39682 3.81499 76 
5.50258 0.838709 3.01268 3.123 77 
4.49781 0.621314 2.74431 2.63955 78 
3.87576 0.486726 2.54622 2.28272 79 
