-4 -4 2 1 0.407187 -0.129058 
-4 -3.57895 2 1 0.354408 -0.131013 
-4 -3.15789 2 1 0.299366 -0.133052 
-4 -2.73684 2 1 0.241911 -0.135181 
-4 -2.31579 2 1 0.181882 -0.137405 
-4 -1.89474 2 1 0.119102 -0.139731 
-4 -1.47368 2 1 0.0533769 -0.142166 
-4 -1.05263 2 1 -0.0155055 -0.144717 
-4 -0.631579 2 1 -0.0877781 -0.147395 
-4 -0.210526 2 1 -0.163698 -0.150208 
-4 0.210526 2 1 -0.243547 -0.153166 
-4 0.631579 2 1 -0.32764 -0.156281 
-4 1.05263 2 1 -0.416323 -0.159567 
-4 1.47368 2 1 -0.509984 -0.163037 
-4 1.89474 2 1 -0.609053 -0.166707 
-4 2.31579 2 1 -0.714012 -0.170596 
-4 2.73684 2 1 -0.825404 -0.174722 
-4 3.15789 2 1 -0.943838 -0.17911 
-4 3.57895 2 1 -1.07 -0.183784 
-4 4 2 1 -1.20468 -0.188774 
-4 -4 2 1 0.407187 -0.129058 
-3.57895 -4 2 1 0.454366 -0.124995 
-3.15789 -4 2 1 0.507861 -0.120389 
-2.73684 -4 2 1 0.569034 -0.115121 
-2.31579 -4 2 1 0.639664 -0.109039 
-1.89474 -4 2 1 0.722128 -0.101938 
-1.47368 -4 2 1 0.819672 -0.093539 
-1.05263 -4 2 1 0.936849 -0.083449 
-0.631579 -4 2 1 1.08025 -0.0711009 
-0.210526 -4 2 1 1.25979 -0.0556413 
0.210526 -4 2 1 1.49108 -0.0357243 
0.631579 -4 2 1 1.8003 -0.00909764 
1.05263 -4 2 1 2.2348 0.028316 
1.47368 -4 2 1 2.89002 0.0847369 
1.89474 -4 2 1 3.99147 0.179581 
2.31579 -4 2 1 6.2303 0.372365 
2.73684 -4 2 1 13.249 0.976735 
-4 4 2 1 -1.20468 -0.188774 
-3.57895 4 2 1 -1.29696 -0.188234 
-3.15789 4 2 1 -1.41141 -0.187565 
-2.73684 4 2 1 -1.55713 -0.186713 
-2.31579 4 2 1 -1.74896 -0.185592 
-1.89474 4 2 1 -2.01291 -0.184049 
-1.47368 4 2 1 -2.39904 -0.181792 
-1.05263 4 2 1 -3.01777 -0.178175 
-0.631579 4 2 1 -4.16981 -0.17144 
-0.210526 4 2 1 -7.067 -0.154504 
0.210526 4 2 1 -28.0554 -0.0318112 
-4 -4 6 1 0.342514 0.420054 
-4 -3.57895 6 1 0.293623 0.428698 
-4 -3.15789 6 1 0.242843 0.437677 
-4 -2.73684 6 1 0.190061 0.447009 
-4 -2.31579 6 1 0.135157 0.456717 
-4 -1.89474 6 1 0.0780006 0.466823 
-4 -1.47368 6 1 0.0184501 0.477352 
-4 -1.05263 6 1 -0.0436482 0.488331 
-4 -0.631579 6 1 -0.108461 0.499791 
-4 -0.210526 6 1 -0.176171 0.511763 
-4 0.210526 6 1 -0.246977 0.524282 
-4 0.631579 6 1 -0.321095 0.537387 
-4 1.05263 6 1 -0.398765 0.55112 
-4 1.47368 6 1 -0.480246 0.565527 
-4 1.89474 6 1 -0.565828 0.580659 
-4 2.31579 6 1 -0.655827 0.596571 
-4 2.73684 6 1 -0.750594 0.613327 
-4 3.15789 6 1 -0.85052 0.630995 
-4 3.57895 6 1 -0.956036 0.649652 
-4 4 6 1 -1.06763 0.669382 
-4 -4 6 1 0.342514 0.420054 
-3.57895 -4 6 1 0.381302 0.454702 
-3.15789 -4 6 1 0.424732 0.493496 
-2.73684 -4 6 1 0.473688 0.537227 
-2.31579 -4 6 1 0.529297 0.5869 
-1.89474 -4 6 1 0.593014 0.643816 
-1.47368 -4 6 1 0.666752 0.709684 
-1.05263 -4 6 1 0.753077 0.786796 
-0.631579 -4 6 1 0.855513 0.878298 
-0.210526 -4 6 1 0.979034 0.988634 
0.210526 -4 6 1 1.1309 1.12429 
0.631579 -4 6 1 1.32212 1.2951 
1.05263 -4 6 1 1.57028 1.51677 
1.47368 -4 6 1 1.90526 1.816 
1.89474 -4 6 1 2.38228 2.24211 
2.31579 -4 6 1 3.116 2.89751 
2.73684 -4 6 1 4.38989 4.03543 
3.15789 -4 6 1 7.14794 6.4991 
3.57895 -4 6 1 17.6032 15.8384 
-4 4 6 1 -1.06763 0.669382 
-3.57895 4 6 1 -1.13275 0.747145 
-3.15789 4 6 1 -1.21078 0.840307 
-2.73684 4 6 1 -1.30595 0.953944 
-2.31579 4 6 1 -1.42462 1.09564 
-1.89474 4 6 1 -1.57673 1.27725 
-1.47368 4 6 1 -1.77869 1.5184 
-1.05263 4 6 1 -2.05986 1.85411 
-0.631579 4 6 1 -2.47818 2.35359 
-0.210526 4 6 1 -3.16638 3.17529 
0.210526 4 6 1 -4.50995 4.77951 
0.631579 4 6 1 -8.29608 9.30014 
1.05263 4 6 1 -87.7008 104.109 
