27.7115 -8.50865 4.46687 3.07639 7 
7.17353 -2.31149 3.11714 2.04914 8 
4.18035 -1.40832 2.41221 1.51262 9 
2.97885 -1.04578 1.97911 1.183 10 
2.33089 -0.850264 1.68602 0.959933 11 
1.92555 -0.727957 1.47449 0.798947 12 
1.64805 -0.644226 1.31465 0.677291 13 
1.44616 -0.583306 1.1896 0.58212 14 
1.29267 -0.536993 1.0891 0.505635 15 
1.17205 -0.500595 1.00658 0.442825 16 
1.07475 -0.471237 0.937592 0.390322 17 
0.994615 -0.447057 0.87907 0.345783 18 
0.927464 -0.426795 0.828799 0.307522 19 
-18.7573 -4.1515 -4.203 3.054 24 
-6.58273 -1.6073 -2.9179 2.09773 25 
-3.94068 -1.05518 -2.21699 1.57616 26 
-2.78531 -0.81373 -1.77568 1.24778 27 
-2.13731 -0.678313 -1.4723 1.02202 28 
-1.72264 -0.591658 -1.25091 0.85728 29 
-1.4345 -0.531444 -1.08223 0.731766 30 
-1.22265 -0.487172 -0.94945 0.632957 31 
-1.06033 -0.453251 -0.842201 0.553151 32 
-0.931986 -0.42643 -0.753769 0.487347 33 
-0.827963 -0.404692 -0.6796 0.432156 34 
-0.741947 -0.386717 -0.616502 0.385203 35 
-0.669634 -0.371605 -0.562167 0.344771 36 
-0.607991 -0.358723 -0.514889 0.309591 37 
-0.554818 -0.347611 -0.473377 0.278701 38 
-0.508483 -0.337928 -0.436637 0.251361 39 
0.927464 -0.426795 0.828799 0.307522 60 
0.833499 -0.420979 0.748075 0.30394 61 
0.74204 -0.415319 0.66923 0.300441 62 
0.652989 -0.409808 0.592201 0.297022 63 
0.566251 -0.40444 0.516924 0.293681 64 
0.481739 -0.39921 0.443341 0.290415 65 
0.399366 -0.394112 0.371395 0.287222 66 
0.319053 -0.389142 0.301032 0.2841 67 
0.240724 -0.384294 0.232201 0.281045 68 
0.164306 -0.379565 0.164852 0.278056 69 
0.0897297 -0.37495 0.098937 0.27513 70 
0.0169296 -0.370444 0.0344118 0.272267 71 
-0.0541571 -0.366045 -0.0287677 0.269463 72 
-0.12359 -0.361748 -0.0906429 0.266717 73 
-0.191427 -0.35755 -0.151254 0.264027 74 
-0.257721 -0.353447 -0.210639 0.261391 75 
-0.322525 -0.349437 -0.268835 0.258808 76 
-0.385889 -0.345515 -0.325878 0.256277 77 
-0.44786 -0.34168 -0.381801 0.253795 78 
-0.508483 -0.337928 -0.436637 0.251361 79 
