-4 -4 2 1 0.531417 -0.2256 
-4 -3.57895 2 1 0.472065 -0.232184 
-4 -3.15789 2 1 0.410916 -0.238967 
-4 -2.73684 2 1 0.347884 -0.245959 
-4 -2.31579 2 1 0.282883 -0.25317 
-4 -1.89474 2 1 0.215819 -0.26061 
-4 -1.47368 2 1 0.14659 -0.268289 
-4 -1.05263 2 1 0.0750926 -0.276221 
-4 -0.631579 2 1 0.0012113 -0.284416 
-4 -0.210526 2 1 -0.0751745 -0.29289 
-4 0.210526 2 1 -0.154194 -0.301656 
-4 0.631579 2 1 -0.235987 -0.310729 
-4 1.05263 2 1 -0.320701 -0.320127 
-4 1.47368 2 1 -0.408495 -0.329866 
-4 1.89474 2 1 -0.499541 -0.339966 
-4 2.31579 2 1 -0.594023 -0.350447 
-4 2.73684 2 1 -0.692139 -0.361331 
-4 3.15789 2 1 -0.794103 -0.372642 
-4 3.57895 2 1 -0.900146 -0.384405 
-4 4 2 1 -1.01052 -0.396649 
-4 -4 2 1 0.531417 -0.2256 
-3.57895 -4 2 1 0.583972 -0.231177 
-3.15789 -4 2 1 0.64449 -0.2376 
-2.73684 -4 2 1 0.71493 -0.245075 
-2.31579 -4 2 1 0.797949 -0.253885 
-1.89474 -4 2 1 0.897247 -0.264423 
-1.47368 -4 2 1 1.01813 -0.277252 
-1.05263 -4 2 1 1.16851 -0.29321 
-0.631579 -4 2 1 1.36065 -0.313601 
-0.210526 -4 2 1 1.61479 -0.340571 
0.210526 -4 2 1 1.96667 -0.377915 
0.631579 -4 2 1 2.48615 -0.433043 
1.05263 -4 2 1 3.33036 -0.522634 
1.47368 -4 2 1 4.94223 -0.693691 
1.89474 -4 2 1 9.24181 -1.14998 
2.31579 -4 2 1 56.6596 -6.18212 
-4 4 2 1 -1.01052 -0.396649 
-3.57895 4 2 1 -1.09046 -0.421793 
-3.15789 4 2 1 -1.18827 -0.452554 
-2.73684 4 2 1 -1.31068 -0.491052 
-2.31579 4 2 1 -1.4683 -0.540624 
-1.89474 4 2 1 -1.67888 -0.606852 
-1.47368 4 2 1 -1.9745 -0.699826 
-1.05263 4 2 1 -2.41972 -0.839847 
-0.631579 4 2 1 -3.16652 -1.07472 
-0.210526 4 2 1 -4.67832 -1.55019 
0.210526 4 2 1 -9.36474 -3.02408 
-4 -4 6 1 0.445513 0.381333 
-4 -3.57895 6 1 0.389589 0.383616 
-4 -3.15789 6 1 0.332104 0.385962 
-4 -2.73684 6 1 0.272992 0.388375 
-4 -2.31579 6 1 0.212182 0.390858 
-4 -1.89474 6 1 0.1496 0.393412 
-4 -1.47368 6 1 0.0851674 0.396042 
-4 -1.05263 6 1 0.0188013 0.398751 
-4 -0.631579 6 1 -0.0495869 0.401543 
-4 -0.210526 6 1 -0.120091 0.404421 
-4 0.210526 6 1 -0.192811 0.407389 
-4 0.631579 6 1 -0.267852 0.410452 
-4 1.05263 6 1 -0.345329 0.413615 
-4 1.47368 6 1 -0.425361 0.416882 
-4 1.89474 6 1 -0.508076 0.420258 
-4 2.31579 6 1 -0.593613 0.42375 
-4 2.73684 6 1 -0.682117 0.427362 
-4 3.15789 6 1 -0.773747 0.431102 
-4 3.57895 6 1 -0.86867 0.434977 
-4 4 6 1 -0.967068 0.438994 
-4 -4 6 1 0.445513 0.381333 
-3.57895 -4 6 1 0.488224 0.415467 
-3.15789 -4 6 1 0.536843 0.454323 
-2.73684 -4 6 1 0.592686 0.498951 
-2.31579 -4 6 1 0.657492 0.550743 
-1.89474 -4 6 1 0.733607 0.611573 
-1.47368 -4 6 1 0.824275 0.684033 
-1.05263 -4 6 1 0.93411 0.771811 
-0.631579 -4 6 1 1.06991 0.880339 
-0.210526 -4 6 1 1.24211 1.01796 
0.210526 -4 6 1 1.46762 1.19818 
0.631579 -4 6 1 1.77573 1.44442 
1.05263 -4 6 1 2.22198 1.80105 
1.47368 -4 6 1 2.92613 2.3638 
1.89474 -4 6 1 4.20262 3.38394 
2.31579 -4 6 1 7.22695 5.80093 
2.73684 -4 6 1 23.3823 18.712 
-4 4 6 1 -0.967068 0.438994 
-3.57895 4 6 1 -1.03415 0.491198 
-3.15789 4 6 1 -1.11437 0.553625 
-2.73684 4 6 1 -1.212 0.629602 
-2.31579 4 6 1 -1.3334 0.72408 
-1.89474 4 6 1 -1.48846 0.844752 
-1.47368 4 6 1 -1.69344 1.00427 
-1.05263 4 6 1 -1.97704 1.22497 
-0.631579 4 6 1 -2.39525 1.55043 
-0.210526 4 6 1 -3.07374 2.07844 
0.210526 4 6 1 -4.36524 3.08351 
0.631579 4 6 1 -7.78506 5.74486 
1.05263 4 6 1 -43.2204 33.3212 
