91.9537 4.4118 10.4386 9.60204 4 
8.95429 0.350019 5.28031 4.84442 5 
4.67411 0.140558 3.5184 3.21937 6 
3.14757 0.0658531 2.62926 2.3993 7 
2.3641 0.027512 2.09313 1.90481 8 
1.88735 0.00418084 1.7346 1.57413 9 
1.56668 -0.0115117 1.47795 1.33743 10 
1.33623 -0.0227892 1.28518 1.15962 11 
1.16262 -0.0312852 1.13506 1.02117 12 
1.02713 -0.0379157 1.01485 0.910297 13 
0.918451 -0.0432344 0.916426 0.819518 14 
0.829335 -0.0475955 0.834354 0.743821 15 
0.754939 -0.0512363 0.764872 0.679737 16 
0.691893 -0.0543216 0.70529 0.624783 17 
0.637784 -0.0569695 0.653632 0.577138 18 
0.590837 -0.059267 0.608417 0.535434 19 
-10.0246 2.27709 -4.51783 6.27775 26 
-4.82125 1.03873 -2.95311 4.03625 27 
-3.19062 0.650649 -2.20301 2.96171 28 
-2.39347 0.460932 -1.76276 2.33106 29 
-1.92084 0.348448 -1.47324 1.91632 30 
-1.60808 0.274012 -1.26836 1.62282 31 
-1.3858 0.221111 -1.11573 1.40418 32 
-1.2197 0.181582 -0.997629 1.23499 33 
-1.09088 0.150922 -0.903527 1.10019 34 
-0.988047 0.126448 -0.826785 0.990255 35 
-0.904061 0.10646 -0.763004 0.898888 36 
-0.834174 0.0898276 -0.709156 0.82175 37 
-0.775112 0.0757711 -0.663089 0.755759 38 
-0.72454 0.0637353 -0.62323 0.69866 39 
0.590837 -0.059267 0.608417 0.535434 60 
0.52682 -0.0532806 0.548191 0.543416 61 
0.462265 -0.047244 0.487488 0.551461 62 
0.397165 -0.0411565 0.426303 0.559569 63 
0.331514 -0.0350174 0.364631 0.567742 64 
0.265304 -0.028826 0.302465 0.575981 65 
0.198528 -0.0225817 0.239799 0.584286 66 
0.131179 -0.0162838 0.176627 0.592658 67 
0.0632497 -0.0099317 0.112943 0.601098 68 
-0.00526779 -0.00352456 0.0487408 0.609606 69 
-0.074381 0.00293828 -0.0159857 0.618184 70 
-0.144098 0.00945756 -0.0812432 0.626832 71 
-0.214426 0.016034 -0.147038 0.635552 72 
-0.285373 0.0226684 -0.213378 0.644344 73 
-0.356949 0.0293615 -0.280268 0.653208 74 
-0.42916 0.0361141 -0.347716 0.662147 75 
-0.502016 0.0429269 -0.415729 0.67116 76 
-0.575526 0.0498009 -0.484314 0.68025 77 
-0.649697 0.0567367 -0.553479 0.689416 78 
-0.72454 0.0637353 -0.62323 0.69866 79 
