0.563314 -0.229185 0.474529 0.391286 0 
0.502071 -0.23636 0.416475 0.392126 1 
0.439212 -0.243725 0.356998 0.392987 2 
0.374672 -0.251286 0.296045 0.39387 3 
0.308383 -0.259052 0.233558 0.394774 4 
0.240273 -0.267032 0.169481 0.395702 5 
0.170267 -0.275234 0.103752 0.396653 6 
0.0982825 -0.283667 0.0363054 0.397629 7 
0.0242359 -0.292342 -0.0329265 0.398632 8 
-0.0519631 -0.30127 -0.104016 0.399661 9 
-0.13041 -0.31046 -0.177038 0.400718 10 
-0.211205 -0.319926 -0.252073 0.401804 11 
-0.294455 -0.32968 -0.329205 0.40292 12 
-0.380275 -0.339734 -0.408523 0.404068 13 
-0.468785 -0.350104 -0.490123 0.40525 14 
-0.560113 -0.360804 -0.574102 0.406465 15 
-0.654397 -0.37185 -0.660568 0.407717 16 
-0.751781 -0.383259 -0.749633 0.409006 17 
-0.852423 -0.39505 -0.841414 0.410335 18 
-0.956487 -0.407242 -0.936039 0.411705 19 
0.563314 -0.229185 0.474529 0.391286 40 
0.617156 -0.236433 0.518475 0.426103 41 
0.679383 -0.244811 0.568726 0.465916 42 
0.75212 -0.254602 0.626744 0.511883 43 
0.838273 -0.266201 0.694481 0.565549 44 
0.941933 -0.280155 0.774603 0.629028 45 
1.06904 -0.297267 0.870847 0.70528 46 
1.22856 -0.318742 0.988625 0.798593 47 
1.43471 -0.346494 1.13607 0.915413 48 
1.71144 -0.383747 1.32602 1.0659 49 
2.10245 -0.436387 1.57993 1.26707 50 
2.697 -0.516426 1.93665 1.54969 51 
3.70991 -0.652786 2.4745 1.97582 52 
5.82244 -0.93718 3.37833 2.6919 53 
12.9512 -1.89686 5.21437 4.14656 54 
-0.956487 -0.407242 -0.936039 0.411705 60 
-1.03229 -0.434487 -1.00268 0.459479 61 
-1.12453 -0.467644 -1.08225 0.516518 62 
-1.23923 -0.508871 -1.1789 0.585803 63 
-1.3857 -0.561521 -1.2988 0.671754 64 
-1.5793 -0.631106 -1.45148 0.781206 65 
-1.84709 -0.727363 -1.65252 0.925324 66 
-2.24187 -0.869262 -1.92922 1.12368 67 
-2.88202 -1.09936 -2.33417 1.41397 68 
-4.09943 -1.53695 -2.98346 1.87942 69 
-7.31615 -2.69317 -4.19377 2.74705 70 
-40.0652 -14.4646 -7.24532 4.93458 71 
