-4 -4 2 1 -0.223262 0.239339 
-4 -3.57895 2 1 -0.262113 0.249787 
-4 -3.15789 2 1 -0.305602 0.261483 
-4 -2.73684 2 1 -0.354613 0.274663 
-4 -2.31579 2 1 -0.410268 0.289631 
-4 -1.89474 2 1 -0.474017 0.306775 
-4 -1.47368 2 1 -0.547764 0.326607 
-4 -1.05263 2 1 -0.634061 0.349815 
-4 -0.631579 2 1 -0.736409 0.37734 
-4 -0.210526 2 1 -0.859747 0.410509 
-4 0.210526 2 1 -1.01127 0.451257 
-4 0.631579 2 1 -1.20188 0.502518 
-4 1.05263 2 1 -1.44895 0.568962 
-4 1.47368 2 1 -1.78192 0.658507 
-4 1.89474 2 1 -2.25501 0.785735 
-4 2.31579 2 1 -2.98025 0.980774 
-4 2.73684 2 1 -4.23247 1.31753 
-4 3.15789 2 1 -6.91377 2.03861 
-4 3.57895 2 1 -16.7218 4.67628 
4 -4 2 1 1.46731 0.197672 
4 -3.57895 2 1 1.57786 0.213556 
4 -3.15789 2 1 1.71586 0.233386 
4 -2.73684 2 1 1.89299 0.258838 
4 -2.31579 2 1 2.12865 0.292698 
4 -1.89474 2 1 2.45757 0.33996 
4 -1.47368 2 1 2.94877 0.41054 
4 -1.05263 2 1 3.7617 0.527347 
4 -0.631579 2 1 5.36634 0.757916 
4 -0.210526 2 1 10.0171 1.42617 
4 0.210526 2 1 188.289 27.0417 
-4 -4 2 1 -0.223262 0.239339 
-3.57895 -4 2 1 -0.174366 0.238134 
-3.15789 -4 2 1 -0.122959 0.236867 
-2.73684 -4 2 1 -0.0688441 0.235533 
-2.31579 -4 2 1 -0.0118007 0.234127 
-1.89474 -4 2 1 0.0484154 0.232643 
-1.47368 -4 2 1 0.112076 0.231074 
-1.05263 -4 2 1 0.179487 0.229413 
-0.631579 -4 2 1 0.250988 0.22765 
-0.210526 -4 2 1 0.326963 0.225778 
0.210526 -4 2 1 0.407847 0.223784 
0.631579 -4 2 1 0.49413 0.221658 
1.05263 -4 2 1 0.586373 0.219384 
1.47368 -4 2 1 0.685213 0.216948 
1.89474 -4 2 1 0.791387 0.214331 
2.31579 -4 2 1 0.90574 0.211513 
2.73684 -4 2 1 1.02926 0.208468 
3.15789 -4 2 1 1.16309 0.20517 
3.57895 -4 2 1 1.30857 0.201584 
4 -4 2 1 1.46731 0.197672 
-4 -4 6 1 -0.183916 0.838601 
-4 -3.57895 6 1 -0.222713 0.885416 
-4 -3.15789 6 1 -0.266433 0.93817 
-4 -2.73684 6 1 -0.316076 0.998071 
-4 -2.31579 6 1 -0.372933 1.06668 
-4 -1.89474 6 1 -0.438699 1.14603 
-4 -1.47368 6 1 -0.515648 1.23888 
-4 -1.05263 6 1 -0.606896 1.34899 
-4 -0.631579 6 1 -0.716836 1.48164 
-4 -0.210526 6 1 -0.851869 1.64458 
-4 0.210526 6 1 -1.02169 1.84949 
-4 0.631579 6 1 -1.24173 2.11501 
-4 1.05263 6 1 -1.53815 2.47267 
-4 1.47368 6 1 -1.95902 2.98052 
-4 1.89474 6 1 -2.6036 3.75829 
-4 2.31579 6 1 -3.71478 5.09908 
-4 2.73684 6 1 -6.0866 7.96102 
-4 3.15789 6 1 -14.6766 18.3261 
4 -4 6 1 1.72899 1.36751 
4 -3.57895 6 1 1.88556 1.53041 
4 -3.15789 6 1 2.08645 1.73944 
4 -2.73684 6 1 2.35361 2.01741 
4 -2.31579 6 1 2.72627 2.40515 
4 -1.89474 6 1 3.28234 2.98372 
4 -1.47368 6 1 4.20137 3.93995 
4 -1.05263 6 1 6.01095 5.82277 
4 -0.631579 6 1 11.2221 11.2448 
4 -0.210526 6 1 179.346 186.173 
-4 -4 6 1 -0.183916 0.838601 
-3.57895 -4 6 1 -0.131182 0.853182 
-3.15789 -4 6 1 -0.0755826 0.868555 
-2.73684 -4 6 1 -0.0168766 0.884787 
-2.31579 -4 6 1 0.0452035 0.901952 
-1.89474 -4 6 1 0.110957 0.920132 
-1.47368 -4 6 1 0.180721 0.939421 
-1.05263 -4 6 1 0.254872 0.959924 
-0.631579 -4 6 1 0.333839 0.981758 
-0.210526 -4 6 1 0.418106 1.00506 
0.210526 -4 6 1 0.508226 1.02997 
0.631579 -4 6 1 0.60483 1.05669 
1.05263 -4 6 1 0.708643 1.08539 
1.47368 -4 6 1 0.820505 1.11632 
1.89474 -4 6 1 0.941389 1.14974 
2.31579 -4 6 1 1.07243 1.18597 
2.73684 -4 6 1 1.21497 1.22539 
3.15789 -4 6 1 1.37059 1.26841 
3.57895 -4 6 1 1.54117 1.31558 
4 -4 6 1 1.72899 1.36751 
