4 -4 2 1 -0.290564 -0.299984 
4 -3.57895 2 1 -0.242371 -0.307167 
4 -3.15789 2 1 -0.191286 -0.314781 
4 -2.73684 2 1 -0.137041 -0.322866 
4 -2.31579 2 1 -0.0793335 -0.331467 
4 -1.89474 2 1 -0.0178202 -0.340635 
4 -1.47368 2 1 0.0478876 -0.350429 
4 -1.05263 2 1 0.118234 -0.360914 
4 -0.631579 2 1 0.193729 -0.372166 
4 -0.210526 2 1 0.274958 -0.384273 
4 0.210526 2 1 0.362602 -0.397336 
4 0.631579 2 1 0.457449 -0.411472 
4 1.05263 2 1 0.560428 -0.426821 
4 1.47368 2 1 0.672631 -0.443544 
4 1.89474 2 1 0.795354 -0.461836 
4 2.31579 2 1 0.930151 -0.481927 
4 2.73684 2 1 1.07889 -0.504096 
4 3.15789 2 1 1.24387 -0.528685 
4 3.57895 2 1 1.42788 -0.556111 
4 4 2 1 1.63443 -0.586897 
-3.57895 -4 2 1 -31.3251 -4.31138 
-3.15789 -4 2 1 -9.65969 -1.511 
-2.73684 -4 2 1 -5.53829 -0.978284 
-2.31579 -4 2 1 -3.79244 -0.752623 
-1.89474 -4 2 1 -2.82777 -0.627933 
-1.47368 -4 2 1 -2.21582 -0.548835 
-1.05263 -4 2 1 -1.79304 -0.494188 
-0.631579 -4 2 1 -1.48345 -0.454172 
-0.210526 -4 2 1 -1.24697 -0.423606 
0.210526 -4 2 1 -1.06044 -0.399495 
0.631579 -4 2 1 -0.909533 -0.37999 
1.05263 -4 2 1 -0.784943 -0.363886 
1.47368 -4 2 1 -0.680335 -0.350364 
1.89474 -4 2 1 -0.591259 -0.338851 
2.31579 -4 2 1 -0.514495 -0.328929 
2.73684 -4 2 1 -0.447656 -0.320289 
3.15789 -4 2 1 -0.388933 -0.312699 
3.57895 -4 2 1 -0.336933 -0.305978 
4 -4 2 1 -0.290564 -0.299984 
0.631579 4 2 1 18.2481 -6.42242 
1.05263 4 2 1 6.71262 -2.3706 
1.47368 4 2 1 4.27138 -1.51312 
1.89474 4 2 1 3.21059 -1.14052 
2.31579 4 2 1 2.61743 -0.932173 
2.73684 4 2 1 2.23853 -0.799085 
3.15789 4 2 1 1.97556 -0.706715 
3.57895 4 2 1 1.78236 -0.638857 
4 4 2 1 1.63443 -0.586897 
-4 -4 6 1 -11.7944 7.15663 
-4 -3.57895 6 1 -18.9771 12.4146 
-4 -3.15789 6 1 -64.8545 45.9981 
4 -4 6 1 -0.234715 0.255019 
4 -3.57895 6 1 -0.189367 0.263197 
4 -3.15789 6 1 -0.141549 0.27182 
4 -2.73684 6 1 -0.0910529 0.280926 
4 -2.31579 6 1 -0.0376479 0.290557 
4 -1.89474 6 1 0.0189251 0.300758 
4 -1.47368 6 1 0.0789566 0.311584 
4 -1.05263 6 1 0.142774 0.323092 
4 -0.631579 6 1 0.210747 0.33535 
4 -0.210526 6 1 0.283294 0.348432 
4 0.210526 6 1 0.360895 0.362426 
4 0.631579 6 1 0.444096 0.377429 
4 1.05263 6 1 0.533525 0.393556 
4 1.47368 6 1 0.62991 0.410937 
4 1.89474 6 1 0.734094 0.429725 
4 2.31579 6 1 0.847065 0.450097 
4 2.73684 6 1 0.969983 0.472263 
4 3.15789 6 1 1.10422 0.49647 
4 3.57895 6 1 1.25142 0.523015 
4 4 6 1 1.41355 0.552252 
-4 -4 6 1 -11.7944 7.15663 
-3.57895 -4 6 1 -6.29628 3.87403 
-3.15789 -4 6 1 -4.19242 2.61794 
-2.73684 -4 6 1 -3.08103 1.95439 
-2.31579 -4 6 1 -2.39386 1.54412 
-1.89474 -4 6 1 -1.92695 1.26536 
-1.47368 -4 6 1 -1.58903 1.0636 
-1.05263 -4 6 1 -1.33313 0.91082 
-0.631579 -4 6 1 -1.13262 0.791108 
-0.210526 -4 6 1 -0.971276 0.694778 
0.210526 -4 6 1 -0.838641 0.615589 
0.631579 -4 6 1 -0.727679 0.54934 
1.05263 -4 6 1 -0.633478 0.493098 
1.47368 -4 6 1 -0.552509 0.444756 
1.89474 -4 6 1 -0.482166 0.402758 
2.31579 -4 6 1 -0.420485 0.365933 
2.73684 -4 6 1 -0.365961 0.333379 
3.15789 -4 6 1 -0.317415 0.304395 
3.57895 -4 6 1 -0.273916 0.278424 
4 -4 6 1 -0.234715 0.255019 
-0.210526 4 6 1 30.5643 24.9256 
0.210526 4 6 1 7.57143 5.70093 
0.631579 4 6 1 4.51428 3.14481 
1.05263 4 6 1 3.30619 2.13471 
1.47368 4 6 1 2.65913 1.5937 
1.89474 4 6 1 2.25594 1.25658 
2.31579 4 6 1 1.9806 1.02637 
2.73684 4 6 1 1.78064 0.859175 
3.15789 4 6 1 1.62882 0.732235 
3.57895 4 6 1 1.50962 0.632574 
4 4 6 1 1.41355 0.552252 
