-0.938903 0.0152503 -1.06981 0.974474 20 
-0.839976 0.0147123 -0.951103 0.956066 21 
-0.74412 0.014191 -0.836719 0.938328 22 
-0.651194 0.0136856 -0.726424 0.921223 23 
-0.561066 0.0131955 -0.620001 0.90472 24 
-0.473612 0.0127199 -0.51725 0.888785 25 
-0.388713 0.0122582 -0.417984 0.873392 26 
-0.30626 0.0118097 -0.32203 0.858511 27 
-0.226149 0.0113741 -0.229223 0.844119 28 
-0.148281 0.0109506 -0.139412 0.830191 29 
-0.0725632 0.0105388 -0.0524534 0.816706 30 
0.00109229 0.0101383 0.0317859 0.803643 31 
0.0727685 0.00974845 0.113432 0.790981 32 
0.142544 0.00936898 0.192602 0.778704 33 
0.210494 0.00899945 0.269408 0.766793 34 
0.276688 0.00863946 0.343953 0.755233 35 
0.341195 0.00828865 0.416337 0.744008 36 
0.404077 0.00794667 0.486651 0.733104 37 
0.465395 0.0076132 0.554984 0.722507 38 
0.525208 0.00728792 0.621417 0.712205 39 
-4.87878 -0.921138 -86.2513 76.2571 49 
-3.26591 -0.537808 -8.27095 7.33878 50 
-2.47822 -0.350598 -4.42803 3.94245 51 
-2.01144 -0.239658 -3.06149 2.73471 52 
-1.70264 -0.166267 -2.36096 2.11558 53 
-1.48324 -0.114121 -1.93494 1.73908 54 
-1.31931 -0.0751609 -1.64852 1.48594 55 
-1.19219 -0.044947 -1.44274 1.30407 56 
-1.09072 -0.0208313 -1.28775 1.16709 57 
-1.00785 -0.00113676 -1.16681 1.0602 58 
-0.938903 0.0152503 -1.06981 0.974474 59 
4.17797 -0.95078 15.0469 9.96185 66 
2.94282 -0.626818 6.23261 4.31012 67 
2.25254 -0.445768 3.87973 2.80144 68 
1.81175 -0.330152 2.78903 2.10208 69 
1.50588 -0.249927 2.15967 1.69854 70 
1.28121 -0.190999 1.75006 1.43589 71 
1.10919 -0.145882 1.4622 1.25132 72 
0.973261 -0.11023 1.24884 1.11451 73 
0.863139 -0.0813467 1.08436 1.00905 74 
0.772113 -0.0574719 0.953705 0.925268 75 
0.695612 -0.0374068 0.847403 0.857107 76 
0.630417 -0.0203069 0.759229 0.80057 77 
0.574193 -0.00556017 0.68491 0.752916 78 
0.525208 0.00728792 0.621417 0.712205 79 
