-0.423156 -0.00239182 -0.351434 0.577164 20 
-0.368813 -0.00696239 -0.298059 0.583231 21 
-0.312387 -0.0117082 -0.242725 0.58952 22 
-0.253756 -0.0166395 -0.185322 0.596045 23 
-0.192787 -0.0217674 -0.12573 0.602819 24 
-0.129338 -0.0271039 -0.0638229 0.609855 25 
-0.0632544 -0.0326619 0.000537068 0.617171 26 
0.00563134 -0.0384557 0.0674988 0.624782 27 
0.0775013 -0.0445004 0.137223 0.632707 28 
0.152554 -0.0508129 0.209885 0.640966 29 
0.231005 -0.0574111 0.285674 0.649581 30 
0.31309 -0.0643151 0.364796 0.658574 31 
0.39907 -0.0715465 0.447476 0.667972 32 
0.489226 -0.0791293 0.53396 0.677802 33 
0.583871 -0.0870896 0.624516 0.688095 34 
0.68335 -0.0954564 0.719439 0.698885 35 
0.788041 -0.104262 0.819052 0.710207 36 
0.898366 -0.113541 0.923713 0.722104 37 
1.01479 -0.123333 1.03381 0.734618 38 
1.13784 -0.133682 1.14979 0.747801 39 
-32.8978 4.33195 -10.1937 10.8638 43 
-8.37817 1.05935 -5.07859 5.51775 44 
-4.69338 0.567548 -3.31712 3.67675 45 
-3.20603 0.369034 -2.4254 2.74477 46 
-2.40194 0.261713 -1.88681 2.18186 47 
-1.89823 0.194484 -1.52625 1.80502 48 
-1.55308 0.148417 -1.26796 1.53508 49 
-1.3018 0.114879 -1.07385 1.3322 50 
-1.11068 0.0893707 -0.922629 1.17415 51 
-0.960423 0.0693164 -0.801501 1.04755 52 
-0.839193 0.0531359 -0.702296 0.943867 53 
-0.739317 0.0398057 -0.619556 0.857391 54 
-0.655611 0.0286336 -0.549495 0.784168 55 
-0.584441 0.0191347 -0.489408 0.721367 56 
-0.523188 0.0109594 -0.437305 0.666912 57 
-0.469914 0.003849 -0.391694 0.619242 58 
-0.423156 -0.00239182 -0.351434 0.577164 59 
14.7947 -0.708263 7.6563 7.18573 69 
5.82932 -0.331066 4.47515 4.0381 70 
3.71474 -0.242099 3.21376 2.79001 71 
2.7693 -0.202322 2.53714 2.12053 72 
2.23337 -0.179774 2.11517 1.70301 73 
1.88826 -0.165254 1.82687 1.41774 74 
1.64745 -0.155123 1.61739 1.21048 75 
1.46987 -0.147652 1.45831 1.05307 76 
1.33351 -0.141914 1.33339 0.929464 77 
1.2255 -0.13737 1.23269 0.829826 78 
1.13784 -0.133682 1.14979 0.747801 79 
