-1.66913 0.397983 -2.21803 2.11791 20 
-1.46093 0.390733 -1.91591 1.9835 21 
-1.2755 0.384275 -1.65481 1.86735 22 
-1.1093 0.378487 -1.42691 1.76597 23 
-0.959485 0.37327 -1.22625 1.6767 24 
-0.823746 0.368543 -1.04824 1.59751 25 
-0.700189 0.364241 -0.889226 1.52677 26 
-0.587244 0.360307 -0.746336 1.46321 27 
-0.4836 0.356698 -0.617232 1.40577 28 
-0.388154 0.353374 -0.500011 1.35363 29 
-0.299969 0.350303 -0.393105 1.30607 30 
-0.218248 0.347458 -0.295209 1.26252 31 
-0.142306 0.344813 -0.20523 1.22249 32 
-0.071549 0.342349 -0.122246 1.18557 33 
-0.00546491 0.340048 -0.0454707 1.15142 34 
0.0563947 0.337893 0.0257669 1.11973 35 
0.114422 0.335873 0.0920453 1.09024 36 
0.168964 0.333973 0.153865 1.06274 37 
0.220323 0.332185 0.211661 1.03703 38 
0.268772 0.330498 0.265814 1.01294 39 
-4.36614 0.999033 -17.6013 20.1817 53 
-3.27716 0.756346 -7.29136 8.07525 54 
-2.67061 0.621171 -4.74798 5.08869 55 
-2.28403 0.53502 -3.59634 3.73639 56 
-2.01614 0.475317 -2.93951 2.9651 57 
-1.81954 0.431505 -2.51497 2.4666 58 
-1.66913 0.397983 -2.21803 2.11791 59 
5.54724 1.53589 22.1517 24.5919 63 
3.78209 1.1328 7.86499 9.2 64 
2.81065 0.91096 4.61806 5.70188 65 
2.19583 0.770561 3.1809 4.15354 66 
1.77172 0.67371 2.37019 3.28012 67 
1.4615 0.602868 1.84963 2.71929 68 
1.22471 0.548797 1.4871 2.32871 69 
1.03806 0.506172 1.22012 2.04108 70 
0.887132 0.471706 1.01532 1.82043 71 
0.762574 0.443262 0.853231 1.6458 72 
0.658028 0.419388 0.721762 1.50416 73 
0.569031 0.399065 0.612982 1.38697 74 
0.492353 0.381555 0.521486 1.28839 75 
0.425603 0.366311 0.443456 1.20432 76 
0.366969 0.352922 0.376124 1.13178 77 
0.315056 0.341067 0.317431 1.06855 78 
0.268772 0.330498 0.265814 1.01294 79 
