-0.468575 0.0511587 -0.513302 0.717923 0 
-0.510274 0.0420492 -0.564099 0.756603 1 
-0.557731 0.0316818 -0.622965 0.801427 2 
-0.612227 0.0197767 -0.691989 0.853985 3 
-0.675454 0.00596434 -0.774046 0.916468 4 
-0.749691 -0.0102535 -0.873214 0.99198 5 
-0.83809 -0.0295651 -0.995468 1.08507 6 
-0.945131 -0.052949 -1.14993 1.20269 7 
-1.0774 -0.0818454 -1.35126 1.35599 8 
-1.24503 -0.118464 -1.62461 1.56414 9 
-1.46435 -0.166377 -2.01703 1.86295 10 
-1.76366 -0.231763 -2.628 2.32817 11 
-2.19646 -0.326313 -3.71053 3.15247 12 
-2.8777 -0.475137 -6.15366 5.01281 13 
-4.10742 -0.743779 -16.8611 13.1661 14 
0.875478 -0.0195053 1.04173 0.823831 20 
0.932393 -0.0367595 1.12505 0.884694 21 
0.999408 -0.0570754 1.22613 0.958538 22 
1.07947 -0.0813475 1.35135 1.05001 23 
1.17681 -0.110856 1.51052 1.16628 24 
1.29769 -0.1475 1.71959 1.31901 25 
1.45181 -0.194225 2.00643 1.52855 26 
1.6551 -0.255853 2.42431 1.83381 27 
1.93553 -0.340866 3.08963 2.31984 28 
2.34729 -0.465693 4.31461 3.21469 29 
3.01085 -0.666855 7.31799 5.40868 30 
4.2589 -1.04521 26.2282 19.2227 31 
-0.468575 0.0511587 -0.513302 0.717923 40 
-0.411036 0.0481336 -0.448735 0.72232 41 
-0.352292 0.0450451 -0.382636 0.726822 42 
-0.292303 0.0418911 -0.314949 0.731432 43 
-0.231031 0.0386697 -0.245617 0.736154 44 
-0.168433 0.0353786 -0.174579 0.740992 45 
-0.104467 0.0320156 -0.10177 0.745951 46 
-0.0390861 0.0285782 -0.0271247 0.751034 47 
0.0277563 0.0250639 0.0494282 0.756248 48 
0.0961099 0.0214702 0.127963 0.761597 49 
0.166027 0.0177943 0.208556 0.767086 50 
0.237561 0.0140334 0.291292 0.772721 51 
0.310769 0.0101844 0.376255 0.778507 52 
0.385711 0.00624435 0.463538 0.784452 53 
0.462448 0.00220985 0.553236 0.790561 54 
0.541047 -0.00192251 0.645451 0.796841 55 
0.621576 -0.00615633 0.740291 0.803301 56 
0.704106 -0.0104954 0.83787 0.809946 57 
0.788713 -0.0149437 0.938307 0.816787 58 
0.875478 -0.0195053 1.04173 0.823831 59 
