16.0143 -1.56777 10.4295 9.44264 13 
7.85573 -0.689869 6.0744 5.16389 14 
5.41246 -0.426962 4.44749 3.5655 15 
4.23677 -0.300454 3.59666 2.72957 16 
3.54541 -0.22606 3.07353 2.21561 17 
3.09021 -0.177078 2.71935 1.86763 18 
2.76782 -0.142387 2.46365 1.61642 19 
-3.609 -0.967385 -3.61596 1.64835 20 
-2.80809 -0.783962 -2.85939 1.3812 21 
-2.24969 -0.656078 -2.32076 1.19101 22 
-1.83814 -0.561826 -1.91776 1.0487 23 
-1.52224 -0.489479 -1.60488 0.938227 24 
-1.27212 -0.432197 -1.35495 0.849973 25 
-1.06917 -0.385717 -1.15069 0.777848 26 
-0.901193 -0.347247 -0.980637 0.717802 27 
-0.759869 -0.314882 -0.836862 0.667035 28 
-0.639321 -0.287274 -0.713711 0.623549 29 
-0.53528 -0.263447 -0.607043 0.585884 30 
-0.444573 -0.242673 -0.513757 0.552944 31 
-0.364792 -0.224402 -0.431482 0.523893 32 
-0.294074 -0.208206 -0.358378 0.498079 33 
-0.230957 -0.193751 -0.292992 0.474991 34 
-0.17428 -0.180771 -0.234164 0.454219 35 
-0.123104 -0.169051 -0.180954 0.43543 36 
-0.0766652 -0.158415 -0.132593 0.418354 37 
-0.0343352 -0.148721 -0.0884484 0.402766 38 
0.00440832 -0.139848 -0.0479912 0.38848 39 
-59.0964 -19.4874 -24.1308 16.3758 54 
-11.7237 -3.67582 -9.81344 6.09749 55 
-6.95812 -2.08522 -6.48096 3.70512 56 
-5.14914 -1.48144 -4.99639 2.63936 57 
-4.19675 -1.16356 -4.15635 2.03629 58 
-3.609 -0.967385 -3.61596 1.64835 59 
2.76782 -0.142387 2.46365 1.61642 60 
2.32406 -0.14198 2.07166 1.42478 61 
1.97108 -0.141655 1.75684 1.27086 62 
1.68362 -0.141391 1.49845 1.14453 63 
1.44498 -0.141172 1.28256 1.03898 64 
1.2437 -0.140987 1.09948 0.949478 65 
1.07165 -0.140829 0.942264 0.872615 66 
0.922878 -0.140692 0.80579 0.805893 67 
0.792971 -0.140573 0.686207 0.747429 68 
0.67855 -0.140467 0.580563 0.69578 69 
0.577004 -0.140374 0.486555 0.649819 70 
0.486274 -0.140291 0.40236 0.608657 71 
0.40472 -0.140216 0.326519 0.571578 72 
0.331017 -0.140148 0.257846 0.538004 73 
0.264083 -0.140087 0.195371 0.50746 74 
0.203027 -0.14003 0.138292 0.479554 75 
0.147107 -0.139979 0.0859381 0.453958 76 
0.0957011 -0.139932 0.0377461 0.430397 77 
0.0482838 -0.139888 -0.00676137 0.408637 78 
0.00440832 -0.139848 -0.0479912 0.38848 79 
