-4 -4 2 1 5.70852 -0.135966 
-4 -3.57895 2 1 4.01616 -0.0435882 
-4 -3.15789 2 1 3.02938 0.0102753 
-4 -2.73684 2 1 2.38304 0.0455559 
-4 -2.31579 2 1 1.92688 0.0704554 
-4 -1.89474 2 1 1.58773 0.088968 
-4 -1.47368 2 1 1.32568 0.103272 
-4 -1.05263 2 1 1.11713 0.114656 
-4 -0.631579 2 1 0.947207 0.123931 
-4 -0.210526 2 1 0.806093 0.131633 
-4 0.210526 2 1 0.687034 0.138132 
-4 0.631579 2 1 0.585233 0.143689 
-4 1.05263 2 1 0.497192 0.148495 
-4 1.47368 2 1 0.420297 0.152692 
-4 1.89474 2 1 0.352558 0.15639 
-4 2.31579 2 1 0.292432 0.159672 
-4 2.73684 2 1 0.238703 0.162604 
-4 3.15789 2 1 0.190401 0.165241 
-4 3.57895 2 1 0.146745 0.167624 
-4 4 2 1 0.107095 0.169788 
4 0.631579 2 1 -38.6265 -0.0823326 
4 1.05263 2 1 -9.32438 0.147339 
4 1.47368 2 1 -5.57203 0.17675 
4 1.89474 2 1 -4.09817 0.188302 
4 2.31579 2 1 -3.31082 0.194473 
4 2.73684 2 1 -2.82094 0.198313 
4 3.15789 2 1 -2.48673 0.200933 
4 3.57895 2 1 -2.24417 0.202834 
4 4 2 1 -2.06009 0.204277 
-4 -4 2 1 5.70852 -0.135966 
-3.57895 -4 2 1 7.16317 -0.232902 
-3.15789 -4 2 1 10.1208 -0.429996 
-2.73684 -4 2 1 19.4005 -1.04838 
-4 4 2 1 0.107095 0.169788 
-3.57895 4 2 1 0.0622314 0.170502 
-3.15789 4 2 1 0.0142385 0.171266 
-2.73684 4 2 1 -0.0372234 0.172085 
-2.31579 4 2 1 -0.0925444 0.172965 
-1.89474 4 2 1 -0.152176 0.173914 
-1.47368 4 2 1 -0.216641 0.17494 
-1.05263 4 2 1 -0.286554 0.176053 
-0.631579 4 2 1 -0.362635 0.177263 
-0.210526 4 2 1 -0.445737 0.178586 
0.210526 4 2 1 -0.536881 0.180036 
0.631579 4 2 1 -0.637292 0.181634 
1.05263 4 2 1 -0.748459 0.183403 
1.47368 4 2 1 -0.872209 0.185373 
1.89474 4 2 1 -1.01081 0.187578 
2.31579 4 2 1 -1.16709 0.190066 
2.73684 4 2 1 -1.34469 0.192892 
3.15789 4 2 1 -1.54827 0.196132 
3.57895 4 2 1 -1.78398 0.199883 
4 4 2 1 -2.06009 0.204277 
-4 -4 6 1 29.6023 20.4343 
-4 -3.57895 6 1 10.0597 7.40188 
-4 -3.15789 6 1 5.8358 4.58505 
-4 -2.73684 6 1 3.99056 3.3545 
-4 -2.31579 6 1 2.95616 2.66468 
-4 -1.89474 6 1 2.29441 2.22338 
-4 -1.47368 6 1 1.83467 1.91679 
-4 -1.05263 6 1 1.4967 1.69141 
-4 -0.631579 6 1 1.23777 1.51874 
-4 -0.210526 6 1 1.03306 1.38222 
-4 0.210526 6 1 0.867153 1.27158 
-4 0.631579 6 1 0.72997 1.18009 
-4 1.05263 6 1 0.614645 1.10319 
-4 1.47368 6 1 0.516341 1.03763 
-4 1.89474 6 1 0.431548 0.981085 
-4 2.31579 6 1 0.35766 0.931811 
-4 2.73684 6 1 0.292701 0.888491 
-4 3.15789 6 1 0.235143 0.850107 
-4 3.57895 6 1 0.18379 0.815861 
-4 4 6 1 0.137691 0.785119 
4 1.47368 6 1 -258.186 250.533 
4 1.89474 6 1 -12.5373 11.7063 
4 2.31579 6 1 -6.76625 6.09553 
4 2.73684 6 1 -4.78183 4.16623 
4 3.15789 6 1 -3.77783 3.19012 
4 3.57895 6 1 -3.1716 2.60072 
4 4 6 1 -2.76584 2.20623 
-4 -4 6 1 29.6023 20.4343 
-4 4 6 1 0.137691 0.785119 
-3.57895 4 6 1 0.0886348 0.809129 
-3.15789 4 6 1 0.0357325 0.835022 
-2.73684 4 6 1 -0.0214866 0.863027 
-2.31579 4 6 1 -0.0835734 0.893415 
-1.89474 4 6 1 -0.151176 0.926503 
-1.47368 4 6 1 -0.225065 0.962668 
-1.05263 4 6 1 -0.306159 1.00236 
-0.631579 4 6 1 -0.395566 1.04612 
-0.210526 4 6 1 -0.494634 1.09461 
0.210526 4 6 1 -0.605017 1.14863 
0.631579 4 6 1 -0.728771 1.2092 
1.05263 4 6 1 -0.868484 1.27758 
1.47368 4 6 1 -1.02745 1.35539 
1.89474 4 6 1 -1.20996 1.44472 
2.31579 4 6 1 -1.42164 1.54832 
2.73684 4 6 1 -1.6701 1.66993 
3.15789 4 6 1 -1.96584 1.81468 
3.57895 4 6 1 -2.32378 1.98987 
4 4 6 1 -2.76584 2.20623 
