-0.46587 0.127357 -0.396521 0.734174 20 
-0.40825 0.123367 -0.338994 0.739326 21 
-0.348848 0.119255 -0.279722 0.744635 22 
-0.287579 0.115013 -0.218625 0.750107 23 
-0.224354 0.110635 -0.155617 0.75575 24 
-0.159077 0.106116 -0.090607 0.761573 25 
-0.0916472 0.101447 -0.0234985 0.767583 26 
-0.0219564 0.0966218 0.0458121 0.773791 27 
0.0501113 0.0916321 0.117435 0.780206 28 
0.12468 0.0864692 0.191488 0.786838 29 
0.201881 0.0811241 0.268096 0.7937 30 
0.281857 0.0755868 0.347395 0.800802 31 
0.364761 0.0698468 0.429528 0.808158 32 
0.450756 0.0638928 0.514651 0.815782 33 
0.540018 0.0577126 0.602929 0.823688 34 
0.632738 0.0512931 0.694542 0.831894 35 
0.729119 0.04462 0.789681 0.840415 36 
0.829383 0.037678 0.888556 0.84927 37 
0.93377 0.0304506 0.991389 0.85848 38 
1.04254 0.0229198 1.09842 0.868067 39 
-17.0417 4.45624 -10.428 13.3534 44 
-6.44588 1.68907 -4.92674 6.433 45 
-3.90745 1.02615 -3.17108 4.22446 46 
-2.76757 0.72846 -2.3072 3.13773 47 
-2.12007 0.559362 -1.79325 2.4912 48 
-1.70258 0.450333 -1.45242 2.06245 49 
-1.41104 0.374193 -1.20985 1.7573 50 
-1.19591 0.318011 -1.02839 1.52904 51 
-1.03063 0.274849 -0.887549 1.35187 52 
-0.899686 0.240651 -0.775049 1.21035 53 
-0.793375 0.212887 -0.683121 1.0947 54 
-0.705345 0.189897 -0.606594 0.998437 55 
-0.631256 0.170548 -0.541898 0.917051 56 
-0.568038 0.154039 -0.486485 0.847345 57 
-0.513462 0.139786 -0.438492 0.786971 58 
-0.46587 0.127357 -0.396521 0.734174 59 
52.4599 4.92334 20.9447 21.9613 68 
7.96166 0.682359 6.95899 7.09685 69 
4.40501 0.343386 4.24706 4.21453 70 
3.08966 0.218024 3.09322 2.98819 71 
2.4046 0.152733 2.45436 2.30919 72 
1.98437 0.112682 2.04861 1.87795 73 
1.70027 0.0856056 1.76807 1.57979 74 
1.49537 0.0660779 1.56253 1.36133 75 
1.34061 0.0513283 1.40546 1.1944 76 
1.21959 0.0397943 1.28153 1.06267 77 
1.12237 0.0305278 1.18124 0.956087 78 
1.04254 0.0229198 1.09842 0.868067 79 
