-4 -4 2 1 0.903434 0.147727 
-4 -3.57895 2 1 0.809551 0.137674 
-4 -3.15789 2 1 0.718075 0.127878 
-4 -2.73684 2 1 0.628912 0.11833 
-4 -2.31579 2 1 0.541976 0.109021 
-4 -1.89474 2 1 0.457186 0.0999408 
-4 -1.47368 2 1 0.374462 0.0910823 
-4 -1.05263 2 1 0.29373 0.0824371 
-4 -0.631579 2 1 0.214919 0.0739976 
-4 -0.210526 2 1 0.137961 0.0657566 
-4 0.210526 2 1 0.0627912 0.057707 
-4 0.631579 2 1 -0.0106516 0.0498424 
-4 1.05263 2 1 -0.0824263 0.0421564 
-4 1.47368 2 1 -0.152589 0.034643 
-4 1.89474 2 1 -0.221194 0.0272964 
-4 2.31579 2 1 -0.288292 0.0201113 
-4 2.73684 2 1 -0.353932 0.0130822 
-4 3.15789 2 1 -0.418162 0.00620413 
-4 3.57895 2 1 -0.481026 -0.000527655 
-4 4 2 1 -0.542567 -0.00711781 
-4 -4 2 1 0.903434 0.147727 
-3.57895 -4 2 1 0.969951 0.170938 
-3.15789 -4 2 1 1.04971 0.198769 
-2.73684 -4 2 1 1.14711 0.232754 
-2.31579 -4 2 1 1.26871 0.275186 
-1.89474 -4 2 1 1.42484 0.329664 
-1.47368 -4 2 1 1.63262 0.402165 
-1.05263 -4 2 1 1.92275 0.503403 
-0.631579 -4 2 1 2.35633 0.654691 
-0.210526 -4 2 1 3.07462 0.905327 
0.210526 -4 2 1 4.49519 1.40101 
0.631579 -4 2 1 8.63303 2.84485 
1.05263 -4 2 1 194.301 67.6308 
-4 4 2 1 -0.542567 -0.00711781 
-3.57895 4 2 1 -0.593175 0.000105841 
-3.15789 4 2 1 -0.651536 0.00843617 
-2.73684 4 2 1 -0.71958 0.0181486 
-2.31579 4 2 1 -0.799935 0.0296182 
-1.89474 4 2 1 -0.896273 0.0433693 
-1.47368 4 2 1 -1.01389 0.0601577 
-1.05263 4 2 1 -1.16071 0.0811147 
-0.631579 4 2 1 -1.34916 0.108013 
-0.210526 4 2 1 -1.59986 0.143797 
0.210526 4 2 1 -1.94975 0.19374 
0.631579 4 2 1 -2.47223 0.268317 
1.05263 4 2 1 -3.33681 0.391724 
1.47368 4 2 1 -5.04298 0.635258 
1.89474 4 2 1 -9.98479 1.34064 
2.31579 4 2 1 -195.914 27.8797 
-4 -4 6 1 0.765556 0.860109 
-4 -3.57895 6 1 0.681524 0.8425 
-4 -3.15789 6 1 0.599458 0.825304 
-4 -2.73684 6 1 0.519291 0.808505 
-4 -2.31579 6 1 0.440957 0.79209 
-4 -1.89474 6 1 0.364395 0.776047 
-4 -1.47368 6 1 0.289545 0.760362 
-4 -1.05263 6 1 0.216349 0.745024 
-4 -0.631579 6 1 0.144754 0.730022 
-4 -0.210526 6 1 0.0747082 0.715344 
-4 0.210526 6 1 0.00616131 0.70098 
-4 0.631579 6 1 -0.0609341 0.68692 
-4 1.05263 6 1 -0.126624 0.673155 
-4 1.47368 6 1 -0.190951 0.659675 
-4 1.89474 6 1 -0.253958 0.646472 
-4 2.31579 6 1 -0.315686 0.633537 
-4 2.73684 6 1 -0.376172 0.620863 
-4 3.15789 6 1 -0.435454 0.60844 
-4 3.57895 6 1 -0.493567 0.596263 
-4 4 6 1 -0.550545 0.584323 
-4 -4 6 1 0.765556 0.860109 
-3.57895 -4 6 1 0.814413 0.939409 
-3.15789 -4 6 1 0.871981 1.03285 
-2.73684 -4 6 1 0.94082 1.14458 
-2.31579 -4 6 1 1.0246 1.28056 
-1.89474 -4 6 1 1.12877 1.44964 
-1.47368 -4 6 1 1.26181 1.66558 
-1.05263 -4 6 1 1.43765 1.951 
-0.631579 -4 6 1 1.68092 2.34585 
-0.210526 -4 6 1 2.03958 2.92801 
0.210526 -4 6 1 2.62128 3.87216 
0.631579 -4 6 1 3.72791 5.66835 
1.05263 -4 6 1 6.65427 10.4182 
1.47368 -4 6 1 36.6449 59.0965 
-4 4 6 1 -0.550545 0.584323 
-3.57895 4 6 1 -0.597786 0.629837 
-3.15789 4 6 1 -0.651669 0.681751 
-2.73684 4 6 1 -0.7137 0.741514 
-2.31579 4 6 1 -0.785879 0.811055 
-1.89474 4 6 1 -0.870918 0.892987 
-1.47368 4 6 1 -0.97259 0.990943 
-1.05263 4 6 1 -1.0963 1.11014 
-0.631579 4 6 1 -1.2501 1.25831 
-0.210526 4 6 1 -1.44647 1.4475 
0.210526 4 6 1 -1.70592 1.69747 
0.631579 4 6 1 -2.06468 2.04312 
1.05263 4 6 1 -2.59326 2.55238 
1.47368 4 6 1 -3.44962 3.37744 
1.89474 4 6 1 -5.07563 4.94402 
2.31579 4 6 1 -9.35577 9.06773 
2.73684 4 6 1 -51.6353 49.8021 
