-4 -4 2 1 -5.05093 0.146549 
-4 -3.57895 2 1 -6.127 0.245943 
-4 -3.15789 2 1 -8.06487 0.424939 
-4 -2.73684 2 1 -12.5912 0.843029 
-4 -2.31579 2 1 -35.3221 2.94262 
4 -4 2 1 -0.117153 -0.148387 
4 -3.57895 2 1 -0.0745434 -0.146469 
4 -3.15789 2 1 -0.0287146 -0.144407 
4 -2.73684 2 1 0.0207128 -0.142182 
4 -2.31579 2 1 0.0741803 -0.139776 
4 -1.89474 2 1 0.132204 -0.137165 
4 -1.47368 2 1 0.195393 -0.134321 
4 -1.05263 2 1 0.264468 -0.131212 
4 -0.631579 2 1 0.340292 -0.1278 
4 -0.210526 2 1 0.423905 -0.124037 
4 0.210526 2 1 0.516573 -0.119867 
4 0.631579 2 1 0.61985 -0.115219 
4 1.05263 2 1 0.735668 -0.110007 
4 1.47368 2 1 0.866461 -0.104121 
4 1.89474 2 1 1.01533 -0.0974208 
4 2.31579 2 1 1.18631 -0.0897262 
4 2.73684 2 1 1.38471 -0.0807975 
4 3.15789 2 1 1.61771 -0.0703117 
4 3.57895 2 1 1.89522 -0.0578228 
4 4 2 1 2.23134 -0.0426961 
-4 -4 2 1 -5.05093 0.146549 
-3.57895 -4 2 1 -3.76725 0.0698116 
-3.15789 -4 2 1 -2.94495 0.0206555 
-2.73684 -4 2 1 -2.37317 -0.0135243 
-2.31579 -4 2 1 -1.95258 -0.0386673 
-1.89474 -4 2 1 -1.6302 -0.0579388 
-1.47368 -4 2 1 -1.37523 -0.0731805 
-1.05263 -4 2 1 -1.16853 -0.0855368 
-0.631579 -4 2 1 -0.997576 -0.0957561 
-0.210526 -4 2 1 -0.853835 -0.104349 
0.210526 -4 2 1 -0.731288 -0.111674 
0.631579 -4 2 1 -0.62557 -0.117994 
1.05263 -4 2 1 -0.533435 -0.123502 
1.47368 -4 2 1 -0.452426 -0.128345 
1.89474 -4 2 1 -0.38064 -0.132636 
2.31579 -4 2 1 -0.316588 -0.136465 
2.73684 -4 2 1 -0.259084 -0.139902 
3.15789 -4 2 1 -0.207172 -0.143006 
3.57895 -4 2 1 -0.160075 -0.145821 
4 -4 2 1 -0.117153 -0.148387 
1.05263 4 2 1 21.9449 2.18822 
1.47368 4 2 1 7.90305 0.599149 
1.89474 4 2 1 5.07115 0.278674 
2.31579 4 2 1 3.85506 0.141054 
2.73684 4 2 1 3.17882 0.0645272 
3.15789 4 2 1 2.74826 0.0158017 
3.57895 4 2 1 2.45007 -0.0179434 
4 4 2 1 2.23134 -0.0426961 
-4 -4 6 1 -2.98738 2.09986 
-4 -3.57895 6 1 -3.24502 2.44862 
-4 -3.15789 6 1 -3.59473 2.92201 
-4 -2.73684 6 1 -4.09657 3.60133 
-4 -2.31579 6 1 -4.87743 4.65834 
-4 -1.89474 6 1 -6.25956 6.52926 
-4 -1.47368 6 1 -9.37224 10.7428 
-4 -1.05263 6 1 -22.9071 29.0643 
4 -4 6 1 -0.105034 0.35065 
4 -3.57895 6 1 -0.0663496 0.368698 
4 -3.15789 6 1 -0.0250484 0.387966 
4 -2.73684 6 1 0.019144 0.408584 
4 -2.31579 6 1 0.0665424 0.430697 
4 -1.89474 6 1 0.117509 0.454475 
4 -1.47368 6 1 0.172461 0.480113 
4 -1.05263 6 1 0.231888 0.507837 
4 -0.631579 6 1 0.296356 0.537915 
4 -0.210526 6 1 0.366538 0.570657 
4 0.210526 6 1 0.443227 0.606436 
4 0.631579 6 1 0.527373 0.645693 
4 1.05263 6 1 0.620119 0.688963 
4 1.47368 6 1 0.722854 0.736893 
4 1.89474 6 1 0.837284 0.790279 
4 2.31579 6 1 0.965526 0.850109 
4 2.73684 6 1 1.11024 0.917624 
4 3.15789 6 1 1.27482 0.994408 
4 3.57895 6 1 1.46366 1.08251 
4 4 6 1 1.68255 1.18463 
-4 -4 6 1 -2.98738 2.09986 
-3.57895 -4 6 1 -2.44678 1.77179 
-3.15789 -4 6 1 -2.04097 1.52551 
-2.73684 -4 6 1 -1.72513 1.33384 
-2.31579 -4 6 1 -1.47231 1.18041 
-1.89474 -4 6 1 -1.26538 1.05483 
-1.47368 -4 6 1 -1.09287 0.950137 
-1.05263 -4 6 1 -0.946856 0.861526 
-0.631579 -4 6 1 -0.821669 0.785555 
-0.210526 -4 6 1 -0.713151 0.719698 
0.210526 -4 6 1 -0.618179 0.662062 
0.631579 -4 6 1 -0.534366 0.611198 
1.05263 -4 6 1 -0.459854 0.565979 
1.47368 -4 6 1 -0.393177 0.525515 
1.89474 -4 6 1 -0.33316 0.489093 
2.31579 -4 6 1 -0.278853 0.456136 
2.73684 -4 6 1 -0.229479 0.426172 
3.15789 -4 6 1 -0.184393 0.398811 
3.57895 -4 6 1 -0.143062 0.373728 
4 -4 6 1 -0.105034 0.35065 
0.210526 4 6 1 9.85752 14.1691 
0.631579 4 6 1 5.24609 6.84467 
1.05263 4 6 1 3.74806 4.46532 
1.47368 4 6 1 3.00617 3.28696 
1.89474 4 6 1 2.56329 2.58352 
2.31579 4 6 1 2.26897 2.11604 
2.73684 4 6 1 2.05919 1.78286 
3.15789 4 6 1 1.90211 1.53336 
3.57895 4 6 1 1.78008 1.33954 
4 4 6 1 1.68255 1.18463 
