-4 -4 2 1 -0.163242 0.194217 
-4 -3.57895 2 1 -0.201265 0.204648 
-4 -3.15789 2 1 -0.243554 0.216249 
-4 -2.73684 2 1 -0.290867 0.229228 
-4 -2.31579 2 1 -0.344156 0.243847 
-4 -1.89474 2 1 -0.404632 0.260437 
-4 -1.47368 2 1 -0.473851 0.279426 
-4 -1.05263 2 1 -0.553858 0.301374 
-4 -0.631579 2 1 -0.647389 0.327032 
-4 -0.210526 2 1 -0.758188 0.357427 
-4 0.210526 2 1 -0.891524 0.394005 
-4 0.631579 2 1 -1.05505 0.438865 
-4 1.05263 2 1 -1.26034 0.49518 
-4 1.47368 2 1 -1.52571 0.56798 
-4 1.89474 2 1 -1.88209 0.665744 
-4 2.31579 2 1 -2.38596 0.803968 
-4 2.73684 2 1 -3.15277 1.01432 
-4 3.15789 2 1 -4.46102 1.37321 
-4 3.57895 2 1 -7.19712 2.1238 
-4 4 2 1 -16.5065 4.67762 
4 -4 2 1 1.66685 0.158041 
4 -3.57895 2 1 1.79967 0.177149 
4 -3.15789 2 1 1.96846 0.201431 
4 -2.73684 2 1 2.19009 0.233316 
4 -2.31579 2 1 2.49401 0.277038 
4 -1.89474 2 1 2.93648 0.340693 
4 -1.47368 2 1 3.64021 0.441934 
4 -1.05263 2 1 4.93355 0.627996 
4 -0.631579 2 1 8.09164 1.08233 
4 -0.210526 2 1 27.5649 3.8838 
-4 -4 2 1 -0.163242 0.194217 
-3.57895 -4 2 1 -0.116351 0.19329 
-3.15789 -4 2 1 -0.0667088 0.192309 
-2.73684 -4 2 1 -0.0140644 0.191269 
-2.31579 -4 2 1 0.0418624 0.190163 
-1.89474 -4 2 1 0.101389 0.188986 
-1.47368 -4 2 1 0.164874 0.187731 
-1.05263 -4 2 1 0.232725 0.18639 
-0.631579 -4 2 1 0.305411 0.184953 
-0.210526 -4 2 1 0.383465 0.18341 
0.210526 -4 2 1 0.467507 0.181749 
0.631579 -4 2 1 0.558252 0.179955 
1.05263 -4 2 1 0.656535 0.178012 
1.47368 -4 2 1 0.763336 0.175901 
1.89474 -4 2 1 0.879814 0.173599 
2.31579 -4 2 1 1.00735 0.171078 
2.73684 -4 2 1 1.14758 0.168305 
3.15789 -4 2 1 1.30252 0.165243 
3.57895 -4 2 1 1.47461 0.161841 
4 -4 2 1 1.66685 0.158041 
-4 4 2 1 -16.5065 4.67762 
-3.57895 4 2 1 -45.087 13.3321 
-4 -4 6 1 -0.113654 0.759528 
-4 -3.57895 6 1 -0.150119 0.801204 
-4 -3.15789 6 1 -0.190804 0.847704 
-4 -2.73684 6 1 -0.236488 0.899918 
-4 -2.31579 6 1 -0.288153 0.958966 
-4 -1.89474 6 1 -0.347054 1.02629 
-4 -1.47368 6 1 -0.414828 1.10375 
-4 -1.05263 6 1 -0.493642 1.19382 
-4 -0.631579 6 1 -0.586432 1.29988 
-4 -0.210526 6 1 -0.697278 1.42656 
-4 0.210526 6 1 -0.832019 1.58056 
-4 0.631579 6 1 -0.999314 1.77177 
-4 1.05263 6 1 -1.21258 2.01552 
-4 1.47368 6 1 -1.49379 2.33692 
-4 1.89474 6 1 -1.88156 2.78011 
-4 2.31579 6 1 -2.45062 3.4305 
-4 2.73684 6 1 -3.36689 4.47772 
-4 3.15789 6 1 -5.08762 6.44437 
-4 3.57895 6 1 -9.5013 11.4889 
-4 4 6 1 -45.6742 52.8317 
4 -4 6 1 1.88998 1.38961 
4 -3.57895 6 1 2.06069 1.56731 
4 -3.15789 6 1 2.28138 1.79702 
4 -2.73684 6 1 2.57773 2.1055 
4 -2.31579 6 1 2.99674 2.54165 
4 -1.89474 6 1 3.6344 3.2054 
4 -1.47368 6 1 4.7223 4.3378 
4 -1.05263 6 1 6.99746 6.70603 
4 -0.631579 6 1 14.7379 14.7631 
-4 -4 6 1 -0.113654 0.759528 
-3.57895 -4 6 1 -0.0639197 0.775168 
-3.15789 -4 6 1 -0.0111772 0.791754 
-2.73684 -4 6 1 0.0448549 0.809375 
-2.31579 -4 6 1 0.104494 0.82813 
-1.89474 -4 6 1 0.168101 0.848132 
-1.47368 -4 6 1 0.236084 0.869511 
-1.05263 -4 6 1 0.308912 0.892413 
-0.631579 -4 6 1 0.387121 0.917007 
-0.210526 -4 6 1 0.47133 0.943489 
0.210526 -4 6 1 0.562259 0.972083 
0.631579 -4 6 1 0.660744 1.00305 
1.05263 -4 6 1 0.767769 1.03671 
1.47368 -4 6 1 0.884493 1.07342 
1.89474 -4 6 1 1.0123 1.11361 
2.31579 -4 6 1 1.15284 1.15781 
2.73684 -4 6 1 1.30813 1.20664 
3.15789 -4 6 1 1.48061 1.26088 
3.57895 -4 6 1 1.6733 1.32147 
4 -4 6 1 1.88998 1.38961 
-4 4 6 1 -45.6742 52.8317 
