-13.6883 -1.0327 -4.7766 2.97105 0 
-27.7568 -2.06433 -5.53544 3.70908 1 
-0.202748 -0.261915 -0.16743 0.269271 20 
-0.157241 -0.265819 -0.125435 0.281624 21 
-0.108608 -0.269992 -0.0808543 0.294739 22 
-0.0565161 -0.274462 -0.0334411 0.308686 23 
-0.000582397 -0.279261 0.0170834 0.323549 24 
0.0596344 -0.284428 0.0710358 0.33942 25 
0.124646 -0.290006 0.128777 0.356406 26 
0.195048 -0.296047 0.190721 0.374628 27 
0.271541 -0.302611 0.257344 0.394227 28 
0.354951 -0.309768 0.329196 0.415364 29 
0.446259 -0.317602 0.406919 0.438228 30 
0.546645 -0.326216 0.491263 0.463039 31 
0.657533 -0.33573 0.583112 0.490058 32 
0.78066 -0.346295 0.683513 0.519593 33 
0.918173 -0.358094 0.793719 0.552013 34 
1.07275 -0.371357 0.915241 0.587761 35 
1.24777 -0.386375 1.04992 0.627379 36 
1.44759 -0.40352 1.2 0.671529 37 
1.67787 -0.423279 1.3683 0.721039 38 
1.94616 -0.446299 1.55835 0.776945 39 
-13.6883 -1.0327 -4.7766 2.97105 40 
-7.19412 -0.661514 -3.5395 2.2459 41 
-4.74784 -0.521694 -2.76138 1.78978 42 
-3.46407 -0.448319 -2.22678 1.47641 43 
-2.67323 -0.403118 -1.83684 1.24784 44 
-2.13715 -0.372478 -1.53985 1.07375 45 
-1.7498 -0.350338 -1.30611 0.93674 46 
-1.45683 -0.333593 -1.11737 0.8261 47 
-1.22749 -0.320485 -0.961758 0.734887 48 
-1.04307 -0.309945 -0.831267 0.658396 49 
-0.891567 -0.301285 -0.720267 0.59333 50 
-0.76488 -0.294044 -0.624692 0.537307 51 
-0.657375 -0.2879 -0.541538 0.488564 52 
-0.565003 -0.28262 -0.46853 0.445769 53 
-0.484778 -0.278035 -0.403919 0.407895 54 
-0.414452 -0.274015 -0.346334 0.37414 55 
-0.352299 -0.270463 -0.294688 0.343866 56 
-0.296973 -0.2673 -0.248108 0.316562 57 
-0.247408 -0.264467 -0.205883 0.291811 58 
-0.202748 -0.261915 -0.16743 0.269271 59 
12.3355 -2.32465 3.63005 3.04726 72 
6.08885 -1.19528 2.89585 2.24266 73 
4.19547 -0.852967 2.4523 1.7566 74 
3.28062 -0.687565 2.15534 1.43117 75 
2.74149 -0.590092 1.9426 1.19803 76 
2.38605 -0.52583 1.7827 1.02281 77 
2.13409 -0.480276 1.65813 0.886295 78 
1.94616 -0.446299 1.55835 0.776945 79 
