5.04498 -0.96523 15.7981 8.93451 1 
3.56094 -0.657926 7.3129 4.4128 2 
2.69566 -0.478749 4.617 2.97618 3 
2.12891 -0.361392 3.2926 2.27041 4 
1.72893 -0.278567 2.50533 1.85088 5 
1.43155 -0.216987 1.98352 1.57281 6 
1.20178 -0.169409 1.61228 1.37497 7 
1.01892 -0.131543 1.33465 1.22703 8 
0.869934 -0.100691 1.11919 1.11221 9 
0.746204 -0.0750702 0.947122 1.02051 10 
0.641811 -0.0534534 0.806534 0.945596 11 
0.552552 -0.0349702 0.689513 0.883236 12 
0.475357 -0.0189853 0.59059 0.830521 13 
0.407936 -0.00502416 0.505869 0.785373 14 
0.348542 0.00727462 0.432496 0.746273 15 
0.295823 0.0181913 0.368334 0.712082 16 
0.248714 0.0279464 0.311751 0.681929 17 
0.206363 0.036716 0.26148 0.655139 18 
0.168086 0.0446422 0.216519 0.63118 19 
-4.57931 -0.517911 -16.0185 13.9687 32 
-3.45849 -0.315788 -6.91086 5.84196 33 
-2.82931 -0.202325 -4.56452 3.74831 34 
-2.42647 -0.129678 -3.48851 2.78819 35 
-2.14645 -0.079182 -2.87096 2.23714 36 
-1.94052 -0.0420451 -2.47032 1.87965 37 
-1.7827 -0.0135855 -2.18938 1.62897 38 
-1.6579 0.00891993 -1.98147 1.44344 39 
0.168086 0.0446422 0.216519 0.63118 60 
0.122617 0.0437527 0.167987 0.649115 61 
0.0744057 0.0428095 0.11622 0.668245 62 
0.0231967 0.0418077 0.0608844 0.688695 63 
-0.0312988 0.0407416 0.00159756 0.710604 64 
-0.0894076 0.0396048 -0.0620794 0.734136 65 
-0.151502 0.03839 -0.130653 0.759477 66 
-0.218005 0.037089 -0.20471 0.786845 67 
-0.289405 0.0356922 -0.284937 0.816493 68 
-0.366263 0.0341886 -0.372137 0.848718 69 
-0.44923 0.0325655 -0.467261 0.883871 70 
-0.539064 0.0308081 -0.57144 0.92237 71 
-0.636655 0.0288989 -0.686033 0.964718 72 
-0.743052 0.0268174 -0.812682 1.01152 73 
-0.859504 0.0245392 -0.953397 1.06352 74 
-0.987506 0.0220351 -1.11066 1.12164 75 
-1.12887 0.0192696 -1.28756 1.18701 76 
-1.2858 0.0161996 -1.48804 1.2611 77 
-1.46101 0.0127718 -1.71714 1.34576 78 
-1.6579 0.00891993 -1.98147 1.44344 79 
