0.889853 0.136686 0.753025 0.840403 0 
0.797551 0.127175 0.670548 0.824063 1 
0.707439 0.11789 0.589854 0.808076 2 
0.619441 0.108823 0.510885 0.792432 3 
0.533482 0.0999662 0.433587 0.777117 4 
0.449494 0.0913122 0.357907 0.762124 5 
0.367408 0.0828542 0.283795 0.747441 6 
0.287161 0.0745857 0.211202 0.733059 7 
0.208692 0.0665004 0.140083 0.71897 8 
0.131943 0.0585923 0.0703931 0.705163 9 
0.0568564 0.0508555 0.00208933 0.691631 10 
-0.0166198 0.0432847 -0.0648691 0.678365 11 
-0.0885373 0.0358744 -0.130521 0.665358 12 
-0.158945 0.0286197 -0.194906 0.652603 13 
-0.22789 0.0215157 -0.258058 0.640091 14 
-0.295418 0.0145578 -0.320014 0.627817 15 
-0.361571 0.00774143 -0.380806 0.615773 16 
-0.426392 0.00106241 -0.440468 0.603953 17 
-0.48992 -0.0054834 -0.499031 0.592351 18 
-0.552193 -0.0118999 -0.556524 0.58096 19 
0.889853 0.136686 0.753025 0.840403 40 
0.955479 0.159273 0.801116 0.91766 41 
1.03404 0.186311 0.857667 1.00851 42 
1.12977 0.219261 0.925127 1.11688 43 
1.24901 0.260298 1.00699 1.24839 44 
1.4016 0.312816 1.10842 1.41133 45 
1.60383 0.382419 1.23737 1.6185 46 
1.88462 0.47906 1.40683 1.89073 47 
2.30078 0.622294 1.63943 2.26438 48 
2.98132 0.856518 1.97851 2.80912 49 
4.2954 1.3088 2.51895 3.67732 50 
7.89818 2.54879 3.5158 5.27872 51 
60.0793 20.5083 5.96982 9.22106 52 
-0.552193 -0.0118999 -0.556524 0.58096 60 
-0.603106 -0.00450252 -0.603629 0.626835 61 
-0.66188 0.00403703 -0.657381 0.679183 62 
-0.730487 0.0140054 -0.719294 0.739478 63 
-0.81162 0.0257938 -0.791378 0.809679 64 
-0.909056 0.0399508 -0.876365 0.892446 65 
-1.02826 0.0572701 -0.978059 0.991484 66 
-1.17743 0.0789444 -1.10192 1.11211 67 
-1.36951 0.106853 -1.2561 1.26226 68 
-1.62611 0.144136 -1.45326 1.45427 69 
-1.98631 0.196472 -1.71429 1.70848 70 
-2.52872 0.275282 -2.07622 2.06096 71 
-3.4384 0.407455 -2.6116 2.58235 72 
-5.27931 0.674932 -3.48438 3.43233 73 
-10.9807 1.50332 -5.16023 5.06441 74 
