5.25605 -1.09358 17.2509 9.50312 1 
3.66227 -0.740405 7.59717 4.46409 2 
2.75274 -0.538856 4.72631 2.96556 3 
2.16468 -0.408545 3.34815 2.24619 4 
1.75326 -0.317375 2.53872 1.82368 5 
1.44928 -0.250014 2.00619 1.54571 6 
1.21552 -0.198213 1.62921 1.34894 7 
1.03016 -0.157138 1.34833 1.20232 8 
0.879583 -0.12377 1.13094 1.08885 9 
0.754837 -0.0961272 0.957714 0.998429 10 
0.649801 -0.0728515 0.816426 0.92468 11 
0.560145 -0.0529841 0.698992 0.863381 12 
0.482722 -0.0358273 0.59984 0.811626 13 
0.415188 -0.0208619 0.51501 0.767346 14 
0.355762 -0.0076933 0.441607 0.729032 15 
0.303066 0.00398386 0.377469 0.695553 16 
0.256019 0.0144094 0.320945 0.666049 17 
0.213758 0.0237742 0.270756 0.639851 18 
0.175589 0.0322324 0.225892 0.616433 19 
-4.34468 -0.530857 -12.6111 10.8712 32 
-3.3225 -0.333096 -6.19563 5.18257 33 
-2.73639 -0.219702 -4.24132 3.44967 34 
-2.35637 -0.146179 -3.29539 2.61091 35 
-2.08998 -0.0946415 -2.73744 2.11617 36 
-1.8929 -0.0565113 -2.3694 1.78983 37 
-1.74118 -0.0271587 -2.1084 1.5584 38 
-1.62078 -0.00386559 -1.91368 1.38574 39 
0.175589 0.0322324 0.225892 0.616433 60 
0.129975 0.0313158 0.177344 0.633889 61 
0.081661 0.0303449 0.125628 0.652484 62 
0.0303989 0.0293148 0.0704215 0.672334 63 
-0.0240894 0.0282199 0.0113603 0.69357 64 
-0.0821183 0.0270538 -0.0519744 0.716343 65 
-0.144045 0.0258094 -0.120064 0.740825 66 
-0.210274 0.0244785 -0.193464 0.767217 67 
-0.281272 0.0230518 -0.272822 0.795751 68 
-0.357573 0.0215185 -0.358894 0.826699 69 
-0.439793 0.0198663 -0.452568 0.860381 70 
-0.528649 0.0180808 -0.5549 0.897175 71 
-0.624979 0.016145 -0.667148 0.937535 72 
-0.729766 0.0140393 -0.790825 0.982004 73 
-0.844176 0.0117403 -0.927771 1.03124 74 
-0.969598 0.00921993 -1.08024 1.08607 75 
-1.1077 0.00644473 -1.25104 1.14748 76 
-1.26051 0.00337398 -1.44368 1.21674 77 
-1.43052 -4.22083e-05 -1.66263 1.29547 78 
-1.62078 -0.00386559 -1.91368 1.38574 79 
