-0.458185 0.107637 -0.388155 0.708759 20 
-0.401173 0.103618 -0.331397 0.71413 21 
-0.342326 0.0994689 -0.272856 0.71967 22 
-0.281554 0.0951844 -0.212446 0.725386 23 
-0.218762 0.0907575 -0.150077 0.731288 24 
-0.153846 0.0861809 -0.0856514 0.737385 25 
-0.0866974 0.0814469 -0.0190665 0.743685 26 
-0.017199 0.0765472 0.0497885 0.750201 27 
0.054775 0.071473 0.121032 0.756943 28 
0.129359 0.0662148 0.194789 0.763922 29 
0.206698 0.0607623 0.271197 0.771152 30 
0.286948 0.0551047 0.3504 0.778647 31 
0.370275 0.0492301 0.432555 0.786421 32 
0.45686 0.0431257 0.51783 0.794491 33 
0.546899 0.0367779 0.606407 0.802872 34 
0.640601 0.0301718 0.698479 0.811585 35 
0.738196 0.0232913 0.79426 0.820649 36 
0.839931 0.0161189 0.893977 0.830085 37 
0.946075 0.00863573 0.997878 0.839916 38 
1.05692 0.000821008 1.10623 0.85017 39 
-14.3281 3.47296 -8.74963 10.9538 44 
-6.03154 1.45992 -4.52567 5.77833 45 
-3.75565 0.907713 -3.00206 3.91149 46 
-2.69161 0.649543 -2.21655 2.94903 47 
-2.07503 0.499938 -1.73738 2.36192 48 
-1.67268 0.402316 -1.41458 1.9664 49 
-1.38944 0.333592 -1.18234 1.68185 50 
-1.17924 0.28259 -1.00725 1.46732 51 
-1.01705 0.243238 -0.870523 1.29979 52 
-0.888115 0.211953 -0.760792 1.16534 53 
-0.783151 0.186485 -0.670781 1.05505 54 
-0.696044 0.16535 -0.595614 0.962952 55 
-0.622594 0.147528 -0.531898 0.884882 56 
-0.559823 0.132298 -0.477201 0.817864 57 
-0.50556 0.119132 -0.429735 0.759706 58 
-0.458185 0.107637 -0.388155 0.708759 59 
101.643 7.74186 21.7243 22.5833 68 
8.54873 0.577385 7.02649 7.09062 69 
4.57224 0.271357 4.26999 4.18504 70 
3.17016 0.163454 3.10607 2.95817 71 
2.45382 0.108325 2.46389 2.28126 72 
2.019 0.0748615 2.05687 1.85223 73 
1.72699 0.0523887 1.77583 1.55599 74 
1.51736 0.0362559 1.57012 1.33915 75 
1.35956 0.0241118 1.41303 1.17356 76 
1.23648 0.0146399 1.28915 1.04298 77 
1.1378 0.00704562 1.18895 0.937359 78 
1.05692 0.000821008 1.10623 0.85017 79 
