-4 -0.631579 2 1 11.4242 -2.63222 
-4 -0.210526 2 1 5.36813 -1.3178 
-4 0.210526 2 1 3.56591 -0.926642 
-4 0.631579 2 1 2.70055 -0.738823 
-4 1.05263 2 1 2.19224 -0.628498 
-4 1.47368 2 1 1.85779 -0.555908 
-4 1.89474 2 1 1.62103 -0.50452 
-4 2.31579 2 1 1.44461 -0.46623 
-4 2.73684 2 1 1.30807 -0.436595 
-4 3.15789 2 1 1.19926 -0.412979 
-4 3.57895 2 1 1.11051 -0.393717 
-4 4 2 1 1.03675 -0.377707 
4 -2.73684 2 1 -35.9183 -6.11747 
4 -2.31579 2 1 -8.17645 -1.58006 
4 -1.89474 2 1 -4.52378 -0.982637 
4 -1.47368 2 1 -3.08267 -0.746931 
4 -1.05263 2 1 -2.31133 -0.620773 
4 -0.631579 2 1 -1.83089 -0.542192 
4 -0.210526 2 1 -1.50289 -0.488545 
4 0.210526 2 1 -1.26471 -0.449589 
4 0.631579 2 1 -1.0839 -0.420016 
4 1.05263 2 1 -0.94196 -0.396801 
4 1.47368 2 1 -0.827573 -0.378092 
4 1.89474 2 1 -0.733426 -0.362694 
4 2.31579 2 1 -0.654584 -0.349798 
4 2.73684 2 1 -0.587594 -0.338842 
4 3.15789 2 1 -0.529972 -0.329417 
4 3.57895 2 1 -0.47988 -0.321224 
4 4 2 1 -0.435933 -0.314036 
-4 4 2 1 1.03675 -0.377707 
-3.57895 4 2 1 0.932156 -0.373185 
-3.15789 4 2 1 0.831548 -0.368835 
-2.73684 4 2 1 0.734699 -0.364648 
-2.31579 4 2 1 0.641404 -0.360614 
-1.89474 4 2 1 0.55147 -0.356726 
-1.47368 4 2 1 0.464718 -0.352975 
-1.05263 4 2 1 0.380983 -0.349355 
-0.631579 4 2 1 0.300109 -0.345859 
-0.210526 4 2 1 0.221954 -0.34248 
0.210526 4 2 1 0.146381 -0.339212 
0.631579 4 2 1 0.0732652 -0.336051 
1.05263 4 2 1 0.00248857 -0.332991 
1.47368 4 2 1 -0.0660595 -0.330028 
1.89474 4 2 1 -0.132483 -0.327156 
2.31579 4 2 1 -0.196878 -0.324372 
2.73684 4 2 1 -0.259337 -0.321671 
3.15789 4 2 1 -0.319946 -0.319051 
3.57895 4 2 1 -0.378786 -0.316507 
4 4 2 1 -0.435933 -0.314036 
-4 -1.47368 6 1 11.5464 9.81636 
-4 -1.05263 6 1 5.29204 4.27504 
-4 -0.631579 6 1 3.49187 2.6801 
-4 -0.210526 6 1 2.63709 1.92277 
-4 0.210526 6 1 2.13785 1.48045 
-4 0.631579 6 1 1.81051 1.19044 
-4 1.05263 6 1 1.57934 0.985619 
-4 1.47368 6 1 1.40737 0.833261 
-4 1.89474 6 1 1.27446 0.715497 
-4 2.31579 6 1 1.16864 0.621747 
-4 2.73684 6 1 1.08241 0.545344 
-4 3.15789 6 1 1.01078 0.481881 
-4 3.57895 6 1 0.950335 0.428329 
-4 4 6 1 0.898646 0.382532 
4 -3.57895 6 1 -42.5378 31.4493 
4 -3.15789 6 1 -8.70345 6.41164 
4 -2.73684 6 1 -4.75507 3.48982 
4 -2.31579 6 1 -3.22587 2.3582 
4 -1.89474 6 1 -2.41389 1.75733 
4 -1.47368 6 1 -1.9104 1.38475 
4 -1.05263 6 1 -1.56766 1.13112 
4 -0.631579 6 1 -1.31929 0.947321 
4 -0.210526 6 1 -1.13102 0.808002 
4 0.210526 6 1 -0.983396 0.69876 
4 0.631579 6 1 -0.864537 0.610804 
4 1.05263 6 1 -0.766783 0.538465 
4 1.47368 6 1 -0.684969 0.477923 
4 1.89474 6 1 -0.615492 0.426509 
4 2.31579 6 1 -0.555756 0.382305 
4 2.73684 6 1 -0.503847 0.343892 
4 3.15789 6 1 -0.458321 0.310202 
4 3.57895 6 1 -0.41807 0.280416 
4 4 6 1 -0.382226 0.253891 
-4 4 6 1 0.898646 0.382532 
-3.57895 4 6 1 0.810966 0.373726 
-3.15789 4 6 1 0.726167 0.36521 
-2.73684 4 6 1 0.644109 0.356969 
-2.31579 4 6 1 0.56466 0.348989 
-1.89474 4 6 1 0.4877 0.34126 
-1.47368 4 6 1 0.413111 0.333769 
-1.05263 4 6 1 0.340788 0.326505 
-0.631579 4 6 1 0.270626 0.319459 
-0.210526 4 6 1 0.202533 0.31262 
0.210526 4 6 1 0.136416 0.30598 
0.631579 4 6 1 0.0721919 0.299529 
1.05263 4 6 1 0.0097799 0.293261 
1.47368 4 6 1 -0.0508955 0.287167 
1.89474 4 6 1 -0.109906 0.281241 
2.31579 4 6 1 -0.167319 0.275475 
2.73684 4 6 1 -0.223198 0.269863 
3.15789 4 6 1 -0.277604 0.264398 
3.57895 4 6 1 -0.330595 0.259076 
4 4 6 1 -0.382226 0.253891 
