4 -4 2 1 -0.538949 0.235525 
4 -3.57895 2 1 -0.475601 0.230842 
4 -3.15789 2 1 -0.410944 0.226062 
4 -2.73684 2 1 -0.344939 0.221182 
4 -2.31579 2 1 -0.277542 0.216199 
4 -1.89474 2 1 -0.208709 0.21111 
4 -1.47368 2 1 -0.138393 0.205911 
4 -1.05263 2 1 -0.0665464 0.2006 
4 -0.631579 2 1 0.00688172 0.195171 
4 -0.210526 2 1 0.0819441 0.189621 
4 0.210526 2 1 0.158696 0.183947 
4 0.631579 2 1 0.237195 0.178143 
4 1.05263 2 1 0.317502 0.172206 
4 1.47368 2 1 0.399679 0.166131 
4 1.89474 2 1 0.483793 0.159912 
4 2.31579 2 1 0.569913 0.153545 
4 2.73684 2 1 0.658111 0.147024 
4 3.15789 2 1 0.748465 0.140344 
4 3.57895 2 1 0.841053 0.133499 
4 4 2 1 0.935961 0.126482 
-1.89474 -4 2 1 -16.6515 5.58905 
-1.47368 -4 2 1 -6.13701 2.09553 
-1.05263 -4 2 1 -3.71727 1.29155 
-0.631579 -4 2 1 -2.64263 0.934492 
-0.210526 -4 2 1 -2.03545 0.73275 
0.210526 -4 2 1 -1.6452 0.603086 
0.631579 -4 2 1 -1.37324 0.512726 
1.05263 -4 2 1 -1.17288 0.446153 
1.47368 -4 2 1 -1.01912 0.395065 
1.89474 -4 2 1 -0.897398 0.354623 
2.31579 -4 2 1 -0.79865 0.321813 
2.73684 -4 2 1 -0.716931 0.294661 
3.15789 -4 2 1 -0.648185 0.27182 
3.57895 -4 2 1 -0.58955 0.252338 
4 -4 2 1 -0.538949 0.235525 
-0.631579 4 2 1 11.8607 1.78666 
-0.210526 4 2 1 5.32617 0.793644 
0.210526 4 2 1 3.4721 0.511889 
0.631579 4 2 1 2.59585 0.378728 
1.05263 4 2 1 2.08529 0.301141 
1.47368 4 2 1 1.75102 0.250344 
1.89474 4 2 1 1.51518 0.214504 
2.31579 4 2 1 1.33987 0.187863 
2.73684 4 2 1 1.20444 0.167282 
3.15789 4 2 1 1.09667 0.150904 
3.57895 4 2 1 1.00887 0.137562 
4 4 2 1 0.935961 0.126482 
4 -4 6 1 -0.480512 0.90299 
4 -3.57895 6 1 -0.415632 0.905158 
4 -3.15789 6 1 -0.349392 0.907372 
4 -2.73684 6 1 -0.28175 0.909633 
4 -2.31579 6 1 -0.21266 0.911942 
4 -1.89474 6 1 -0.142076 0.914301 
4 -1.47368 6 1 -0.0699475 0.916712 
4 -1.05263 6 1 0.00377548 0.919175 
4 -0.631579 6 1 0.0791469 0.921695 
4 -0.210526 6 1 0.156223 0.92427 
4 0.210526 6 1 0.235061 0.926905 
4 0.631579 6 1 0.315723 0.929601 
4 1.05263 6 1 0.398273 0.93236 
4 1.47368 6 1 0.482779 0.935184 
4 1.89474 6 1 0.569309 0.938076 
4 2.31579 6 1 0.657939 0.941039 
4 2.73684 6 1 0.748745 0.944073 
4 3.15789 6 1 0.841808 0.947184 
4 3.57895 6 1 0.937214 0.950372 
4 4 6 1 1.03505 0.953642 
-1.89474 -4 6 1 -23.0993 33.0936 
-1.47368 -4 6 1 -6.37036 9.28533 
-1.05263 -4 6 1 -3.64222 5.40268 
-0.631579 -4 6 1 -2.52373 3.81087 
-0.210526 -4 6 1 -1.91484 2.94431 
0.210526 -4 6 1 -1.5319 2.39931 
0.631579 -4 6 1 -1.26882 2.02489 
1.05263 -4 6 1 -1.07694 1.75181 
1.47368 -4 6 1 -0.9308 1.54383 
1.89474 -4 6 1 -0.815789 1.38015 
2.31579 -4 6 1 -0.722917 1.24798 
2.73684 -4 6 1 -0.646354 1.13901 
3.15789 -4 6 1 -0.582149 1.04764 
3.57895 -4 6 1 -0.527535 0.969913 
4 -4 6 1 -0.480512 0.90299 
-0.631579 4 6 1 17.7186 18.7822 
-0.210526 4 6 1 6.62763 6.93003 
0.210526 4 6 1 4.12058 4.25093 
0.631579 4 6 1 3.01251 3.06681 
1.05263 4 6 1 2.38788 2.39931 
1.47368 4 6 1 1.98696 1.97088 
1.89474 4 6 1 1.70783 1.67259 
2.31579 4 6 1 1.50231 1.45297 
2.73684 4 6 1 1.34467 1.28451 
3.15789 4 6 1 1.21993 1.15121 
3.57895 4 6 1 1.11876 1.04309 
4 4 6 1 1.03505 0.953642 
