-4 -4 2 1 1.01741 0.167998 
-4 -3.57895 2 1 0.909928 0.154956 
-4 -3.15789 2 1 0.806738 0.142436 
-4 -2.73684 2 1 0.707592 0.130406 
-4 -2.31579 2 1 0.612258 0.118839 
-4 -1.89474 2 1 0.520519 0.107708 
-4 -1.47368 2 1 0.432175 0.0969887 
-4 -1.05263 2 1 0.347043 0.0866593 
-4 -0.631579 2 1 0.26495 0.0766987 
-4 -0.210526 2 1 0.185735 0.0670873 
-4 0.210526 2 1 0.109251 0.0578073 
-4 0.631579 2 1 0.035358 0.0488416 
-4 1.05263 2 1 -0.036073 0.0401746 
-4 1.47368 2 1 -0.105163 0.0317917 
-4 1.89474 2 1 -0.172026 0.0236791 
-4 2.31579 2 1 -0.236766 0.0158239 
-4 2.73684 2 1 -0.299485 0.00821403 
-4 3.15789 2 1 -0.360275 0.000838229 
-4 3.57895 2 1 -0.419223 -0.00631416 
-4 4 2 1 -0.476412 -0.0132531 
-4 -4 2 1 1.01741 0.167998 
-3.57895 -4 2 1 1.09299 0.190151 
-3.15789 -4 2 1 1.18487 0.217086 
-2.73684 -4 2 1 1.29899 0.250541 
-2.31579 -4 2 1 1.44453 0.293205 
-1.89474 -4 2 1 1.63654 0.349491 
-1.47368 -4 2 1 1.90149 0.427161 
-1.05263 -4 2 1 2.29071 0.541259 
-0.631579 -4 2 1 2.9184 0.725263 
-0.210526 -4 2 1 4.1005 1.07179 
0.210526 -4 2 1 7.15252 1.96648 
0.631579 -4 2 1 33.2971 9.63064 
-4 4 2 1 -0.476412 -0.0132531 
-3.57895 4 2 1 -0.525198 -0.010119 
-3.15789 4 2 1 -0.581095 -0.00652796 
-2.73684 4 2 1 -0.645781 -0.00237233 
-2.31579 4 2 1 -0.721505 0.00249242 
-1.89474 4 2 1 -0.811356 0.00826474 
-1.47368 4 2 1 -0.919694 0.0152247 
-1.05263 4 2 1 -1.05288 0.023781 
-0.631579 4 2 1 -1.22057 0.0345537 
-0.210526 4 2 1 -1.43816 0.0485325 
0.210526 4 2 1 -1.73182 0.0673985 
0.631579 4 2 1 -2.14991 0.0942579 
1.05263 4 2 1 -2.79275 0.135556 
1.47368 4 2 1 -3.9082 0.207216 
1.89474 4 2 1 -6.32035 0.362181 
2.31579 4 2 1 -15.429 0.947349 
-4 -4 6 1 0.876656 0.962895 
-4 -3.57895 6 1 0.778785 0.935527 
-4 -3.15789 6 1 0.684579 0.909183 
-4 -2.73684 6 1 0.593835 0.883808 
-4 -2.31579 6 1 0.506367 0.859349 
-4 -1.89474 6 1 0.422001 0.835757 
-4 -1.47368 6 1 0.340573 0.812987 
-4 -1.05263 6 1 0.261934 0.790996 
-4 -0.631579 6 1 0.185942 0.769746 
-4 -0.210526 6 1 0.112466 0.7492 
-4 0.210526 6 1 0.0413836 0.729322 
-4 0.631579 6 1 -0.0274212 0.710082 
-4 1.05263 6 1 -0.0940558 0.691449 
-4 1.47368 6 1 -0.158621 0.673394 
-4 1.89474 6 1 -0.221212 0.655891 
-4 2.31579 6 1 -0.281918 0.638915 
-4 2.73684 6 1 -0.340823 0.622443 
-4 3.15789 6 1 -0.398006 0.606453 
-4 3.57895 6 1 -0.453541 0.590923 
-4 4 6 1 -0.507499 0.575835 
-4 -4 6 1 0.876656 0.962895 
-3.57895 -4 6 1 0.93408 1.05535 
-3.15789 -4 6 1 1.00292 1.1662 
-2.73684 -4 6 1 1.08697 1.30152 
-2.31579 -4 6 1 1.19188 1.47044 
-1.89474 -4 6 1 1.32652 1.68722 
-1.47368 -4 6 1 1.50563 1.9756 
-1.05263 -4 6 1 1.75557 2.37803 
-0.631579 -4 6 1 2.12873 2.97885 
-0.210526 -4 6 1 2.74605 3.97279 
0.210526 -4 6 1 3.96364 5.93324 
0.631579 -4 6 1 7.48561 11.604 
1.05263 -4 6 1 135.09 217.059 
-4 4 6 1 -0.507499 0.575835 
-3.57895 4 6 1 -0.555796 0.616783 
-3.15789 4 6 1 -0.61075 0.663374 
-2.73684 4 6 1 -0.673837 0.716861 
-2.31579 4 6 1 -0.747007 0.778897 
-1.89474 4 6 1 -0.832889 0.85171 
-1.47368 4 6 1 -0.935109 0.938376 
-1.05263 4 6 1 -1.05882 1.04326 
-0.631579 4 6 1 -1.21159 1.17279 
-0.210526 4 6 1 -1.40504 1.3368 
0.210526 4 6 1 -1.65789 1.55117 
0.631579 4 6 1 -2.00247 1.84332 
1.05263 4 6 1 -2.49976 2.26494 
1.47368 4 6 1 -3.28018 2.9266 
1.89474 4 6 1 -4.68173 4.11488 
2.31579 4 6 1 -7.93613 6.87406 
2.73684 4 6 1 -23.8816 20.3931 
