1.75508 0.0246694 1.94356 1.56577 0 
1.52629 0.0218745 1.66219 1.4411 1 
1.32649 0.0194338 1.42193 1.33464 2 
1.1505 0.0172838 1.21437 1.24268 3 
0.994293 0.0153756 1.03326 1.16243 4 
0.854718 0.0136706 0.873846 1.0918 5 
0.729251 0.0121379 0.732455 1.02915 6 
0.615856 0.0107527 0.606192 0.973202 7 
0.51287 0.00949461 0.492751 0.922938 8 
0.418924 0.00834698 0.390275 0.877531 9 
0.332878 0.00729584 0.297246 0.836312 10 
0.253774 0.00632951 0.212417 0.798725 11 
0.180806 0.00543814 0.134748 0.76431 12 
0.113286 0.00461332 0.0633697 0.732684 13 
0.0506255 0.00384787 -0.00245225 0.703519 14 
-0.00768117 0.0031356 -0.0633425 0.676539 15 
-0.0620728 0.00247115 -0.119835 0.651508 16 
-0.112931 0.00184987 -0.17239 0.628221 17 
-0.160589 0.00126769 -0.221405 0.606503 18 
-0.20534 0.000721012 -0.267227 0.5862 19 
-11.9135 -2.37356 -563.745 269.314 39 
1.75508 0.0246694 1.94356 1.56577 40 
1.90645 0.00586506 2.15651 1.78965 41 
2.10406 -0.0186833 2.45061 2.09882 42 
2.37291 -0.0520819 2.8831 2.5535 43 
2.76001 -0.10017 3.58177 3.28799 44 
3.36535 -0.175369 4.90157 4.67546 45 
4.44594 -0.309607 8.33352 8.28338 46 
6.92316 -0.617344 39.2529 40.7882 47 
-0.20534 0.000721012 -0.267227 0.5862 60 
-0.247661 -0.00786124 -0.316027 0.609473 61 
-0.294601 -0.01738 -0.370558 0.63548 62 
-0.346959 -0.0279975 -0.431893 0.664731 63 
-0.40573 -0.0399156 -0.501389 0.697874 64 
-0.47217 -0.0533888 -0.580793 0.735743 65 
-0.547884 -0.0687428 -0.672385 0.779424 66 
-0.634961 -0.0864009 -0.779205 0.830367 67 
-0.736165 -0.106924 -0.905394 0.890548 68 
-0.855238 -0.13107 -1.05675 0.962729 69 
-0.997371 -0.159893 -1.24162 1.0509 70 
-1.16998 -0.194896 -1.47255 1.16103 71 
-1.38404 -0.238306 -1.76917 1.30249 72 
-1.65654 -0.293564 -2.16418 1.49087 73 
-2.01516 -0.366289 -2.71627 1.75417 74 
-2.50842 -0.466316 -3.54236 2.14814 75 
-3.22965 -0.612573 -4.91379 2.80219 76 
-4.3844 -0.846741 -7.63661 4.10072 77 
-6.53145 -1.28214 -15.6482 7.9215 78 
-11.9135 -2.37356 -563.745 269.314 79 
