4 -4 2 1 -0.262234 -0.301726 
4 -3.57895 2 1 -0.214901 -0.308284 
4 -3.15789 2 1 -0.164578 -0.315256 
4 -2.73684 2 1 -0.110973 -0.322682 
4 -2.31579 2 1 -0.0537551 -0.33061 
4 -1.89474 2 1 0.00745513 -0.33909 
4 -1.47368 2 1 0.0730901 -0.348183 
4 -1.05263 2 1 0.143648 -0.357958 
4 -0.631579 2 1 0.219703 -0.368495 
4 -0.210526 2 1 0.301925 -0.379887 
4 0.210526 2 1 0.391095 -0.392241 
4 0.631579 2 1 0.488133 -0.405684 
4 1.05263 2 1 0.594128 -0.420369 
4 1.47368 2 1 0.71038 -0.436475 
4 1.89474 2 1 0.838454 -0.454219 
4 2.31579 2 1 0.98025 -0.473864 
4 2.73684 2 1 1.1381 -0.495733 
4 3.15789 2 1 1.31489 -0.520226 
4 3.57895 2 1 1.51425 -0.547845 
4 4 2 1 1.74079 -0.579231 
-3.57895 -4 2 1 -15.5647 -2.11588 
-3.15789 -4 2 1 -7.3802 -1.14558 
-2.73684 -4 2 1 -4.70622 -0.828573 
-2.31579 -4 2 1 -3.37917 -0.671248 
-1.89474 -4 2 1 -2.58609 -0.577226 
-1.47368 -4 2 1 -2.05868 -0.5147 
-1.05263 -4 2 1 -1.6826 -0.470114 
-0.631579 -4 2 1 -1.40088 -0.436716 
-0.210526 -4 2 1 -1.18197 -0.410764 
0.210526 -4 2 1 -1.00698 -0.390018 
0.631579 -4 2 1 -0.863886 -0.373054 
1.05263 -4 2 1 -0.744701 -0.358924 
1.47368 -4 2 1 -0.643893 -0.346973 
1.89474 -4 2 1 -0.557518 -0.336733 
2.31579 -4 2 1 -0.482681 -0.327861 
2.73684 -4 2 1 -0.417217 -0.3201 
3.15789 -4 2 1 -0.359468 -0.313254 
3.57895 -4 2 1 -0.308145 -0.307169 
4 -4 2 1 -0.262234 -0.301726 
0.631579 4 2 1 37.3656 -11.9298 
1.05263 4 2 1 8.26163 -2.65686 
1.47368 4 2 1 4.86189 -1.57366 
1.89474 4 2 1 3.54498 -1.15407 
2.31579 4 2 1 2.84569 -0.931268 
2.73684 4 2 1 2.41205 -0.793106 
3.15789 4 2 1 2.11686 -0.699054 
3.57895 4 2 1 1.90294 -0.630896 
4 4 2 1 1.74079 -0.579231 
-4 -4 6 1 -8.0053 4.78284 
-4 -3.57895 6 1 -10.6367 6.85093 
-4 -3.15789 6 1 -17.1519 11.9716 
-4 -2.73684 6 1 -60.3736 45.9412 
4 -4 6 1 -0.212539 0.247353 
4 -3.57895 6 1 -0.168299 0.256636 
4 -3.15789 6 1 -0.121537 0.266447 
4 -2.73684 6 1 -0.0720294 0.276835 
4 -2.31579 6 1 -0.0195283 0.287851 
4 -1.89474 6 1 0.0362465 0.299553 
4 -1.47368 6 1 0.095611 0.312009 
4 -1.05263 6 1 0.158923 0.325293 
4 -0.631579 6 1 0.226591 0.339491 
4 -0.210526 6 1 0.299079 0.3547 
4 0.210526 6 1 0.376922 0.371033 
4 0.631579 6 1 0.460735 0.388619 
4 1.05263 6 1 0.551234 0.407607 
4 1.47368 6 1 0.649251 0.428173 
4 1.89474 6 1 0.755764 0.450521 
4 2.31579 6 1 0.871926 0.474895 
4 2.73684 6 1 0.999113 0.501581 
4 3.15789 6 1 1.13897 0.530926 
4 3.57895 6 1 1.29349 0.563348 
4 4 6 1 1.46512 0.599357 
-4 -4 6 1 -8.0053 4.78284 
-3.57895 -4 6 1 -5.04101 3.05758 
-3.15789 -4 6 1 -3.6006 2.21925 
-2.73684 -4 6 1 -2.74927 1.72376 
-2.31579 -4 6 1 -2.18698 1.3965 
-1.89474 -4 6 1 -1.78791 1.16424 
-1.47368 -4 6 1 -1.48999 0.990844 
-1.05263 -4 6 1 -1.25909 0.856458 
-0.631579 -4 6 1 -1.07488 0.749246 
-0.210526 -4 6 1 -0.924501 0.661723 
0.210526 -4 6 1 -0.799415 0.588922 
0.631579 -4 6 1 -0.693738 0.527416 
1.05263 -4 6 1 -0.603276 0.474767 
1.47368 -4 6 1 -0.524964 0.429188 
1.89474 -4 6 1 -0.456509 0.389347 
2.31579 -4 6 1 -0.39616 0.354223 
2.73684 -4 6 1 -0.342557 0.323025 
3.15789 -4 6 1 -0.294629 0.295131 
3.57895 -4 6 1 -0.251521 0.270041 
4 -4 6 1 -0.212539 0.247353 
-0.210526 4 6 1 50.3747 44.1412 
0.210526 4 6 1 8.321 6.70281 
0.631579 4 6 1 4.76951 3.54109 
1.05263 4 6 1 3.44851 2.36507 
1.47368 4 6 1 2.75889 1.75114 
1.89474 4 6 1 2.33531 1.37404 
2.31579 4 6 1 2.0487 1.1189 
2.73684 4 6 1 1.84189 0.934776 
3.15789 4 6 1 1.68561 0.795648 
3.57895 4 6 1 1.56336 0.686817 
4 4 6 1 1.46512 0.599357 
