-4 -4 2 1 0.0446357 -0.275258 
-4 -3.57895 2 1 0.00288251 -0.277742 
-4 -3.15789 2 1 -0.0424455 -0.28044 
-4 -2.73684 2 1 -0.0918278 -0.283379 
-4 -2.31579 2 1 -0.145834 -0.286593 
-4 -1.89474 2 1 -0.205145 -0.290123 
-4 -1.47368 2 1 -0.270584 -0.294017 
-4 -1.05263 2 1 -0.34315 -0.298336 
-4 -0.631579 2 1 -0.424077 -0.303152 
-4 -0.210526 2 1 -0.514897 -0.308557 
-4 0.210526 2 1 -0.617542 -0.314666 
-4 0.631579 2 1 -0.734484 -0.321625 
-4 1.05263 2 1 -0.868931 -0.329627 
-4 1.47368 2 1 -1.02513 -0.338923 
-4 1.89474 2 1 -1.20884 -0.349856 
-4 2.31579 2 1 -1.428 -0.362899 
-4 2.73684 2 1 -1.694 -0.378729 
-4 3.15789 2 1 -2.02363 -0.398346 
-4 3.57895 2 1 -2.44283 -0.423295 
-4 4 2 1 -2.99385 -0.456088 
4 -4 2 1 3.98995 -1.10209 
4 -3.57895 2 1 4.69944 -1.3171 
4 -3.15789 2 1 5.8627 -1.66961 
4 -2.73684 2 1 8.11966 -2.35356 
4 -2.31579 2 1 14.3813 -4.25109 
4 -1.89474 2 1 119.117 -35.9903 
-4 -4 2 1 0.0446357 -0.275258 
-3.57895 -4 2 1 0.088457 -0.284441 
-3.15789 -4 2 1 0.136296 -0.294467 
-2.73684 -4 2 1 0.188731 -0.305456 
-2.31579 -4 2 1 0.246459 -0.317555 
-1.89474 -4 2 1 0.310324 -0.330939 
-1.47368 -4 2 1 0.381358 -0.345826 
-1.05263 -4 2 1 0.460842 -0.362483 
-0.631579 -4 2 1 0.550377 -0.381248 
-0.210526 -4 2 1 0.652 -0.402545 
0.210526 -4 2 1 0.768335 -0.426926 
0.631579 -4 2 1 0.902826 -0.455112 
1.05263 -4 2 1 1.06008 -0.488069 
1.47368 -4 2 1 1.24642 -0.527121 
1.89474 -4 2 1 1.47074 -0.57413 
2.31579 -4 2 1 1.74594 -0.631806 
2.73684 -4 2 1 2.09158 -0.704243 
3.15789 -4 2 1 2.53866 -0.797939 
3.57895 -4 2 1 3.13951 -0.923862 
4 -4 2 1 3.98995 -1.10209 
-4 4 2 1 -2.99385 -0.456088 
-3.57895 4 2 1 -3.40385 -0.53459 
-3.15789 4 2 1 -4.02025 -0.652614 
-2.73684 4 2 1 -5.05139 -0.850047 
-2.31579 4 2 1 -7.12802 -1.24766 
-1.89474 4 2 1 -13.4751 -2.46294 
-4 -4 6 1 0.0790702 0.251758 
-4 -3.57895 6 1 0.0416297 0.269532 
-4 -3.15789 6 1 0.00122315 0.288713 
-4 -2.73684 6 1 -0.0425164 0.309476 
-4 -2.31579 6 1 -0.0900191 0.332026 
-4 -1.89474 6 1 -0.141792 0.356603 
-4 -1.47368 6 1 -0.198439 0.383494 
-4 -1.05263 6 1 -0.260682 0.413041 
-4 -0.631579 6 1 -0.329392 0.445658 
-4 -0.210526 6 1 -0.405634 0.481851 
-4 0.210526 6 1 -0.490718 0.52224 
-4 0.631579 6 1 -0.586275 0.567602 
-4 1.05263 6 1 -0.694368 0.618915 
-4 1.47368 6 1 -0.817636 0.67743 
-4 1.89474 6 1 -0.959515 0.744781 
-4 2.31579 6 1 -1.12456 0.823131 
-4 2.73684 6 1 -1.31897 0.915415 
-4 3.15789 6 1 -1.55131 1.02571 
-4 3.57895 6 1 -1.83391 1.15986 
-4 4 6 1 -2.18506 1.32655 
4 -4 6 1 3.06263 1.16768 
4 -3.57895 6 1 3.39536 1.39757 
4 -3.15789 6 1 3.86083 1.71916 
4 -2.73684 6 1 4.55825 2.20101 
4 -2.31579 6 1 5.71855 3.00266 
4 -1.89474 6 1 8.0314 4.60061 
4 -1.47368 6 1 14.9086 9.35203 
4 -1.05263 6 1 1044.35 720.595 
-4 -4 6 1 0.0790702 0.251758 
-3.57895 -4 6 1 0.121135 0.264672 
-3.15789 -4 6 1 0.166767 0.27868 
-2.73684 -4 6 1 0.216439 0.293929 
-2.31579 -4 6 1 0.270713 0.310591 
-1.89474 -4 6 1 0.330261 0.328871 
-1.47368 -4 6 1 0.395889 0.349018 
-1.05263 -4 6 1 0.468579 0.371334 
-0.631579 -4 6 1 0.549536 0.396187 
-0.210526 -4 6 1 0.640255 0.424036 
0.210526 -4 6 1 0.742615 0.45546 
0.631579 -4 6 1 0.85901 0.491192 
1.05263 -4 6 1 0.99254 0.532184 
1.47368 -4 6 1 1.14729 0.579691 
1.89474 -4 6 1 1.32875 0.635397 
2.31579 -4 6 1 1.54449 0.701629 
2.73684 -4 6 1 1.80525 0.781678 
3.15789 -4 6 1 2.12675 0.880374 
3.57895 -4 6 1 2.533 1.00509 
4 -4 6 1 3.06263 1.16768 
-4 4 6 1 -2.18506 1.32655 
-3.57895 4 6 1 -2.36743 1.53301 
-3.15789 4 6 1 -2.61331 1.81134 
-2.73684 4 6 1 -2.96285 2.20703 
-2.31579 4 6 1 -3.49912 2.81408 
-1.89474 4 6 1 -4.42626 3.86362 
-1.47368 4 6 1 -6.41672 6.11684 
-1.05263 4 6 1 -13.7587 14.428 
