-4 -4 2 1 0.0534753 -0.27572 
-4 -3.57895 2 1 0.0115688 -0.278028 
-4 -3.15789 2 1 -0.0338854 -0.280532 
-4 -2.73684 2 1 -0.0833579 -0.283256 
-4 -2.31579 2 1 -0.137406 -0.286233 
-4 -1.89474 2 1 -0.196696 -0.289498 
-4 -1.47368 2 1 -0.262028 -0.293096 
-4 -1.05263 2 1 -0.334376 -0.29708 
-4 -0.631579 2 1 -0.414935 -0.301517 
-4 -0.210526 2 1 -0.505185 -0.306487 
-4 0.210526 2 1 -0.606988 -0.312093 
-4 0.631579 2 1 -0.722715 -0.318466 
-4 1.05263 2 1 -0.85543 -0.325775 
-4 1.47368 2 1 -1.00917 -0.334242 
-4 1.89474 2 1 -1.18937 -0.344166 
-4 2.31579 2 1 -1.40348 -0.355957 
-4 2.73684 2 1 -1.6621 -0.3702 
-4 3.15789 2 1 -1.98069 -0.387745 
-4 3.57895 2 1 -2.38286 -0.409893 
-4 4 2 1 -2.90646 -0.438729 
4 -4 2 1 4.17552 -1.11496 
4 -3.57895 2 1 4.95558 -1.34116 
4 -3.15789 2 1 6.26244 -1.72011 
4 -2.73684 2 1 8.90187 -2.48548 
4 -2.31579 2 1 17.0318 -4.84297 
-4 -4 2 1 0.0534753 -0.27572 
-3.57895 -4 2 1 0.0973443 -0.284652 
-3.15789 -4 2 1 0.145282 -0.294412 
-2.73684 -4 2 1 0.197883 -0.305122 
-2.31579 -4 2 1 0.255862 -0.316926 
-1.89474 -4 2 1 0.320087 -0.330002 
-1.47368 -4 2 1 0.391627 -0.344567 
-1.05263 -4 2 1 0.471805 -0.360891 
-0.631579 -4 2 1 0.562288 -0.379313 
-0.210526 -4 2 1 0.665197 -0.400266 
0.210526 -4 2 1 0.783282 -0.424307 
0.631579 -4 2 1 0.920168 -0.452177 
1.05263 -4 2 1 1.08073 -0.484867 
1.47368 -4 2 1 1.2717 -0.523747 
1.89474 -4 2 1 1.50261 -0.57076 
2.31579 -4 2 1 1.78745 -0.628753 
2.73684 -4 2 1 2.14763 -0.702085 
3.15789 -4 2 1 2.61758 -0.797765 
3.57895 -4 2 1 3.2565 -0.927849 
4 -4 2 1 4.17552 -1.11496 
-4 4 2 1 -2.90646 -0.438729 
-3.57895 4 2 1 -3.29345 -0.510332 
-3.15789 4 2 1 -3.86965 -0.616942 
-2.73684 4 2 1 -4.81868 -0.792535 
-2.31579 4 2 1 -6.67548 -1.13609 
-1.89474 4 2 1 -11.9365 -2.1095 
-1.47368 4 2 1 -132.964 -24.5026 
-4 -4 6 1 0.0859455 0.251235 
-4 -3.57895 6 1 0.0483741 0.268909 
-4 -3.15789 6 1 0.00786747 0.287963 
-4 -2.73684 6 1 -0.0359322 0.308566 
-4 -2.31579 6 1 -0.0834437 0.330915 
-4 -1.89474 6 1 -0.13516 0.355242 
-4 -1.47368 6 1 -0.191664 0.381822 
-4 -1.05263 6 1 -0.253654 0.410982 
-4 -0.631579 6 1 -0.321969 0.443117 
-4 -0.210526 6 1 -0.397629 0.478708 
-4 0.210526 6 1 -0.481888 0.518343 
-4 0.631579 6 1 -0.576297 0.562753 
-4 1.05263 6 1 -0.682809 0.612856 
-4 1.47368 6 1 -0.803912 0.669822 
-4 1.89474 6 1 -0.942823 0.735166 
-4 2.31579 6 1 -1.10378 0.81088 
-4 2.73684 6 1 -1.29249 0.899649 
-4 3.15789 6 1 -1.5168 1.00516 
-4 3.57895 6 1 -1.78784 1.13266 
-4 4 6 1 -2.12191 1.28981 
4 -4 6 1 3.13022 1.22039 
4 -3.57895 6 1 3.47457 1.46276 
4 -3.15789 6 1 3.95838 1.80329 
4 -2.73684 6 1 4.68788 2.31676 
4 -2.31579 6 1 5.91392 3.17971 
4 -1.89474 6 1 8.40501 4.93308 
4 -1.47368 6 1 16.2057 10.4237 
-4 -4 6 1 0.0859455 0.251235 
-3.57895 -4 6 1 0.127875 0.264584 
-3.15789 -4 6 1 0.173392 0.279074 
-2.73684 -4 6 1 0.222976 0.294859 
-2.31579 -4 6 1 0.277199 0.312121 
-1.89474 -4 6 1 0.336743 0.331077 
-1.47368 -4 6 1 0.402431 0.351989 
-1.05263 -4 6 1 0.475268 0.375177 
-0.631579 -4 6 1 0.556485 0.401033 
-0.210526 -4 6 1 0.64762 0.430046 
0.210526 -4 6 1 0.750606 0.462832 
0.631579 -4 6 1 0.867914 0.500177 
1.05263 -4 6 1 1.00276 0.543105 
1.47368 -4 6 1 1.15939 0.592968 
1.89474 -4 6 1 1.34354 0.651594 
2.31579 -4 6 1 1.56318 0.721516 
2.73684 -4 6 1 1.82964 0.806346 
3.15789 -4 6 1 2.1597 0.911422 
3.57895 -4 6 1 2.57921 1.04497 
4 -4 6 1 3.13022 1.22039 
-4 4 6 1 -2.12191 1.28981 
-3.57895 4 6 1 -2.29352 1.48724 
-3.15789 4 6 1 -2.52322 1.7515 
-2.73684 4 6 1 -2.8465 2.12343 
-2.31579 4 6 1 -3.3352 2.68567 
-1.89474 4 6 1 -4.15992 3.63449 
-1.47368 4 6 1 -5.84879 5.57751 
-1.05263 4 6 1 -11.2547 11.7969 
