9.71282 0.311111 27.1714 23.0418 17 
6.98924 0.276922 11.9265 9.59502 18 
5.5956 0.259428 7.98129 6.11513 19 
-2.15043 -0.243974 -2.68605 1.59887 20 
-1.82638 -0.201551 -2.25446 1.44726 21 
-1.55825 -0.166449 -1.90757 1.3254 22 
-1.33271 -0.136924 -1.62266 1.22532 23 
-1.14037 -0.111743 -1.38449 1.14165 24 
-0.974393 -0.0900148 -1.18242 1.07067 25 
-0.829709 -0.0710739 -1.00883 1.0097 26 
-0.702468 -0.0544164 -0.858097 0.956747 27 
-0.589695 -0.0396529 -0.725979 0.910337 28 
-0.489055 -0.0264778 -0.60923 0.869326 29 
-0.398689 -0.0146477 -0.505317 0.832823 30 
-0.317101 -0.00396682 -0.412233 0.800125 31 
-0.243071 0.00572464 -0.328368 0.770665 32 
-0.175596 0.0145581 -0.252418 0.743986 33 
-0.113841 0.0226425 -0.183313 0.719711 34 
-0.0571093 0.0300695 -0.120167 0.697529 35 
-0.00481136 0.036916 -0.0622411 0.677181 36 
0.0435529 0.0432475 -0.00891428 0.658448 37 
0.0884111 0.04912 0.0403406 0.641146 38 
0.130131 0.0545817 0.0859728 0.625117 39 
-7.84974 -1.34619 -34.8643 28.301 53 
-4.95237 -0.785854 -9.70704 7.42502 54 
-3.74013 -0.551413 -5.91749 4.28038 55 
-3.0741 -0.422606 -4.38719 3.0105 56 
-2.65299 -0.341166 -3.55971 2.32385 57 
-2.36269 -0.285022 -3.0413 1.89366 58 
-2.15043 -0.243974 -2.68605 1.59887 59 
5.5956 0.259428 7.98129 6.11513 60 
4.06838 0.202187 5.14751 4.14466 61 
3.13115 0.16706 3.6984 3.13702 62 
2.49737 0.143306 2.81835 2.52507 63 
2.0402 0.126171 2.22716 2.11399 64 
1.69485 0.113227 1.80267 1.81882 65 
1.42476 0.103104 1.48308 1.5966 66 
1.20775 0.0949708 1.23378 1.42325 67 
1.02957 0.0882926 1.03389 1.28425 68 
0.880653 0.0827113 0.870031 1.17031 69 
0.75434 0.0779771 0.733273 1.07522 70 
0.645847 0.0739107 0.617406 0.994649 71 
0.55165 0.0703802 0.517981 0.925514 72 
0.469099 0.0672862 0.431732 0.86554 73 
0.39616 0.0645525 0.356201 0.81302 74 
0.331246 0.0621195 0.289508 0.766645 75 
0.273102 0.0599402 0.230187 0.725396 76 
0.220721 0.057977 0.17708 0.688468 77 
0.173287 0.0561992 0.129259 0.655216 78 
0.130131 0.0545817 0.0859728 0.625117 79 
