-4 -4 2 1 0.57349 -0.226915 
-4 -3.57895 2 1 0.511606 -0.234216 
-4 -3.15789 2 1 0.448172 -0.2417 
-4 -2.73684 2 1 0.38313 -0.249374 
-4 -2.31579 2 1 0.316418 -0.257245 
-4 -1.89474 2 1 0.24797 -0.26532 
-4 -1.47368 2 1 0.177719 -0.273609 
-4 -1.05263 2 1 0.105591 -0.282119 
-4 -0.631579 2 1 0.031511 -0.290859 
-4 -0.210526 2 1 -0.0446018 -0.299839 
-4 0.210526 2 1 -0.122832 -0.309068 
-4 0.631579 2 1 -0.20327 -0.318559 
-4 1.05263 2 1 -0.286009 -0.328321 
-4 1.47368 2 1 -0.371151 -0.338366 
-4 1.89474 2 1 -0.458801 -0.348707 
-4 2.31579 2 1 -0.549072 -0.359357 
-4 2.73684 2 1 -0.642083 -0.370331 
-4 3.15789 2 1 -0.73796 -0.381643 
-4 3.57895 2 1 -0.83684 -0.393309 
-4 4 2 1 -0.938864 -0.405346 
-4 -4 2 1 0.57349 -0.226915 
-3.57895 -4 2 1 0.627717 -0.234507 
-3.15789 -4 2 1 0.69046 -0.243291 
-2.73684 -4 2 1 0.763898 -0.253573 
-2.31579 -4 2 1 0.851019 -0.265771 
-1.89474 -4 2 1 0.956041 -0.280474 
-1.47368 -4 2 1 1.08511 -0.298545 
-1.05263 -4 2 1 1.24756 -0.32129 
-0.631579 -4 2 1 1.45826 -0.350789 
-0.210526 -4 2 1 1.74245 -0.390578 
0.210526 -4 2 1 2.14671 -0.447178 
0.631579 -4 2 1 2.76751 -0.534095 
1.05263 -4 2 1 3.84248 -0.684598 
1.47368 -4 2 1 6.15744 -1.00871 
1.89474 -4 2 1 14.7818 -2.21618 
-4 4 2 1 -0.938864 -0.405346 
-3.57895 4 2 1 -1.01328 -0.432752 
-3.15789 4 2 1 -1.10367 -0.466043 
-2.73684 4 2 1 -1.21581 -0.50734 
-2.31579 4 2 1 -1.3586 -0.559929 
-1.89474 4 2 1 -1.54662 -0.629172 
-1.47368 4 2 1 -1.80539 -0.72447 
-1.05263 4 2 1 -2.18408 -0.863937 
-0.631579 4 2 1 -2.79124 -1.08754 
-0.210526 4 2 1 -3.9229 -1.50431 
0.210526 4 2 1 -6.77548 -2.55487 
0.631579 4 2 1 -27.7295 -10.2718 
-4 -4 6 1 0.484101 0.397796 
-4 -3.57895 6 1 0.425314 0.39819 
-4 -3.15789 6 1 0.365154 0.398593 
-4 -2.73684 6 1 0.303573 0.399006 
-4 -2.31579 6 1 0.24052 0.399428 
-4 -1.89474 6 1 0.175942 0.39986 
-4 -1.47368 6 1 0.109782 0.400304 
-4 -1.05263 6 1 0.0419818 0.400758 
-4 -0.631579 6 1 -0.0275203 0.401223 
-4 -0.210526 6 1 -0.0987894 0.401701 
-4 0.210526 6 1 -0.171894 0.40219 
-4 0.631579 6 1 -0.246905 0.402693 
-4 1.05263 6 1 -0.323899 0.403209 
-4 1.47368 6 1 -0.402955 0.403738 
-4 1.89474 6 1 -0.484157 0.404282 
-4 2.31579 6 1 -0.567595 0.404841 
-4 2.73684 6 1 -0.65336 0.405416 
-4 3.15789 6 1 -0.741553 0.406006 
-4 3.57895 6 1 -0.832278 0.406614 
-4 4 6 1 -0.925645 0.40724 
-4 -4 6 1 0.484101 0.397796 
-3.57895 -4 6 1 0.528459 0.433023 
-3.15789 -4 6 1 0.579257 0.473364 
-2.73684 -4 6 1 0.638008 0.520022 
-2.31579 -4 6 1 0.70674 0.574604 
-1.89474 -4 6 1 0.788229 0.63932 
-1.47368 -4 6 1 0.886394 0.717277 
-1.05263 -4 6 1 1.00693 0.813004 
-0.631579 -4 6 1 1.15848 0.933357 
-0.210526 -4 6 1 1.35478 1.08924 
0.210526 -4 6 1 1.61906 1.29913 
0.631579 -4 6 1 1.99406 1.59693 
1.05263 -4 6 1 2.56778 2.05255 
1.47368 -4 6 1 3.55512 2.83664 
1.89474 -4 6 1 5.65547 4.50464 
2.31579 -4 6 1 13.182 10.4818 
-4 4 6 1 -0.925645 0.40724 
-3.57895 4 6 1 -0.99208 0.453903 
-3.15789 4 6 1 -1.07135 0.509578 
-2.73684 4 6 1 -1.16756 0.577156 
-2.31579 4 6 1 -1.2868 0.660909 
-1.89474 4 6 1 -1.43846 0.767435 
-1.47368 4 6 1 -1.63785 0.907484 
-1.05263 4 6 1 -1.91169 1.09983 
-0.631579 4 6 1 -2.31129 1.38051 
-0.210526 4 6 1 -2.94906 1.82847 
0.210526 4 6 1 -4.12834 2.65679 
0.631579 4 6 1 -7.04758 4.70724 
1.05263 4 6 1 -26.3892 18.2927 
