-4 -4 2 1 0.5931 -0.216801 
-4 -3.57895 2 1 0.529912 -0.224261 
-4 -3.15789 2 1 0.465316 -0.231887 
-4 -2.73684 2 1 0.399264 -0.239685 
-4 -2.31579 2 1 0.331706 -0.247661 
-4 -1.89474 2 1 0.262591 -0.25582 
-4 -1.47368 2 1 0.191863 -0.26417 
-4 -1.05263 2 1 0.119466 -0.272717 
-4 -0.631579 2 1 0.0453405 -0.281468 
-4 -0.210526 2 1 -0.0305771 -0.290431 
-4 0.210526 2 1 -0.108352 -0.299613 
-4 0.631579 2 1 -0.188054 -0.309022 
-4 1.05263 2 1 -0.269754 -0.318667 
-4 1.47368 2 1 -0.35353 -0.328558 
-4 1.89474 2 1 -0.439461 -0.338702 
-4 2.31579 2 1 -0.527632 -0.349112 
-4 2.73684 2 1 -0.61813 -0.359796 
-4 3.15789 2 1 -0.71105 -0.370765 
-4 3.57895 2 1 -0.806491 -0.382033 
-4 4 2 1 -0.904555 -0.39361 
-4 -4 2 1 0.5931 -0.216801 
-3.57895 -4 2 1 0.648026 -0.224712 
-3.15789 -4 2 1 0.711719 -0.233887 
-2.73684 -4 2 1 0.786459 -0.244652 
-2.31579 -4 2 1 0.875394 -0.257462 
-1.89474 -4 2 1 0.982993 -0.27296 
-1.47368 -4 2 1 1.11582 -0.292092 
-1.05263 -4 2 1 1.28392 -0.316305 
-0.631579 -4 2 1 1.5035 -0.347934 
-0.210526 -4 2 1 1.8025 -0.391 
0.210526 -4 2 1 2.23348 -0.453079 
0.631579 -4 2 1 2.90862 -0.550324 
1.05263 -4 2 1 4.11735 -0.724427 
1.47368 -4 2 1 6.90562 -1.12604 
1.89474 -4 2 1 20.2059 -3.04179 
-4 4 2 1 -0.904555 -0.39361 
-3.57895 4 2 1 -0.976266 -0.420589 
-3.15789 4 2 1 -1.06304 -0.453236 
-2.73684 4 2 1 -1.17018 -0.493545 
-2.31579 4 2 1 -1.30581 -0.544573 
-1.89474 4 2 1 -1.48304 -0.61125 
-1.47368 4 2 1 -1.72447 -0.702081 
-1.05263 4 2 1 -2.07269 -0.833092 
-0.631579 4 2 1 -2.61871 -1.03852 
-0.210526 4 2 1 -3.59787 -1.4069 
0.210526 4 2 1 -5.86438 -2.25962 
0.631579 4 2 1 -16.8284 -6.38455 
-4 -4 6 1 0.503056 0.416107 
-4 -3.57895 6 1 0.442757 0.415651 
-4 -3.15789 6 1 0.381196 0.415186 
-4 -2.73684 6 1 0.318334 0.414711 
-4 -2.31579 6 1 0.254128 0.414226 
-4 -1.89474 6 1 0.188535 0.41373 
-4 -1.47368 6 1 0.121509 0.413224 
-4 -1.05263 6 1 0.0530038 0.412706 
-4 -0.631579 6 1 -0.0170309 0.412177 
-4 -0.210526 6 1 -0.0886469 0.411636 
-4 0.210526 6 1 -0.161898 0.411082 
-4 0.631579 6 1 -0.236842 0.410516 
-4 1.05263 6 1 -0.313536 0.409936 
-4 1.47368 6 1 -0.392045 0.409343 
-4 1.89474 6 1 -0.472431 0.408735 
-4 2.31579 6 1 -0.554765 0.408113 
-4 2.73684 6 1 -0.639117 0.407476 
-4 3.15789 6 1 -0.725563 0.406823 
-4 3.57895 6 1 -0.814181 0.406153 
-4 4 6 1 -0.905054 0.405466 
-4 -4 6 1 0.503056 0.416107 
-3.57895 -4 6 1 0.548238 0.452485 
-3.15789 -4 6 1 0.600135 0.49427 
-2.73684 -4 6 1 0.660366 0.542764 
-2.31579 -4 6 1 0.731112 0.599725 
-1.89474 -4 6 1 0.815391 0.667581 
-1.47368 -4 6 1 0.917496 0.749791 
-1.05263 -4 6 1 1.04375 0.851445 
-0.631579 -4 6 1 1.20388 0.980368 
-0.210526 -4 6 1 1.41361 1.14923 
0.210526 -4 6 1 1.70023 1.38 
0.631579 -4 6 1 2.11551 1.71436 
1.05263 -4 6 1 2.77113 2.24223 
1.47368 -4 6 1 3.96075 3.20004 
1.89474 -4 6 1 6.78491 5.4739 
2.31579 -4 6 1 22.0068 17.7297 
-4 4 6 1 -0.905054 0.405466 
-3.57895 4 6 1 -0.971013 0.450478 
-3.15789 4 6 1 -1.0496 0.504108 
-2.73684 4 6 1 -1.14482 0.569093 
-2.31579 4 6 1 -1.2626 0.649465 
-1.89474 4 6 1 -1.41201 0.751425 
-1.47368 4 6 1 -1.60777 0.885018 
-1.05263 4 6 1 -1.87542 1.06767 
-0.631579 4 6 1 -2.26346 1.33248 
-0.210526 4 6 1 -2.87669 1.75097 
0.210526 4 6 1 -3.99129 2.5116 
0.631579 4 6 1 -6.6472 4.32408 
1.05263 4 6 1 -21.2054 14.259 
