4 -4 2 1 -0.333528 -0.260356 
4 -3.57895 2 1 -0.283914 -0.267554 
4 -3.15789 2 1 -0.231607 -0.275144 
4 -2.73684 2 1 -0.176381 -0.283156 
4 -2.31579 2 1 -0.117986 -0.291629 
4 -1.89474 2 1 -0.0561394 -0.300602 
4 -1.47368 2 1 0.00947315 -0.310122 
4 -1.05263 2 1 0.0792066 -0.32024 
4 -0.631579 2 1 0.153462 -0.331013 
4 -0.210526 2 1 0.232693 -0.342509 
4 0.210526 2 1 0.317419 -0.354802 
4 0.631579 2 1 0.40823 -0.367978 
4 1.05263 2 1 0.505807 -0.382135 
4 1.47368 2 1 0.610935 -0.397388 
4 1.89474 2 1 0.724527 -0.413869 
4 2.31579 2 1 0.847646 -0.431732 
4 2.73684 2 1 0.981545 -0.45116 
4 3.15789 2 1 1.1277 -0.472366 
4 3.57895 2 1 1.28789 -0.495607 
4 4 2 1 1.46421 -0.52119 
-3.15789 -4 2 1 -17.3515 -2.10321 
-2.73684 -4 2 1 -7.37239 -1.02259 
-2.31579 -4 2 1 -4.56216 -0.718269 
-1.89474 -4 2 1 -3.23725 -0.574796 
-1.47368 -4 2 1 -2.46623 -0.491304 
-1.05263 -4 2 1 -1.96182 -0.436681 
-0.631579 -4 2 1 -1.60611 -0.398162 
-0.210526 -4 2 1 -1.34179 -0.36954 
0.210526 -4 2 1 -1.13766 -0.347435 
0.631579 -4 2 1 -0.975257 -0.329848 
1.05263 -4 2 1 -0.842972 -0.315523 
1.47368 -4 2 1 -0.733138 -0.303629 
1.89474 -4 2 1 -0.640488 -0.293596 
2.31579 -4 2 1 -0.56128 -0.285019 
2.73684 -4 2 1 -0.492788 -0.277602 
3.15789 -4 2 1 -0.432975 -0.271125 
3.57895 -4 2 1 -0.380289 -0.26542 
4 -4 2 1 -0.333528 -0.260356 
0.210526 4 2 1 108.535 -37.0771 
0.631579 4 2 1 8.93168 -3.07071 
1.05263 4 2 1 4.86463 -1.68215 
1.47368 4 2 1 3.43412 -1.19375 
1.89474 4 2 1 2.70396 -0.94446 
2.31579 4 2 1 2.26097 -0.793217 
2.73684 4 2 1 1.96358 -0.691683 
3.15789 4 2 1 1.75014 -0.61881 
3.57895 4 2 1 1.58949 -0.563963 
4 4 2 1 1.46421 -0.52119 
-4 -4 6 1 -49.0758 32.5127 
4 -4 6 1 -0.269583 0.300424 
4 -3.57895 6 1 -0.222359 0.307438 
4 -3.15789 6 1 -0.17278 0.314801 
4 -2.73684 6 1 -0.120666 0.322542 
4 -2.31579 6 1 -0.0658172 0.330688 
4 -1.89474 6 1 -0.00801262 0.339273 
4 -1.47368 6 1 0.0529933 0.348334 
4 -1.05263 6 1 0.117474 0.357911 
4 -0.631579 6 1 0.185735 0.36805 
4 -0.210526 6 1 0.25812 0.378801 
4 0.210526 6 1 0.335012 0.390221 
4 0.631579 6 1 0.416847 0.402376 
4 1.05263 6 1 0.504118 0.415338 
4 1.47368 6 1 0.597384 0.42919 
4 1.89474 6 1 0.697285 0.444028 
4 2.31579 6 1 0.804555 0.45996 
4 2.73684 6 1 0.920042 0.477112 
4 3.15789 6 1 1.04473 0.495631 
4 3.57895 6 1 1.17975 0.515686 
4 4 6 1 1.32646 0.537476 
-4 -4 6 1 -49.0758 32.5127 
-3.57895 -4 6 1 -10.402 6.98789 
-3.15789 -4 6 1 -5.64314 3.84699 
-2.73684 -4 6 1 -3.78544 2.6209 
-2.31579 -4 6 1 -2.79569 1.96767 
-1.89474 -4 6 1 -2.1808 1.56184 
-1.47368 -4 6 1 -1.76172 1.28524 
-1.05263 -4 6 1 -1.45776 1.08463 
-0.631579 -4 6 1 -1.22721 0.932464 
-0.210526 -4 6 1 -1.04635 0.813094 
0.210526 -4 6 1 -0.900674 0.716946 
0.631579 -4 6 1 -0.780824 0.637845 
1.05263 -4 6 1 -0.680493 0.571626 
1.47368 -4 6 1 -0.595271 0.515379 
1.89474 -4 6 1 -0.521985 0.46701 
2.31579 -4 6 1 -0.45829 0.424971 
2.73684 -4 6 1 -0.40242 0.388097 
3.15789 -4 6 1 -0.353017 0.35549 
3.57895 -4 6 1 -0.309018 0.326451 
4 -4 6 1 -0.269583 0.300424 
-0.210526 4 6 1 16.3693 12.7904 
0.210526 4 6 1 6.30592 4.59342 
0.631579 4 6 1 4.03825 2.74632 
1.05263 4 6 1 3.03681 1.93061 
1.47368 4 6 1 2.47251 1.47097 
1.89474 4 6 1 2.1104 1.17602 
2.31579 4 6 1 1.85833 0.970698 
2.73684 4 6 1 1.67275 0.819537 
3.15789 4 6 1 1.53042 0.703605 
3.57895 4 6 1 1.4178 0.611871 
4 4 6 1 1.32646 0.537476 
