-4 -4 2 1 -0.214041 0.237749 
-4 -3.57895 2 1 -0.252745 0.248462 
-4 -3.15789 2 1 -0.296032 0.260443 
-4 -2.73684 2 1 -0.344765 0.273932 
-4 -2.31579 2 1 -0.400044 0.289232 
-4 -1.89474 2 1 -0.463281 0.306736 
-4 -1.47368 2 1 -0.536328 0.326954 
-4 -1.05263 2 1 -0.62166 0.350573 
-4 -0.631579 2 1 -0.72266 0.378529 
-4 -0.210526 2 1 -0.844079 0.412136 
-4 0.210526 2 1 -0.992808 0.453303 
-4 0.631579 2 1 -1.17923 0.504901 
-4 1.05263 2 1 -1.41974 0.571473 
-4 1.47368 2 1 -1.74189 0.66064 
-4 1.89474 2 1 -2.19573 0.786259 
-4 2.31579 2 1 -2.88278 0.976426 
-4 2.73684 2 1 -4.04491 1.29809 
-4 3.15789 2 1 -6.43531 1.95973 
-4 3.57895 2 1 -14.1835 4.10434 
4 -4 2 1 1.49557 0.20029 
4 -3.57895 2 1 1.60919 0.217519 
4 -3.15789 2 1 1.75139 0.23908 
4 -2.73684 2 1 1.9345 0.266845 
4 -2.31579 2 1 2.17915 0.30394 
4 -1.89474 2 1 2.52262 0.356018 
4 -1.47368 2 1 3.03992 0.434454 
4 -1.05263 2 1 3.90774 0.566039 
4 -0.631579 2 1 5.66493 0.832473 
4 -0.210526 2 1 11.1153 1.6589 
-4 -4 2 1 -0.214041 0.237749 
-3.57895 -4 2 1 -0.165434 0.236684 
-3.15789 -4 2 1 -0.114278 0.235563 
-2.73684 -4 2 1 -0.0603677 0.234382 
-2.31579 -4 2 1 -0.00347489 0.233135 
-1.89474 -4 2 1 0.0566552 0.231818 
-1.47368 -4 2 1 0.120307 0.230423 
-1.05263 -4 2 1 0.187799 0.228944 
-0.631579 -4 2 1 0.25949 0.227374 
-0.210526 -4 2 1 0.335785 0.225702 
0.210526 -4 2 1 0.41714 0.223919 
0.631579 -4 2 1 0.504078 0.222014 
1.05263 -4 2 1 0.597193 0.219974 
1.47368 -4 2 1 0.697168 0.217784 
1.89474 -4 2 1 0.804789 0.215426 
2.31579 -4 2 1 0.92097 0.21288 
2.73684 -4 2 1 1.04677 0.210124 
3.15789 -4 2 1 1.18345 0.207129 
3.57895 -4 2 1 1.33246 0.203864 
4 -4 2 1 1.49557 0.20029 
-4 -4 6 1 -0.172792 0.832302 
-4 -3.57895 6 1 -0.21119 0.878658 
-4 -3.15789 6 1 -0.2544 0.930823 
-4 -2.73684 6 1 -0.303386 0.989961 
-4 -2.31579 6 1 -0.35939 1.05757 
-4 -1.89474 6 1 -0.424035 1.13562 
-4 -1.47368 6 1 -0.499491 1.22671 
-4 -1.05263 6 1 -0.588715 1.33443 
-4 -0.631579 6 1 -0.695854 1.46377 
-4 -0.210526 6 1 -0.826907 1.62198 
-4 0.210526 6 1 -0.990885 1.81995 
-4 0.631579 6 1 -1.20198 2.07479 
-4 1.05263 6 1 -1.4839 2.41514 
-4 1.47368 6 1 -1.87949 2.89272 
-4 1.89474 6 1 -2.47483 3.61145 
-4 2.31579 6 1 -3.47234 4.8157 
-4 2.73684 6 1 -5.48739 7.24837 
-4 3.15789 6 1 -11.6976 14.7457 
4 -4 6 1 1.75428 1.38031 
4 -3.57895 6 1 1.91337 1.54667 
4 -3.15789 6 1 2.11777 1.76044 
4 -2.73684 6 1 2.39008 2.04522 
4 -2.31579 6 1 2.77089 2.44346 
4 -1.89474 6 1 3.34116 3.03984 
4 -1.47368 6 1 4.2891 4.03118 
4 -1.05263 6 1 6.17563 6.00409 
4 -0.631579 6 1 11.7615 11.8458 
4 -0.210526 6 1 578.269 604.292 
-4 -4 6 1 -0.172792 0.832302 
-3.57895 -4 6 1 -0.120486 0.847176 
-3.15789 -4 6 1 -0.0652869 0.862873 
-2.73684 -4 6 1 -0.00694881 0.879463 
-2.31579 -4 6 1 0.054804 0.897024 
-1.89474 -4 6 1 0.12028 0.915643 
-1.47368 -4 6 1 0.189828 0.935421 
-1.05263 -4 6 1 0.263838 0.956467 
-0.631579 -4 6 1 0.342754 0.978909 
-0.210526 -4 6 1 0.427082 1.00289 
0.210526 -4 6 1 0.517397 1.02857 
0.631579 -4 6 1 0.61436 1.05615 
1.05263 -4 6 1 0.718735 1.08583 
1.47368 -4 6 1 0.831403 1.11787 
1.89474 -4 6 1 0.953395 1.15256 
2.31579 -4 6 1 1.08592 1.19024 
2.73684 -4 6 1 1.2304 1.23133 
3.15789 -4 6 1 1.38853 1.2763 
3.57895 -4 6 1 1.56234 1.32572 
4 -4 6 1 1.75428 1.38031 
