0.0991033 -0.254873 0.120584 0.268834 0 
0.0565225 -0.255638 0.0823746 0.286451 1 
0.010557 -0.256463 0.0413961 0.305346 2 
-0.0392134 -0.257356 -0.00266439 0.325661 3 
-0.0932817 -0.258327 -0.0501682 0.347564 4 
-0.15223 -0.259385 -0.101535 0.371248 5 
-0.216749 -0.260543 -0.157257 0.39694 6 
-0.287669 -0.261816 -0.217912 0.424906 7 
-0.365991 -0.263222 -0.284185 0.455463 8 
-0.452938 -0.264783 -0.356894 0.488987 9 
-0.550019 -0.266526 -0.437026 0.525934 10 
-0.659114 -0.268484 -0.525778 0.566856 11 
-0.782601 -0.270701 -0.624621 0.612429 12 
-0.923529 -0.27323 -0.735377 0.663496 13 
-1.08587 -0.276144 -0.86034 0.721114 14 
-1.27491 -0.279538 -1.00243 0.786628 15 
-1.49783 -0.283539 -1.16543 0.861783 16 
-1.76463 -0.288329 -1.35432 0.948875 17 
-2.08967 -0.294163 -1.5758 1.05099 18 
-2.49438 -0.301428 -1.83909 1.17239 19 
5.27678 -1.02887 3.47269 1.59443 20 
6.54915 -1.27747 3.8744 1.91964 21 
8.98148 -1.75271 4.44983 2.38549 22 
15.4887 -3.02411 5.34274 3.10835 23 
89.1413 -17.4147 6.91597 4.38197 24 
0.0991033 -0.254873 0.120584 0.268834 40 
0.14314 -0.261456 0.161764 0.285119 41 
0.19148 -0.268683 0.206607 0.302852 42 
0.244786 -0.276651 0.255626 0.322237 43 
0.303864 -0.285482 0.309432 0.343515 44 
0.369705 -0.295325 0.368761 0.366977 45 
0.443542 -0.306362 0.434512 0.392978 46 
0.526926 -0.318827 0.507785 0.421954 47 
0.621834 -0.333015 0.58995 0.454446 48 
0.730835 -0.349309 0.68273 0.491136 49 
0.85732 -0.368216 0.788325 0.532894 50 
1.00586 -0.390421 0.909585 0.580846 51 
1.18278 -0.416868 1.05028 0.636484 52 
1.39706 -0.4489 1.21548 0.701813 53 
1.66194 -0.488496 1.41221 0.779609 54 
1.99775 -0.538695 1.65043 0.873817 55 
2.43737 -0.604412 1.94484 0.990242 56 
3.03774 -0.69416 2.31797 1.13779 57 
3.90678 -0.824069 2.80624 1.33088 58 
5.27678 -1.02887 3.47269 1.59443 59 
-2.49438 -0.301428 -1.83909 1.17239 60 
-2.78093 -0.334097 -1.96698 1.33805 61 
-3.1881 -0.380517 -2.13269 1.55271 62 
-3.81235 -0.451686 -2.35592 1.84186 63 
-4.8904 -0.574591 -2.67289 2.25244 64 
-7.19961 -0.837858 -3.15835 2.88128 65 
-15.6563 -1.80198 -3.99528 3.96538 66 
