0.035944 -0.273118 0.0722526 0.253783 0 
-0.00564876 -0.275725 0.0349448 0.271696 1 
-0.0508412 -0.278558 -0.00535895 0.291048 2 
-0.100122 -0.281647 -0.0490347 0.312019 3 
-0.154071 -0.285029 -0.096524 0.334821 4 
-0.213386 -0.288747 -0.148349 0.359704 5 
-0.27891 -0.292854 -0.205133 0.386969 6 
-0.351669 -0.297415 -0.267621 0.416972 7 
-0.432934 -0.302508 -0.336721 0.45015 8 
-0.524288 -0.308235 -0.413538 0.487034 9 
-0.627734 -0.314719 -0.499444 0.528281 10 
-0.745844 -0.322122 -0.596152 0.574715 11 
-0.881973 -0.330655 -0.705837 0.62738 12 
-1.04058 -0.340597 -0.831297 0.687619 13 
-1.22775 -0.352329 -0.976201 0.757194 14 
-1.45195 -0.366382 -1.14545 0.838457 15 
-1.72536 -0.383521 -1.34573 0.934624 16 
-2.06622 -0.404886 -1.58646 1.05021 17 
-2.50295 -0.432262 -1.88125 1.19175 18 
-3.08267 -0.468599 -2.25062 1.3691 19 
3.81508 -1.08129 2.99588 1.12222 20 
4.46129 -1.28403 3.31713 1.34094 21 
5.49958 -1.60977 3.76456 1.64557 22 
7.44218 -2.21922 4.43067 2.09907 23 
12.3818 -3.76894 5.52761 2.8459 24 
50.6592 -15.7777 7.67313 4.30663 25 
0.035944 -0.273118 0.0722526 0.253783 40 
0.0797164 -0.282479 0.114449 0.266317 41 
0.127454 -0.292688 0.160192 0.279905 42 
0.179721 -0.303865 0.209947 0.294684 43 
0.237194 -0.316156 0.264266 0.310819 44 
0.300691 -0.329735 0.323808 0.328506 45 
0.371213 -0.344816 0.389364 0.347979 46 
0.449994 -0.361663 0.461894 0.369523 47 
0.538573 -0.380606 0.542573 0.393488 48 
0.638902 -0.402061 0.632855 0.420306 49 
0.753482 -0.426564 0.734565 0.450518 50 
0.885584 -0.454814 0.850018 0.484813 51 
1.03956 -0.487742 0.982202 0.524077 52 
1.22133 -0.526614 1.13504 0.569476 53 
1.43917 -0.573199 1.31378 0.622569 54 
1.705 -0.630046 1.52561 0.685492 55 
2.03663 -0.700967 1.78067 0.761256 56 
2.46196 -0.791924 2.09369 0.854237 57 
3.02722 -0.912806 2.48696 0.971055 58 
3.81508 -1.08129 2.99588 1.12222 59 
-3.08267 -0.468599 -2.25062 1.3691 60 
-3.51661 -0.553297 -2.44457 1.58582 61 
-4.17547 -0.681894 -2.70802 1.8802 62 
-5.29529 -0.900462 -3.0865 2.30311 63 
-7.62008 -1.35422 -3.67637 2.96223 64 
-15.3597 -2.86485 -4.72335 4.13212 65 
