-4 -1.89474 2 1 15.4858 -0.642884 
-4 -1.47368 2 1 5.95983 -0.320724 
-4 -1.05263 2 1 3.68108 -0.243659 
-4 -0.631579 2 1 2.65824 -0.209067 
-4 -0.210526 2 1 2.07733 -0.189421 
-4 0.210526 2 1 1.70283 -0.176756 
-4 0.631579 2 1 1.44132 -0.167912 
-4 1.05263 2 1 1.24837 -0.161386 
-4 1.47368 2 1 1.10014 -0.156373 
-4 1.89474 2 1 0.9827 -0.152402 
-4 2.31579 2 1 0.887358 -0.149177 
-4 2.73684 2 1 0.808413 -0.146507 
-4 3.15789 2 1 0.74197 -0.14426 
-4 3.57895 2 1 0.685278 -0.142343 
-4 4 2 1 0.636337 -0.140688 
4 -1.89474 2 1 -40.5187 5.10284 
4 -1.47368 2 1 -7.61074 0.859327 
4 -1.05263 2 1 -4.21213 0.421073 
4 -0.631579 2 1 -2.9177 0.254155 
4 -0.210526 2 1 -2.23524 0.166151 
4 0.210526 2 1 -1.81375 0.111799 
4 0.631579 2 1 -1.52756 0.0748941 
4 1.05263 2 1 -1.32053 0.0481977 
4 1.47368 2 1 -1.16381 0.0279886 
4 1.89474 2 1 -1.04105 0.0121584 
4 2.31579 2 1 -0.942288 -0.000577131 
4 2.73684 2 1 -0.861114 -0.0110446 
4 3.15789 2 1 -0.793215 -0.0198003 
4 3.57895 2 1 -0.73558 -0.0272324 
4 4 2 1 -0.686045 -0.03362 
-4 4 2 1 0.636337 -0.140688 
-3.57895 4 2 1 0.568536 -0.135198 
-3.15789 4 2 1 0.500541 -0.129693 
-2.73684 4 2 1 0.43235 -0.124172 
-2.31579 4 2 1 0.363962 -0.118635 
-1.89474 4 2 1 0.295377 -0.113082 
-1.47368 4 2 1 0.226594 -0.107513 
-1.05263 4 2 1 0.157611 -0.101927 
-0.631579 4 2 1 0.0884279 -0.096326 
-0.210526 4 2 1 0.0190439 -0.0907082 
0.210526 4 2 1 -0.0505418 -0.0850742 
0.631579 4 2 1 -0.12033 -0.0794237 
1.05263 4 2 1 -0.190323 -0.0737567 
1.47368 4 2 1 -0.260519 -0.0680731 
1.89474 4 2 1 -0.330921 -0.062373 
2.31579 4 2 1 -0.40153 -0.0566561 
2.73684 4 2 1 -0.472345 -0.0509224 
3.15789 4 2 1 -0.543369 -0.0451719 
3.57895 4 2 1 -0.614602 -0.0394045 
4 4 2 1 -0.686045 -0.03362 
-4 -2.31579 6 1 13.6559 11.9125 
-4 -1.89474 6 1 5.92807 5.11966 
-4 -1.47368 6 1 3.77773 3.22949 
-4 -1.05263 6 1 2.76783 2.34178 
-4 -0.631579 6 1 2.18127 1.8262 
-4 -0.210526 6 1 1.79799 1.48929 
-4 0.210526 6 1 1.52792 1.25189 
-4 0.631579 6 1 1.32736 1.07559 
-4 1.05263 6 1 1.17252 0.939497 
-4 1.47368 6 1 1.04938 0.831256 
-4 1.89474 6 1 0.94911 0.743114 
-4 2.31579 6 1 0.865873 0.669948 
-4 2.73684 6 1 0.795671 0.60824 
-4 3.15789 6 1 0.735665 0.555494 
-4 3.57895 6 1 0.683783 0.50989 
-4 4 6 1 0.638481 0.470069 
4 -2.31579 6 1 -22.9274 28.8951 
4 -1.89474 6 1 -6.24561 7.75704 
4 -1.47368 6 1 -3.6261 4.43777 
4 -1.05263 6 1 -2.56002 3.08689 
4 -0.631579 6 1 -1.98156 2.35391 
4 -0.210526 6 1 -1.61844 1.89378 
4 0.210526 6 1 -1.36929 1.57807 
4 0.631579 6 1 -1.18772 1.348 
4 1.05263 6 1 -1.04953 1.17289 
4 1.47368 6 1 -0.940822 1.03514 
4 1.89474 6 1 -0.853077 0.923959 
4 2.31579 6 1 -0.780763 0.832327 
4 2.73684 6 1 -0.720138 0.755507 
4 3.15789 6 1 -0.668581 0.690177 
4 3.57895 6 1 -0.624197 0.633937 
4 4 6 1 -0.585589 0.585015 
-4 4 6 1 0.638481 0.470069 
-3.57895 4 6 1 0.575601 0.475973 
-3.15789 4 6 1 0.512553 0.481894 
-2.73684 4 6 1 0.449336 0.48783 
-2.31579 4 6 1 0.385951 0.493782 
-1.89474 4 6 1 0.322395 0.499751 
-1.47368 4 6 1 0.25867 0.505735 
-1.05263 4 6 1 0.194773 0.511735 
-0.631579 4 6 1 0.130704 0.517751 
-0.210526 4 6 1 0.0664634 0.523784 
0.210526 4 6 1 0.00204922 0.529833 
0.631579 4 6 1 -0.0625389 0.535898 
1.05263 4 6 1 -0.127302 0.541979 
1.47368 4 6 1 -0.192239 0.548077 
1.89474 4 6 1 -0.257353 0.554192 
2.31579 4 6 1 -0.322644 0.560323 
2.73684 4 6 1 -0.388112 0.566471 
3.15789 4 6 1 -0.453759 0.572635 
3.57895 4 6 1 -0.519584 0.578816 
4 4 6 1 -0.585589 0.585015 
