-0.687548 0.181655 -0.81292 0.974255 0 
-0.738277 0.180898 -0.882769 1.04291 1 
-0.797306 0.180017 -0.966053 1.12477 2 
-0.866853 0.178979 -1.06706 1.22405 3 
-0.950005 0.177737 -1.19212 1.34697 4 
-1.05119 0.176227 -1.35098 1.50311 5 
-1.17697 0.17435 -1.5595 1.70806 6 
-1.33759 0.171952 -1.84526 1.98894 7 
-1.54981 0.168784 -2.26094 2.39751 8 
-1.84329 0.164404 -2.92123 3.04651 9 
-2.27573 0.157949 -4.13203 4.2366 10 
-2.97644 0.14749 -7.07397 7.12823 11 
-4.30732 0.127625 -24.7682 24.5199 12 
0.662626 0.224108 0.734835 1.01034 20 
0.713237 0.226524 0.799636 1.08093 21 
0.771996 0.22933 0.876666 1.16484 22 
0.841043 0.232627 0.969748 1.26623 23 
0.923339 0.236557 1.08448 1.39122 24 
1.0231 0.241321 1.22942 1.5491 25 
1.14655 0.247216 1.41829 1.75484 26 
1.30327 0.254699 1.67464 2.03408 27 
1.50878 0.264513 2.04251 2.4348 28 
1.79009 0.277946 2.61486 3.05827 29 
2.19861 0.297454 3.62786 4.16175 30 
2.84583 0.328359 5.90886 6.64646 31 
4.02731 0.384777 15.8212 17.444 32 
-0.687548 0.181655 -0.81292 0.974255 40 
-0.615545 0.183919 -0.730222 0.976183 41 
-0.543649 0.186179 -0.647663 0.978108 42 
-0.471857 0.188437 -0.565244 0.980029 43 
-0.400171 0.190691 -0.482963 0.981948 44 
-0.328591 0.192941 -0.40082 0.983863 45 
-0.257115 0.195189 -0.318816 0.985775 46 
-0.185744 0.197433 -0.236949 0.987683 47 
-0.114477 0.199674 -0.15522 0.989589 48 
-0.0433148 0.201911 -0.0736279 0.991491 49 
0.0277436 0.204145 0.00782767 0.99339 50 
0.0986982 0.206376 0.089147 0.995286 51 
0.169549 0.208604 0.17033 0.997179 52 
0.240297 0.210829 0.251378 0.999069 53 
0.310942 0.21305 0.33229 1.00096 54 
0.381483 0.215268 0.413068 1.00284 55 
0.451922 0.217483 0.493711 1.00472 56 
0.522259 0.219694 0.574219 1.0066 57 
0.592493 0.221903 0.654594 1.00847 58 
0.662626 0.224108 0.734835 1.01034 59 
