4 -4 2 1 -0.377431 -0.159633 
4 -3.57895 2 1 -0.325932 -0.165724 
4 -3.15789 2 1 -0.272013 -0.1721 
4 -2.73684 2 1 -0.215501 -0.178783 
4 -2.31579 2 1 -0.156203 -0.185796 
4 -1.89474 2 1 -0.0939094 -0.193163 
4 -1.47368 2 1 -0.0283857 -0.200912 
4 -1.05263 2 1 0.0406254 -0.209073 
4 -0.631579 2 1 0.11341 -0.217681 
4 -0.210526 2 1 0.190286 -0.226773 
4 0.210526 2 1 0.271609 -0.23639 
4 0.631579 2 1 0.357775 -0.24658 
4 1.05263 2 1 0.449232 -0.257396 
4 1.47368 2 1 0.546481 -0.268897 
4 1.89474 2 1 0.650091 -0.28115 
4 2.31579 2 1 0.760707 -0.294232 
4 2.73684 2 1 0.879065 -0.308229 
4 3.15789 2 1 1.00601 -0.323241 
4 3.57895 2 1 1.1425 -0.339383 
4 4 2 1 1.28967 -0.356787 
-3.15789 -4 2 1 -115.128 -2.59989 
-2.73684 -4 2 1 -11.2173 -0.39015 
-2.31579 -4 2 1 -5.72709 -0.273397 
-1.89474 -4 2 1 -3.76578 -0.231689 
-1.47368 -4 2 1 -2.75852 -0.210269 
-1.05263 -4 2 1 -2.14537 -0.19723 
-0.631579 -4 2 1 -1.73287 -0.188458 
-0.210526 -4 2 1 -1.43638 -0.182152 
0.210526 -4 2 1 -1.21299 -0.177402 
0.631579 -4 2 1 -1.03864 -0.173694 
1.05263 -4 2 1 -0.898769 -0.17072 
1.47368 -4 2 1 -0.784076 -0.168281 
1.89474 -4 2 1 -0.688323 -0.166245 
2.31579 -4 2 1 -0.607176 -0.164519 
2.73684 -4 2 1 -0.537529 -0.163038 
3.15789 -4 2 1 -0.4771 -0.161753 
3.57895 -4 2 1 -0.424173 -0.160627 
4 -4 2 1 -0.377431 -0.159633 
0.210526 4 2 1 11.3439 -2.70164 
0.631579 4 2 1 5.31136 -1.29473 
1.05263 4 2 1 3.55998 -0.886271 
1.47368 4 2 1 2.72599 -0.691767 
1.89474 4 2 1 2.23818 -0.578 
2.31579 4 2 1 1.91806 -0.503341 
2.73684 4 2 1 1.69184 -0.450582 
3.15789 4 2 1 1.52349 -0.411319 
3.57895 4 2 1 1.39332 -0.380961 
4 4 2 1 1.28967 -0.356787 
4 -4 6 1 -0.307636 0.405964 
4 -3.57895 6 1 -0.257921 0.412413 
4 -3.15789 6 1 -0.206024 0.419146 
4 -2.73684 6 1 -0.151796 0.426181 
4 -2.31579 6 1 -0.0950776 0.433539 
4 -1.89474 6 1 -0.0356929 0.441243 
4 -1.47368 6 1 0.0265504 0.449317 
4 -1.05263 6 1 0.0918641 0.457791 
4 -0.631579 6 1 0.160481 0.466692 
4 -0.210526 6 1 0.232658 0.476056 
4 0.210526 6 1 0.30868 0.485918 
4 0.631579 6 1 0.388862 0.49632 
4 1.05263 6 1 0.473556 0.507307 
4 1.47368 6 1 0.563153 0.51893 
4 1.89474 6 1 0.658092 0.531247 
4 2.31579 6 1 0.758865 0.54432 
4 2.73684 6 1 0.866027 0.558222 
4 3.15789 6 1 0.980205 0.573034 
4 3.57895 6 1 1.10211 0.588849 
4 4 6 1 1.23256 0.605772 
-3.57895 -4 6 1 -49.3043 39.8153 
-3.15789 -4 6 1 -9.59271 7.8742 
-2.73684 -4 6 1 -5.16433 4.31234 
-2.31579 -4 6 1 -3.46026 2.9417 
-1.89474 -4 6 1 -2.55791 2.21592 
-1.47368 -4 6 1 -1.99924 1.76657 
-1.05263 -4 6 1 -1.61932 1.46099 
-0.631579 -4 6 1 -1.34419 1.2397 
-0.210526 -4 6 1 -1.13575 1.07204 
0.210526 -4 6 1 -0.972378 0.940634 
0.631579 -4 6 1 -0.840877 0.834864 
1.05263 -4 6 1 -0.732751 0.747895 
1.47368 -4 6 1 -0.642277 0.675125 
1.89474 -4 6 1 -0.565459 0.613338 
2.31579 -4 6 1 -0.499421 0.560222 
2.73684 -4 6 1 -0.442043 0.514071 
3.15789 -4 6 1 -0.391727 0.473601 
3.57895 -4 6 1 -0.347244 0.437822 
4 -4 6 1 -0.307636 0.405964 
-0.210526 4 6 1 10.1808 8.43121 
0.210526 4 6 1 5.17213 4.05101 
0.631579 4 6 1 3.5504 2.63277 
1.05263 4 6 1 2.74822 1.93124 
1.47368 4 6 1 2.26965 1.51273 
1.89474 4 6 1 1.95173 1.2347 
2.31579 4 6 1 1.72521 1.0366 
2.73684 4 6 1 1.55562 0.888289 
3.15789 4 6 1 1.42389 0.773091 
3.57895 4 6 1 1.31862 0.68103 
4 4 6 1 1.23256 0.605772 
