-3.21777 0.248168 -2.31351 1.6904 0 
-3.61885 0.335824 -2.4696 1.92811 1 
-4.2027 0.463422 -2.66994 2.23322 2 
-5.13109 0.66632 -2.93645 2.63911 3 
-6.83669 1.03908 -3.30843 3.20561 4 
-10.9981 1.94854 -3.86391 4.05157 5 
-36.5526 7.53344 -4.78311 5.45146 6 
-0.0420697 -0.0653358 -0.0516576 0.415973 20 
-0.0018242 -0.0590318 -0.0156053 0.438945 21 
0.0417471 -0.0522068 0.0231307 0.463628 22 
0.0890743 -0.0447936 0.0648616 0.490219 23 
0.140665 -0.0367125 0.109949 0.518949 24 
0.197122 -0.0278691 0.158814 0.550086 25 
0.259168 -0.0181503 0.211954 0.583946 26 
0.327677 -0.00741916 0.269953 0.620903 27 
0.403713 0.00449109 0.333511 0.661403 28 
0.48859 0.0177861 0.403468 0.705979 29 
0.583945 0.0327222 0.48084 0.75528 30 
0.691844 0.0496234 0.566873 0.810101 31 
0.814938 0.0689047 0.663107 0.871421 32 
0.95668 0.091107 0.771471 0.940471 33 
1.12165 0.116948 0.894412 1.01881 34 
1.31608 0.147403 1.03508 1.10845 35 
1.54863 0.183829 1.19762 1.21201 36 
1.83172 0.228171 1.38755 1.33304 37 
2.18383 0.283326 1.61244 1.47633 38 
2.63373 0.353798 1.8829 1.64868 39 
-3.21777 0.248168 -2.31351 1.6904 40 
-2.62849 0.189995 -1.97317 1.49864 41 
-2.18422 0.146137 -1.69654 1.34277 42 
-1.83731 0.11189 -1.46727 1.21359 43 
-1.55892 0.0844067 -1.27415 1.10478 44 
-1.33056 0.0618634 -1.10927 1.01188 45 
-1.13986 0.0430379 -0.966837 0.931625 46 
-0.97822 0.0270807 -0.842572 0.861609 47 
-0.839463 0.0133826 -0.733205 0.799986 48 
-0.719051 0.00149557 -0.636207 0.745334 49 
-0.613572 -0.00891725 -0.549593 0.696531 50 
-0.520411 -0.0181141 -0.47178 0.652688 51 
-0.437528 -0.0262963 -0.401491 0.613084 52 
-0.363312 -0.0336228 -0.337685 0.577134 53 
-0.296471 -0.0402214 -0.279506 0.544353 54 
-0.235958 -0.0461952 -0.22624 0.51434 55 
-0.180914 -0.0516292 -0.177289 0.486759 56 
-0.13063 -0.0565932 -0.132151 0.461326 57 
-0.0845146 -0.0611457 -0.090396 0.4378 58 
-0.0420697 -0.0653358 -0.0516576 0.415973 59 
13.5666 3.79719 3.44407 4.79403 73 
6.96563 1.71817 2.89234 3.68243 74 
4.90691 1.06975 2.54261 2.97783 75 
3.90219 0.75331 2.30112 2.49128 76 
3.30702 0.565856 2.12435 2.13514 77 
2.91338 0.441876 1.98936 1.86316 78 
2.63373 0.353798 1.8829 1.64868 79 
