4 -4 2 1 -1.63983 0.4051 
4 -3.57895 2 1 -1.43715 0.397707 
4 -3.15789 2 1 -1.25595 0.391098 
4 -2.73684 2 1 -1.09299 0.385153 
4 -2.31579 2 1 -0.945646 0.379779 
4 -1.89474 2 1 -0.811776 0.374896 
4 -1.47368 2 1 -0.689614 0.37044 
4 -1.05263 2 1 -0.577686 0.366357 
4 -0.631579 2 1 -0.474759 0.362603 
4 -0.210526 2 1 -0.37979 0.359139 
4 0.210526 2 1 -0.291889 0.355932 
4 0.631579 2 1 -0.210296 0.352956 
4 1.05263 2 1 -0.134356 0.350186 
4 1.47368 2 1 -0.0634995 0.347602 
4 1.89474 2 1 0.00276593 0.345185 
4 2.31579 2 1 0.064873 0.342919 
4 2.73684 2 1 0.123201 0.340792 
4 3.15789 2 1 0.178085 0.33879 
4 3.57895 2 1 0.229821 0.336902 
4 4 2 1 0.278673 0.335121 
0.631579 -4 2 1 -16.5938 3.80546 
1.05263 -4 2 1 -6.5271 1.51641 
1.47368 -4 2 1 -4.21537 0.990748 
1.89474 -4 2 1 -3.18929 0.75743 
2.31579 -4 2 1 -2.6097 0.625639 
2.73684 -4 2 1 -2.23725 0.540947 
3.15789 -4 2 1 -1.97773 0.481935 
3.57895 -4 2 1 -1.78654 0.43846 
4 -4 2 1 -1.63983 0.4051 
-3.57895 4 2 1 52.4378 12.2341 
-3.15789 4 2 1 10.9787 2.7761 
-2.73684 4 2 1 5.92749 1.62377 
-2.31579 4 2 1 3.95864 1.17462 
-1.89474 4 2 1 2.91035 0.935478 
-1.47368 4 2 1 2.25933 0.786963 
-1.05263 4 2 1 1.81572 0.685764 
-0.631579 4 2 1 1.49403 0.612377 
-0.210526 4 2 1 1.25006 0.556722 
0.210526 4 2 1 1.05869 0.513064 
0.631579 4 2 1 0.904559 0.477903 
1.05263 4 2 1 0.777762 0.448977 
1.47368 4 2 1 0.67162 0.424763 
1.89474 4 2 1 0.581466 0.404196 
2.31579 4 2 1 0.503941 0.386511 
2.73684 4 2 1 0.436565 0.37114 
3.15789 4 2 1 0.377468 0.357658 
3.57895 4 2 1 0.325211 0.345737 
4 4 2 1 0.278673 0.335121 
4 -4 6 1 -2.17753 2.10609 
4 -3.57895 6 1 -1.88395 1.97671 
4 -3.15789 6 1 -1.62908 1.8644 
4 -2.73684 6 1 -1.40574 1.76597 
4 -2.31579 6 1 -1.20841 1.67901 
4 -1.89474 6 1 -1.03281 1.60163 
4 -1.47368 6 1 -0.875523 1.53231 
4 -1.05263 6 1 -0.733835 1.46987 
4 -0.631579 6 1 -0.605535 1.41333 
4 -0.210526 6 1 -0.488809 1.3619 
4 0.210526 6 1 -0.382159 1.3149 
4 0.631579 6 1 -0.284335 1.27179 
4 1.05263 6 1 -0.194284 1.2321 
4 1.47368 6 1 -0.111115 1.19545 
4 1.89474 6 1 -0.0340688 1.1615 
4 2.31579 6 1 0.0375072 1.12996 
4 2.73684 6 1 0.104175 1.10058 
4 3.15789 6 1 0.166424 1.07314 
4 3.57895 6 1 0.224678 1.04747 
4 4 6 1 0.279311 1.0234 
1.47368 -4 6 1 -16.1377 18.6203 
1.89474 -4 6 1 -7.00812 7.82044 
2.31579 -4 6 1 -4.61604 4.99073 
2.73684 -4 6 1 -3.51347 3.68643 
3.15789 -4 6 1 -2.87907 2.93597 
3.57895 -4 6 1 -2.46687 2.44836 
4 -4 6 1 -2.17753 2.10609 
-2.73684 4 6 1 33.1776 36.6608 
-2.31579 4 6 1 8.95466 10.4211 
-1.89474 4 6 1 4.99038 6.12671 
-1.47368 4 6 1 3.36396 4.36488 
-1.05263 4 6 1 2.47828 3.40545 
-0.631579 4 6 1 1.92115 2.80194 
-0.210526 4 6 1 1.53836 2.38728 
0.210526 4 6 1 1.25915 2.08482 
0.631579 4 6 1 1.04649 1.85445 
1.05263 4 6 1 0.879111 1.67314 
1.47368 4 6 1 0.74395 1.52672 
1.89474 4 6 1 0.63252 1.40601 
2.31579 4 6 1 0.539074 1.30479 
2.73684 4 6 1 0.459585 1.21868 
3.15789 4 6 1 0.391143 1.14454 
3.57895 4 6 1 0.331594 1.08003 
4 4 6 1 0.279311 1.0234 
