13.9699 -1.79069 15.2295 12.5102 14 
7.76284 -0.880159 7.78586 6.02779 15 
5.57258 -0.558867 5.45379 3.99687 16 
4.45321 -0.394665 4.31384 3.00413 17 
3.77363 -0.294975 3.63799 2.41557 18 
3.31721 -0.228022 3.19076 2.02609 19 
-2.89169 -0.849671 -3.20517 1.38596 20 
-2.34366 -0.713917 -2.59767 1.20176 21 
-1.93112 -0.611725 -2.14374 1.06413 22 
-1.60935 -0.532017 -1.79168 0.957378 23 
-1.35136 -0.468109 -1.51066 0.87217 24 
-1.13989 -0.415727 -1.28114 0.802579 25 
-0.96341 -0.37201 -1.09016 0.744673 26 
-0.813893 -0.334972 -0.928767 0.695736 27 
-0.685598 -0.303192 -0.790573 0.653835 28 
-0.574308 -0.275624 -0.670914 0.617553 29 
-0.476852 -0.251482 -0.566296 0.585832 30 
-0.3908 -0.230166 -0.474049 0.557862 31 
-0.314262 -0.211207 -0.392103 0.533015 32 
-0.245743 -0.194234 -0.318823 0.510796 33 
-0.184046 -0.17895 -0.252903 0.490808 34 
-0.128199 -0.165116 -0.193288 0.472732 35 
-0.0774081 -0.152535 -0.139114 0.456306 36 
-0.0310169 -0.141043 -0.089669 0.441314 37 
0.0115228 -0.130505 -0.0443597 0.427576 38 
0.0506715 -0.120807 -0.00268796 0.414941 39 
-11.5845 -4.3504 -15.3139 9.45807 54 
-6.51872 -2.31033 -7.8258 4.46625 55 
-4.73164 -1.59065 -5.48059 2.90284 56 
-3.81842 -1.22288 -4.33435 2.13872 57 
-3.26402 -0.999615 -3.65482 1.68572 58 
-2.89169 -0.849671 -3.20517 1.38596 59 
3.31721 -0.228022 3.19076 2.02609 60 
2.70885 -0.208054 2.58503 1.72049 61 
2.25088 -0.193023 2.1324 1.49213 62 
1.89367 -0.181298 1.78134 1.31501 63 
1.60725 -0.171898 1.50111 1.17363 64 
1.37249 -0.164192 1.27224 1.05817 65 
1.17656 -0.157761 1.0818 0.962083 66 
1.01056 -0.152313 0.920851 0.880882 67 
0.868125 -0.147638 0.78304 0.811354 68 
0.744566 -0.143582 0.663711 0.751151 69 
0.636365 -0.140031 0.559381 0.698514 70 
0.540826 -0.136895 0.467388 0.652102 71 
0.455849 -0.134106 0.385666 0.610872 72 
0.379775 -0.131609 0.312586 0.574002 73 
0.311274 -0.129361 0.246846 0.540835 74 
0.249268 -0.127326 0.187394 0.51084 75 
0.192877 -0.125475 0.133367 0.483583 76 
0.141369 -0.123784 0.084057 0.458705 77 
0.0941379 -0.122234 0.0388707 0.435908 78 
0.0506715 -0.120807 -0.00268796 0.414941 79 
