-4 -4 2 1 -1.0688 0.0618711 
-4 -3.57895 2 1 -1.14171 0.0624952 
-4 -3.15789 2 1 -1.22959 0.0632475 
-4 -2.73684 2 1 -1.33761 0.0641721 
-4 -2.31579 2 1 -1.47356 0.0653358 
-4 -1.89474 2 1 -1.6499 0.0668453 
-4 -1.47368 2 1 -1.88777 0.0688814 
-4 -1.05263 2 1 -2.22616 0.071778 
-4 -0.631579 2 1 -2.74588 0.0762267 
-4 -0.210526 2 1 -3.646 0.0839316 
-4 0.210526 2 1 -5.58526 0.100531 
-4 0.631579 2 1 -12.8199 0.162459 
4 -4 2 1 0.375869 0.169928 
4 -3.57895 2 1 0.417161 0.177084 
4 -3.15789 2 1 0.463946 0.185191 
4 -2.73684 2 1 0.517397 0.194453 
4 -2.31579 2 1 0.579047 0.205136 
4 -1.89474 2 1 0.65094 0.217595 
4 -1.47368 2 1 0.735861 0.23231 
4 -1.05263 2 1 0.837703 0.249958 
4 -0.631579 2 1 0.962083 0.271512 
4 -0.210526 2 1 1.11741 0.298428 
4 0.210526 2 1 1.31689 0.332995 
4 0.631579 2 1 1.58244 0.379012 
4 1.05263 2 1 1.95344 0.4433 
4 1.47368 2 1 2.50821 0.539435 
4 1.89474 2 1 3.42829 0.698874 
4 2.31579 2 1 5.25161 1.01483 
4 2.73684 2 1 10.5904 1.93998 
4 3.15789 2 1 302.164 52.466 
-4 -4 2 1 -1.0688 0.0618711 
-3.57895 -4 2 1 -0.960953 0.0699379 
-3.15789 -4 2 1 -0.858004 0.0776381 
-2.73684 -4 2 1 -0.759629 0.0849963 
-2.31579 -4 2 1 -0.665529 0.0920347 
-1.89474 -4 2 1 -0.575432 0.0987737 
-1.47368 -4 2 1 -0.489087 0.105232 
-1.05263 -4 2 1 -0.406264 0.111427 
-0.631579 -4 2 1 -0.326753 0.117374 
-0.210526 -4 2 1 -0.250359 0.123088 
0.210526 -4 2 1 -0.176902 0.128583 
0.631579 -4 2 1 -0.106216 0.13387 
1.05263 -4 2 1 -0.0381472 0.138961 
1.47368 -4 2 1 0.0274477 0.143867 
1.89474 -4 2 1 0.0907007 0.148599 
2.31579 -4 2 1 0.151735 0.153164 
2.73684 -4 2 1 0.210666 0.157572 
3.15789 -4 2 1 0.267599 0.16183 
3.57895 -4 2 1 0.322636 0.165947 
4 -4 2 1 0.375869 0.169928 
-4 -4 6 1 -1.22939 0.964824 
-4 -3.57895 6 1 -1.32433 1.05641 
-4 -3.15789 6 1 -1.44053 1.16849 
-4 -2.73684 6 1 -1.58603 1.30884 
-4 -2.31579 6 1 -1.77351 1.48968 
-4 -1.89474 6 1 -2.02418 1.73148 
-4 -1.47368 6 1 -2.3765 2.07133 
-4 -1.05263 6 1 -2.90799 2.584 
-4 -0.631579 6 1 -3.80196 3.44633 
-4 -0.210526 6 1 -5.62108 5.20106 
-4 0.210526 6 1 -11.3415 10.719 
4 -4 6 1 0.338911 0.783204 
4 -3.57895 6 1 0.379945 0.830983 
4 -3.15789 6 1 0.426745 0.885474 
4 -2.73684 6 1 0.480614 0.948198 
4 -2.31579 6 1 0.543288 1.02117 
4 -1.89474 6 1 0.617117 1.10714 
4 -1.47368 6 1 0.705369 1.20989 
4 -1.05263 6 1 0.812728 1.3349 
4 -0.631579 6 1 0.946153 1.49025 
4 -0.210526 6 1 1.11645 1.68853 
4 0.210526 6 1 1.34135 1.9504 
4 0.631579 6 1 1.65213 2.31226 
4 1.05263 6 1 2.1096 2.84491 
4 1.47368 6 1 2.84967 3.70662 
4 1.89474 6 1 4.25128 5.33858 
4 2.31579 6 1 7.9182 9.60818 
4 2.73684 6 1 42.471 49.8399 
-4 -4 6 1 -1.22939 0.964824 
-3.57895 -4 6 1 -1.10985 0.950981 
-3.15789 -4 6 1 -0.996115 0.93781 
-2.73684 -4 6 1 -0.887778 0.925264 
-2.31579 -4 6 1 -0.784462 0.913299 
-1.89474 -4 6 1 -0.685826 0.901876 
-1.47368 -4 6 1 -0.591558 0.890959 
-1.05263 -4 6 1 -0.501376 0.880515 
-0.631579 -4 6 1 -0.415017 0.870515 
-0.210526 -4 6 1 -0.332246 0.860929 
0.210526 -4 6 1 -0.252842 0.851733 
0.631579 -4 6 1 -0.176605 0.842905 
1.05263 -4 6 1 -0.103348 0.834421 
1.47368 -4 6 1 -0.0328997 0.826263 
1.89474 -4 6 1 0.0348975 0.818411 
2.31579 -4 6 1 0.100191 0.81085 
2.73684 -4 6 1 0.163117 0.803562 
3.15789 -4 6 1 0.223802 0.796535 
3.57895 -4 6 1 0.282363 0.789753 
4 -4 6 1 0.338911 0.783204 
