-4 0.210526 2 1 56.6821 14.2622 
-4 0.631579 2 1 9.35583 2.1564 
-4 1.05263 2 1 5.36227 1.13487 
-4 1.47368 2 1 3.87697 0.754942 
-4 1.89474 2 1 3.10161 0.556609 
-4 2.31579 2 1 2.62537 0.434789 
-4 2.73684 2 1 2.30314 0.352365 
-4 3.15789 2 1 2.07061 0.292887 
-4 3.57895 2 1 1.89491 0.247943 
-4 4 2 1 1.75747 0.212787 
4 -4 2 1 -7.56033 0.211301 
4 -3.57895 2 1 -4.79645 0.114736 
4 -3.15789 2 1 -3.42696 0.0668881 
4 -2.73684 2 1 -2.60921 0.0383172 
4 -2.31579 2 1 -2.06567 0.019327 
4 -1.89474 2 1 -1.67823 0.00579035 
4 -1.47368 2 1 -1.38808 -0.00434696 
4 -1.05263 2 1 -1.16266 -0.0122226 
4 -0.631579 2 1 -0.982492 -0.0185174 
4 -0.210526 2 1 -0.835187 -0.023664 
4 0.210526 2 1 -0.712506 -0.0279503 
4 0.631579 2 1 -0.60875 -0.0315753 
4 1.05263 2 1 -0.519855 -0.0346811 
4 1.47368 2 1 -0.442841 -0.0373719 
4 1.89474 2 1 -0.375475 -0.0397255 
4 2.31579 2 1 -0.316051 -0.0418017 
4 2.73684 2 1 -0.263243 -0.0436467 
4 3.15789 2 1 -0.216004 -0.0452971 
4 3.57895 2 1 -0.173498 -0.0467822 
4 4 2 1 -0.135046 -0.0481257 
2.73684 -4 2 1 -113.664 8.46542 
3.15789 -4 2 1 -17.7463 1.0037 
3.57895 -4 2 1 -10.3044 0.424769 
4 -4 2 1 -7.56033 0.211301 
-4 4 2 1 1.75747 0.212787 
-3.57895 4 2 1 1.54449 0.183423 
-3.15789 4 2 1 1.35684 0.157553 
-2.73684 4 2 1 1.19025 0.134587 
-2.31579 4 2 1 1.04138 0.114063 
-1.89474 4 2 1 0.907536 0.0956102 
-1.47368 4 2 1 0.786552 0.0789307 
-1.05263 4 2 1 0.676661 0.0637805 
-0.631579 4 2 1 0.576403 0.0499585 
-0.210526 4 2 1 0.484566 0.0372974 
0.210526 4 2 1 0.400131 0.0256567 
0.631579 4 2 1 0.322238 0.014918 
1.05263 4 2 1 0.250155 0.00498021 
1.47368 4 2 1 0.183255 -0.00424294 
1.89474 4 2 1 0.120999 -0.0128259 
2.31579 4 2 1 0.0629195 -0.0208331 
2.73684 4 2 1 0.00860959 -0.0283205 
3.15789 4 2 1 -0.0422861 -0.0353373 
3.57895 4 2 1 -0.0900796 -0.0419263 
4 4 2 1 -0.135046 -0.0481257 
-4 -0.210526 6 1 15.5589 24.1049 
-4 0.210526 6 1 6.07857 8.74724 
-4 0.631579 6 1 3.96318 5.32041 
-4 1.05263 6 1 3.03141 3.81099 
-4 1.47368 6 1 2.50702 2.9615 
-4 1.89474 6 1 2.17077 2.41679 
-4 2.31579 6 1 1.93681 2.03779 
-4 2.73684 6 1 1.76462 1.75886 
-4 3.15789 6 1 1.6326 1.54499 
-4 3.57895 6 1 1.52816 1.3758 
-4 4 6 1 1.44347 1.2386 
4 -4 6 1 -4.68874 3.4457 
4 -3.57895 6 1 -3.46668 2.63717 
4 -3.15789 6 1 -2.70109 2.13065 
4 -2.73684 6 1 -2.17647 1.78356 
4 -2.31579 6 1 -1.79451 1.53085 
4 -1.89474 6 1 -1.50399 1.33864 
4 -1.47368 6 1 -1.27558 1.18753 
4 -1.05263 6 1 -1.0913 1.0656 
4 -0.631579 6 1 -0.93947 0.965153 
4 -0.210526 6 1 -0.812222 0.880964 
4 0.210526 6 1 -0.70403 0.809384 
4 0.631579 6 1 -0.610914 0.747777 
4 1.05263 6 1 -0.529926 0.694195 
4 1.47368 6 1 -0.458842 0.647166 
4 1.89474 6 1 -0.39595 0.605556 
4 2.31579 6 1 -0.339911 0.56848 
4 2.73684 6 1 -0.289663 0.535236 
4 3.15789 6 1 -0.244353 0.505258 
4 3.57895 6 1 -0.203286 0.478088 
4 4 6 1 -0.165893 0.453348 
1.89474 -4 6 1 -42.1935 48.4932 
2.31579 -4 6 1 -13.4189 13.9316 
2.73684 -4 6 1 -8.51991 8.04736 
3.15789 -4 6 1 -6.49392 5.61393 
3.57895 -4 6 1 -5.38668 4.284 
4 -4 6 1 -4.68874 3.4457 
-4 4 6 1 1.44347 1.2386 
-3.57895 4 6 1 1.27432 1.15607 
-3.15789 4 6 1 1.12293 1.0822 
-2.73684 4 6 1 0.986634 1.0157 
-2.31579 4 6 1 0.863285 0.955516 
-1.89474 4 6 1 0.751121 0.900788 
-1.47368 4 6 1 0.648687 0.850807 
-1.05263 4 6 1 0.55477 0.804982 
-0.631579 4 6 1 0.468349 0.762814 
-0.210526 4 6 1 0.388561 0.723884 
0.210526 4 6 1 0.314672 0.687831 
0.631579 4 6 1 0.24605 0.654348 
1.05263 4 6 1 0.182152 0.62317 
1.47368 4 6 1 0.122505 0.594067 
1.89474 4 6 1 0.0667002 0.566838 
2.31579 4 6 1 0.0143768 0.541308 
2.73684 4 6 1 -0.0347808 0.517322 
3.15789 4 6 1 -0.0810515 0.494745 
3.57895 4 6 1 -0.124682 0.473456 
4 4 6 1 -0.165893 0.453348 
