4 -4 2 1 -0.816291 0.0436758 
4 -3.57895 2 1 -0.730659 0.0393996 
4 -3.15789 2 1 -0.646292 0.0351866 
4 -2.73684 2 1 -0.563163 0.0310354 
4 -2.31579 2 1 -0.481243 0.0269446 
4 -1.89474 2 1 -0.400508 0.0229129 
4 -1.47368 2 1 -0.32093 0.018939 
4 -1.05263 2 1 -0.242487 0.0150218 
4 -0.631579 2 1 -0.165153 0.01116 
4 -0.210526 2 1 -0.088905 0.0073524 
4 0.210526 2 1 -0.0137207 0.00359792 
4 0.631579 2 1 0.0604221 -0.000104547 
4 1.05263 2 1 0.133545 -0.00375609 
4 1.47368 2 1 0.205669 -0.00735774 
4 1.89474 2 1 0.276814 -0.0109105 
4 2.31579 2 1 0.347001 -0.0144154 
4 2.73684 2 1 0.416248 -0.0178734 
4 3.15789 2 1 0.484573 -0.0212854 
4 3.57895 2 1 0.551997 -0.0246523 
4 4 2 1 0.618535 -0.027975 
-1.05263 -4 2 1 -15.1853 -2.25484 
-0.631579 -4 2 1 -5.8081 -0.754828 
-0.210526 -4 2 1 -3.61577 -0.404137 
0.210526 -4 2 1 -2.63794 -0.24772 
0.631579 -4 2 1 -2.08431 -0.15916 
1.05263 -4 2 1 -1.72804 -0.10217 
1.47368 -4 2 1 -1.47957 -0.0624235 
1.89474 -4 2 1 -1.29639 -0.0331223 
2.31579 -4 2 1 -1.15576 -0.0106272 
2.73684 -4 2 1 -1.0444 0.00718648 
3.15789 -4 2 1 -0.954032 0.0216423 
3.57895 -4 2 1 -0.879229 0.0336079 
4 -4 2 1 -0.816291 0.0436758 
-1.89474 4 2 1 24.8716 -6.52247 
-1.47368 4 2 1 7.1266 -1.77071 
-1.05263 4 2 1 4.12957 -0.968162 
-0.631579 4 2 1 2.89217 -0.63681 
-0.210526 4 2 1 2.2164 -0.455853 
0.210526 4 2 1 1.79062 -0.341837 
0.631579 4 2 1 1.49776 -0.263415 
1.05263 4 2 1 1.28399 -0.20617 
1.47368 4 2 1 1.12107 -0.162544 
1.89474 4 2 1 0.992795 -0.128194 
2.31579 4 2 1 0.889171 -0.100446 
2.73684 4 2 1 0.803717 -0.0775632 
3.15789 4 2 1 0.732039 -0.0583692 
3.57895 4 2 1 0.671054 -0.0420385 
4 4 2 1 0.618535 -0.027975 
4 -4 6 1 -0.869679 0.904795 
4 -3.57895 6 1 -0.772335 0.892706 
4 -3.15789 6 1 -0.676617 0.880819 
4 -2.73684 6 1 -0.582484 0.869129 
4 -2.31579 6 1 -0.489897 0.857631 
4 -1.89474 6 1 -0.398818 0.84632 
4 -1.47368 6 1 -0.309211 0.835192 
4 -1.05263 6 1 -0.22104 0.824242 
4 -0.631579 6 1 -0.134271 0.813467 
4 -0.210526 6 1 -0.0488717 0.802861 
4 0.210526 6 1 0.0351913 0.792421 
4 0.631579 6 1 0.117949 0.782144 
4 1.05263 6 1 0.19943 0.772025 
4 1.47368 6 1 0.279666 0.762061 
4 1.89474 6 1 0.358684 0.752248 
4 2.31579 6 1 0.436512 0.742582 
4 2.73684 6 1 0.513176 0.733062 
4 3.15789 6 1 0.588702 0.723682 
4 3.57895 6 1 0.663116 0.714441 
4 4 6 1 0.736441 0.705335 
-0.631579 -4 6 1 -65.4794 62.2272 
-0.210526 -4 6 1 -7.78741 7.47055 
0.210526 -4 6 1 -4.17745 4.04426 
0.631579 -4 6 1 -2.87159 2.80485 
1.05263 -4 6 1 -2.19758 2.16513 
1.47368 -4 6 1 -1.78616 1.77464 
1.89474 -4 6 1 -1.50889 1.51149 
2.31579 -4 6 1 -1.30936 1.32211 
2.73684 -4 6 1 -1.1589 1.1793 
3.15789 -4 6 1 -1.04138 1.06776 
3.57895 -4 6 1 -0.947059 0.978237 
4 -4 6 1 -0.869679 0.904795 
-1.05263 4 6 1 11.3465 7.73706 
-0.631579 4 6 1 5.42218 3.81076 
-0.210526 4 6 1 3.5422 2.56482 
0.210526 4 6 1 2.61903 1.953 
0.631579 4 6 1 2.0704 1.5894 
1.05263 4 6 1 1.70681 1.34844 
1.47368 4 6 1 1.44816 1.17702 
1.89474 4 6 1 1.25474 1.04883 
2.31579 4 6 1 1.10465 0.949361 
2.73684 4 6 1 0.984787 0.869923 
3.15789 4 6 1 0.886857 0.805021 
3.57895 4 6 1 0.805345 0.751 
4 4 6 1 0.736441 0.705335 
