4 -4 2 1 -1.00774 0.0493085 
4 -3.57895 2 1 -0.900446 0.0499824 
4 -3.15789 2 1 -0.797368 0.0506297 
4 -2.73684 2 1 -0.698261 0.0512521 
4 -2.31579 2 1 -0.6029 0.051851 
4 -1.89474 2 1 -0.511077 0.0524277 
4 -1.47368 2 1 -0.422598 0.0529834 
4 -1.05263 2 1 -0.337283 0.0535192 
4 -0.631579 2 1 -0.254967 0.0540362 
4 -0.210526 2 1 -0.175493 0.0545353 
4 0.210526 2 1 -0.0987169 0.0550174 
4 0.631579 2 1 -0.0245038 0.0554835 
4 1.05263 2 1 0.0472726 0.0559343 
4 1.47368 2 1 0.116731 0.0563705 
4 1.89474 2 1 0.18398 0.0567929 
4 2.31579 2 1 0.249126 0.057202 
4 2.73684 2 1 0.312264 0.0575985 
4 3.15789 2 1 0.373487 0.057983 
4 3.57895 2 1 0.43288 0.058356 
4 4 2 1 0.490524 0.058718 
-0.631579 -4 2 1 -18.9917 -3.49278 
-0.210526 -4 2 1 -6.26029 -0.985225 
0.210526 -4 2 1 -3.82374 -0.505327 
0.631579 -4 2 1 -2.79019 -0.30176 
1.05263 -4 2 1 -2.21873 -0.189207 
1.47368 -4 2 1 -1.85609 -0.117781 
1.89474 -4 2 1 -1.60549 -0.0684227 
2.31579 -4 2 1 -1.42195 -0.0322736 
2.73684 -4 2 1 -1.28173 -0.00465703 
3.15789 -4 2 1 -1.17112 0.0171292 
3.57895 -4 2 1 -1.08163 0.0347551 
4 -4 2 1 -1.00774 0.0493085 
-2.31579 4 2 1 12.1746 -2.24808 
-1.89474 4 2 1 5.7452 -0.978713 
-1.47368 4 2 1 3.70453 -0.575824 
-1.05263 4 2 1 2.70239 -0.37797 
-0.631579 4 2 1 2.1068 -0.260382 
-0.210526 4 2 1 1.71208 -0.182454 
0.210526 4 2 1 1.43128 -0.127015 
0.631579 4 2 1 1.2213 -0.0855589 
1.05263 4 2 1 1.05835 -0.0533873 
1.47368 4 2 1 0.928215 -0.0276955 
1.89474 4 2 1 0.821896 -0.00670478 
2.31579 4 2 1 0.7334 0.0107669 
2.73684 4 2 1 0.658593 0.0255361 
3.15789 4 2 1 0.594526 0.0381848 
3.57895 4 2 1 0.539042 0.0491391 
4 4 2 1 0.490524 0.058718 
4 -4 6 1 -1.18239 1.079 
4 -3.57895 6 1 -1.05002 1.05516 
4 -3.15789 6 1 -0.92384 1.03243 
4 -2.73684 6 1 -0.803422 1.01074 
4 -2.31579 6 1 -0.688383 0.99002 
4 -1.89474 6 1 -0.57837 0.970205 
4 -1.47368 6 1 -0.473061 0.951238 
4 -1.05263 6 1 -0.37216 0.933064 
4 -0.631579 6 1 -0.275396 0.915635 
4 -0.210526 6 1 -0.18252 0.898907 
4 0.210526 6 1 -0.0933018 0.882838 
4 0.631579 6 1 -0.00753018 0.867389 
4 1.05263 6 1 0.0749912 0.852526 
4 1.47368 6 1 0.154444 0.838215 
4 1.89474 6 1 0.230995 0.824427 
4 2.31579 6 1 0.304802 0.811134 
4 2.73684 6 1 0.376008 0.798308 
4 3.15789 6 1 0.44475 0.785927 
4 3.57895 6 1 0.511153 0.773967 
4 4 6 1 0.575334 0.762407 
0.210526 -4 6 1 -16.3001 15.0608 
0.631579 -4 6 1 -6.03211 5.56431 
1.05263 -4 6 1 -3.77131 3.47339 
1.47368 -4 6 1 -2.77895 2.55559 
1.89474 -4 6 1 -2.22139 2.03993 
2.31579 -4 6 1 -1.86422 1.70959 
2.73684 -4 6 1 -1.61587 1.4799 
3.15789 -4 6 1 -1.43317 1.31094 
3.57895 -4 6 1 -1.29314 1.18143 
4 -4 6 1 -1.18239 1.079 
-1.89474 4 6 1 532.63 369.417 
-1.47368 4 6 1 10.8755 7.89923 
-1.05263 4 6 1 5.37931 4.09102 
-0.631579 4 6 1 3.52144 2.80373 
-0.210526 4 6 1 2.58759 2.15667 
0.210526 4 6 1 2.02569 1.76734 
0.631579 4 6 1 1.65043 1.50733 
1.05263 4 6 1 1.38207 1.32138 
1.47368 4 6 1 1.18061 1.1818 
1.89474 4 6 1 1.02382 1.07316 
2.31579 4 6 1 0.898321 0.986201 
2.73684 4 6 1 0.795595 0.915023 
3.15789 4 6 1 0.70996 0.855687 
3.57895 4 6 1 0.637477 0.805465 
4 4 6 1 0.575334 0.762407 
