16.2717 1.79768 8.78292 8.37386 4 
6.22415 0.66168 4.86459 4.66456 5 
3.81271 0.389034 3.34091 3.22216 6 
2.7293 0.26654 2.53046 2.45495 7 
2.11373 0.196942 2.02743 1.97875 8 
1.71677 0.15206 1.6848 1.65439 9 
1.43953 0.120714 1.43639 1.41924 10 
1.23494 0.0975832 1.24803 1.24093 11 
1.07776 0.0798117 1.10031 1.10108 12 
0.953218 0.0657305 0.981339 0.988464 13 
0.852104 0.0542982 0.88348 0.895825 14 
0.768376 0.0448317 0.801568 0.818283 15 
0.697905 0.036864 0.732 0.752426 16 
0.637773 0.0300653 0.67218 0.695797 17 
0.585861 0.024196 0.620194 0.646584 18 
0.540591 0.0190776 0.574597 0.60342 19 
-20.5953 6.84679 -7.4614 11.627 26 
-6.30474 2.02876 -3.92192 5.99307 27 
-3.7631 1.17185 -2.68556 4.02509 28 
-2.70231 0.814208 -2.05621 3.02331 29 
-2.12015 0.617933 -1.67494 2.41642 30 
-1.75231 0.493915 -1.41922 2.00938 31 
-1.49883 0.408457 -1.2358 1.71742 32 
-1.31356 0.345993 -1.09782 1.49779 33 
-1.17223 0.298344 -0.99025 1.32657 34 
-1.06087 0.260799 -0.904038 1.18934 35 
-0.970857 0.23045 -0.833397 1.0769 36 
-0.89659 0.205411 -0.774458 0.983082 37 
-0.83427 0.1844 -0.724535 0.903617 38 
-0.781228 0.166517 -0.681707 0.835445 39 
0.540591 0.0190776 0.574597 0.60342 60 
0.480362 0.0257957 0.517001 0.614057 61 
0.419228 0.0326148 0.458574 0.624848 62 
0.357168 0.0395371 0.399298 0.635795 63 
0.294161 0.0465651 0.339154 0.646903 64 
0.230185 0.0537012 0.278123 0.658175 65 
0.165218 0.0609478 0.216185 0.669614 66 
0.0992362 0.0683076 0.15332 0.681225 67 
0.0322159 0.0757833 0.0895068 0.69301 68 
-0.0358676 0.0833775 0.0247239 0.704975 69 
-0.10504 0.0910932 -0.0410512 0.717123 70 
-0.175327 0.0989333 -0.107841 0.729458 71 
-0.246757 0.106901 -0.17567 0.741985 72 
-0.319357 0.114999 -0.244562 0.754709 73 
-0.393156 0.123231 -0.314542 0.767633 74 
-0.468185 0.1316 -0.385636 0.780764 75 
-0.544474 0.140109 -0.457872 0.794105 76 
-0.622055 0.148763 -0.531276 0.807662 77 
-0.700962 0.157564 -0.605878 0.82144 78 
-0.781228 0.166517 -0.681707 0.835445 79 
