4 -4 2 1 -1.5488 0.404107 
4 -3.57895 2 1 -1.3624 0.397396 
4 -3.15789 2 1 -1.19388 0.391329 
4 -2.73684 2 1 -1.04078 0.385818 
4 -2.31579 2 1 -0.90108 0.380788 
4 -1.89474 2 1 -0.773088 0.37618 
4 -1.47368 2 1 -0.655394 0.371943 
4 -1.05263 2 1 -0.546803 0.368034 
4 -0.631579 2 1 -0.446299 0.364416 
4 -0.210526 2 1 -0.353011 0.361057 
4 0.210526 2 1 -0.266187 0.357931 
4 0.631579 2 1 -0.18518 0.355015 
4 1.05263 2 1 -0.109423 0.352288 
4 1.47368 2 1 -0.0384223 0.349732 
4 1.89474 2 1 0.0282569 0.347331 
4 2.31579 2 1 0.0909972 0.345072 
4 2.73684 2 1 0.150138 0.342943 
4 3.15789 2 1 0.20598 0.340933 
4 3.57895 2 1 0.258791 0.339032 
4 4 2 1 0.308813 0.337231 
0.631579 -4 2 1 -11.2816 2.57474 
1.05263 -4 2 1 -5.52038 1.28986 
1.47368 -4 2 1 -3.76849 0.89915 
1.89474 -4 2 1 -2.92105 0.710152 
2.31579 -4 2 1 -2.42136 0.598709 
2.73684 -4 2 1 -2.09181 0.525211 
3.15789 -4 2 1 -1.85814 0.473098 
3.57895 -4 2 1 -1.68382 0.434221 
4 -4 2 1 -1.5488 0.404107 
-3.15789 4 2 1 16.8808 3.88865 
-2.73684 4 2 1 7.31214 1.83806 
-2.31579 4 2 1 4.542 1.24441 
-1.89474 4 2 1 3.22412 0.961988 
-1.47368 4 2 1 2.45366 0.796877 
-1.05263 4 2 1 1.94819 0.688554 
-0.631579 4 2 1 1.59107 0.612021 
-0.210526 4 2 1 1.32534 0.555074 
0.210526 4 2 1 1.1199 0.511048 
0.631579 4 2 1 0.956321 0.475993 
1.05263 4 2 1 0.822995 0.447421 
1.47368 4 2 1 0.712238 0.423686 
1.89474 4 2 1 0.618766 0.403654 
2.31579 4 2 1 0.538827 0.386523 
2.73684 4 2 1 0.469679 0.371705 
3.15789 4 2 1 0.409276 0.35876 
3.57895 4 2 1 0.356057 0.347355 
4 4 2 1 0.308813 0.337231 
4 -4 6 1 -2.04538 2.03385 
4 -3.57895 6 1 -1.77814 1.92162 
4 -3.15789 6 1 -1.54289 1.82282 
4 -2.73684 6 1 -1.33421 1.73518 
4 -2.31579 6 1 -1.14784 1.65691 
4 -1.89474 6 1 -0.980382 1.58658 
4 -1.47368 6 1 -0.829096 1.52305 
4 -1.05263 6 1 -0.691749 1.46536 
4 -0.631579 6 1 -0.566499 1.41276 
4 -0.210526 6 1 -0.451814 1.3646 
4 0.210526 6 1 -0.346412 1.32033 
4 0.631579 6 1 -0.249211 1.27951 
4 1.05263 6 1 -0.159288 1.24174 
4 1.47368 6 1 -0.0758553 1.2067 
4 1.89474 6 1 0.00176464 1.1741 
4 2.31579 6 1 0.0741591 1.1437 
4 2.73684 6 1 0.141839 1.11528 
4 3.15789 6 1 0.205249 1.08865 
4 3.57895 6 1 0.264782 1.06364 
4 4 6 1 0.320783 1.04012 
1.47368 -4 6 1 -12.2021 14.1901 
1.89474 -4 6 1 -6.10429 6.89185 
2.31579 -4 6 1 -4.18102 4.58995 
2.73684 -4 6 1 -3.23866 3.46205 
3.15789 -4 6 1 -2.67925 2.79252 
3.57895 -4 6 1 -2.30879 2.34913 
4 -4 6 1 -2.04538 2.03385 
-2.31579 4 6 1 14.3457 16.2262 
-1.89474 4 6 1 6.38233 7.60351 
-1.47368 4 6 1 3.983 5.00554 
-1.05263 4 6 1 2.82607 3.75282 
-0.631579 4 6 1 2.145 3.01537 
-0.210526 4 6 1 1.69628 2.5295 
0.210526 4 6 1 1.37833 2.18523 
0.631579 4 6 1 1.14127 1.92854 
1.05263 4 6 1 0.9577 1.72977 
1.47368 4 6 1 0.811357 1.57131 
1.89474 4 6 1 0.69196 1.44203 
2.31579 4 6 1 0.592692 1.33455 
2.73684 4 6 1 0.50886 1.24377 
3.15789 4 6 1 0.437123 1.1661 
3.57895 4 6 1 0.375039 1.09887 
4 4 6 1 0.320783 1.04012 
