-0.325418 -0.27188 -0.262859 0.288047 20 
-0.276092 -0.279165 -0.216018 0.295231 21 
-0.224031 -0.286854 -0.166796 0.302781 22 
-0.169 -0.294982 -0.115009 0.310724 23 
-0.110737 -0.303587 -0.0604487 0.319092 24 
-0.0489496 -0.312712 -0.00288749 0.327921 25 
0.0166927 -0.322407 0.0579295 0.337249 26 
0.086562 -0.332726 0.122287 0.34712 27 
0.16108 -0.343732 0.190502 0.357583 28 
0.240728 -0.355496 0.262934 0.368692 29 
0.326052 -0.368097 0.339985 0.38051 30 
0.417683 -0.381631 0.422112 0.393107 31 
0.516347 -0.396203 0.509834 0.406561 32 
0.622886 -0.411938 0.603742 0.420965 33 
0.738281 -0.428981 0.704515 0.436421 34 
0.863686 -0.447502 0.812934 0.45305 35 
1.00046 -0.467703 0.929904 0.470991 36 
1.15023 -0.489822 1.05648 0.490405 37 
1.31492 -0.514147 1.19389 0.51148 38 
1.4969 -0.541024 1.34359 0.534441 39 
-15.102 -1.99303 -5.28533 3.51876 42 
-6.94702 -1.04315 -3.62454 2.45046 43 
-4.39907 -0.746372 -2.70814 1.86098 44 
-3.15481 -0.601442 -2.12729 1.48735 45 
-2.41749 -0.515561 -1.72621 1.22935 46 
-1.92974 -0.458749 -1.43263 1.0405 47 
-1.58319 -0.418382 -1.20843 0.896289 48 
-1.32427 -0.388224 -1.03162 0.782556 49 
-1.12348 -0.364836 -0.888613 0.690566 50 
-0.963211 -0.346169 -0.770558 0.614626 51 
-0.83233 -0.330924 -0.671449 0.550874 52 
-0.723428 -0.318239 -0.587063 0.496593 53 
-0.6314 -0.30752 -0.514348 0.449818 54 
-0.552604 -0.298342 -0.451038 0.409094 55 
-0.484379 -0.290395 -0.39542 0.373318 56 
-0.42473 -0.283448 -0.346172 0.341639 57 
-0.372137 -0.277322 -0.302259 0.313391 58 
-0.325418 -0.27188 -0.262859 0.288047 59 
10.0275 -3.5254 4.13258 2.80079 71 
5.16863 -1.82555 3.09095 1.95436 72 
3.58377 -1.2711 2.51008 1.48233 73 
2.7977 -0.996098 2.13961 1.18129 74 
2.32808 -0.831804 1.88275 0.97257 75 
2.01583 -0.722568 1.6942 0.81935 76 
1.79321 -0.644684 1.5499 0.702091 77 
1.62646 -0.586349 1.43591 0.609462 78 
1.4969 -0.541024 1.34359 0.534441 79 
