-4 -4 2 1 -3.33859 0.258628 
-4 -3.57895 2 1 -3.77094 0.350864 
-4 -3.15789 2 1 -4.40798 0.486771 
-4 -2.73684 2 1 -5.44019 0.70698 
-4 -2.31579 2 1 -7.40053 1.1252 
-4 -1.89474 2 1 -12.5634 2.22663 
-4 -1.47368 2 1 -63.7697 13.1509 
4 -4 2 1 -0.0500829 -0.0706413 
4 -3.57895 2 1 -0.00963027 -0.064647 
4 -3.15789 2 1 0.0341304 -0.0581624 
4 -2.73684 2 1 0.0816221 -0.051125 
4 -2.31579 2 1 0.133343 -0.0434609 
4 -1.89474 2 1 0.189886 -0.0350823 
4 -1.47368 2 1 0.251956 -0.0258847 
4 -1.05263 2 1 0.320406 -0.0157416 
4 -0.631579 2 1 0.396273 -0.00449938 
4 -0.210526 2 1 0.480833 0.00803078 
4 0.210526 2 1 0.575668 0.0220837 
4 0.631579 2 1 0.682775 0.0379549 
4 1.05263 2 1 0.804698 0.0560218 
4 1.47368 2 1 0.944742 0.0767738 
4 1.89474 2 1 1.10727 0.100857 
4 2.31579 2 1 1.29817 0.129145 
4 2.73684 2 1 1.52558 0.162843 
4 3.15789 2 1 1.80108 0.203668 
4 3.57895 2 1 2.14174 0.254147 
4 4 2 1 2.57376 0.318165 
-4 -4 2 1 -3.33859 0.258628 
-3.57895 -4 2 1 -2.71037 0.195726 
-3.15789 -4 2 1 -2.24231 0.14886 
-2.73684 -4 2 1 -1.88008 0.112592 
-2.31579 -4 2 1 -1.59145 0.083691 
-1.89474 -4 2 1 -1.35604 0.0601202 
-1.47368 -4 2 1 -1.16038 0.0405292 
-1.05263 -4 2 1 -0.99518 0.0239886 
-0.631579 -4 2 1 -0.853847 0.00983738 
-0.210526 -4 2 1 -0.731556 -0.00240729 
0.210526 -4 2 1 -0.624701 -0.0131064 
0.631579 -4 2 1 -0.530533 -0.0225352 
1.05263 -4 2 1 -0.446918 -0.0309073 
1.47368 -4 2 1 -0.372178 -0.0383908 
1.89474 -4 2 1 -0.30497 -0.0451202 
2.31579 -4 2 1 -0.24421 -0.0512039 
2.73684 -4 2 1 -0.189014 -0.0567306 
3.15789 -4 2 1 -0.138649 -0.0617734 
3.57895 -4 2 1 -0.0925088 -0.0663933 
4 -4 2 1 -0.0500829 -0.0706413 
1.05263 4 2 1 4124.25 1253.29 
1.47368 4 2 1 12.2205 3.25073 
1.89474 4 2 1 6.59874 1.54174 
2.31579 4 2 1 4.72139 0.971034 
2.73684 4 2 1 3.78208 0.685488 
3.15789 4 2 1 3.21828 0.514097 
3.57895 4 2 1 2.84234 0.399811 
4 4 2 1 2.57376 0.318165 
-4 -4 6 1 -2.36213 1.73096 
-4 -3.57895 6 1 -2.52353 1.97693 
-4 -3.15789 6 1 -2.7314 2.29374 
-4 -2.73684 6 1 -3.00921 2.71713 
-4 -2.31579 6 1 -3.39937 3.31176 
-4 -1.89474 6 1 -3.98735 4.20787 
-4 -1.47368 6 1 -4.97466 5.71257 
-4 -1.05263 6 1 -6.97729 8.76466 
-4 -0.631579 6 1 -13.219 18.2773 
4 -4 6 1 -0.0573627 0.411424 
4 -3.57895 6 1 -0.0210742 0.433948 
4 -3.15789 6 1 0.0178848 0.458129 
4 -2.73684 6 1 0.0598202 0.484158 
4 -2.31579 6 1 0.105087 0.512254 
4 -1.89474 6 1 0.154098 0.542674 
4 -1.47368 6 1 0.207338 0.575719 
4 -1.05263 6 1 0.26538 0.611745 
4 -0.631579 6 1 0.328903 0.651172 
4 -0.210526 6 1 0.398722 0.694508 
4 0.210526 6 1 0.475822 0.742363 
4 0.631579 6 1 0.561406 0.795483 
4 1.05263 6 1 0.656954 0.854788 
4 1.47368 6 1 0.764314 0.921424 
4 1.89474 6 1 0.885822 0.996842 
4 2.31579 6 1 1.02447 1.0829 
4 2.73684 6 1 1.18416 1.18202 
4 3.15789 6 1 1.37008 1.29741 
4 3.57895 6 1 1.58926 1.43345 
4 4 6 1 1.85152 1.59623 
-4 -4 6 1 -2.36213 1.73096 
-3.57895 -4 6 1 -2.00854 1.52852 
-3.15789 -4 6 1 -1.72295 1.36501 
-2.73684 -4 6 1 -1.48746 1.23019 
-2.31579 -4 6 1 -1.28996 1.11711 
-1.89474 -4 6 1 -1.12193 1.02091 
-1.47368 -4 6 1 -0.97724 0.938075 
-1.05263 -4 6 1 -0.851342 0.865996 
-0.631579 -4 6 1 -0.740798 0.802706 
-0.210526 -4 6 1 -0.64296 0.746692 
0.210526 -4 6 1 -0.555756 0.696766 
0.631579 -4 6 1 -0.477543 0.651987 
1.05263 -4 6 1 -0.406998 0.611598 
1.47368 -4 6 1 -0.343046 0.574984 
1.89474 -4 6 1 -0.284804 0.541639 
2.31579 -4 6 1 -0.23154 0.511145 
2.73684 -4 6 1 -0.182642 0.483149 
3.15789 -4 6 1 -0.137594 0.457358 
3.57895 -4 6 1 -0.0959587 0.433521 
4 -4 6 1 -0.0573627 0.411424 
0.210526 4 6 1 16.2175 30.1386 
0.631579 4 6 1 6.42259 10.6781 
1.05263 4 6 1 4.28732 6.43571 
1.47368 4 6 1 3.35247 4.57835 
1.89474 4 6 1 2.82787 3.53606 
2.31579 4 6 1 2.49205 2.86886 
2.73684 4 6 1 2.25866 2.40515 
3.15789 4 6 1 2.08703 2.06415 
3.57895 4 6 1 1.95551 1.80285 
4 4 6 1 1.85152 1.59623 
