-4 -4 2 1 0.646631 -0.1418 
-4 -3.57895 2 1 0.579239 -0.14924 
-4 -3.15789 2 1 0.510924 -0.156781 
-4 -2.73684 2 1 0.441667 -0.164427 
-4 -2.31579 2 1 0.371449 -0.172178 
-4 -1.89474 2 1 0.300248 -0.180038 
-4 -1.47368 2 1 0.228045 -0.188009 
-4 -1.05263 2 1 0.154818 -0.196092 
-4 -0.631579 2 1 0.080545 -0.204291 
-4 -0.210526 2 1 0.0052034 -0.212608 
-4 0.210526 2 1 -0.0712299 -0.221046 
-4 0.631579 2 1 -0.148779 -0.229607 
-4 1.05263 2 1 -0.227468 -0.238293 
-4 1.47368 2 1 -0.307323 -0.247108 
-4 1.89474 2 1 -0.388369 -0.256055 
-4 2.31579 2 1 -0.470634 -0.265137 
-4 2.73684 2 1 -0.554145 -0.274356 
-4 3.15789 2 1 -0.638931 -0.283715 
-4 3.57895 2 1 -0.725022 -0.293219 
-4 4 2 1 -0.812446 -0.30287 
-4 -4 2 1 0.646631 -0.1418 
-3.57895 -4 2 1 0.703222 -0.147486 
-3.15789 -4 2 1 0.769251 -0.154119 
-2.73684 -4 2 1 0.847294 -0.161959 
-2.31579 -4 2 1 0.940958 -0.171369 
-1.89474 -4 2 1 1.05545 -0.182872 
-1.47368 -4 2 1 1.1986 -0.197253 
-1.05263 -4 2 1 1.38269 -0.215747 
-0.631579 -4 2 1 1.62823 -0.240414 
-0.210526 -4 2 1 1.97213 -0.274963 
0.210526 -4 2 1 2.48832 -0.326821 
0.631579 -4 2 1 3.34953 -0.413339 
1.05263 -4 2 1 5.07529 -0.586713 
1.47368 -4 2 1 10.2796 -1.10955 
-4 4 2 1 -0.812446 -0.30287 
-3.57895 4 2 1 -0.877096 -0.323853 
-3.15789 4 2 1 -0.954426 -0.348952 
-2.73684 4 2 1 -1.04857 -0.37951 
-2.31579 4 2 1 -1.1657 -0.417524 
-1.89474 4 2 1 -1.31537 -0.466104 
-1.47368 4 2 1 -1.51335 -0.530364 
-1.05263 4 2 1 -1.78754 -0.619357 
-0.631579 4 2 1 -2.19241 -0.750766 
-0.210526 4 2 1 -2.85063 -0.964403 
0.210526 4 2 1 -4.10825 -1.37259 
0.631579 4 2 1 -7.46854 -2.46324 
1.05263 4 2 1 -45.0798 -14.6708 
-4 -4 6 1 0.559019 0.516232 
-4 -3.57895 6 1 0.493686 0.513384 
-4 -3.15789 6 1 0.427493 0.510498 
-4 -2.73684 6 1 0.360424 0.507575 
-4 -2.31579 6 1 0.29246 0.504612 
-4 -1.89474 6 1 0.223584 0.501609 
-4 -1.47368 6 1 0.153777 0.498566 
-4 -1.05263 6 1 0.0830201 0.495482 
-4 -0.631579 6 1 0.0112941 0.492355 
-4 -0.210526 6 1 -0.0614213 0.489186 
-4 0.210526 6 1 -0.135147 0.485972 
-4 0.631579 6 1 -0.209903 0.482713 
-4 1.05263 6 1 -0.285713 0.479408 
-4 1.47368 6 1 -0.362597 0.476057 
-4 1.89474 6 1 -0.44058 0.472657 
-4 2.31579 6 1 -0.519686 0.469209 
-4 2.73684 6 1 -0.599937 0.46571 
-4 3.15789 6 1 -0.681361 0.462161 
-4 3.57895 6 1 -0.763982 0.458559 
-4 4 6 1 -0.847826 0.454904 
-4 -4 6 1 0.559019 0.516232 
-3.57895 -4 6 1 0.606791 0.559322 
-3.15789 -4 6 1 0.662172 0.609275 
-2.73684 -4 6 1 0.727136 0.667873 
-2.31579 -4 6 1 0.804408 0.737573 
-1.89474 -4 6 1 0.897851 0.821858 
-1.47368 -4 6 1 1.01313 0.925844 
-1.05263 -4 6 1 1.15893 1.05735 
-0.631579 -4 6 1 1.34919 1.22897 
-0.210526 -4 6 1 1.60794 1.46236 
0.210526 -4 6 1 1.98024 1.79817 
0.631579 -4 6 1 2.56189 2.32282 
1.05263 -4 6 1 3.5985 3.25784 
1.47368 -4 6 1 5.96676 5.39401 
1.89474 -4 6 1 16.8402 15.2019 
-4 4 6 1 -0.847826 0.454904 
-3.57895 4 6 1 -0.91238 0.49936 
-3.15789 4 6 1 -0.988932 0.552079 
-2.73684 4 6 1 -1.08117 0.615599 
-2.31579 4 6 1 -1.19446 0.693621 
-1.89474 4 6 1 -1.33695 0.791748 
-1.47368 4 6 1 -1.52159 0.918904 
-1.05263 4 6 1 -1.77034 1.09021 
-0.631579 4 6 1 -2.12358 1.33347 
-0.210526 4 6 1 -2.66467 1.7061 
0.210526 4 6 1 -3.59772 2.34866 
0.631579 4 6 1 -5.59055 3.72105 
1.05263 4 6 1 -12.8217 8.70089 
