1.87413 0.115775 2.16746 1.84108 0 
1.61943 0.108391 1.83413 1.67639 1 
1.40025 0.102037 1.55601 1.53898 2 
1.20964 0.0965109 1.32044 1.42259 3 
1.04237 0.0916614 1.11835 1.32273 4 
0.894382 0.0873712 0.943066 1.23613 5 
0.762533 0.0835488 0.789593 1.1603 6 
0.644319 0.0801216 0.654097 1.09336 7 
0.537727 0.0770314 0.533594 1.03382 8 
0.441125 0.0742308 0.425727 0.980527 9 
0.35317 0.071681 0.328607 0.932541 10 
0.272752 0.0693496 0.240703 0.88911 11 
0.198942 0.0672097 0.160764 0.849614 12 
0.130957 0.0652388 0.0877534 0.813541 13 
0.0681333 0.0634175 0.0208085 0.780465 14 
0.00990541 0.0617294 -0.0407966 0.750028 15 
-0.0442134 0.0601605 -0.0976764 0.721925 16 
-0.0946433 0.0586984 -0.150354 0.695898 17 
-0.141749 0.0573328 -0.19928 0.671725 18 
-0.185849 0.0560543 -0.244839 0.649215 19 
-8.98771 -1.25913 -54.5495 28.7318 39 
1.87413 0.115775 2.16746 1.84108 40 
2.04302 0.10655 2.43255 2.13247 41 
2.26639 0.0943495 2.81062 2.54804 42 
2.57569 0.0774553 3.39344 3.18868 43 
3.03231 0.0525148 4.4091 4.30509 44 
3.77439 0.0119823 6.6246 6.74038 45 
5.19134 -0.0654117 15.2342 16.204 46 
-0.185849 0.0560543 -0.244839 0.649215 60 
-0.228434 0.0496912 -0.294147 0.674713 61 
-0.275544 0.042652 -0.34915 0.703157 62 
-0.32794 0.0348228 -0.410895 0.735087 63 
-0.386567 0.0260628 -0.480702 0.771187 64 
-0.452603 0.0161955 -0.560262 0.81233 65 
-0.527551 0.00499675 -0.651772 0.859652 66 
-0.613343 -0.00782239 -0.758142 0.914659 67 
-0.712516 -0.0226411 -0.883312 0.979388 68 
-0.828467 -0.0399666 -1.03275 1.05667 69 
-0.965847 -0.0604941 -1.21427 1.15054 70 
-1.1312 -0.0852014 -1.43944 1.26698 71 
-1.33404 -0.11551 -1.72617 1.41526 72 
-1.58874 -0.153568 -2.1037 1.61049 73 
-1.91811 -0.202783 -2.62326 1.87917 74 
-2.36063 -0.268904 -3.38358 2.27236 75 
-2.98667 -0.362449 -4.60249 2.90269 76 
-3.94031 -0.504942 -6.874 4.07735 77 
-5.56977 -0.748418 -12.5977 7.03725 78 
-8.98771 -1.25913 -54.5495 28.7318 79 
