-0.785731 0.251669 -0.937924 1.09846 0 
-0.842386 0.25815 -1.01757 1.18485 1 
-0.908981 0.265768 -1.11359 1.28901 2 
-0.988381 0.27485 -1.23161 1.41702 3 
-1.08468 0.285865 -1.38015 1.57814 4 
-1.20389 0.299502 -1.57283 1.78715 5 
-1.35533 0.316825 -1.83275 2.06908 6 
-1.55409 0.339561 -2.20254 2.47019 7 
-1.82646 0.370717 -2.77054 3.08631 8 
-2.22263 0.416033 -3.75447 4.15359 9 
-2.85179 0.488003 -5.87506 6.45381 10 
-4.00517 0.619936 -13.7955 15.0452 11 
0.589652 0.3093 0.628532 1.07341 20 
0.638424 0.319302 0.687222 1.1478 21 
0.694818 0.330869 0.756462 1.23556 22 
0.760774 0.344396 0.839377 1.34066 23 
0.838949 0.360429 0.940463 1.46878 24 
0.933085 0.379736 1.06643 1.62844 25 
1.04863 0.403433 1.22774 1.83291 26 
1.19381 0.433209 1.44171 2.10413 27 
1.38172 0.471749 1.73917 2.48115 28 
1.63448 0.523588 2.18079 3.04091 29 
1.99264 0.597046 2.9049 3.95874 30 
2.53953 0.70921 4.31006 5.73979 31 
3.47766 0.901615 8.20993 10.6829 32 
5.46065 1.30832 73.7627 93.7719 33 
-0.785731 0.251669 -0.937924 1.09846 40 
-0.706241 0.255 -0.846247 1.09699 41 
-0.627612 0.258295 -0.755704 1.09554 42 
-0.549832 0.261554 -0.666273 1.09411 43 
-0.472886 0.264778 -0.577935 1.0927 44 
-0.39676 0.267968 -0.490669 1.0913 45 
-0.321442 0.271124 -0.404456 1.08993 46 
-0.24692 0.274246 -0.319278 1.08856 47 
-0.17318 0.277336 -0.235114 1.08722 48 
-0.100209 0.280394 -0.151948 1.08589 49 
-0.0279977 0.283419 -0.0697624 1.08457 50 
0.0434677 0.286414 0.011461 1.08327 51 
0.114198 0.289378 0.0917385 1.08199 52 
0.184205 0.292311 0.171087 1.08072 53 
0.253499 0.295214 0.249521 1.07947 54 
0.322092 0.298089 0.327059 1.07823 55 
0.389993 0.300934 0.403713 1.077 56 
0.457213 0.30375 0.479501 1.07579 57 
0.523763 0.306539 0.554435 1.07459 58 
0.589652 0.3093 0.628532 1.07341 59 
