3.20347 0.851657 5.72238 5.7954 0 
2.58444 0.751971 4.11888 4.46545 1 
2.12213 0.677525 3.12806 3.64366 2 
1.76373 0.619809 2.45511 3.0855 3 
1.47773 0.573755 1.96819 2.68165 4 
1.24422 0.536151 1.59954 2.37589 5 
1.04995 0.504868 1.31074 2.13635 6 
0.885805 0.478435 1.07837 1.94362 7 
0.745279 0.455805 0.887368 1.7852 8 
0.623617 0.436214 0.727592 1.65268 9 
0.517258 0.419086 0.591961 1.54019 10 
0.423487 0.403986 0.475386 1.4435 11 
0.340194 0.390573 0.374116 1.35951 12 
0.265715 0.378579 0.285322 1.28586 13 
0.198722 0.367791 0.206833 1.22076 14 
0.13814 0.358035 0.136952 1.1628 15 
0.0830905 0.349171 0.0743374 1.11087 16 
0.0328491 0.34108 0.0179118 1.06407 17 
-0.0131878 0.333667 -0.0331992 1.02168 18 
-0.0555269 0.326849 -0.0797128 0.983099 19 
-5.99157 1.10704 -44.899 40.7613 37 
-4.78621 0.876179 -14.0403 12.1795 38 
-4.05492 0.736112 -8.68044 7.21519 39 
3.20347 0.851657 5.72238 5.7954 40 
3.68288 0.986907 7.98337 8.44762 41 
4.42449 1.19613 14.3497 15.9155 42 
5.72435 1.56284 146.177 170.553 43 
-0.0555269 0.326849 -0.0797128 0.983099 60 
-0.100396 0.33144 -0.131415 1.02056 61 
-0.149367 0.336452 -0.188468 1.0619 62 
-0.20303 0.341943 -0.25175 1.10776 63 
-0.262093 0.347987 -0.322339 1.15891 64 
-0.327413 0.354671 -0.401578 1.21632 65 
-0.400042 0.362103 -0.491161 1.28123 66 
-0.481277 0.370416 -0.593255 1.35521 67 
-0.572746 0.379776 -0.710677 1.4403 68 
-0.676513 0.390395 -0.847159 1.53919 69 
-0.795235 0.402544 -1.00775 1.65556 70 
-0.932397 0.41658 -1.19947 1.79447 71 
-1.09266 0.43298 -1.43232 1.9632 72 
-1.28239 0.452395 -1.72113 2.17247 73 
-1.51054 0.475742 -2.08885 2.43892 74 
-1.7901 0.50435 -2.57292 2.78968 75 
-2.14064 0.540222 -3.23893 3.27227 76 
-2.59315 0.586527 -4.21322 3.97824 77 
-3.19966 0.648592 -5.77425 5.10936 78 
-4.05492 0.736112 -8.68044 7.21519 79 
