-0.290564 -0.299984 -0.234715 0.255019 20 
-0.242371 -0.307167 -0.189367 0.263197 21 
-0.191286 -0.314781 -0.141549 0.27182 22 
-0.137041 -0.322866 -0.0910529 0.280926 23 
-0.0793335 -0.331467 -0.0376479 0.290557 24 
-0.0178202 -0.340635 0.0189251 0.300758 25 
0.0478876 -0.350429 0.0789566 0.311584 26 
0.118234 -0.360914 0.142774 0.323092 27 
0.193729 -0.372166 0.210747 0.33535 28 
0.274958 -0.384273 0.283294 0.348432 29 
0.362602 -0.397336 0.360895 0.362426 30 
0.457449 -0.411472 0.444096 0.377429 31 
0.560428 -0.426821 0.533525 0.393556 32 
0.672631 -0.443544 0.62991 0.410937 33 
0.795354 -0.461836 0.734094 0.429725 34 
0.930151 -0.481927 0.847065 0.450097 35 
1.07889 -0.504096 0.969983 0.472263 36 
1.24387 -0.528685 1.10422 0.49647 37 
1.42788 -0.556111 1.25142 0.523015 38 
1.63443 -0.586897 1.41355 0.552252 39 
-31.3251 -4.31138 -6.29628 3.87403 41 
-9.65969 -1.511 -4.19242 2.61794 42 
-5.53829 -0.978284 -3.08103 1.95439 43 
-3.79244 -0.752623 -2.39386 1.54412 44 
-2.82777 -0.627933 -1.92695 1.26536 45 
-2.21582 -0.548835 -1.58903 1.0636 46 
-1.79304 -0.494188 -1.33313 0.91082 47 
-1.48345 -0.454172 -1.13262 0.791108 48 
-1.24697 -0.423606 -0.971276 0.694778 49 
-1.06044 -0.399495 -0.838641 0.615589 50 
-0.909533 -0.37999 -0.727679 0.54934 51 
-0.784943 -0.363886 -0.633478 0.493098 52 
-0.680335 -0.350364 -0.552509 0.444756 53 
-0.591259 -0.338851 -0.482166 0.402758 54 
-0.514495 -0.328929 -0.420485 0.365933 55 
-0.447656 -0.320289 -0.365961 0.333379 56 
-0.388933 -0.312699 -0.317415 0.304395 57 
-0.336933 -0.305978 -0.273916 0.278424 58 
-0.290564 -0.299984 -0.234715 0.255019 59 
18.2481 -6.42242 4.51428 3.14481 71 
6.71262 -2.3706 3.30619 2.13471 72 
4.27138 -1.51312 2.65913 1.5937 73 
3.21059 -1.14052 2.25594 1.25658 74 
2.61743 -0.932173 1.9806 1.02637 75 
2.23853 -0.799085 1.78064 0.859175 76 
1.97556 -0.706715 1.62882 0.732235 77 
1.78236 -0.638857 1.50962 0.632574 78 
1.63443 -0.586897 1.41355 0.552252 79 
