0.42945 -0.150538 0.360053 0.409214 0 
0.375536 -0.153526 0.30998 0.416641 1 
0.319422 -0.156636 0.258061 0.424341 2 
0.260972 -0.159875 0.204192 0.43233 3 
0.200035 -0.163253 0.14826 0.440625 4 
0.13645 -0.166777 0.0901461 0.449244 5 
0.0700413 -0.170457 0.0297187 0.458206 6 
0.000615036 -0.174305 -0.0331627 0.467532 7 
-0.0720386 -0.178332 -0.0986509 0.477245 8 
-0.14815 -0.18255 -0.166911 0.487369 9 
-0.227972 -0.186974 -0.238124 0.49793 10 
-0.311783 -0.191619 -0.312484 0.508958 11 
-0.399889 -0.196502 -0.390205 0.520485 12 
-0.49263 -0.201642 -0.471521 0.532545 13 
-0.59038 -0.20706 -0.556686 0.545176 14 
-0.693558 -0.212778 -0.645981 0.55842 15 
-0.802627 -0.218823 -0.739713 0.572321 16 
-0.918108 -0.225224 -0.838222 0.586931 17 
-1.04058 -0.232011 -0.941882 0.602305 18 
-1.17071 -0.239223 -1.05111 0.618504 19 
0.42945 -0.150538 0.360053 0.409214 40 
0.477553 -0.148168 0.399413 0.443752 41 
0.532255 -0.145474 0.443611 0.482535 42 
0.595015 -0.142382 0.493594 0.526395 43 
0.667753 -0.138799 0.550581 0.576399 44 
0.753055 -0.134597 0.616152 0.633937 45 
0.854486 -0.129601 0.692407 0.70085 46 
0.977095 -0.123561 0.782187 0.779631 47 
1.12829 -0.116113 0.889442 0.873746 48 
1.31938 -0.1067 1.01982 0.988153 49 
1.56858 -0.0944246 1.18171 1.13021 50 
1.90711 -0.0777484 1.38811 1.31132 51 
2.39353 -0.0537877 1.66028 1.55014 52 
3.1518 -0.0164352 2.03563 1.87951 53 
4.49823 0.04989 2.58656 2.36294 54 
7.55068 0.200253 3.47388 3.14155 55 
21.1569 0.870495 5.14106 4.60448 56 
-1.17071 -0.239223 -1.05111 0.618504 60 
-1.26117 -0.244728 -1.11697 0.691099 61 
-1.37316 -0.251543 -1.19587 0.778066 62 
-1.51539 -0.260198 -1.2921 0.884142 63 
-1.70204 -0.271555 -1.4121 1.0164 64 
-1.95775 -0.287116 -1.56588 1.18591 65 
-2.32956 -0.309741 -1.77006 1.41097 66 
-2.91977 -0.345656 -2.05429 1.72426 67 
-4.00079 -0.411438 -2.47709 2.19029 68 
-6.62067 -0.570861 -3.17247 2.95679 69 
-22.1789 -1.5176 -4.52947 4.45255 70 
