-4 -0.631579 2 1 23.2452 -0.0101074 
-4 -0.210526 2 1 7.06431 -0.141542 
-4 0.210526 2 1 4.27855 -0.16417 
-4 0.631579 2 1 3.12383 -0.173549 
-4 1.05263 2 1 2.49208 -0.178681 
-4 1.47368 2 1 2.09363 -0.181917 
-4 1.89474 2 1 1.81939 -0.184145 
-4 2.31579 2 1 1.6191 -0.185772 
-4 2.73684 2 1 1.46641 -0.187012 
-4 3.15789 2 1 1.34616 -0.187989 
-4 3.57895 2 1 1.24899 -0.188778 
-4 4 2 1 1.16885 -0.189429 
4 -3.15789 2 1 -19.8606 -0.561934 
4 -2.73684 2 1 -7.15093 -0.331763 
4 -2.31579 2 1 -4.25976 -0.279404 
4 -1.89474 2 1 -2.97975 -0.256223 
4 -1.47368 2 1 -2.25761 -0.243145 
4 -1.05263 2 1 -1.79389 -0.234747 
4 -0.631579 2 1 -1.47093 -0.228899 
4 -0.210526 2 1 -1.23308 -0.224591 
4 0.210526 2 1 -1.05061 -0.221287 
4 0.631579 2 1 -0.906208 -0.218672 
4 1.05263 2 1 -0.789077 -0.21655 
4 1.47368 2 1 -0.69216 -0.214795 
4 1.89474 2 1 -0.61064 -0.213319 
4 2.31579 2 1 -0.541118 -0.21206 
4 2.73684 2 1 -0.481126 -0.210973 
4 3.15789 2 1 -0.428832 -0.210026 
4 3.57895 2 1 -0.382842 -0.209193 
4 4 2 1 -0.342082 -0.208455 
-4 4 2 1 1.16885 -0.189429 
-3.57895 4 2 1 1.04972 -0.190929 
-3.15789 4 2 1 0.936999 -0.192349 
-2.73684 4 2 1 0.830193 -0.193694 
-2.31579 4 2 1 0.728845 -0.19497 
-1.89474 4 2 1 0.632548 -0.196182 
-1.47368 4 2 1 0.540931 -0.197336 
-1.05263 4 2 1 0.453664 -0.198435 
-0.631579 4 2 1 0.370442 -0.199483 
-0.210526 4 2 1 0.290991 -0.200483 
0.210526 4 2 1 0.215061 -0.20144 
0.631579 4 2 1 0.142422 -0.202354 
1.05263 4 2 1 0.0728657 -0.20323 
1.47368 4 2 1 0.0061989 -0.20407 
1.89474 4 2 1 -0.0577544 -0.204875 
2.31579 4 2 1 -0.119157 -0.205648 
2.73684 4 2 1 -0.178157 -0.206391 
3.15789 4 2 1 -0.234895 -0.207105 
3.57895 4 2 1 -0.289497 -0.207793 
4 4 2 1 -0.342082 -0.208455 
-4 -1.47368 6 1 21.0412 24.631 
-4 -1.05263 6 1 6.47166 7.16257 
-4 -0.631579 6 1 3.9368 4.12334 
-4 -0.210526 6 1 2.88376 2.86078 
-4 0.210526 6 1 2.30708 2.16935 
-4 0.631579 6 1 1.94314 1.733 
-4 1.05263 6 1 1.69256 1.43256 
-4 1.47368 6 1 1.50951 1.21309 
-4 1.89474 6 1 1.36993 1.04574 
-4 2.31579 6 1 1.25998 0.913913 
-4 2.73684 6 1 1.17114 0.807388 
-4 3.15789 6 1 1.09785 0.719517 
-4 3.57895 6 1 1.03636 0.645794 
-4 4 6 1 0.984036 0.583058 
4 -4 6 1 -21.0367 16.911 
4 -3.57895 6 1 -7.63178 6.18044 
4 -3.15789 6 1 -4.56119 3.72244 
4 -2.73684 6 1 -3.19922 2.63219 
4 -2.31579 6 1 -2.43015 2.01655 
4 -1.89474 6 1 -1.93602 1.62101 
4 -1.47368 6 1 -1.59177 1.34543 
4 -1.05263 6 1 -1.33817 1.14243 
4 -0.631579 6 1 -1.14359 0.98667 
4 -0.210526 6 1 -0.989577 0.86338 
4 0.210526 6 1 -0.864635 0.763364 
4 0.631579 6 1 -0.761245 0.680601 
4 1.05263 6 1 -0.674274 0.610981 
4 1.47368 6 1 -0.600099 0.551604 
4 1.89474 6 1 -0.536088 0.500363 
4 2.31579 6 1 -0.480287 0.455695 
4 2.73684 6 1 -0.431211 0.41641 
4 3.15789 6 1 -0.387714 0.381591 
4 3.57895 6 1 -0.348895 0.350516 
4 4 6 1 -0.314039 0.322614 
3.57895 -4 6 1 -42.6281 37.6029 
4 -4 6 1 -21.0367 16.911 
-4 4 6 1 0.984036 0.583058 
-3.57895 4 6 1 0.88665 0.563519 
-3.15789 4 6 1 0.793762 0.544882 
-2.73684 4 6 1 0.705067 0.527086 
-2.31579 4 6 1 0.620286 0.510076 
-1.89474 4 6 1 0.539167 0.4938 
-1.47368 4 6 1 0.461478 0.478213 
-1.05263 4 6 1 0.387005 0.46327 
-0.631579 4 6 1 0.315552 0.448934 
-0.210526 4 6 1 0.24694 0.435168 
0.210526 4 6 1 0.181002 0.421938 
0.631579 4 6 1 0.117585 0.409214 
1.05263 4 6 1 0.0565478 0.396968 
1.47368 4 6 1 -0.00224197 0.385173 
1.89474 4 6 1 -0.0589059 0.373804 
2.31579 4 6 1 -0.113557 0.362838 
2.73684 4 6 1 -0.166301 0.352256 
3.15789 4 6 1 -0.217236 0.342036 
3.57895 4 6 1 -0.266454 0.332162 
4 4 6 1 -0.314039 0.322614 
