57.9965 6.70599 25.5946 23.7371 3 
8.90994 1.03936 7.90287 7.43812 4 
4.74932 0.55905 4.61233 4.40662 5 
3.20116 0.380327 3.2255 3.12896 6 
2.39281 0.287011 2.46098 2.42463 7 
1.89626 0.229688 1.97666 1.97844 8 
1.56027 0.190901 1.64236 1.67046 9 
1.3178 0.162909 1.39772 1.44507 10 
1.13457 0.141758 1.21093 1.27299 11 
0.991244 0.125212 1.06365 1.1373 12 
0.87606 0.111915 0.944532 1.02756 13 
0.781472 0.100995 0.846211 0.936982 14 
0.702408 0.0918681 0.763676 0.860944 15 
0.635338 0.0841254 0.693407 0.796207 16 
0.577724 0.0774743 0.632859 0.740426 17 
0.527698 0.0716992 0.580146 0.691862 18 
0.483853 0.0666378 0.533838 0.649201 19 
-11.6064 4.14592 -7.64762 12.3161 27 
-5.13727 1.79249 -3.98395 6.26712 28 
-3.34575 1.14075 -2.73236 4.20068 29 
-2.50565 0.83513 -2.10072 3.1578 30 
-2.01809 0.657759 -1.71983 2.52894 31 
-1.69964 0.54191 -1.46512 2.1084 32 
-1.47533 0.460307 -1.28279 1.80736 33 
-1.30878 0.399718 -1.14583 1.58123 34 
-1.18023 0.352954 -1.03918 1.40514 35 
-1.07801 0.315766 -0.953776 1.26414 36 
-0.99478 0.285486 -0.883848 1.14868 37 
-0.925695 0.260354 -0.825539 1.05241 38 
-0.867434 0.239159 -0.776174 0.970906 39 
0.483853 0.0666378 0.533838 0.649201 60 
0.427127 0.0738801 0.478612 0.662763 61 
0.36911 0.0812872 0.42215 0.676628 62 
0.309759 0.0888647 0.364412 0.690807 63 
0.249026 0.0966186 0.305353 0.705311 64 
0.186864 0.104555 0.244928 0.72015 65 
0.12322 0.11268 0.183088 0.735336 66 
0.0580415 0.121002 0.119784 0.750882 67 
-0.00872786 0.129527 0.054963 0.7668 68 
-0.0771471 0.138262 -0.0114306 0.783105 69 
-0.147278 0.147215 -0.0794546 0.79981 70 
-0.219186 0.156396 -0.14917 0.81693 71 
-0.292939 0.165812 -0.22064 0.834481 72 
-0.36861 0.175473 -0.293932 0.85248 73 
-0.446273 0.185389 -0.369117 0.870943 74 
-0.526009 0.195569 -0.446268 0.88989 75 
-0.607902 0.206024 -0.525465 0.909339 76 
-0.692041 0.216766 -0.60679 0.92931 77 
-0.778518 0.227807 -0.690329 0.949825 78 
-0.867434 0.239159 -0.776174 0.970906 79 
