-0.0957435 0.01917 -0.0420094 0.548458 0 
-0.13395 0.0241904 -0.0773062 0.578953 1 
-0.17606 0.0297238 -0.116178 0.612537 2 
-0.222707 0.0358532 -0.159199 0.649705 3 
-0.274663 0.0426803 -0.207068 0.691062 4 
-0.33289 0.0503314 -0.260656 0.737359 5 
-0.398596 0.0589654 -0.321051 0.789538 6 
-0.473323 0.0687845 -0.389639 0.848796 7 
-0.559062 0.0800508 -0.468209 0.916677 8 
-0.658444 0.0931097 -0.559111 0.995211 9 
-0.775005 0.108426 -0.665494 1.08712 10 
-0.913622 0.126641 -0.791681 1.19614 11 
-1.08121 0.148662 -0.943772 1.32754 12 
-1.2879 0.175822 -1.13065 1.489 13 
-1.54921 0.210158 -1.36581 1.69216 14 
-1.89007 0.254947 -1.67071 1.95558 15 
-2.35331 0.315818 -2.08179 2.31074 16 
-3.0193 0.40333 -2.6662 2.81565 17 
-4.0584 0.53987 -3.56289 3.59034 18 
-5.90619 0.782672 -5.11335 4.92987 19 
2.01593 -0.153208 2.10993 1.19823 20 
2.19595 -0.162593 2.29829 1.36835 21 
2.43254 -0.174926 2.54426 1.59052 22 
2.75734 -0.191857 2.87908 1.89292 23 
3.23098 -0.216547 3.36146 2.3286 24 
3.98617 -0.255914 4.11655 3.0106 25 
5.38012 -0.328578 5.46674 4.23007 26 
8.81725 -0.507749 8.57301 7.03563 27 
31.1136 -1.67002 23.2327 20.2761 28 
-0.0957435 0.01917 -0.0420094 0.548458 40 
-0.0512097 0.0155346 0.00393218 0.56233 41 
-0.00360826 0.0116489 0.0530115 0.57715 42 
0.047389 0.00748591 0.105561 0.593017 43 
0.102159 0.00301497 0.161963 0.610047 44 
0.161136 -0.00179942 0.222656 0.628374 45 
0.224825 -0.00699843 0.288151 0.64815 46 
0.293814 -0.0126301 0.359039 0.669554 47 
0.368793 -0.0187507 0.436016 0.692797 48 
0.450577 -0.0254268 0.519902 0.718126 49 
0.540137 -0.0327377 0.611671 0.745836 50 
0.638637 -0.0407784 0.712488 0.776277 51 
0.747487 -0.049664 0.82376 0.809876 52 
0.868408 -0.0595349 0.947205 0.847149 53 
1.00353 -0.0705647 1.08493 0.888736 54 
1.1555 -0.0829703 1.23958 0.93543 55 
1.32768 -0.0970261 1.41446 0.988235 56 
1.52441 -0.113085 1.61382 1.04843 57 
1.75131 -0.131608 1.8432 1.11769 58 
2.01593 -0.153208 2.10993 1.19823 59 
-5.90619 0.782672 -5.11335 4.92987 60 
-7.56432 1.02523 -6.36218 6.55929 61 
-11.176 1.55357 -8.894 9.86267 62 
-25.1432 3.59676 -16.7741 20.1443 63 
