12.6384 1.53394 8.42286 8.05293 4 
5.62099 0.669258 4.7653 4.59647 5 
3.57833 0.417561 3.29683 3.20873 6 
2.60479 0.2976 2.50482 2.46026 7 
2.0351 0.227403 2.00935 1.99204 8 
1.66114 0.181324 1.67014 1.67148 9 
1.39683 0.148755 1.42334 1.43824 10 
1.2001 0.124514 1.23571 1.26093 11 
1.04798 0.10577 1.08825 1.12158 12 
0.926839 0.0908425 0.969308 1.00918 13 
0.828085 0.078674 0.871341 0.916598 14 
0.746039 0.0685643 0.78925 0.83902 15 
0.676792 0.0600316 0.719465 0.773072 16 
0.617565 0.0527336 0.659412 0.716321 17 
0.566331 0.0464205 0.607188 0.666968 18 
0.521573 0.0409054 0.561355 0.623655 19 
-40.5141 14.4391 -10.7118 17.1884 26 
-7.36702 2.55058 -4.63147 7.27737 27 
-4.10944 1.38221 -2.99194 4.60492 28 
-2.87648 0.939991 -2.22954 3.36221 29 
-2.22814 0.707456 -1.78894 2.64402 30 
-1.8283 0.56405 -1.5019 2.17614 31 
-1.55707 0.46677 -1.30006 1.84714 32 
-1.36099 0.396445 -1.15038 1.60316 33 
-1.21264 0.343234 -1.03496 1.41503 34 
-1.09647 0.301569 -0.943243 1.26553 35 
-1.00304 0.268059 -0.868609 1.14388 36 
-0.926264 0.240524 -0.806692 1.04295 37 
-0.862058 0.217495 -0.754495 0.95787 38 
-0.807566 0.197951 -0.709898 0.885175 39 
0.521573 0.0409054 0.561355 0.623655 60 
0.462618 0.0478713 0.50463 0.635324 61 
0.402624 0.0549599 0.446937 0.647193 62 
0.341563 0.0621746 0.388252 0.659265 63 
0.279407 0.0695188 0.328549 0.671548 64 
0.216125 0.0769959 0.267801 0.684045 65 
0.151688 0.0846096 0.205981 0.696762 66 
0.0860619 0.0923637 0.143059 0.709706 67 
0.0192149 0.100262 0.0790057 0.722883 68 
-0.0488878 0.108309 0.013791 0.736299 69 
-0.118282 0.116508 -0.0526172 0.749961 70 
-0.189004 0.124864 -0.120252 0.763874 71 
-0.261094 0.133382 -0.189148 0.778048 72 
-0.33459 0.142066 -0.259341 0.792487 73 
-0.409535 0.150922 -0.330867 0.807202 74 
-0.485972 0.159953 -0.403765 0.822198 75 
-0.563946 0.169166 -0.478075 0.837485 76 
-0.643504 0.178566 -0.553838 0.853071 77 
-0.724693 0.188159 -0.631097 0.868965 78 
-0.807566 0.197951 -0.709898 0.885175 79 
