0.28101 -0.0592037 0.249243 0.443939 0 
0.234268 -0.0557086 0.206542 0.45932 1 
0.184919 -0.0520184 0.16171 0.475469 2 
0.132739 -0.0481166 0.114583 0.492444 3 
0.0774756 -0.0439843 0.0649827 0.51031 4 
0.0188485 -0.0396004 0.012707 0.52914 5 
-0.0434595 -0.0349412 -0.042466 0.549013 6 
-0.109806 -0.0299801 -0.100784 0.570019 7 
-0.180597 -0.0246866 -0.162524 0.592258 8 
-0.256295 -0.0190263 -0.227995 0.615841 9 
-0.337428 -0.0129595 -0.297548 0.640894 10 
-0.424603 -0.00644093 -0.371575 0.667559 11 
-0.518521 0.000581873 -0.450524 0.695996 12 
-0.619996 0.00816977 -0.534901 0.726388 13 
-0.729979 0.0163938 -0.625286 0.758945 14 
-0.849585 0.0253375 -0.722345 0.793906 15 
-0.980137 0.0350996 -0.826846 0.831547 16 
-1.12321 0.0457979 -0.939677 0.872189 17 
-1.28069 0.0575739 -1.06188 0.916206 18 
-1.45488 0.0705988 -1.19466 0.964036 19 
52.9495 9.60325 6.21662 5.49529 20 
0.28101 -0.0592037 0.249243 0.443939 40 
0.324721 -0.0511846 0.286791 0.475723 41 
0.373489 -0.0422378 0.328202 0.510777 42 
0.428244 -0.0321924 0.374102 0.549631 43 
0.490163 -0.0208329 0.425265 0.59294 44 
0.560749 -0.00788339 0.482651 0.641517 45 
0.641958 0.00701513 0.547468 0.696384 46 
0.736385 0.0243385 0.62126 0.758849 47 
0.847541 0.044731 0.706029 0.830605 48 
0.980306 0.0690878 0.804423 0.913895 49 
1.14166 0.0986891 0.920011 1.01174 50 
1.34194 0.135433 1.05774 1.12832 51 
1.59719 0.18226 1.22462 1.26959 52 
1.93362 0.243981 1.43104 1.44432 53 
2.39728 0.329043 1.69292 1.666 54 
3.07718 0.453776 2.03607 1.95648 55 
4.1706 0.654372 2.50528 2.35366 56 
6.21964 1.03029 3.18566 2.92959 57 
11.4495 1.98974 4.26112 3.83997 58 
52.9495 9.60325 6.21662 5.49529 59 
-1.45488 0.0705988 -1.19466 0.964036 60 
-1.56368 0.102718 -1.2575 1.07273 61 
-1.70108 0.143281 -1.3332 1.20369 62 
-1.88008 0.196121 -1.42618 1.36454 63 
-2.12291 0.267809 -1.54312 1.56683 64 
-2.47116 0.370616 -1.69463 1.82894 65 
-3.01249 0.530419 -1.89873 2.18201 66 
-3.96903 0.8128 -2.18852 2.68333 67 
-6.11576 1.44653 -2.63234 3.45109 68 
-15.331 4.16697 -3.39738 4.77456 69 
