-0.0122562 -0.225259 0.0332495 0.298604 0 
-0.0527461 -0.227335 -0.00323244 0.318388 1 
-0.0969466 -0.229601 -0.0428751 0.339886 2 
-0.145392 -0.232085 -0.086108 0.363331 3 
-0.198726 -0.23482 -0.133442 0.389001 4 
-0.257726 -0.237844 -0.185489 0.417226 5 
-0.323346 -0.241209 -0.242992 0.448409 6 
-0.396767 -0.244973 -0.306853 0.483042 7 
-0.479468 -0.249213 -0.378191 0.521728 8 
-0.573327 -0.254025 -0.458399 0.565225 9 
-0.680765 -0.259534 -0.549243 0.61449 10 
-0.804959 -0.265901 -0.652986 0.67075 11 
-0.95016 -0.273346 -0.772588 0.73561 12 
-1.12219 -0.282166 -0.911985 0.811206 13 
-1.32925 -0.292782 -1.07653 0.900441 14 
-1.58323 -0.305804 -1.27372 1.00738 15 
-1.90214 -0.322155 -1.51432 1.13785 16 
-2.31453 -0.343298 -1.81444 1.30061 17 
-2.86853 -0.371702 -2.1993 1.50932 18 
-3.65222 -0.411882 -2.71068 1.78664 19 
2.97121 -0.839479 2.62729 0.988363 20 
3.35596 -0.963087 2.88671 1.16473 21 
3.91751 -1.14349 3.23857 1.40395 22 
4.81406 -1.43153 3.743 1.74688 23 
6.47286 -1.96445 4.52669 2.27968 24 
10.5847 -3.28547 5.91031 3.22036 25 
38.0316 -12.1033 9.01001 5.32771 26 
-0.0122562 -0.225259 0.0332495 0.298604 40 
0.0312941 -0.234225 0.0762603 0.31004 41 
0.0784875 -0.243941 0.122674 0.322382 42 
0.129801 -0.254505 0.172911 0.33574 43 
0.185799 -0.266034 0.227465 0.350246 44 
0.247154 -0.278665 0.286916 0.366054 45 
0.314672 -0.292565 0.351954 0.383348 46 
0.389332 -0.307936 0.423407 0.402347 47 
0.47233 -0.325023 0.502273 0.423317 48 
0.565146 -0.344131 0.589768 0.446583 49 
0.66963 -0.365642 0.687391 0.472541 50 
0.788132 -0.390039 0.797008 0.501688 51 
0.923674 -0.417943 0.920974 0.53465 52 
1.08022 -0.450171 1.0623 0.57223 53 
1.26305 -0.487812 1.22492 0.61547 54 
1.47941 -0.532355 1.41402 0.665753 55 
1.73944 -0.585888 1.63666 0.724953 56 
2.05785 -0.65144 1.90262 0.795671 57 
2.45678 -0.733571 2.22591 0.881634 58 
2.97121 -0.839479 2.62729 0.988363 59 
-3.65222 -0.411882 -2.71068 1.78664 60 
-4.25403 -0.508434 -2.998 2.1051 61 
-5.22665 -0.664478 -3.4098 2.56154 62 
-7.06543 -0.959483 -4.04935 3.27042 63 
-11.856 -1.72806 -5.17781 4.52119 64 
-55.6148 -8.74855 -7.70266 7.31972 65 
