4 -4 2 1 -0.971776 0.0286011 
4 -3.57895 2 1 -0.868912 0.0287473 
4 -3.15789 2 1 -0.769655 0.0288883 
4 -2.73684 2 1 -0.673817 0.0290245 
4 -2.31579 2 1 -0.581225 0.0291561 
4 -1.89474 2 1 -0.491718 0.0292833 
4 -1.47368 2 1 -0.405142 0.0294063 
4 -1.05263 2 1 -0.321357 0.0295254 
4 -0.631579 2 1 -0.24023 0.0296406 
4 -0.210526 2 1 -0.161636 0.0297523 
4 0.210526 2 1 -0.0854588 0.0298606 
4 0.631579 2 1 -0.011588 0.0299656 
4 1.05263 2 1 0.0600792 0.0300674 
4 1.47368 2 1 0.12964 0.0301662 
4 1.89474 2 1 0.197186 0.0302622 
4 2.31579 2 1 0.262804 0.0303555 
4 2.73684 2 1 0.326574 0.0304461 
4 3.15789 2 1 0.388575 0.0305342 
4 3.57895 2 1 0.448878 0.0306199 
4 4 2 1 0.507552 0.0307033 
-0.631579 -4 2 1 -12.9127 -2.63448 
-0.210526 -4 2 1 -5.44775 -0.969635 
0.210526 -4 2 1 -3.50906 -0.537266 
0.631579 -4 2 1 -2.61785 -0.338508 
1.05263 -4 2 1 -2.10575 -0.224298 
1.47368 -4 2 1 -1.77328 -0.150151 
1.89474 -4 2 1 -1.54003 -0.0981312 
2.31579 -4 2 1 -1.36735 -0.0596205 
2.73684 -4 2 1 -1.23436 -0.0299612 
3.15789 -4 2 1 -1.12879 -0.00641624 
3.57895 -4 2 1 -1.04295 0.0127285 
4 -4 2 1 -0.971776 0.0286011 
-2.31579 4 2 1 15.0477 -3.36808 
-1.89474 4 2 1 6.28075 -1.3188 
-1.47368 4 2 1 3.91215 -0.765129 
-1.05263 4 2 1 2.81005 -0.50751 
-0.631579 4 2 1 2.17293 -0.358582 
-0.210526 4 2 1 1.75779 -0.261543 
0.210526 4 2 1 1.46583 -0.193296 
0.631579 4 2 1 1.24931 -0.142684 
1.05263 4 2 1 1.08233 -0.103653 
1.47368 4 2 1 0.949639 -0.0726358 
1.89474 4 2 1 0.841657 -0.0473947 
2.31579 4 2 1 0.75207 -0.0264534 
2.73684 4 2 1 0.676546 -0.00879954 
3.15789 4 2 1 0.612015 0.00628469 
3.57895 4 2 1 0.55624 0.0193223 
4 4 2 1 0.507552 0.0307033 
4 -4 6 1 -1.12364 1.02041 
4 -3.57895 6 1 -0.998526 0.999614 
4 -3.15789 6 1 -0.878595 0.979678 
4 -2.73684 6 1 -0.763531 0.960551 
4 -2.31579 6 1 -0.653041 0.942185 
4 -1.89474 6 1 -0.54686 0.924534 
4 -1.47368 6 1 -0.44474 0.907559 
4 -1.05263 6 1 -0.346451 0.891221 
4 -0.631579 6 1 -0.251783 0.875485 
4 -0.210526 6 1 -0.16054 0.860317 
4 0.210526 6 1 -0.0725373 0.845689 
4 0.631579 6 1 0.0123932 0.831571 
4 1.05263 6 1 0.0944099 0.817938 
4 1.47368 6 1 0.17366 0.804764 
4 1.89474 6 1 0.250282 0.792028 
4 2.31579 6 1 0.324404 0.779707 
4 2.73684 6 1 0.396145 0.767781 
4 3.15789 6 1 0.465621 0.756232 
4 3.57895 6 1 0.532935 0.745043 
4 4 6 1 0.598187 0.734196 
0.210526 -4 6 1 -10.8995 9.81644 
0.631579 -4 6 1 -5.09322 4.59214 
1.05263 -4 6 1 -3.37443 3.04562 
1.47368 -4 6 1 -2.55061 2.30437 
1.89474 -4 6 1 -2.06714 1.86935 
2.31579 -4 6 1 -1.74922 1.58329 
2.73684 -4 6 1 -1.52424 1.38086 
3.15789 -4 6 1 -1.35664 1.23006 
3.57895 -4 6 1 -1.22696 1.11338 
4 -4 6 1 -1.12364 1.02041 
-1.47368 4 6 1 12.5425 8.65055 
-1.05263 4 6 1 5.75832 4.1542 
-0.631579 4 6 1 3.68577 2.78056 
-0.210526 4 6 1 2.68161 2.11503 
0.210526 4 6 1 2.08901 1.72228 
0.631579 4 6 1 1.69798 1.46311 
1.05263 4 6 1 1.42063 1.27929 
1.47368 4 6 1 1.21368 1.14213 
1.89474 4 6 1 1.05333 1.03586 
2.31579 4 6 1 0.925449 0.951097 
2.73684 4 6 1 0.821074 0.88192 
3.15789 4 6 1 0.73427 0.824389 
3.57895 4 6 1 0.660946 0.775791 
4 4 6 1 0.598187 0.734196 
