6.92353 -0.967535 91.1848 53.0191 0 
4.55434 -0.598824 12.8407 7.9599 1 
3.31584 -0.40608 6.6361 4.39134 2 
2.55453 -0.287601 4.34357 3.0728 3 
2.03918 -0.207398 3.15004 2.38635 4 
1.66717 -0.149503 2.41805 1.96534 5 
1.386 -0.105745 1.92325 1.68076 6 
1.16601 -0.0715087 1.56643 1.47554 7 
0.989194 -0.0439917 1.29694 1.32054 8 
0.843981 -0.0213926 1.08622 1.19935 9 
0.722591 -0.00250103 0.916923 1.10198 10 
0.619606 0.0135261 0.777936 1.02204 11 
0.531136 0.0272945 0.661785 0.955235 12 
0.454314 0.0392501 0.563271 0.898575 13 
0.386981 0.0497288 0.47866 0.849911 14 
0.327482 0.0589885 0.405202 0.807662 15 
0.274525 0.06723 0.340828 0.770638 16 
0.227087 0.0746127 0.283952 0.737926 17 
0.184348 0.0812641 0.233336 0.708815 18 
0.145642 0.0872877 0.188 0.68274 19 
-5.55545 -0.415061 -99.7826 91.2165 32 
-3.9848 -0.21585 -10.7435 9.4868 33 
-3.17434 -0.113057 -5.96112 5.09702 34 
-2.67972 -0.0503229 -4.25075 3.52705 35 
-2.34642 -0.00804909 -3.37196 2.72041 36 
-2.10658 0.0223704 -2.83689 2.22926 37 
-1.92573 0.0453086 -2.47686 1.89879 38 
-1.78448 0.0632232 -2.21805 1.66123 39 
6.92353 -0.967535 91.1848 53.0191 40 
0.145642 0.0872877 0.188 0.68274 60 
0.100512 0.086725 0.139405 0.702502 61 
0.0525065 0.0861265 0.0873653 0.723666 62 
0.00134132 0.0854886 0.0315 0.746385 63 
-0.0533057 0.0848072 -0.0286285 0.770838 64 
-0.111803 0.0840779 -0.0935274 0.797231 65 
-0.174571 0.0832953 -0.163788 0.825804 66 
-0.242097 0.0824534 -0.240103 0.85684 67 
-0.314942 0.0815452 -0.323292 0.890671 68 
-0.39376 0.0805625 -0.414324 0.927692 69 
-0.479318 0.0794958 -0.514367 0.968377 70 
-0.572519 0.0783338 -0.624825 1.0133 71 
-0.674435 0.0770631 -0.747417 1.06315 72 
-0.786347 0.0756678 -0.884256 1.1188 73 
-0.909804 0.0741285 -1.03798 1.18132 74 
-1.04669 0.0724219 -1.21192 1.25206 75 
-1.19931 0.070519 -1.41034 1.33275 76 
-1.37057 0.0683838 -1.63881 1.42566 77 
-1.56408 0.0659712 -1.90471 1.5338 78 
-1.78448 0.0632232 -2.21805 1.66123 79 
