-4 -4 2 1 -1.33213 -0.370354 
-4 -3.57895 2 1 -1.4272 -0.404105 
-4 -3.15789 2 1 -1.54501 -0.445928 
-4 -2.73684 2 1 -1.69483 -0.499113 
-4 -2.31579 2 1 -1.89174 -0.569016 
-4 -1.89474 2 1 -2.16209 -0.664992 
-4 -1.47368 2 1 -2.5564 -0.804971 
-4 -1.05263 2 1 -3.18525 -1.02822 
-4 -0.631579 2 1 -4.34653 -1.44047 
-4 -0.210526 2 1 -7.21276 -2.45798 
-4 0.210526 2 1 -25.9039 -9.09335 
4 -4 2 1 0.271546 -0.107724 
4 -3.57895 2 1 0.311586 -0.110717 
4 -3.15789 2 1 0.356387 -0.114067 
4 -2.73684 2 1 0.406851 -0.11784 
4 -2.31579 2 1 0.464124 -0.122123 
4 -1.89474 2 1 0.529685 -0.127024 
4 -1.47368 2 1 0.605473 -0.132691 
4 -1.05263 2 1 0.694082 -0.139316 
4 -0.631579 2 1 0.799069 -0.147166 
4 -0.210526 2 1 0.925433 -0.156614 
4 0.210526 2 1 1.08045 -0.168205 
4 0.631579 2 1 1.2751 -0.182759 
4 1.05263 2 1 1.52682 -0.20158 
4 1.47368 2 1 1.86502 -0.226867 
4 1.89474 2 1 2.34351 -0.262643 
4 2.31579 2 1 3.07241 -0.317142 
4 2.73684 2 1 4.31798 -0.410272 
4 3.15789 2 1 6.93113 -0.605656 
4 3.57895 2 1 15.9058 -1.27668 
-4 -4 2 1 -1.33213 -0.370354 
-3.57895 -4 2 1 -1.18513 -0.346281 
-3.15789 -4 2 1 -1.04977 -0.324114 
-2.73684 -4 2 1 -0.924717 -0.303634 
-2.31579 -4 2 1 -0.808831 -0.284655 
-1.89474 -4 2 1 -0.701143 -0.267019 
-1.47368 -4 2 1 -0.600811 -0.250588 
-1.05263 -4 2 1 -0.507108 -0.235242 
-0.631579 -4 2 1 -0.419397 -0.220878 
-0.210526 -4 2 1 -0.337122 -0.207404 
0.210526 -4 2 1 -0.259792 -0.19474 
0.631579 -4 2 1 -0.186974 -0.182815 
1.05263 -4 2 1 -0.118285 -0.171566 
1.47368 -4 2 1 -0.0533835 -0.160937 
1.89474 -4 2 1 0.00803582 -0.150878 
2.31579 -4 2 1 0.0662457 -0.141345 
2.73684 -4 2 1 0.121491 -0.132298 
3.15789 -4 2 1 0.173993 -0.1237 
3.57895 -4 2 1 0.223951 -0.115518 
4 -4 2 1 0.271546 -0.107724 
-4 -4 6 1 -1.41792 0.621939 
-4 -3.57895 6 1 -1.52101 0.693381 
-4 -3.15789 6 1 -1.64845 0.7817 
-4 -2.73684 6 1 -1.81003 0.893676 
-4 -2.31579 6 1 -2.02158 1.04029 
-4 -1.89474 6 1 -2.31054 1.24053 
-4 -1.47368 6 1 -2.72887 1.53045 
-4 -1.05263 6 1 -3.38857 1.98763 
-4 -0.631579 6 1 -4.5832 2.81553 
-4 -0.210526 6 1 -7.40707 4.77251 
-4 0.210526 6 1 -22.3378 15.1197 
4 -4 6 1 0.215264 0.439595 
4 -3.57895 6 1 0.251932 0.467151 
4 -3.15789 6 1 0.292932 0.497963 
4 -2.73684 6 1 0.339081 0.532645 
4 -2.31579 6 1 0.391414 0.571974 
4 -1.89474 6 1 0.451263 0.616951 
4 -1.47368 6 1 0.520372 0.668888 
4 -1.05263 6 1 0.601072 0.729534 
4 -0.631579 6 1 0.696543 0.801282 
4 -0.210526 6 1 0.811252 0.887487 
4 0.210526 6 1 0.951663 0.993007 
4 0.631579 6 1 1.12751 1.12516 
4 1.05263 6 1 1.35413 1.29546 
4 1.47368 6 1 1.65723 1.52325 
4 1.89474 6 1 2.08341 1.84353 
4 2.31579 6 1 2.7267 2.32697 
4 2.73684 6 1 3.80974 3.14088 
4 3.15789 6 1 6.01752 4.80006 
4 3.57895 6 1 12.9948 10.0435 
-4 -4 6 1 -1.41792 0.621939 
-3.57895 -4 6 1 -1.26883 0.605293 
-3.15789 -4 6 1 -1.13144 0.589953 
-2.73684 -4 6 1 -1.0044 0.57577 
-2.31579 -4 6 1 -0.886607 0.562618 
-1.89474 -4 6 1 -0.777075 0.550389 
-1.47368 -4 6 1 -0.674966 0.538988 
-1.05263 -4 6 1 -0.579552 0.528336 
-0.631579 -4 6 1 -0.490193 0.518359 
-0.210526 -4 6 1 -0.406333 0.508996 
0.210526 -4 6 1 -0.327478 0.500192 
0.631579 -4 6 1 -0.253193 0.491898 
1.05263 -4 6 1 -0.183092 0.484071 
1.47368 -4 6 1 -0.116831 0.476673 
1.89474 -4 6 1 -0.0541037 0.46967 
2.31579 -4 6 1 0.00536595 0.46303 
2.73684 -4 6 1 0.0618251 0.456726 
3.15789 -4 6 1 0.115497 0.450734 
3.57895 -4 6 1 0.166582 0.44503 
4 -4 6 1 0.215264 0.439595 
