-4 -4 2 1 0.0624415 -0.274545 
-4 -3.57895 2 1 0.0203889 -0.276625 
-4 -3.15789 2 1 -0.0251826 -0.27888 
-4 -2.73684 2 1 -0.0747339 -0.28133 
-4 -2.31579 2 1 -0.12881 -0.284005 
-4 -1.89474 2 1 -0.188061 -0.286936 
-4 -1.47368 2 1 -0.253266 -0.290161 
-4 -1.05263 2 1 -0.325371 -0.293728 
-4 -0.631579 2 1 -0.405532 -0.297692 
-4 -0.210526 2 1 -0.495179 -0.302127 
-4 0.210526 2 1 -0.596101 -0.307118 
-4 0.631579 2 1 -0.710568 -0.31278 
-4 1.05263 2 1 -0.841504 -0.319257 
-4 1.47368 2 1 -0.992739 -0.326737 
-4 1.89474 2 1 -1.16939 -0.335474 
-4 2.31579 2 1 -1.37845 -0.345815 
-4 2.73684 2 1 -1.62974 -0.358244 
-4 3.15789 2 1 -1.93749 -0.373466 
-4 3.57895 2 1 -2.32314 -0.392541 
-4 4 2 1 -2.82055 -0.417144 
4 -4 2 1 4.37211 -1.11896 
4 -3.57895 2 1 5.23077 -1.35484 
4 -3.15789 2 1 6.70287 -1.75922 
4 -2.73684 2 1 9.81106 -2.61304 
4 -2.31579 2 1 20.6943 -5.60268 
-4 -4 2 1 0.0624415 -0.274545 
-3.57895 -4 2 1 0.106355 -0.28315 
-3.15789 -4 2 1 0.154389 -0.292561 
-2.73684 -4 2 1 0.207149 -0.302899 
-2.31579 -4 2 1 0.265371 -0.314307 
-1.89474 -4 2 1 0.329948 -0.32696 
-1.47368 -4 2 1 0.401982 -0.341074 
-1.05263 -4 2 1 0.482842 -0.356917 
-0.631579 -4 2 1 0.574258 -0.374829 
-0.210526 -4 2 1 0.67844 -0.395241 
0.210526 -4 2 1 0.798263 -0.418719 
0.631579 -4 2 1 0.937535 -0.446007 
1.05263 -4 2 1 1.10141 -0.478117 
1.47368 -4 2 1 1.29704 -0.516447 
1.89474 -4 2 1 1.53464 -0.563002 
2.31579 -4 2 1 1.82935 -0.620746 
2.73684 -4 2 1 2.20457 -0.694264 
3.15789 -4 2 1 2.69849 -0.791042 
3.57895 -4 2 1 3.37805 -0.924191 
4 -4 2 1 4.37211 -1.11896 
-4 4 2 1 -2.82055 -0.417144 
-3.57895 4 2 1 -3.18549 -0.481331 
-3.15789 4 2 1 -3.72365 -0.575983 
-2.73684 4 2 1 -4.59671 -0.729537 
-2.31579 4 2 1 -6.25849 -1.02181 
-1.89474 4 2 1 -10.6583 -1.79566 
-1.47368 4 2 1 -56.2085 -9.80705 
-4 -4 6 1 0.0928617 0.25216 
-4 -3.57895 6 1 0.0551612 0.26977 
-4 -3.15789 6 1 0.0145571 0.288736 
-4 -2.73684 6 1 -0.0292993 0.309221 
-4 -2.31579 6 1 -0.0768152 0.331415 
-4 -1.89474 6 1 -0.128469 0.355542 
-4 -1.47368 6 1 -0.184824 0.381865 
-4 -1.05263 6 1 -0.246555 0.410699 
-4 -0.631579 6 1 -0.314469 0.442421 
-4 -0.210526 6 1 -0.389543 0.477488 
-4 0.210526 6 1 -0.472973 0.516457 
-4 0.631579 6 1 -0.566237 0.56002 
-4 1.05263 6 1 -0.671181 0.609039 
-4 1.47368 6 1 -0.790148 0.664607 
-4 1.89474 6 1 -0.926147 0.728131 
-4 2.31579 6 1 -1.08312 0.801452 
-4 2.73684 6 1 -1.26632 0.887025 
-4 3.15789 6 1 -1.48293 0.9882 
-4 3.57895 6 1 -1.74299 1.10967 
-4 4 6 1 -2.06105 1.25824 
4 -4 6 1 3.1984 1.28047 
4 -3.57895 6 1 3.55442 1.53667 
4 -3.15789 6 1 4.05673 1.89816 
4 -2.73684 6 1 4.81882 2.4466 
4 -2.31579 6 1 6.1125 3.37761 
4 -1.89474 6 1 8.79191 5.30586 
4 -1.47368 6 1 17.651 11.6813 
-4 -4 6 1 0.0928617 0.25216 
-3.57895 -4 6 1 0.134653 0.265998 
-3.15789 -4 6 1 0.180049 0.28103 
-2.73684 -4 6 1 0.229539 0.297417 
-2.31579 -4 6 1 0.283701 0.315351 
-1.89474 -4 6 1 0.343229 0.335062 
-1.47368 -4 6 1 0.408965 0.356828 
-1.05263 -4 6 1 0.48193 0.380988 
-0.631579 -4 6 1 0.563388 0.407961 
-0.210526 -4 6 1 0.654913 0.438267 
0.210526 -4 6 1 0.758495 0.472564 
0.631579 -4 6 1 0.876682 0.511699 
1.05263 -4 6 1 1.0128 0.55677 
1.47368 -4 6 1 1.17126 0.60924 
1.89474 -4 6 1 1.35806 0.671094 
2.31579 -4 6 1 1.58155 0.745095 
2.73684 -4 6 1 1.85372 0.835214 
3.15789 -4 6 1 2.1924 0.947358 
3.57895 -4 6 1 2.62538 1.09073 
4 -4 6 1 3.1984 1.28047 
-4 4 6 1 -2.06105 1.25824 
-3.57895 4 6 1 -2.22263 1.44772 
-3.15789 4 6 1 -2.4374 1.69958 
-2.73684 4 6 1 -2.7368 2.05069 
-2.31579 4 6 1 -3.18312 2.5741 
-1.89474 4 6 1 -3.91968 3.43788 
-1.47368 4 6 1 -5.36599 5.13398 
-1.05263 4 6 1 -9.50173 9.984 
-0.631579 4 6 1 -123.113 143.217 
