-4 -4 2 1 -7.03573 -0.121699 
-4 -3.57895 2 1 -9.39167 -0.097277 
-4 -3.15789 2 1 -15.139 -0.0376999 
-4 -2.73684 2 1 -50.4088 0.327906 
4 -4 2 1 -0.153917 -0.20098 
4 -3.57895 2 1 -0.110028 -0.201713 
4 -3.15789 2 1 -0.0629518 -0.202499 
4 -2.73684 2 1 -0.0123279 -0.203345 
4 -2.31579 2 1 0.0422602 -0.204257 
4 -1.89474 2 1 0.101297 -0.205244 
4 -1.47368 2 1 0.16535 -0.206314 
4 -1.05263 2 1 0.235086 -0.207479 
4 -0.631579 2 1 0.311297 -0.208752 
4 -0.210526 2 1 0.394928 -0.21015 
4 0.210526 2 1 0.48712 -0.21169 
4 0.631579 2 1 0.589256 -0.213397 
4 1.05263 2 1 0.703038 -0.215298 
4 1.47368 2 1 0.830578 -0.217429 
4 1.89474 2 1 0.974531 -0.219834 
4 2.31579 2 1 1.13829 -0.22257 
4 2.73684 2 1 1.32623 -0.22571 
4 3.15789 2 1 1.54414 -0.229351 
4 3.57895 2 1 1.79982 -0.233623 
4 4 2 1 2.10402 -0.238705 
-4 -4 2 1 -7.03573 -0.121699 
-3.57895 -4 2 1 -4.79062 -0.147563 
-3.15789 -4 2 1 -3.55172 -0.161836 
-2.73684 -4 2 1 -2.76641 -0.170883 
-2.31579 -4 2 1 -2.22415 -0.17713 
-1.89474 -4 2 1 -1.82721 -0.181703 
-1.47368 -4 2 1 -1.52408 -0.185195 
-1.05263 -4 2 1 -1.28502 -0.187949 
-0.631579 -4 2 1 -1.09166 -0.190176 
-0.210526 -4 2 1 -0.932042 -0.192015 
0.210526 -4 2 1 -0.798036 -0.193559 
0.631579 -4 2 1 -0.683938 -0.194874 
1.05263 -4 2 1 -0.585618 -0.196006 
1.47368 -4 2 1 -0.500016 -0.196992 
1.89474 -4 2 1 -0.424813 -0.197859 
2.31579 -4 2 1 -0.358224 -0.198626 
2.73684 -4 2 1 -0.298848 -0.19931 
3.15789 -4 2 1 -0.245573 -0.199924 
3.57895 -4 2 1 -0.197506 -0.200477 
4 -4 2 1 -0.153917 -0.20098 
1.05263 4 2 1 16.6325 -0.530658 
1.47368 4 2 1 7.04687 -0.338033 
1.89474 4 2 1 4.67347 -0.290339 
2.31579 4 2 1 3.59767 -0.26872 
2.73684 4 2 1 2.98377 -0.256384 
3.15789 4 2 1 2.58686 -0.248408 
3.57895 4 2 1 2.30918 -0.242828 
4 4 2 1 2.10402 -0.238705 
-4 -4 6 1 -3.5614 2.37535 
-4 -3.57895 6 1 -3.94415 2.82925 
-4 -3.15789 6 1 -4.49226 3.47923 
-4 -2.73684 6 1 -5.34236 4.48734 
-4 -2.31579 6 1 -6.83896 6.26214 
-4 -1.89474 6 1 -10.1721 10.2148 
-4 -1.47368 6 1 -24.0895 26.7191 
4 -4 6 1 -0.131529 0.311875 
4 -3.57895 6 1 -0.0914106 0.327354 
4 -3.15789 6 1 -0.0486853 0.343838 
4 -2.73684 6 1 -0.00309073 0.36143 
4 -2.31579 6 1 0.0456722 0.380243 
4 -1.89474 6 1 0.0979457 0.400412 
4 -1.47368 6 1 0.154123 0.422086 
4 -1.05263 6 1 0.214658 0.445442 
4 -0.631579 6 1 0.280079 0.470683 
4 -0.210526 6 1 0.351002 0.498046 
4 0.210526 6 1 0.428151 0.527812 
4 0.631579 6 1 0.512385 0.560311 
4 1.05263 6 1 0.604725 0.595938 
4 1.47368 6 1 0.706402 0.635167 
4 1.89474 6 1 0.818906 0.678574 
4 2.31579 6 1 0.944064 0.726863 
4 2.73684 6 1 1.08414 0.780907 
4 3.15789 6 1 1.24197 0.841801 
4 3.57895 6 1 1.42115 0.910933 
4 4 6 1 1.62634 0.990099 
-4 -4 6 1 -3.5614 2.37535 
-3.57895 -4 6 1 -2.82227 1.93067 
-3.15789 -4 6 1 -2.29999 1.61646 
-2.73684 -4 6 1 -1.91135 1.38265 
-2.31579 -4 6 1 -1.61086 1.20187 
-1.89474 -4 6 1 -1.37159 1.05792 
-1.47368 -4 6 1 -1.17656 0.940587 
-1.05263 -4 6 1 -1.01454 0.843112 
-0.631579 -4 6 1 -0.877805 0.760848 
-0.210526 -4 6 1 -0.76086 0.690492 
0.210526 -4 6 1 -0.6597 0.629633 
0.631579 -4 6 1 -0.571332 0.576469 
1.05263 -4 6 1 -0.493473 0.529627 
1.47368 -4 6 1 -0.424354 0.488044 
1.89474 -4 6 1 -0.362582 0.450881 
2.31579 -4 6 1 -0.307044 0.417468 
2.73684 -4 6 1 -0.256842 0.387265 
3.15789 -4 6 1 -0.211242 0.359832 
3.57895 -4 6 1 -0.169639 0.334802 
4 -4 6 1 -0.131529 0.311875 
-0.210526 4 6 1 711.833 961.455 
0.210526 4 6 1 9.52254 11.6687 
0.631579 4 6 1 5.15757 5.76565 
1.05263 4 6 1 3.6905 3.78162 
1.47368 4 6 1 2.95468 2.78651 
1.89474 4 6 1 2.51245 2.18846 
2.31579 4 6 1 2.21733 1.78934 
2.73684 4 6 1 2.00637 1.50405 
3.15789 4 6 1 1.84807 1.28997 
3.57895 4 6 1 1.7249 1.1234 
4 4 6 1 1.62634 0.990099 
