-4 -2.31579 2 1 11.4162 1.41009 
-4 -1.89474 2 1 5.37028 0.655739 
-4 -1.47368 2 1 3.47484 0.419246 
-4 -1.05263 2 1 2.54811 0.303618 
-4 -0.631579 2 1 1.9986 0.235056 
-4 -0.210526 2 1 1.63495 0.189683 
-4 0.210526 2 1 1.3765 0.157437 
-4 0.631579 2 1 1.18337 0.13334 
-4 1.05263 2 1 1.03358 0.11465 
-4 1.47368 2 1 0.914002 0.0997309 
-4 1.89474 2 1 0.816342 0.0875458 
-4 2.31579 2 1 0.735076 0.0774063 
-4 2.73684 2 1 0.666397 0.0688372 
-4 3.15789 2 1 0.60759 0.0614999 
-4 3.57895 2 1 0.556669 0.0551466 
-4 4 2 1 0.512149 0.0495917 
4 -1.47368 2 1 -82.1157 29.8672 
4 -1.05263 2 1 -8.08177 2.8596 
4 -0.631579 2 1 -4.31834 1.48671 
4 -0.210526 2 1 -2.97737 0.99752 
4 0.210526 2 1 -2.2894 0.746548 
4 0.631579 2 1 -1.87085 0.593859 
4 1.05263 2 1 -1.58937 0.491174 
4 1.47368 2 1 -1.3871 0.417386 
4 1.89474 2 1 -1.23473 0.361801 
4 2.31579 2 1 -1.11582 0.318422 
4 2.73684 2 1 -1.02044 0.283628 
4 3.15789 2 1 -0.942231 0.255099 
4 3.57895 2 1 -0.876945 0.231282 
4 4 2 1 -0.821621 0.2111 
-4 4 2 1 0.512149 0.0495917 
-3.57895 4 2 1 0.453788 0.0566588 
-3.15789 4 2 1 0.394323 0.0638594 
-2.73684 4 2 1 0.333723 0.0711976 
-2.31579 4 2 1 0.271954 0.0786772 
-1.89474 4 2 1 0.208984 0.0863025 
-1.47368 4 2 1 0.144775 0.0940776 
-1.05263 4 2 1 0.0792915 0.102007 
-0.631579 4 2 1 0.0124951 0.110096 
-0.210526 4 2 1 -0.0556543 0.118348 
0.210526 4 2 1 -0.125198 0.126769 
0.631579 4 2 1 -0.19618 0.135364 
1.05263 4 2 1 -0.268644 0.144139 
1.47368 4 2 1 -0.342638 0.153099 
1.89474 4 2 1 -0.41821 0.16225 
2.31579 4 2 1 -0.495413 0.171599 
2.73684 4 2 1 -0.574298 0.181151 
3.15789 4 2 1 -0.654922 0.190914 
3.57895 4 2 1 -0.737343 0.200895 
4 4 2 1 -0.821621 0.2111 
-4 -2.73684 6 1 30.9002 29.2063 
-4 -2.31579 6 1 8.27557 7.90225 
-4 -1.89474 6 1 4.72344 4.55745 
-4 -1.47368 6 1 3.27785 3.19623 
-4 -1.05263 6 1 2.49348 2.45764 
-4 -0.631579 6 1 2.0011 1.994 
-4 -0.210526 6 1 1.66326 1.67587 
-4 0.210526 6 1 1.41706 1.44405 
-4 0.631579 6 1 1.22968 1.2676 
-4 1.05263 6 1 1.08228 1.12881 
-4 1.47368 6 1 0.963305 1.01678 
-4 1.89474 6 1 0.865252 0.924445 
-4 2.31579 6 1 0.783049 0.84704 
-4 2.73684 6 1 0.71314 0.781211 
-4 3.15789 6 1 0.65296 0.724543 
-4 3.57895 6 1 0.600609 0.675248 
-4 4 6 1 0.554653 0.631974 
4 -1.47368 6 1 -13.8891 22.5292 
4 -1.05263 6 1 -5.11823 8.12373 
4 -0.631579 6 1 -3.18294 4.94516 
4 -0.210526 6 1 -2.33299 3.54918 
4 0.210526 6 1 -1.85531 2.76463 
4 0.631579 6 1 -1.54927 2.26198 
4 1.05263 6 1 -1.33644 1.91243 
4 1.47368 6 1 -1.17987 1.65528 
4 1.89474 6 1 -1.05986 1.45816 
4 2.31579 6 1 -0.964937 1.30226 
4 2.73684 6 1 -0.887981 1.17587 
4 3.15789 6 1 -0.824332 1.07133 
4 3.57895 6 1 -0.770814 0.983427 
4 4 6 1 -0.725185 0.908485 
-4 4 6 1 0.554653 0.631974 
-3.57895 4 6 1 0.49833 0.644143 
-3.15789 4 6 1 0.440973 0.656535 
-2.73684 4 6 1 0.382552 0.669157 
-2.31579 4 6 1 0.323038 0.682015 
-1.89474 4 6 1 0.262399 0.695116 
-1.47368 4 6 1 0.200603 0.708467 
-1.05263 4 6 1 0.137617 0.722075 
-0.631579 4 6 1 0.0734068 0.735948 
-0.210526 4 6 1 0.00793545 0.750093 
0.210526 4 6 1 -0.0588343 0.764519 
0.631579 4 6 1 -0.126941 0.779234 
1.05263 4 6 1 -0.196426 0.794246 
1.47368 4 6 1 -0.267332 0.809565 
1.89474 4 6 1 -0.339701 0.825201 
2.31579 4 6 1 -0.413581 0.841163 
2.73684 4 6 1 -0.489018 0.857461 
3.15789 4 6 1 -0.566063 0.874107 
3.57895 4 6 1 -0.644767 0.891111 
4 4 6 1 -0.725185 0.908485 
