1.8318 0.0826257 2.08669 1.74039 0 
1.58645 0.0770921 1.77256 1.5909 1 
1.37423 0.0723056 1.50829 1.46514 2 
1.18884 0.0681245 1.28289 1.35787 3 
1.02551 0.0644407 1.08835 1.26529 4 
0.88051 0.0611705 0.91876 1.18459 5 
0.750927 0.0582479 0.769598 1.1136 6 
0.634424 0.0556203 0.637386 1.05068 7 
0.529116 0.0532452 0.51939 0.99453 8 
0.433464 0.0510879 0.413434 0.944106 9 
0.346196 0.0491197 0.317764 0.898578 10 
0.266258 0.0473168 0.230952 0.857265 11 
0.192763 0.0456592 0.151822 0.819608 12 
0.124962 0.0441301 0.0793983 0.785142 13 
0.0622181 0.0427149 0.0128623 0.753478 14 
0.00398596 0.0414016 -0.0484758 0.724288 15 
-0.0502042 0.0401794 -0.105202 0.697293 16 
-0.100759 0.0390392 -0.157818 0.672253 17 
-0.148033 0.037973 -0.206755 0.648965 18 
-0.192335 0.0369738 -0.252385 0.62725 19 
-9.75531 -1.56901 -76.8231 39.1218 39 
1.8318 0.0826257 2.08669 1.74039 40 
1.99421 0.0697047 2.33209 2.00606 41 
2.20801 0.0526955 2.67798 2.38052 42 
2.50217 0.029293 3.20198 2.9478 43 
2.93248 -0.00494121 4.08937 3.90849 44 
3.62193 -0.0597919 5.91883 5.88906 45 
4.90546 -0.161906 11.8876 12.3508 46 
-0.192335 0.0369738 -0.252385 0.62725 60 
-0.234814 0.0298399 -0.30151 0.651947 61 
-0.281847 0.0219414 -0.35634 0.679512 62 
-0.334206 0.0131482 -0.41793 0.710475 63 
-0.392852 0.00329948 -0.487612 0.745507 64 
-0.458988 -0.00780716 -0.567094 0.785464 65 
-0.534146 -0.0204291 -0.658598 0.831466 66 
-0.62031 -0.0348992 -0.765075 0.884996 67 
-0.720086 -0.0516554 -0.890529 0.948066 68 
-0.836978 -0.0712859 -1.04053 1.02348 69 
-0.975802 -0.0945996 -1.22306 1.11524 70 
-1.14337 -0.122741 -1.44999 1.22932 71 
-1.34964 -0.157381 -1.73976 1.375 72 
-1.60978 -0.201067 -2.12267 1.5675 73 
-1.94804 -0.257874 -2.65224 1.83373 74 
-2.40584 -0.334756 -3.43265 2.22607 75 
-3.06016 -0.444641 -4.69748 2.86195 76 
-4.0721 -0.614584 -7.10071 4.07012 77 
-5.84513 -0.912341 -13.4368 7.25548 78 
-9.75531 -1.56901 -76.8231 39.1218 79 
