0.68855 -0.0356902 0.607825 0.65 0 
0.617033 -0.0430417 0.537376 0.64487 1 
0.545072 -0.050439 0.466498 0.63971 2 
0.472662 -0.0578824 0.395185 0.634517 3 
0.399799 -0.0653725 0.323434 0.629293 4 
0.326478 -0.0729095 0.25124 0.624036 5 
0.252695 -0.0804941 0.178601 0.618747 6 
0.178446 -0.0881265 0.105511 0.613426 7 
0.103726 -0.0958074 0.0319665 0.608071 8 
0.0285315 -0.103537 -0.0420369 0.602682 9 
-0.047143 -0.111316 -0.116504 0.59726 10 
-0.123302 -0.119145 -0.191438 0.591804 11 
-0.19995 -0.127024 -0.266844 0.586314 12 
-0.277091 -0.134954 -0.342726 0.580789 13 
-0.354731 -0.142935 -0.41909 0.575229 14 
-0.432874 -0.150967 -0.495939 0.569633 15 
-0.511526 -0.159053 -0.573278 0.564002 16 
-0.590691 -0.16719 -0.651112 0.558335 17 
-0.670374 -0.175381 -0.729446 0.552631 18 
-0.75058 -0.183626 -0.808284 0.546891 19 
0.68855 -0.0356902 0.607825 0.65 40 
0.746487 -0.0360945 0.658318 0.703123 41 
0.814449 -0.0365688 0.717361 0.765241 42 
0.895284 -0.0371329 0.787325 0.83885 43 
0.993031 -0.0378151 0.871551 0.927463 44 
1.11362 -0.0386566 0.974893 1.03619 45 
1.26611 -0.0397208 1.10469 1.17275 46 
1.46511 -0.0411095 1.2726 1.3494 47 
1.73569 -0.0429979 1.49829 1.58685 48 
2.12498 -0.0457146 1.81778 1.92298 49 
2.73302 -0.0499579 2.30491 2.43548 50 
3.81627 -0.0575177 3.1385 3.31249 51 
6.28914 -0.0747751 4.8922 5.15754 52 
17.6085 -0.153769 10.9658 11.5475 53 
-0.75058 -0.183626 -0.808284 0.546891 60 
-0.811067 -0.196635 -0.872301 0.594953 61 
-0.882794 -0.21206 -0.94794 0.651743 62 
-0.969214 -0.230646 -1.03868 0.719872 63 
-1.07536 -0.253474 -1.14956 0.803115 64 
-1.20885 -0.282183 -1.2881 0.907128 65 
-1.38183 -0.319383 -1.46613 1.04079 66 
-1.61483 -0.369493 -1.70335 1.2189 67 
-1.94568 -0.440645 -2.03517 1.46802 68 
-2.45238 -0.549618 -2.53225 1.84123 69 
-3.3259 -0.737477 -3.35901 2.46195 70 
-5.19051 -1.13848 -5.00613 3.69859 71 
-11.9445 -2.591 -9.8969 7.37053 72 
