0.162873 -0.18094 0.166916 0.331577 0 
0.119405 -0.178844 0.127726 0.349461 1 
0.0728319 -0.176598 0.0860112 0.368497 2 
0.0228081 -0.174187 0.0415208 0.388799 3 
-0.0310646 -0.171589 -0.00603217 0.410499 4 
-0.0892482 -0.168784 -0.0569751 0.433747 5 
-0.152282 -0.165745 -0.111684 0.458712 6 
-0.220797 -0.162442 -0.170592 0.485594 7 
-0.295544 -0.158838 -0.234202 0.514622 8 
-0.377411 -0.154891 -0.303102 0.546063 9 
-0.467467 -0.15055 -0.377978 0.580232 10 
-0.567006 -0.145751 -0.459644 0.617499 11 
-0.677608 -0.140418 -0.549067 0.658306 12 
-0.801226 -0.134458 -0.647408 0.703182 13 
-0.940303 -0.127753 -0.756071 0.752769 14 
-1.09793 -0.120154 -0.87677 0.807848 15 
-1.27809 -0.111468 -1.01162 0.869387 16 
-1.48597 -0.101446 -1.16328 0.938591 17 
-1.72852 -0.089752 -1.33507 1.01699 18 
-2.01519 -0.075931 -1.53132 1.10654 19 
7.48549 -0.36385 3.9597 2.40552 20 
10.1697 -0.417934 4.43653 2.90315 21 
17.1198 -0.557969 5.13413 3.6312 22 
77.8445 -1.7815 6.25203 4.79789 23 
0.162873 -0.18094 0.166916 0.331577 40 
0.206803 -0.182037 0.206777 0.353373 41 
0.255281 -0.183248 0.250347 0.377198 42 
0.309054 -0.184591 0.29817 0.403348 43 
0.369037 -0.186089 0.3509 0.432181 44 
0.436373 -0.187771 0.409334 0.464134 45 
0.512502 -0.189673 0.474448 0.499739 46 
0.599267 -0.19184 0.54746 0.539663 47 
0.699063 -0.194333 0.629898 0.584741 48 
0.815066 -0.197231 0.723714 0.636041 49 
0.951573 -0.20064 0.831438 0.694945 50 
1.11454 -0.204711 0.95641 0.763281 51 
1.31251 -0.209656 1.10313 0.843511 52 
1.55808 -0.21579 1.27783 0.939036 53 
1.87079 -0.223601 1.48933 1.05469 54 
2.28252 -0.233886 1.75066 1.19759 55 
2.84917 -0.24804 2.08175 1.37863 56 
3.67841 -0.268753 2.51486 1.61546 57 
5.00785 -0.301961 3.10572 1.93855 58 
7.48549 -0.36385 3.9597 2.40552 59 
-2.01519 -0.075931 -1.53132 1.10654 60 
-2.20389 -0.0637903 -1.62051 1.2473 61 
-2.4575 -0.0474726 -1.73204 1.4233 62 
-2.8165 -0.0243743 -1.87548 1.64966 63 
-3.3638 0.0108392 -2.06683 1.95162 64 
-4.30021 0.0710881 -2.33489 2.37465 65 
-6.26956 0.197797 -2.73737 3.0098 66 
-13.083 0.636177 -3.40921 4.07002 67 
