-1.05487 0.0897041 -1.21828 0.991404 0 
-1.12698 0.0922081 -1.31302 1.08476 1 
-1.21379 0.0952228 -1.42894 1.19898 2 
-1.32032 0.0989223 -1.57403 1.34195 3 
-1.45414 0.10357 -1.76088 1.52606 4 
-1.62729 0.109582 -2.01056 1.77208 5 
-1.86008 0.117667 -2.36114 2.11753 6 
-2.18975 0.129115 -2.88931 2.63796 7 
-2.69265 0.14658 -3.77574 3.51142 8 
-3.55403 0.176493 -5.57208 5.28145 9 
-5.36934 0.239534 -11.1565 10.7841 10 
0.384753 0.190345 0.350179 0.811221 20 
0.4263 0.198378 0.391796 0.860995 21 
0.473424 0.20749 0.439341 0.91786 22 
0.527331 0.217912 0.494179 0.983446 23 
0.589598 0.229951 0.558127 1.05993 24 
0.662332 0.244014 0.63366 1.15027 25 
0.748415 0.260658 0.724241 1.2586 26 
0.851895 0.280666 0.834862 1.39091 27 
0.978637 0.305171 0.973003 1.55612 28 
1.13748 0.335882 1.15039 1.76828 29 
1.34238 0.375499 1.38653 2.0507 30 
1.61677 0.428553 1.71637 2.4452 31 
2.00324 0.503274 2.20953 3.03502 32 
2.58805 0.616345 3.0272 4.01296 33 
3.5766 0.807478 4.64673 5.94993 34 
5.60742 1.20013 9.38243 11.6139 35 
12.1666 2.46833 254.311 304.551 36 
-1.05487 0.0897041 -1.21828 0.991404 40 
-0.948836 0.0971169 -1.10023 0.977843 41 
-0.847403 0.104208 -0.987691 0.964914 42 
-0.750281 0.110997 -0.880284 0.952576 43 
-0.657201 0.117505 -0.777666 0.940787 44 
-0.567915 0.123746 -0.679523 0.929512 45 
-0.482196 0.129739 -0.585568 0.918719 46 
-0.399835 0.135496 -0.49554 0.908376 47 
-0.320638 0.141033 -0.409197 0.898457 48 
-0.244426 0.146361 -0.326317 0.888936 49 
-0.171034 0.151491 -0.246697 0.879789 50 
-0.100307 0.156436 -0.170147 0.870995 51 
-0.0321038 0.161204 -0.0964929 0.862534 52 
0.033709 0.165805 -0.0255742 0.854387 53 
0.0972547 0.170247 0.042759 0.846537 54 
0.158649 0.174539 0.108646 0.838968 55 
0.217998 0.178688 0.172215 0.831665 56 
0.275404 0.182701 0.233587 0.824615 57 
0.330959 0.186585 0.292873 0.817804 58 
0.384753 0.190345 0.350179 0.811221 59 
