10.515 -3.236 3.81626 2.55378 7 
5.03886 -1.62944 2.78638 1.79349 8 
3.33903 -1.13075 2.20429 1.36377 9 
2.51085 -0.887777 1.8301 1.08753 10 
2.02068 -0.743973 1.5693 0.895007 11 
1.69666 -0.648915 1.37714 0.753146 12 
1.46656 -0.581408 1.22966 0.644277 13 
1.29471 -0.530991 1.11291 0.55809 14 
1.16148 -0.491904 1.01819 0.488165 15 
1.05516 -0.460712 0.939805 0.430296 16 
0.968349 -0.435244 0.873859 0.381613 17 
0.896128 -0.414056 0.817611 0.340089 18 
0.835104 -0.396153 0.769068 0.304253 19 
-103.47 -18.7037 -5.39573 4.29275 24 
-9.14811 -1.83831 -3.42814 2.69289 25 
-4.73611 -1.04942 -2.49677 1.93558 26 
-3.17227 -0.769794 -1.95366 1.49398 27 
-2.37162 -0.626633 -1.5979 1.20471 28 
-1.88507 -0.539635 -1.34681 1.00055 29 
-1.55809 -0.481169 -1.16013 0.848752 30 
-1.32324 -0.439177 -1.01588 0.731465 31 
-1.14639 -0.407555 -0.90108 0.638119 32 
-1.00842 -0.382885 -0.807543 0.562064 33 
-0.897773 -0.363101 -0.729863 0.498902 34 
-0.807067 -0.346882 -0.664323 0.44561 35 
-0.731356 -0.333344 -0.608283 0.400044 36 
-0.667205 -0.321874 -0.559817 0.360636 37 
-0.612155 -0.31203 -0.517487 0.326217 38 
-0.564397 -0.303491 -0.480197 0.295896 39 
0.835104 -0.396153 0.769068 0.304253 60 
0.749663 -0.390496 0.694014 0.303751 61 
0.665727 -0.384938 0.62013 0.303257 62 
0.583257 -0.379478 0.547391 0.30277 63 
0.502215 -0.374112 0.475768 0.302291 64 
0.422563 -0.368838 0.405237 0.301819 65 
0.344268 -0.363654 0.335773 0.301355 66 
0.267293 -0.358558 0.267352 0.300897 67 
0.191607 -0.353547 0.19995 0.300446 68 
0.117177 -0.348619 0.133546 0.300002 69 
0.0439715 -0.343772 0.0681162 0.299564 70 
-0.0280388 -0.339004 0.0036404 0.299133 71 
-0.0988831 -0.334313 -0.0599024 0.298708 72 
-0.16859 -0.329698 -0.122532 0.298289 73 
-0.237185 -0.325156 -0.184269 0.297876 74 
-0.304697 -0.320686 -0.245131 0.297469 75 
-0.371149 -0.316286 -0.305137 0.297067 76 
-0.436568 -0.311955 -0.364305 0.296671 77 
-0.500976 -0.30769 -0.422653 0.296281 78 
-0.564397 -0.303491 -0.480197 0.295896 79 
