-4 -4 2 1 4.63088 0.643128 
-4 -3.57895 2 1 3.46364 0.550481 
-4 -3.15789 2 1 2.70674 0.490403 
-4 -2.73684 2 1 2.17616 0.448288 
-4 -2.31579 2 1 1.78358 0.417128 
-4 -1.89474 2 1 1.48136 0.39314 
-4 -1.47368 2 1 1.24152 0.374103 
-4 -1.05263 2 1 1.04656 0.358629 
-4 -0.631579 2 1 0.884962 0.345802 
-4 -0.210526 2 1 0.748831 0.334997 
-4 0.210526 2 1 0.632589 0.32577 
-4 0.631579 2 1 0.532173 0.3178 
-4 1.05263 2 1 0.444559 0.310846 
-4 1.47368 2 1 0.367444 0.304725 
-4 1.89474 2 1 0.299048 0.299296 
-4 2.31579 2 1 0.237971 0.294448 
-4 2.73684 2 1 0.183098 0.290093 
-4 3.15789 2 1 0.13353 0.286158 
-4 3.57895 2 1 0.0885327 0.282587 
-4 4 2 1 0.0475018 0.27933 
4 1.47368 2 1 -13.685 2.12527 
4 1.89474 2 1 -7.16633 1.15245 
4 2.31579 2 1 -5.03715 0.834697 
4 2.73684 2 1 -3.98057 0.677018 
4 3.15789 2 1 -3.34917 0.58279 
4 3.57895 2 1 -2.92929 0.520129 
4 4 2 1 -2.62989 0.475447 
-4 -4 2 1 4.63088 0.643128 
-3.57895 -4 2 1 5.61268 0.773439 
-3.15789 -4 2 1 7.39298 1.00973 
-2.73684 -4 2 1 11.6135 1.56991 
-2.31579 -4 2 1 34.2191 4.57026 
-4 4 2 1 0.0475018 0.27933 
-3.57895 4 2 1 0.00257434 0.282621 
-3.15789 4 2 1 -0.0458872 0.286171 
-2.73684 4 2 1 -0.098317 0.290011 
-2.31579 4 2 1 -0.155223 0.294179 
-1.89474 4 2 1 -0.217205 0.298719 
-1.47368 4 2 1 -0.284972 0.303683 
-1.05263 4 2 1 -0.359375 0.309133 
-0.631579 4 2 1 -0.441439 0.315144 
-0.210526 4 2 1 -0.53241 0.321808 
0.210526 4 2 1 -0.633823 0.329237 
0.631579 4 2 1 -0.747585 0.33757 
1.05263 4 2 1 -0.876097 0.346983 
1.47368 4 2 1 -1.02243 0.357702 
1.89474 4 2 1 -1.19056 0.370017 
2.31579 4 2 1 -1.38575 0.384315 
2.73684 4 2 1 -1.61511 0.401115 
3.15789 4 2 1 -1.88848 0.421139 
3.57895 4 2 1 -2.21985 0.445412 
4 4 2 1 -2.62989 0.475447 
-4 -4 6 1 14.3449 12.2752 
-4 -3.57895 6 1 7.4343 6.78467 
-4 -3.15789 6 1 4.84596 4.72819 
-4 -2.73684 6 1 3.49083 3.65153 
-4 -2.31579 6 1 2.65714 2.98915 
-4 -1.89474 6 1 2.09249 2.54052 
-4 -1.47368 6 1 1.68473 2.21655 
-4 -1.05263 6 1 1.37645 1.97162 
-4 -0.631579 6 1 1.13521 1.77995 
-4 -0.210526 6 1 0.941282 1.62587 
-4 0.210526 6 1 0.78199 1.49931 
-4 0.631579 6 1 0.648816 1.3935 
-4 1.05263 6 1 0.535824 1.30373 
-4 1.47368 6 1 0.438748 1.2266 
-4 1.89474 6 1 0.354448 1.15962 
-4 2.31579 6 1 0.280557 1.10092 
-4 2.73684 6 1 0.215258 1.04904 
-4 3.15789 6 1 0.157137 1.00286 
-4 3.57895 6 1 0.10507 0.961489 
-4 4 6 1 0.0581592 0.924218 
4 2.31579 6 1 -31.0507 30.9347 
4 2.73684 6 1 -10.6218 10.1556 
4 3.15789 6 1 -6.67642 6.14267 
4 3.57895 6 1 -4.99936 4.43687 
4 4 6 1 -4.0712 3.49281 
-4 -4 6 1 14.3449 12.2752 
-3.57895 -4 6 1 43.6297 39.2653 
-4 4 6 1 0.0581592 0.924218 
-3.57895 4 6 1 0.00790832 0.955476 
-3.15789 4 6 1 -0.0468265 0.989522 
-2.73684 4 6 1 -0.106673 1.02675 
-2.31579 4 6 1 -0.172384 1.06762 
-1.89474 4 6 1 -0.244864 1.11271 
-1.47368 4 6 1 -0.325216 1.16269 
-1.05263 4 6 1 -0.414798 1.21841 
-0.631579 4 6 1 -0.515294 1.28092 
-0.210526 4 6 1 -0.628831 1.35155 
0.210526 4 6 1 -0.758122 1.43197 
0.631579 4 6 1 -0.906691 1.52438 
1.05263 4 6 1 -1.0792 1.63169 
1.47368 4 6 1 -1.28193 1.75779 
1.89474 4 6 1 -1.5236 1.90812 
2.31579 4 6 1 -1.81661 2.09039 
2.73684 4 6 1 -2.17928 2.31598 
3.15789 4 6 1 -2.63979 2.60243 
3.57895 4 6 1 -3.2439 2.9782 
4 4 6 1 -4.0712 3.49281 
