3.4434 0.89554 6.68407 6.68585 0 
2.74389 0.782738 4.61794 4.94058 1 
2.23381 0.700481 3.42536 3.93319 2 
1.84537 0.637843 2.64901 3.2774 3 
1.53971 0.588553 2.10335 2.81648 4 
1.29291 0.548754 1.69887 2.47481 5 
1.08947 0.515946 1.38704 2.21141 6 
0.918871 0.488436 1.13931 2.00215 7 
0.773765 0.465036 0.937755 1.83189 8 
0.648832 0.44489 0.770563 1.69066 9 
0.54014 0.427362 0.629637 1.57162 10 
0.444714 0.411974 0.509239 1.46992 11 
0.360265 0.398356 0.405187 1.38203 12 
0.285003 0.386219 0.314365 1.30531 13 
0.217506 0.375334 0.2344 1.23776 14 
0.15663 0.365518 0.163455 1.17783 15 
0.101448 0.356619 0.100085 1.1243 16 
0.0511959 0.348516 0.0431393 1.0762 17 
0.00524143 0.341105 -0.00831275 1.03274 18 
-0.0369441 0.334302 -0.0550293 0.993276 19 
-5.35754 1.07016 -25.2624 23.3778 37 
-4.36912 0.866057 -11.2475 9.96212 38 
-3.74781 0.737763 -7.50179 6.37653 39 
3.4434 0.89554 6.68407 6.68585 40 
3.99721 1.04959 9.96059 10.4227 41 
4.87817 1.29464 22.2102 24.3934 42 
-0.0369441 0.334302 -0.0550293 0.993276 60 
-0.0819163 0.339192 -0.106634 1.03058 61 
-0.130907 0.344518 -0.163471 1.07167 62 
-0.184479 0.350343 -0.226376 1.11714 63 
-0.243307 0.356739 -0.296378 1.16775 64 
-0.308205 0.363795 -0.374748 1.2244 65 
-0.380163 0.371618 -0.463083 1.28826 66 
-0.460399 0.380342 -0.563413 1.36079 67 
-0.550429 0.39013 -0.678358 1.44388 68 
-0.652164 0.401191 -0.811363 1.54003 69 
-0.768043 0.41379 -0.967046 1.65257 70 
-0.901238 0.428272 -1.15175 1.7861 71 
-1.05594 0.445092 -1.37442 1.94706 72 
-1.23782 0.464867 -1.64811 2.14491 73 
-1.45474 0.48845 -1.99262 2.39396 74 
-1.71788 0.51706 -2.43951 2.71702 75 
-2.04378 0.552494 -3.04241 3.15285 76 
-2.45795 0.597524 -3.90026 3.77299 77 
-3.00187 0.656661 -5.21817 4.72571 78 
-3.74781 0.737763 -7.50179 6.37653 79 
