14.5503 -2.24209 3.6563 3.13715 8 
5.98115 -1.01851 2.73157 2.22415 9 
3.8401 -0.712798 2.20381 1.70309 10 
2.86705 -0.573859 1.86257 1.36619 11 
2.31107 -0.494472 1.62382 1.13047 12 
1.95134 -0.443106 1.44742 0.95631 13 
1.69953 -0.407152 1.31176 0.822375 14 
1.51342 -0.380577 1.20419 0.716172 15 
1.37026 -0.360135 1.11681 0.629897 16 
1.25672 -0.343923 1.04441 0.558422 17 
1.16447 -0.330751 0.983458 0.498239 18 
1.08804 -0.319837 0.931426 0.446869 19 
-14.6162 -1.91694 -4.01206 3.04948 23 
-6.14069 -0.941526 -2.86928 2.18192 24 
-3.8142 -0.673779 -2.20772 1.67968 25 
-2.72628 -0.548575 -1.77629 1.35216 26 
-2.09579 -0.476015 -1.47271 1.12168 27 
-1.68435 -0.428663 -1.24747 0.950688 28 
-1.39469 -0.395328 -1.07372 0.818781 29 
-1.17972 -0.370588 -0.935608 0.713934 30 
-1.01385 -0.351498 -0.823195 0.628594 31 
-0.881982 -0.336322 -0.729918 0.55778 32 
-0.77463 -0.323967 -0.651272 0.498075 33 
-0.685541 -0.313714 -0.584067 0.447055 34 
-0.610419 -0.305069 -0.525974 0.402953 35 
-0.546218 -0.29768 -0.475259 0.364451 36 
-0.490719 -0.291293 -0.430599 0.330547 37 
-0.442264 -0.285717 -0.390972 0.300463 38 
-0.399593 -0.280806 -0.355571 0.273588 39 
1.08804 -0.319837 0.931426 0.446869 60 
0.9781 -0.316953 0.840234 0.434591 61 
0.872992 -0.314195 0.752483 0.422776 62 
0.7724 -0.311556 0.667984 0.411399 63 
0.67604 -0.309027 0.586559 0.400436 64 
0.58365 -0.306603 0.508043 0.389865 65 
0.494989 -0.304277 0.432282 0.379664 66 
0.409837 -0.302043 0.359135 0.369816 67 
0.32799 -0.299896 0.288469 0.360301 68 
0.249257 -0.29783 0.220158 0.351104 69 
0.173466 -0.295841 0.154088 0.342209 70 
0.100453 -0.293926 0.0901501 0.3336 71 
0.03007 -0.292079 0.0282424 0.325265 72 
-0.0378237 -0.290298 -0.03173 0.31719 73 
-0.103358 -0.288578 -0.0898566 0.309364 74 
-0.166653 -0.286917 -0.146221 0.301775 75 
-0.227822 -0.285313 -0.200903 0.294413 76 
-0.28697 -0.283761 -0.253976 0.287267 77 
-0.344197 -0.282259 -0.30551 0.280329 78 
-0.399593 -0.280806 -0.355571 0.273588 79 
