6.11165 -1.50665 24.7578 12.8449 1 
4.04964 -0.980721 8.71999 4.81797 2 
2.96451 -0.703956 5.12982 3.02108 3 
2.29501 -0.533199 3.5471 2.22892 4 
1.84074 -0.417333 2.656 1.78293 5 
1.51227 -0.333556 2.08447 1.49688 6 
1.26371 -0.270159 1.68674 1.29781 7 
1.06905 -0.220512 1.394 1.1513 8 
0.912483 -0.180579 1.16952 1.03894 9 
0.78382 -0.147763 0.991924 0.950054 10 
0.676212 -0.120317 0.847907 0.877974 11 
0.584882 -0.0970229 0.72877 0.818345 12 
0.506396 -0.0770047 0.628579 0.7682 13 
0.438222 -0.0596167 0.543147 0.725441 14 
0.378453 -0.0443725 0.469436 0.688548 15 
0.325626 -0.0308987 0.40519 0.656393 16 
0.278597 -0.0189037 0.348695 0.628117 17 
0.236461 -0.00815686 0.298628 0.603059 18 
0.198493 0.00152711 0.253952 0.580698 19 
-5.41811 -0.869006 -26.5483 23.1438 31 
-3.807 -0.520634 -7.8099 6.60996 32 
-2.99482 -0.345015 -4.76247 3.92104 33 
-2.50536 -0.239181 -3.51377 2.81924 34 
-2.17817 -0.16843 -2.83415 2.21958 35 
-1.94401 -0.117799 -2.40678 1.84249 36 
-1.76815 -0.0797734 -2.11321 1.58346 37 
-1.63123 -0.0501668 -1.89911 1.39454 38 
-1.52161 -0.026462 -1.73605 1.25067 39 
0.198493 0.00152711 0.253952 0.580698 60 
0.152351 0.000776298 0.205252 0.597094 61 
0.103625 -1.6562e-05 0.153568 0.614494 62 
0.0520911 -0.000855106 0.0986174 0.632994 63 
-0.00249993 -0.0017434 0.0400804 0.652702 64 
-0.0604288 -0.00268601 -0.022406 0.673739 65 
-0.122011 -0.00368806 -0.0892555 0.696245 66 
-0.187604 -0.00475538 -0.160942 0.72038 67 
-0.257613 -0.00589454 -0.238009 0.746326 68 
-0.332498 -0.00711306 -0.321087 0.774295 69 
-0.412788 -0.00841952 -0.410907 0.804535 70 
-0.49909 -0.00982381 -0.508326 0.837333 71 
-0.592106 -0.0113373 -0.614349 0.873027 72 
-0.692649 -0.0129734 -0.730169 0.91202 73 
-0.801674 -0.0147474 -0.85721 0.954791 74 
-0.9203 -0.0166777 -0.997186 1.00192 75 
-1.04985 -0.0187857 -1.15218 1.0541 76 
-1.19192 -0.0210974 -1.32474 1.11219 77 
-1.3484 -0.0236436 -1.51804 1.17727 78 
-1.52161 -0.026462 -1.73605 1.25067 79 
