4 -4 2 1 -0.668718 0.20163 
4 -3.57895 2 1 -0.595576 0.195226 
4 -3.15789 2 1 -0.522089 0.188792 
4 -2.73684 2 1 -0.448256 0.182328 
4 -2.31579 2 1 -0.374074 0.175833 
4 -1.89474 2 1 -0.29954 0.169308 
4 -1.47368 2 1 -0.224652 0.162751 
4 -1.05263 2 1 -0.149408 0.156163 
4 -0.631579 2 1 -0.0738044 0.149544 
4 -0.210526 2 1 0.00216102 0.142893 
4 0.210526 2 1 0.0784908 0.13621 
4 0.631579 2 1 0.155188 0.129495 
4 1.05263 2 1 0.232254 0.122748 
4 1.47368 2 1 0.309693 0.115968 
4 1.89474 2 1 0.387506 0.109155 
4 2.31579 2 1 0.465698 0.102309 
4 2.73684 2 1 0.54427 0.0954301 
4 3.15789 2 1 0.623225 0.0885173 
4 3.57895 2 1 0.702567 0.0815708 
4 4 2 1 0.782297 0.0745902 
-1.47368 -4 2 1 -22.8103 3.73493 
-1.05263 -4 2 1 -6.6718 1.15959 
-0.631579 -4 2 1 -3.89375 0.716272 
-0.210526 -4 2 1 -2.74226 0.532521 
0.210526 -4 2 1 -2.1123 0.431993 
0.631579 -4 2 1 -1.71497 0.368588 
1.05263 -4 2 1 -1.4415 0.324948 
1.47368 -4 2 1 -1.24178 0.293078 
1.89474 -4 2 1 -1.08953 0.268782 
2.31579 -4 2 1 -0.969612 0.249646 
2.73684 -4 2 1 -0.872722 0.234185 
3.15789 -4 2 1 -0.792807 0.221432 
3.57895 -4 2 1 -0.725765 0.210734 
4 -4 2 1 -0.668718 0.20163 
-1.05263 4 2 1 11.6663 -0.130748 
-0.631579 4 2 1 5.27404 -0.0101511 
-0.210526 4 2 1 3.41711 0.0248819 
0.210526 4 2 1 2.53268 0.0415675 
0.631579 4 2 1 2.01532 0.0513281 
1.05263 4 2 1 1.67578 0.0577338 
1.47368 4 2 1 1.43582 0.0622608 
1.89474 4 2 1 1.25725 0.0656297 
2.31579 4 2 1 1.11917 0.0682347 
2.73684 4 2 1 1.00922 0.070309 
3.15789 4 2 1 0.919598 0.0719999 
3.57895 4 2 1 0.845139 0.0734046 
4 4 2 1 0.782297 0.0745902 
4 -4 6 1 -0.64793 0.970386 
4 -3.57895 6 1 -0.569636 0.965466 
4 -3.15789 6 1 -0.490949 0.960522 
4 -2.73684 6 1 -0.411865 0.955552 
4 -2.31579 6 1 -0.33238 0.950558 
4 -1.89474 6 1 -0.252492 0.945538 
4 -1.47368 6 1 -0.172198 0.940493 
4 -1.05263 6 1 -0.0914943 0.935421 
4 -0.631579 6 1 -0.0103781 0.930324 
4 -0.210526 6 1 0.0711539 0.925201 
4 0.210526 6 1 0.153105 0.920052 
4 0.631579 6 1 0.235478 0.914875 
4 1.05263 6 1 0.318276 0.909673 
4 1.47368 6 1 0.401504 0.904443 
4 1.89474 6 1 0.485163 0.899186 
4 2.31579 6 1 0.569258 0.893902 
4 2.73684 6 1 0.653792 0.88859 
4 3.15789 6 1 0.738768 0.88325 
4 3.57895 6 1 0.82419 0.877883 
4 4 6 1 0.910061 0.872487 
-1.05263 -4 6 1 -15.8234 20.4342 
-0.631579 -4 6 1 -5.54709 7.25397 
-0.210526 -4 6 1 -3.35077 4.437 
0.210526 -4 6 1 -2.39403 3.2099 
0.631579 -4 6 1 -1.85842 2.52294 
1.05263 -4 6 1 -1.51605 2.08382 
1.47368 -4 6 1 -1.27832 1.77891 
1.89474 -4 6 1 -1.10362 1.55484 
2.31579 -4 6 1 -0.969809 1.38322 
2.73684 -4 6 1 -0.864044 1.24757 
3.15789 -4 6 1 -0.778341 1.13765 
3.57895 -4 6 1 -0.707487 1.04677 
4 -4 6 1 -0.64793 0.970386 
-0.631579 4 6 1 11.0249 9.98107 
-0.210526 4 6 1 5.38174 4.8993 
0.210526 4 6 1 3.56879 3.26671 
0.631579 4 6 1 2.67456 2.46144 
1.05263 4 6 1 2.14188 1.98176 
1.47368 4 6 1 1.78835 1.6634 
1.89474 4 6 1 1.53661 1.4367 
2.31579 4 6 1 1.34823 1.26706 
2.73684 4 6 1 1.20195 1.13534 
3.15789 4 6 1 1.08509 1.0301 
3.57895 4 6 1 0.989582 0.944096 
4 4 6 1 0.910061 0.872487 
