-0.436612 0.0432986 -0.365244 0.630127 20 
-0.381273 0.0390241 -0.310605 0.635985 21 
-0.323948 0.0345963 -0.254074 0.642046 22 
-0.26453 0.0300067 -0.195551 0.64832 23 
-0.2029 0.0252463 -0.13493 0.654819 24 
-0.138933 0.0203054 -0.0720957 0.661555 25 
-0.0724929 0.0151735 -0.00692417 0.668542 26 
-0.00343453 0.00983929 0.0607172 0.675794 27 
0.0684006 0.00429064 0.130972 0.683326 28 
0.143183 -0.00148569 0.203993 0.691155 29 
0.221099 -0.00750401 0.279949 0.699298 30 
0.302348 -0.0137798 0.35902 0.707775 31 
0.38715 -0.0203301 0.4414 0.716607 32 
0.475743 -0.0271731 0.527304 0.725817 33 
0.568386 -0.034329 0.61696 0.735429 34 
0.665365 -0.0418198 0.710622 0.74547 35 
0.76699 -0.0496695 0.808562 0.75597 36 
0.873604 -0.0579045 0.911083 0.766962 37 
0.985583 -0.066554 1.01851 0.778479 38 
1.10334 -0.07565 1.13121 0.790561 39 
-93.8469 16.8047 -15.1848 17.215 43 
-9.92579 1.74602 -6.03258 6.97256 44 
-5.11856 0.88342 -3.68763 4.34828 45 
-3.39138 0.573497 -2.61402 3.14678 46 
-2.50233 0.413967 -1.99834 2.45775 47 
-1.96046 0.316735 -1.5991 2.01096 48 
-1.59562 0.25127 -1.31924 1.69777 49 
-1.33325 0.20419 -1.11218 1.46603 50 
-1.13549 0.168704 -0.952771 1.28764 51 
-0.981086 0.140998 -0.826272 1.14607 52 
-0.857195 0.118767 -0.723441 1.03099 53 
-0.755584 0.100534 -0.638205 0.935603 54 
-0.670738 0.0853098 -0.566403 0.855248 55 
-0.598824 0.0724057 -0.505092 0.786634 56 
-0.537095 0.0613292 -0.452129 0.727362 57 
-0.483531 0.0517177 -0.405918 0.675646 58 
-0.436612 0.0432986 -0.365244 0.630127 59 
11.272 0.0267325 7.3325 7.1092 69 
5.21752 -0.0342268 4.37139 4.09206 70 
3.46204 -0.0519017 3.16029 2.85804 71 
2.62646 -0.0603146 2.50168 2.18697 72 
2.13783 -0.0652344 2.08772 1.76518 73 
1.81721 -0.0684625 1.80345 1.47552 74 
1.59066 -0.0707435 1.59617 1.26432 75 
1.42207 -0.0724409 1.43834 1.1035 76 
1.29173 -0.0737532 1.31414 0.976955 77 
1.18794 -0.0747982 1.21387 0.874783 78 
1.10334 -0.07565 1.13121 0.790561 79 
