-4 -4 2 1 -3.21777 0.248168 
-4 -3.57895 2 1 -3.61885 0.335824 
-4 -3.15789 2 1 -4.2027 0.463422 
-4 -2.73684 2 1 -5.13109 0.66632 
-4 -2.31579 2 1 -6.83669 1.03908 
-4 -1.89474 2 1 -10.9981 1.94854 
-4 -1.47368 2 1 -36.5526 7.53344 
4 -4 2 1 -0.0420697 -0.0653358 
4 -3.57895 2 1 -0.0018242 -0.0590318 
4 -3.15789 2 1 0.0417471 -0.0522068 
4 -2.73684 2 1 0.0890743 -0.0447936 
4 -2.31579 2 1 0.140665 -0.0367125 
4 -1.89474 2 1 0.197122 -0.0278691 
4 -1.47368 2 1 0.259168 -0.0181503 
4 -1.05263 2 1 0.327677 -0.00741916 
4 -0.631579 2 1 0.403713 0.00449109 
4 -0.210526 2 1 0.48859 0.0177861 
4 0.210526 2 1 0.583945 0.0327222 
4 0.631579 2 1 0.691844 0.0496234 
4 1.05263 2 1 0.814938 0.0689047 
4 1.47368 2 1 0.95668 0.091107 
4 1.89474 2 1 1.12165 0.116948 
4 2.31579 2 1 1.31608 0.147403 
4 2.73684 2 1 1.54863 0.183829 
4 3.15789 2 1 1.83172 0.228171 
4 3.57895 2 1 2.18383 0.283326 
4 4 2 1 2.63373 0.353798 
-4 -4 2 1 -3.21777 0.248168 
-3.57895 -4 2 1 -2.62849 0.189995 
-3.15789 -4 2 1 -2.18422 0.146137 
-2.73684 -4 2 1 -1.83731 0.11189 
-2.31579 -4 2 1 -1.55892 0.0844067 
-1.89474 -4 2 1 -1.33056 0.0618634 
-1.47368 -4 2 1 -1.13986 0.0430379 
-1.05263 -4 2 1 -0.97822 0.0270807 
-0.631579 -4 2 1 -0.839463 0.0133826 
-0.210526 -4 2 1 -0.719051 0.00149557 
0.210526 -4 2 1 -0.613572 -0.00891725 
0.631579 -4 2 1 -0.520411 -0.0181141 
1.05263 -4 2 1 -0.437528 -0.0262963 
1.47368 -4 2 1 -0.363312 -0.0336228 
1.89474 -4 2 1 -0.296471 -0.0402214 
2.31579 -4 2 1 -0.235958 -0.0461952 
2.73684 -4 2 1 -0.180914 -0.0516292 
3.15789 -4 2 1 -0.13063 -0.0565932 
3.57895 -4 2 1 -0.0845146 -0.0611457 
4 -4 2 1 -0.0420697 -0.0653358 
1.47368 4 2 1 13.5666 3.79719 
1.89474 4 2 1 6.96563 1.71817 
2.31579 4 2 1 4.90691 1.06975 
2.73684 4 2 1 3.90219 0.75331 
3.15789 4 2 1 3.30702 0.565856 
3.57895 4 2 1 2.91338 0.441876 
4 4 2 1 2.63373 0.353798 
-4 -4 6 1 -2.31351 1.6904 
-4 -3.57895 6 1 -2.4696 1.92811 
-4 -3.15789 6 1 -2.66994 2.23322 
-4 -2.73684 6 1 -2.93645 2.63911 
-4 -2.31579 6 1 -3.30843 3.20561 
-4 -1.89474 6 1 -3.86391 4.05157 
-4 -1.47368 6 1 -4.78311 5.45146 
-4 -1.05263 6 1 -6.59718 8.2142 
-4 -0.631579 6 1 -11.8523 16.2175 
-4 -0.210526 6 1 -210.432 318.643 
4 -4 6 1 -0.0516576 0.415973 
4 -3.57895 6 1 -0.0156053 0.438945 
4 -3.15789 6 1 0.0231307 0.463628 
4 -2.73684 6 1 0.0648616 0.490219 
4 -2.31579 6 1 0.109949 0.518949 
4 -1.89474 6 1 0.158814 0.550086 
4 -1.47368 6 1 0.211954 0.583946 
4 -1.05263 6 1 0.269953 0.620903 
4 -0.631579 6 1 0.333511 0.661403 
4 -0.210526 6 1 0.403468 0.705979 
4 0.210526 6 1 0.48084 0.75528 
4 0.631579 6 1 0.566873 0.810101 
4 1.05263 6 1 0.663107 0.871421 
4 1.47368 6 1 0.771471 0.940471 
4 1.89474 6 1 0.894412 1.01881 
4 2.31579 6 1 1.03508 1.10845 
4 2.73684 6 1 1.19762 1.21201 
4 3.15789 6 1 1.38755 1.33304 
4 3.57895 6 1 1.61244 1.47633 
4 4 6 1 1.8829 1.64868 
-4 -4 6 1 -2.31351 1.6904 
-3.57895 -4 6 1 -1.97317 1.49864 
-3.15789 -4 6 1 -1.69654 1.34277 
-2.73684 -4 6 1 -1.46727 1.21359 
-2.31579 -4 6 1 -1.27415 1.10478 
-1.89474 -4 6 1 -1.10927 1.01188 
-1.47368 -4 6 1 -0.966837 0.931625 
-1.05263 -4 6 1 -0.842572 0.861609 
-0.631579 -4 6 1 -0.733205 0.799986 
-0.210526 -4 6 1 -0.636207 0.745334 
0.210526 -4 6 1 -0.549593 0.696531 
0.631579 -4 6 1 -0.47178 0.652688 
1.05263 -4 6 1 -0.401491 0.613084 
1.47368 -4 6 1 -0.337685 0.577134 
1.89474 -4 6 1 -0.279506 0.544353 
2.31579 -4 6 1 -0.22624 0.51434 
2.73684 -4 6 1 -0.177289 0.486759 
3.15789 -4 6 1 -0.132151 0.461326 
3.57895 -4 6 1 -0.090396 0.4378 
4 -4 6 1 -0.0516576 0.415973 
0.210526 4 6 1 19.4162 36.9737 
0.631579 4 6 1 6.81114 11.5778 
1.05263 4 6 1 4.44392 6.80848 
1.47368 4 6 1 3.44407 4.79403 
1.89474 4 6 1 2.89234 3.68243 
2.31579 4 6 1 2.54261 2.97783 
2.73684 4 6 1 2.30112 2.49128 
3.15789 4 6 1 2.12435 2.13514 
3.57895 4 6 1 1.98936 1.86316 
4 4 6 1 1.8829 1.64868 
