-4 -4 2 1 0.68855 -0.0356902 
-4 -3.57895 2 1 0.617033 -0.0430417 
-4 -3.15789 2 1 0.545072 -0.050439 
-4 -2.73684 2 1 0.472662 -0.0578824 
-4 -2.31579 2 1 0.399799 -0.0653725 
-4 -1.89474 2 1 0.326478 -0.0729095 
-4 -1.47368 2 1 0.252695 -0.0804941 
-4 -1.05263 2 1 0.178446 -0.0881265 
-4 -0.631579 2 1 0.103726 -0.0958074 
-4 -0.210526 2 1 0.0285315 -0.103537 
-4 0.210526 2 1 -0.047143 -0.111316 
-4 0.631579 2 1 -0.123302 -0.119145 
-4 1.05263 2 1 -0.19995 -0.127024 
-4 1.47368 2 1 -0.277091 -0.134954 
-4 1.89474 2 1 -0.354731 -0.142935 
-4 2.31579 2 1 -0.432874 -0.150967 
-4 2.73684 2 1 -0.511526 -0.159053 
-4 3.15789 2 1 -0.590691 -0.16719 
-4 3.57895 2 1 -0.670374 -0.175381 
-4 4 2 1 -0.75058 -0.183626 
-4 -4 2 1 0.68855 -0.0356902 
-3.57895 -4 2 1 0.746487 -0.0360945 
-3.15789 -4 2 1 0.814449 -0.0365688 
-2.73684 -4 2 1 0.895284 -0.0371329 
-2.31579 -4 2 1 0.993031 -0.0378151 
-1.89474 -4 2 1 1.11362 -0.0386566 
-1.47368 -4 2 1 1.26611 -0.0397208 
-1.05263 -4 2 1 1.46511 -0.0411095 
-0.631579 -4 2 1 1.73569 -0.0429979 
-0.210526 -4 2 1 2.12498 -0.0457146 
0.210526 -4 2 1 2.73302 -0.0499579 
0.631579 -4 2 1 3.81627 -0.0575177 
1.05263 -4 2 1 6.28914 -0.0747751 
1.47368 -4 2 1 17.6085 -0.153769 
-4 4 2 1 -0.75058 -0.183626 
-3.57895 4 2 1 -0.811067 -0.196635 
-3.15789 4 2 1 -0.882794 -0.21206 
-2.73684 4 2 1 -0.969214 -0.230646 
-2.31579 4 2 1 -1.07536 -0.253474 
-1.89474 4 2 1 -1.20885 -0.282183 
-1.47368 4 2 1 -1.38183 -0.319383 
-1.05263 4 2 1 -1.61483 -0.369493 
-0.631579 4 2 1 -1.94568 -0.440645 
-0.210526 4 2 1 -2.45238 -0.549618 
0.210526 4 2 1 -3.3259 -0.737477 
0.631579 4 2 1 -5.19051 -1.13848 
1.05263 4 2 1 -11.9445 -2.591 
-4 -4 6 1 0.607825 0.65 
-4 -3.57895 6 1 0.537376 0.64487 
-4 -3.15789 6 1 0.466498 0.63971 
-4 -2.73684 6 1 0.395185 0.634517 
-4 -2.31579 6 1 0.323434 0.629293 
-4 -1.89474 6 1 0.25124 0.624036 
-4 -1.47368 6 1 0.178601 0.618747 
-4 -1.05263 6 1 0.105511 0.613426 
-4 -0.631579 6 1 0.0319665 0.608071 
-4 -0.210526 6 1 -0.0420369 0.602682 
-4 0.210526 6 1 -0.116504 0.59726 
-4 0.631579 6 1 -0.191438 0.591804 
-4 1.05263 6 1 -0.266844 0.586314 
-4 1.47368 6 1 -0.342726 0.580789 
-4 1.89474 6 1 -0.41909 0.575229 
-4 2.31579 6 1 -0.495939 0.569633 
-4 2.73684 6 1 -0.573278 0.564002 
-4 3.15789 6 1 -0.651112 0.558335 
-4 3.57895 6 1 -0.729446 0.552631 
-4 4 6 1 -0.808284 0.546891 
-4 -4 6 1 0.607825 0.65 
-3.57895 -4 6 1 0.658318 0.703123 
-3.15789 -4 6 1 0.717361 0.765241 
-2.73684 -4 6 1 0.787325 0.83885 
-2.31579 -4 6 1 0.871551 0.927463 
-1.89474 -4 6 1 0.974893 1.03619 
-1.47368 -4 6 1 1.10469 1.17275 
-1.05263 -4 6 1 1.2726 1.3494 
-0.631579 -4 6 1 1.49829 1.58685 
-0.210526 -4 6 1 1.81778 1.92298 
0.210526 -4 6 1 2.30491 2.43548 
0.631579 -4 6 1 3.1385 3.31249 
1.05263 -4 6 1 4.8922 5.15754 
1.47368 -4 6 1 10.9658 11.5475 
-4 4 6 1 -0.808284 0.546891 
-3.57895 4 6 1 -0.872301 0.594953 
-3.15789 4 6 1 -0.94794 0.651743 
-2.73684 4 6 1 -1.03868 0.719872 
-2.31579 4 6 1 -1.14956 0.803115 
-1.89474 4 6 1 -1.2881 0.907128 
-1.47368 4 6 1 -1.46613 1.04079 
-1.05263 4 6 1 -1.70335 1.2189 
-0.631579 4 6 1 -2.03517 1.46802 
-0.210526 4 6 1 -2.53225 1.84123 
0.210526 4 6 1 -3.35901 2.46195 
0.631579 4 6 1 -5.00613 3.69859 
1.05263 4 6 1 -9.8969 7.37053 
1.47368 4 6 1 -642.111 482.03 
