-0.356418 -0.216092 -0.289029 0.346906 20 
-0.305904 -0.222831 -0.24061 0.353558 21 
-0.25283 -0.229913 -0.189919 0.360523 22 
-0.196998 -0.237362 -0.136792 0.367822 23 
-0.138186 -0.245209 -0.081049 0.37548 24 
-0.0761498 -0.253486 -0.0224924 0.383525 25 
-0.0106163 -0.26223 0.0390965 0.391987 26 
0.0587186 -0.271481 0.103959 0.400898 27 
0.132196 -0.281285 0.172365 0.410296 28 
0.210197 -0.291692 0.244611 0.420222 29 
0.293155 -0.302761 0.32103 0.430721 30 
0.381557 -0.314556 0.401996 0.441845 31 
0.475956 -0.327151 0.487925 0.45365 32 
0.576985 -0.340631 0.579289 0.466203 33 
0.685367 -0.355092 0.676621 0.479575 34 
0.801936 -0.370645 0.780524 0.49385 35 
0.927656 -0.387419 0.891688 0.509123 36 
1.06365 -0.405564 1.0109 0.525501 37 
1.21122 -0.425255 1.13907 0.54311 38 
1.37193 -0.446697 1.27724 0.562093 39 
-30.3654 -2.38677 -7.07813 5.25574 42 
-8.92758 -0.836079 -4.3612 3.29127 43 
-5.09283 -0.558696 -3.09056 2.37254 44 
-3.49038 -0.442784 -2.35414 1.84007 45 
-2.61046 -0.379136 -1.87354 1.49258 46 
-2.0543 -0.338906 -1.5352 1.24794 47 
-1.67097 -0.311179 -1.28409 1.06638 48 
-1.39075 -0.290909 -1.09033 0.926284 49 
-1.17696 -0.275445 -0.936288 0.814904 50 
-1.00849 -0.263259 -0.810886 0.724232 51 
-0.872308 -0.253408 -0.706815 0.648985 52 
-0.759942 -0.24528 -0.619061 0.585534 53 
-0.665647 -0.238459 -0.544064 0.531308 54 
-0.585389 -0.232654 -0.479231 0.484431 55 
-0.51625 -0.227653 -0.422628 0.443504 56 
-0.45607 -0.2233 -0.37278 0.407462 57 
-0.403213 -0.219476 -0.328546 0.375479 58 
-0.356418 -0.216092 -0.289029 0.346906 59 
20.6062 -6.18613 5.67275 4.23559 70 
6.66857 -2.02719 3.77397 2.64871 71 
4.11394 -1.2649 2.88244 1.90362 72 
3.04075 -0.944667 2.36469 1.47092 73 
2.45002 -0.768395 2.0264 1.1882 74 
2.07612 -0.656824 1.78805 0.988993 75 
1.81817 -0.579854 1.61104 0.841063 76 
1.62949 -0.523551 1.4744 0.726867 77 
1.48547 -0.480576 1.36573 0.636048 78 
1.37193 -0.446697 1.27724 0.562093 79 
