-4 -4 2 1 -1.74389 -0.48912 
-4 -3.57895 2 1 -1.88923 -0.533192 
-4 -3.15789 2 1 -2.07679 -0.590062 
-4 -2.73684 2 1 -2.32807 -0.666255 
-4 -2.31579 2 1 -2.68219 -0.773631 
-4 -1.89474 2 1 -3.21854 -0.936263 
-4 -1.47368 2 1 -4.12651 -1.21158 
-4 -1.05263 2 1 -5.99702 -1.77875 
-4 -0.631579 2 1 -12.0871 -3.62537 
4 -4 2 1 0.175936 -0.178072 
4 -3.57895 2 1 0.215824 -0.179955 
4 -3.15789 2 1 0.260048 -0.182043 
4 -2.73684 2 1 0.309358 -0.184371 
4 -2.31579 2 1 0.364683 -0.186983 
4 -1.89474 2 1 0.427197 -0.189935 
4 -1.47368 2 1 0.498397 -0.193297 
4 -1.05263 2 1 0.580229 -0.197161 
4 -0.631579 2 1 0.675268 -0.201648 
4 -0.210526 2 1 0.786989 -0.206923 
4 0.210526 2 1 0.920209 -0.213213 
4 0.631579 2 1 1.08179 -0.220842 
4 1.05263 2 1 1.28188 -0.230289 
4 1.47368 2 1 1.53609 -0.242292 
4 1.89474 2 1 1.86983 -0.25805 
4 2.31579 2 1 2.32733 -0.279651 
4 2.73684 2 1 2.99309 -0.311085 
4 3.15789 2 1 4.05125 -0.361047 
4 3.57895 2 1 5.99364 -0.452758 
4 4 2 1 10.7241 -0.67611 
-4 -4 2 1 -1.74389 -0.48912 
-3.57895 -4 2 1 -1.5268 -0.453948 
-3.15789 -4 2 1 -1.33576 -0.422995 
-2.73684 -4 2 1 -1.16633 -0.395545 
-2.31579 -4 2 1 -1.01505 -0.371035 
-1.89474 -4 2 1 -0.879152 -0.349016 
-1.47368 -4 2 1 -0.756398 -0.329128 
-1.05263 -4 2 1 -0.644972 -0.311075 
-0.631579 -4 2 1 -0.543375 -0.294614 
-0.210526 -4 2 1 -0.45036 -0.279544 
0.210526 -4 2 1 -0.364886 -0.265695 
0.631579 -4 2 1 -0.28607 -0.252925 
1.05263 -4 2 1 -0.213163 -0.241113 
1.47368 -4 2 1 -0.145526 -0.230155 
1.89474 -4 2 1 -0.0826062 -0.219961 
2.31579 -4 2 1 -0.0239274 -0.210453 
2.73684 -4 2 1 0.0309254 -0.201566 
3.15789 -4 2 1 0.0823146 -0.19324 
3.57895 -4 2 1 0.130558 -0.185424 
4 -4 2 1 0.175936 -0.178072 
3.15789 4 2 1 71.0152 -5.58598 
3.57895 4 2 1 17.6937 -1.24368 
4 4 2 1 10.7241 -0.67611 
-4 -4 6 1 -1.67377 0.681321 
-4 -3.57895 6 1 -1.7953 0.774243 
-4 -3.15789 6 1 -1.94776 0.890823 
-4 -2.73684 6 1 -2.14471 1.04141 
-4 -2.31579 6 1 -2.40892 1.24344 
-4 -1.89474 6 1 -2.78196 1.52868 
-4 -1.47368 6 1 -3.34851 1.96188 
-4 -1.05263 6 1 -4.31188 2.69851 
-4 -0.631579 6 1 -6.31364 4.22912 
-4 -0.210526 6 1 -12.9951 9.338 
4 -4 6 1 0.121208 0.347805 
4 -3.57895 6 1 0.15651 0.371837 
4 -3.15789 6 1 0.195458 0.398352 
4 -2.73684 6 1 0.238648 0.427754 
4 -2.31579 6 1 0.286814 0.460544 
4 -1.89474 6 1 0.340866 0.497342 
4 -1.47368 6 1 0.401956 0.53893 
4 -1.05263 6 1 0.471553 0.586309 
4 -0.631579 6 1 0.551567 0.640781 
4 -0.210526 6 1 0.644525 0.704064 
4 0.210526 6 1 0.753847 0.778487 
4 0.631579 6 1 0.884268 0.867274 
4 1.05263 6 1 1.04255 0.975028 
4 1.47368 6 1 1.23869 1.10855 
4 1.89474 6 1 1.48811 1.27835 
4 2.31579 6 1 1.81594 1.50153 
4 2.73684 6 1 2.26603 1.80794 
4 3.15789 6 1 2.92249 2.25484 
4 3.57895 6 1 3.96943 2.96756 
4 4 6 1 5.90276 4.28372 
-4 -4 6 1 -1.67377 0.681321 
-3.57895 -4 6 1 -1.48085 0.645476 
-3.15789 -4 6 1 -1.30905 0.613554 
-2.73684 -4 6 1 -1.15507 0.584944 
-2.31579 -4 6 1 -1.01629 0.559157 
-1.89474 -4 6 1 -0.890549 0.535794 
-1.47368 -4 6 1 -0.7761 0.514529 
-1.05263 -4 6 1 -0.671487 0.495092 
-0.631579 -4 6 1 -0.575494 0.477256 
-0.210526 -4 6 1 -0.487097 0.460831 
0.210526 -4 6 1 -0.405429 0.445657 
0.631579 -4 6 1 -0.329749 0.431595 
1.05263 -4 6 1 -0.259424 0.418528 
1.47368 -4 6 1 -0.193903 0.406354 
1.89474 -4 6 1 -0.13271 0.394984 
2.31579 -4 6 1 -0.075431 0.384341 
2.73684 -4 6 1 -0.0217015 0.374358 
3.15789 -4 6 1 0.0287984 0.364975 
3.57895 -4 6 1 0.0763515 0.356139 
4 -4 6 1 0.121208 0.347805 
2.73684 4 6 1 20.0406 18.3464 
3.15789 4 6 1 10.3689 8.72609 
3.57895 4 6 1 7.36596 5.73913 
4 4 6 1 5.90276 4.28372 
