-4 -4 2 1 -16.7226 -1.42749 
-4 -3.57895 2 1 -44.4586 -3.79787 
4 -4 2 1 -0.212729 -0.271828 
4 -3.57895 2 1 -0.166906 -0.276287 
4 -3.15789 2 1 -0.117975 -0.281048 
4 -2.73684 2 1 -0.0656088 -0.286144 
4 -2.31579 2 1 -0.00943154 -0.291611 
4 -1.89474 2 1 0.050988 -0.29749 
4 -1.47368 2 1 0.116149 -0.303831 
4 -1.05263 2 1 0.186633 -0.31069 
4 -0.631579 2 1 0.26312 -0.318133 
4 -0.210526 2 1 0.346411 -0.326238 
4 0.210526 2 1 0.437455 -0.335098 
4 0.631579 2 1 0.537389 -0.344823 
4 1.05263 2 1 0.64758 -0.355546 
4 1.47368 2 1 0.769694 -0.367429 
4 1.89474 2 1 0.905778 -0.380671 
4 2.31579 2 1 1.05837 -0.39552 
4 2.73684 2 1 1.23068 -0.412287 
4 3.15789 2 1 1.42677 -0.43137 
4 3.57895 2 1 1.65195 -0.453283 
4 4 2 1 1.91321 -0.478706 
-4 -4 2 1 -16.7226 -1.42749 
-3.57895 -4 2 1 -7.95585 -0.813833 
-3.15789 -4 2 1 -5.07201 -0.611969 
-2.73684 -4 2 1 -3.63718 -0.511534 
-2.31579 -4 2 1 -2.77855 -0.451431 
-1.89474 -4 2 1 -2.20706 -0.411427 
-1.47368 -4 2 1 -1.79931 -0.382886 
-1.05263 -4 2 1 -1.49375 -0.361497 
-0.631579 -4 2 1 -1.25624 -0.344872 
-0.210526 -4 2 1 -1.06632 -0.331578 
0.210526 -4 2 1 -0.910999 -0.320705 
0.631579 -4 2 1 -0.781606 -0.311648 
1.05263 -4 2 1 -0.672148 -0.303986 
1.47368 -4 2 1 -0.57835 -0.297421 
1.89474 -4 2 1 -0.497074 -0.291731 
2.31579 -4 2 1 -0.42597 -0.286754 
2.73684 -4 2 1 -0.363241 -0.282363 
3.15789 -4 2 1 -0.30749 -0.278461 
3.57895 -4 2 1 -0.257613 -0.27497 
4 -4 2 1 -0.212729 -0.271828 
1.05263 4 2 1 11.5793 -2.50075 
1.47368 4 2 1 5.88909 -1.31042 
1.89474 4 2 1 4.09279 -0.934652 
2.31579 4 2 1 3.21236 -0.750474 
2.73684 4 2 1 2.68964 -0.641126 
3.15789 4 2 1 2.34343 -0.568704 
3.57895 4 2 1 2.09725 -0.517204 
4 4 2 1 1.91321 -0.478706 
-4 -4 6 1 -5.12812 3.1529 
-4 -3.57895 6 1 -6.02558 3.99176 
-4 -3.15789 6 1 -7.53761 5.40507 
-4 -2.73684 6 1 -10.6242 8.29013 
-4 -2.31579 6 1 -20.4167 17.4432 
4 -4 6 1 -0.174883 0.262801 
4 -3.57895 6 1 -0.132511 0.274576 
4 -3.15789 6 1 -0.0875602 0.287067 
4 -2.73684 6 1 -0.0397874 0.300343 
4 -2.31579 6 1 0.0110814 0.31448 
4 -1.89474 6 1 0.0653574 0.329563 
4 -1.47368 6 1 0.123395 0.345691 
4 -1.05263 6 1 0.185599 0.362977 
4 -0.631579 6 1 0.252434 0.381551 
4 -0.210526 6 1 0.324439 0.40156 
4 0.210526 6 1 0.402236 0.42318 
4 0.631579 6 1 0.486555 0.446612 
4 1.05263 6 1 0.578251 0.472094 
4 1.47368 6 1 0.678336 0.499907 
4 1.89474 6 1 0.788018 0.530387 
4 2.31579 6 1 0.908745 0.563937 
4 2.73684 6 1 1.04227 0.601044 
4 3.15789 6 1 1.19076 0.642307 
4 3.57895 6 1 1.35685 0.688465 
4 4 6 1 1.5439 0.740443 
-4 -4 6 1 -5.12812 3.1529 
-3.57895 -4 6 1 -3.7292 2.33667 
-3.15789 -4 6 1 -2.87645 1.8391 
-2.73684 -4 6 1 -2.30225 1.50407 
-2.31579 -4 6 1 -1.88928 1.26311 
-1.89474 -4 6 1 -1.578 1.08149 
-1.47368 -4 6 1 -1.33496 0.939677 
-1.05263 -4 6 1 -1.13993 0.825886 
-0.631579 -4 6 1 -0.97998 0.732556 
-0.210526 -4 6 1 -0.846414 0.654624 
0.210526 -4 6 1 -0.733205 0.588569 
0.631579 -4 6 1 -0.636028 0.531868 
1.05263 -4 6 1 -0.551703 0.482667 
1.47368 -4 6 1 -0.477839 0.439568 
1.89474 -4 6 1 -0.412602 0.401504 
2.31579 -4 6 1 -0.354564 0.367641 
2.73684 -4 6 1 -0.302597 0.337319 
3.15789 -4 6 1 -0.255794 0.310011 
3.57895 -4 6 1 -0.213423 0.285288 
4 -4 6 1 -0.174883 0.262801 
-0.210526 4 6 1 140.949 147.531 
0.210526 4 6 1 9.19001 8.79168 
0.631579 4 6 1 5.04897 4.43123 
1.05263 4 6 1 3.61017 2.9162 
1.47368 4 6 1 2.87929 2.14659 
1.89474 4 6 1 2.43701 1.68087 
2.31579 4 6 1 2.14058 1.36874 
2.73684 4 6 1 1.92807 1.14497 
3.15789 4 6 1 1.76825 0.976686 
3.57895 4 6 1 1.6437 0.845534 
4 4 6 1 1.5439 0.740443 
