-4 -4 2 1 0.375047 -0.0993809 
-4 -3.57895 2 1 0.32389 -0.0997781 
-4 -3.15789 2 1 0.270384 -0.100194 
-4 -2.73684 2 1 0.214365 -0.100628 
-4 -2.31579 2 1 0.15565 -0.101084 
-4 -1.89474 2 1 0.0940407 -0.101563 
-4 -1.47368 2 1 0.0293173 -0.102065 
-4 -1.05263 2 1 -0.0387625 -0.102594 
-4 -0.631579 2 1 -0.110467 -0.10315 
-4 -0.210526 2 1 -0.186092 -0.103737 
-4 0.210526 2 1 -0.26597 -0.104358 
-4 0.631579 2 1 -0.35047 -0.105014 
-4 1.05263 2 1 -0.440004 -0.105709 
-4 1.47368 2 1 -0.535037 -0.106447 
-4 1.89474 2 1 -0.63609 -0.107231 
-4 2.31579 2 1 -0.743755 -0.108067 
-4 2.73684 2 1 -0.858702 -0.108959 
-4 3.15789 2 1 -0.981697 -0.109914 
-4 3.57895 2 1 -1.11361 -0.110939 
-4 4 2 1 -1.25546 -0.11204 
-4 -4 2 1 0.375047 -0.0993809 
-3.57895 -4 2 1 0.421001 -0.0932073 
-3.15789 -4 2 1 0.472889 -0.0862368 
-2.73684 -4 2 1 0.531937 -0.0783042 
-2.31579 -4 2 1 0.599738 -0.0691957 
-1.89474 -4 2 1 0.678394 -0.0586289 
-1.47368 -4 2 1 0.770739 -0.0462232 
-1.05263 -4 2 1 0.880687 -0.0314526 
-0.631579 -4 2 1 1.0138 -0.0135698 
-0.210526 -4 2 1 1.17827 0.00852464 
0.210526 -4 2 1 1.38664 0.0365173 
0.631579 -4 2 1 1.6592 0.0731337 
1.05263 -4 2 1 2.03102 0.123085 
1.47368 -4 2 1 2.56839 0.195275 
1.89474 -4 2 1 3.41353 0.308813 
2.31579 -4 2 1 4.93697 0.513473 
2.73684 -4 2 1 8.50257 0.992481 
3.15789 -4 2 1 26.5631 3.41876 
-4 4 2 1 -1.25546 -0.11204 
-3.57895 4 2 1 -1.35033 -0.102347 
-3.15789 4 2 1 -1.46834 -0.0902907 
-2.73684 4 2 1 -1.61913 -0.0748842 
-2.31579 4 2 1 -1.81858 -0.0545067 
-1.89474 4 2 1 -2.09476 -0.0262895 
-1.47368 4 2 1 -2.5025 0.0153691 
-1.05263 4 2 1 -3.1652 0.0830761 
-0.631579 4 2 1 -4.43074 0.212375 
-0.210526 4 2 1 -7.80804 0.557431 
0.210526 4 2 1 -45.2034 4.37808 
-4 -4 6 1 0.317793 0.434863 
-4 -3.57895 6 1 0.270574 0.445299 
-4 -3.15789 6 1 0.221409 0.456164 
-4 -2.73684 6 1 0.170173 0.467488 
-4 -2.31579 6 1 0.116734 0.479298 
-4 -1.89474 6 1 0.0609457 0.491628 
-4 -1.47368 6 1 0.00264984 0.504511 
-4 -1.05263 6 1 -0.0583263 0.517988 
-4 -0.631579 6 1 -0.122172 0.532098 
-4 -0.210526 6 1 -0.189095 0.546888 
-4 0.210526 6 1 -0.259323 0.562409 
-4 0.631579 6 1 -0.333106 0.578716 
-4 1.05263 6 1 -0.410723 0.595869 
-4 1.47368 6 1 -0.492479 0.613938 
-4 1.89474 6 1 -0.578716 0.632997 
-4 2.31579 6 1 -0.669811 0.653129 
-4 2.73684 6 1 -0.766187 0.674429 
-4 3.15789 6 1 -0.868317 0.697 
-4 3.57895 6 1 -0.976732 0.720961 
-4 4 6 1 -1.09203 0.746443 
4 -4 6 1 34.9309 31.8581 
4 -3.57895 6 1 17070.4 16889.9 
-4 -4 6 1 0.317793 0.434863 
-3.57895 -4 6 1 0.355902 0.46946 
-3.15789 -4 6 1 0.398396 0.508038 
-2.73684 -4 6 1 0.446076 0.551325 
-2.31579 -4 6 1 0.499956 0.600239 
-1.89474 -4 6 1 0.561326 0.655953 
-1.47368 -4 6 1 0.631867 0.719993 
-1.05263 -4 6 1 0.7138 0.794375 
-0.631579 -4 6 1 0.810126 0.881824 
-0.210526 -4 6 1 0.925003 0.986115 
0.210526 -4 6 1 1.06436 1.11263 
0.631579 -4 6 1 1.23697 1.26933 
1.05263 -4 6 1 1.45631 1.46846 
1.47368 -4 6 1 1.74437 1.72998 
1.89474 -4 6 1 2.13943 2.08862 
2.31579 -4 6 1 2.71469 2.61086 
2.73684 -4 6 1 3.62987 3.44171 
3.15789 -4 6 1 5.31263 4.96939 
3.57895 -4 6 1 9.42609 8.70377 
4 -4 6 1 34.9309 31.8581 
-4 4 6 1 -1.09203 0.746443 
-3.57895 4 6 1 -1.15597 0.831883 
-3.15789 4 6 1 -1.23259 0.934258 
-2.73684 4 6 1 -1.32606 1.05915 
-2.31579 4 6 1 -1.44263 1.21492 
-1.89474 4 6 1 -1.59209 1.41462 
-1.47368 4 6 1 -1.79061 1.6799 
-1.05263 4 6 1 -2.06713 2.04938 
-0.631579 4 6 1 -2.47882 2.59948 
-0.210526 4 6 1 -3.15687 3.50551 
0.210526 4 6 1 -4.48342 5.27805 
0.631579 4 6 1 -8.24138 10.2995 
1.05263 4 6 1 -94.435 125.472 
