-4 1.89474 2 1 69.0351 -6.57319 
-4 2.31579 2 1 13.8177 -1.09693 
-4 2.73684 2 1 8.12578 -0.532419 
-4 3.15789 2 1 5.9584 -0.317467 
-4 3.57895 2 1 4.81582 -0.20415 
-4 4 2 1 4.11019 -0.134168 
4 -4 2 1 -2.4337 -0.575723 
4 -3.57895 2 1 -2.02835 -0.491722 
4 -3.15789 2 1 -1.70589 -0.424898 
4 -2.73684 2 1 -1.44325 -0.370471 
4 -2.31579 2 1 -1.2252 -0.325284 
4 -1.89474 2 1 -1.04127 -0.287169 
4 -1.47368 2 1 -0.884041 -0.254585 
4 -1.05263 2 1 -0.748084 -0.22641 
4 -0.631579 2 1 -0.629359 -0.201807 
4 -0.210526 2 1 -0.524784 -0.180135 
4 0.210526 2 1 -0.431971 -0.160902 
4 0.631579 2 1 -0.349043 -0.143716 
4 1.05263 2 1 -0.2745 -0.128269 
4 1.47368 2 1 -0.207131 -0.114308 
4 1.89474 2 1 -0.145948 -0.101628 
4 2.31579 2 1 -0.0901367 -0.0900626 
4 2.73684 2 1 -0.0390193 -0.0794694 
4 3.15789 2 1 0.00797249 -0.0697312 
4 3.57895 2 1 0.0513187 -0.0607485 
4 4 2 1 0.0914278 -0.0524366 
1.47368 -4 2 1 -13.2517 -4.36672 
1.89474 -4 2 1 -6.60088 -2.03604 
2.31579 -4 2 1 -4.60163 -1.33544 
2.73684 -4 2 1 -3.63837 -0.997883 
3.15789 -4 2 1 -3.07155 -0.799249 
3.57895 -4 2 1 -2.6982 -0.668413 
4 -4 2 1 -2.4337 -0.575723 
-4 4 2 1 4.11019 -0.134168 
-3.57895 4 2 1 3.22013 -0.116066 
-3.15789 4 2 1 2.59934 -0.103441 
-2.73684 4 2 1 2.14168 -0.0941335 
-2.31579 4 2 1 1.79032 -0.0869877 
-1.89474 4 2 1 1.51208 -0.081329 
-1.47368 4 2 1 1.28628 -0.0767368 
-1.05263 4 2 1 1.09938 -0.0729357 
-0.631579 4 2 1 0.942116 -0.0697374 
-0.210526 4 2 1 0.807962 -0.067009 
0.210526 4 2 1 0.692172 -0.0646542 
0.631579 4 2 1 0.591216 -0.062601 
1.05263 4 2 1 0.502415 -0.060795 
1.47368 4 2 1 0.4237 -0.0591941 
1.89474 4 2 1 0.353443 -0.0577653 
2.31579 4 2 1 0.290351 -0.0564822 
2.73684 4 2 1 0.233382 -0.0553236 
3.15789 4 2 1 0.181685 -0.0542722 
3.57895 4 2 1 0.13456 -0.0533138 
4 4 2 1 0.0914278 -0.0524366 
-4 2.31579 6 1 33.0003 27.3751 
-4 2.73684 6 1 11.3614 8.90077 
-4 3.15789 6 1 7.22235 5.36708 
-4 3.57895 6 1 5.46685 3.86832 
-4 4 6 1 4.49628 3.03969 
4 -4 6 1 -2.89295 1.39799 
4 -3.57895 6 1 -2.39213 1.24393 
4 -3.15789 6 1 -2.00231 1.12401 
4 -2.73684 6 1 -1.69027 1.02802 
4 -2.31579 6 1 -1.43484 0.949448 
4 -1.89474 6 1 -1.2219 0.883943 
4 -1.47368 6 1 -1.04166 0.828498 
4 -1.05263 6 1 -0.887128 0.780961 
4 -0.631579 6 1 -0.753166 0.739751 
4 -0.210526 6 1 -0.635925 0.703685 
4 0.210526 6 1 -0.532458 0.671857 
4 0.631579 6 1 -0.440473 0.64356 
4 1.05263 6 1 -0.358157 0.618238 
4 1.47368 6 1 -0.284064 0.595446 
4 1.89474 6 1 -0.217019 0.574821 
4 2.31579 6 1 -0.156063 0.55607 
4 2.73684 6 1 -0.100402 0.538947 
4 3.15789 6 1 -0.0493747 0.52325 
4 3.57895 6 1 -0.00242578 0.508808 
4 4 6 1 0.040915 0.495475 
1.47368 -4 6 1 -65.5669 46.0252 
1.89474 -4 6 1 -11.318 7.3971 
2.31579 -4 6 1 -6.55864 4.00816 
2.73684 -4 6 1 -4.78101 2.74239 
3.15789 -4 6 1 -3.85142 2.08047 
3.57895 -4 6 1 -3.27989 1.67351 
4 -4 6 1 -2.89295 1.39799 
-4 4 6 1 4.49628 3.03969 
-3.57895 4 6 1 3.40799 2.41823 
-3.15789 4 6 1 2.6859 2.00588 
-2.73684 4 6 1 2.1718 1.71231 
-2.31579 4 6 1 1.78713 1.49265 
-1.89474 4 6 1 1.48849 1.32211 
-1.47368 4 6 1 1.24991 1.18587 
-1.05263 4 6 1 1.05493 1.07453 
-0.631579 4 6 1 0.892607 0.981831 
-0.210526 4 6 1 0.755362 0.903458 
0.210526 4 6 1 0.637803 0.836326 
0.631579 4 6 1 0.535978 0.778179 
1.05263 4 6 1 0.446925 0.727326 
1.47368 4 6 1 0.368385 0.682476 
1.89474 4 6 1 0.298598 0.642624 
2.31579 4 6 1 0.236179 0.60698 
2.73684 4 6 1 0.18002 0.574911 
3.15789 4 6 1 0.129224 0.545904 
3.57895 4 6 1 0.0830573 0.51954 
4 4 6 1 0.040915 0.495475 
