-4 -4 2 1 -21.3587 -2.01486 
-4 -3.57895 2 1 -108.243 -10.3358 
4 -4 2 1 -0.222723 -0.280611 
4 -3.57895 2 1 -0.176589 -0.285585 
4 -3.15789 2 1 -0.127366 -0.290891 
4 -2.73684 2 1 -0.0747335 -0.296566 
4 -2.31579 2 1 -0.018324 -0.302648 
4 -1.89474 2 1 0.0422841 -0.309182 
4 -1.47368 2 1 0.107578 -0.316222 
4 -1.05263 2 1 0.178122 -0.323828 
4 -0.631579 2 1 0.254577 -0.332071 
4 -0.210526 2 1 0.337717 -0.341034 
4 0.210526 2 1 0.428461 -0.350818 
4 0.631579 2 1 0.5279 -0.361539 
4 1.05263 2 1 0.637348 -0.373339 
4 1.47368 2 1 0.758396 -0.38639 
4 1.89474 2 1 0.89299 -0.400901 
4 2.31579 2 1 1.04354 -0.417133 
4 2.73684 2 1 1.21306 -0.43541 
4 3.15789 2 1 1.40539 -0.456146 
4 3.57895 2 1 1.62544 -0.479871 
4 4 2 1 1.87969 -0.507282 
-4 -4 2 1 -21.3587 -2.01486 
-3.57895 -4 2 1 -8.87378 -0.990447 
-3.15789 -4 2 1 -5.4336 -0.708174 
-2.73684 -4 2 1 -3.82297 -0.576018 
-2.31579 -4 2 1 -2.88898 -0.499382 
-1.89474 -4 2 1 -2.27925 -0.449353 
-1.47368 -4 2 1 -1.84989 -0.414123 
-1.05263 -4 2 1 -1.53119 -0.387973 
-0.631579 -4 2 1 -1.28524 -0.367792 
-0.210526 -4 2 1 -1.08968 -0.351747 
0.210526 -4 2 1 -0.930478 -0.338683 
0.631579 -4 2 1 -0.798345 -0.327842 
1.05263 -4 2 1 -0.686922 -0.318699 
1.47368 -4 2 1 -0.591693 -0.310885 
1.89474 -4 2 1 -0.509367 -0.30413 
2.31579 -4 2 1 -0.437489 -0.298233 
2.73684 -4 2 1 -0.374187 -0.293039 
3.15789 -4 2 1 -0.318013 -0.288429 
3.57895 -4 2 1 -0.267828 -0.284312 
4 -4 2 1 -0.222723 -0.280611 
1.05263 4 2 1 10.851 -2.62196 
1.47368 4 2 1 5.68602 -1.4045 
1.89474 4 2 1 3.98728 -1.00408 
2.31579 4 2 1 3.14214 -0.804863 
2.73684 4 2 1 2.63641 -0.685653 
3.15789 4 2 1 2.29981 -0.606312 
3.57895 4 2 1 2.05966 -0.549703 
4 4 2 1 1.87969 -0.507282 
-4 -4 6 1 -5.53322 3.36792 
-4 -3.57895 6 1 -6.60821 4.33466 
-4 -3.15789 6 1 -8.5053 6.04073 
-4 -2.73684 6 1 -12.7514 9.85927 
-4 -2.31579 6 1 -30.8011 26.0914 
4 -4 6 1 -0.182389 0.257308 
4 -3.57895 6 1 -0.139641 0.268528 
4 -3.15789 6 1 -0.094322 0.280422 
4 -2.73684 6 1 -0.0461934 0.293054 
4 -2.31579 6 1 0.00501456 0.306494 
4 -1.89474 6 1 0.0596072 0.320822 
4 -1.47368 6 1 0.117931 0.336129 
4 -1.05263 6 1 0.180384 0.35252 
4 -0.631579 6 1 0.247418 0.370114 
4 -0.210526 6 1 0.319558 0.389047 
4 0.210526 6 1 0.39741 0.40948 
4 0.631579 6 1 0.48168 0.431597 
4 1.05263 6 1 0.573196 0.455616 
4 1.47368 6 1 0.672936 0.481794 
4 1.89474 6 1 0.782058 0.510434 
4 2.31579 6 1 0.901954 0.541901 
4 2.73684 6 1 1.0343 0.576636 
4 3.15789 6 1 1.18114 0.615176 
4 3.57895 6 1 1.345 0.658181 
4 4 6 1 1.52902 0.706477 
-4 -4 6 1 -5.53322 3.36792 
-3.57895 -4 6 1 -3.93887 2.44107 
-3.15789 -4 6 1 -3.00041 1.89552 
-2.73684 -4 6 1 -2.38216 1.53611 
-2.31579 -4 6 1 -1.94412 1.28146 
-1.89474 -4 6 1 -1.61752 1.09159 
-1.47368 -4 6 1 -1.36463 0.944581 
-1.05263 -4 6 1 -1.16302 0.827383 
-0.631579 -4 6 1 -0.998543 0.731765 
-0.210526 -4 6 1 -0.861795 0.652269 
0.210526 -4 6 1 -0.746313 0.585135 
0.631579 -4 6 1 -0.647492 0.527688 
1.05263 -4 6 1 -0.561971 0.477971 
1.47368 -4 6 1 -0.487233 0.434524 
1.89474 -4 6 1 -0.421359 0.39623 
2.31579 -4 6 1 -0.362862 0.362223 
2.73684 -4 6 1 -0.310568 0.331823 
3.15789 -4 6 1 -0.263539 0.304483 
3.57895 -4 6 1 -0.221019 0.279765 
4 -4 6 1 -0.182389 0.257308 
-0.210526 4 6 1 113.27 113.944 
0.210526 4 6 1 9.06781 8.34626 
0.631579 4 6 1 5.01007 4.23416 
1.05263 4 6 1 3.58633 2.79135 
1.47368 4 6 1 2.86033 2.05563 
1.89474 4 6 1 2.4201 1.6095 
2.31579 4 6 1 2.12465 1.31009 
2.73684 4 6 1 1.91266 1.09526 
3.15789 4 6 1 1.75313 0.93359 
3.57895 4 6 1 1.62873 0.807529 
4 4 6 1 1.52902 0.706477 
