-0.841258 0.0260522 -0.909982 0.904034 20 
-0.753141 0.02258 -0.808685 0.890865 21 
-0.666628 0.0191711 -0.70949 0.87797 22 
-0.581676 0.0158237 -0.612332 0.865339 23 
-0.498243 0.0125361 -0.51715 0.852965 24 
-0.416289 0.00930682 -0.423884 0.84084 25 
-0.335774 0.00613424 -0.332476 0.828956 26 
-0.256661 0.0030169 -0.242872 0.817308 27 
-0.178914 -4.66193e-05 -0.155018 0.805886 28 
-0.102497 -0.00305771 -0.0688636 0.794686 29 
-0.0273771 -0.0060177 0.0156397 0.7837 30 
0.0464787 -0.00892788 0.098539 0.772923 31 
0.119102 -0.0117895 0.17988 0.762348 32 
0.190524 -0.0146038 0.259705 0.751971 33 
0.260773 -0.0173719 0.338058 0.741785 34 
0.329879 -0.0200949 0.414977 0.731785 35 
0.397869 -0.0227739 0.490503 0.721966 36 
0.464769 -0.02541 0.564672 0.712324 37 
0.530607 -0.0280043 0.637522 0.702853 38 
0.595407 -0.0305576 0.709086 0.69355 39 
-3.79981 -0.553395 -9.63391 8.88581 49 
-2.73888 -0.345606 -4.67201 4.34602 50 
-2.15155 -0.230574 -3.10876 2.91576 51 
-1.77856 -0.157522 -2.34311 2.21524 52 
-1.52068 -0.107016 -1.8887 1.79949 53 
-1.33175 -0.0700138 -1.58781 1.5242 54 
-1.18738 -0.0417381 -1.37388 1.32847 55 
-1.07347 -0.0194276 -1.21397 1.18217 56 
-0.981295 -0.00137463 -1.08992 1.06867 57 
-0.905178 0.0135333 -0.990883 0.978053 58 
-0.841258 0.0260522 -0.909982 0.904034 59 
6.03793 -1.58181 90.3239 58.1782 66 
3.74388 -0.927949 9.46977 6.31322 67 
2.69699 -0.629561 4.94891 3.41325 68 
2.0976 -0.458721 3.32748 2.37316 69 
1.70931 -0.348048 2.49345 1.83815 70 
1.43729 -0.270516 1.9853 1.5122 71 
1.23613 -0.213178 1.64327 1.29279 72 
1.08132 -0.169053 1.39733 1.13503 73 
0.958495 -0.134047 1.21197 1.01613 74 
0.858676 -0.105596 1.06728 0.923315 75 
0.775952 -0.0820175 0.951178 0.848843 76 
0.706277 -0.0621584 0.855965 0.787767 77 
0.646789 -0.0452029 0.776465 0.736771 78 
0.595407 -0.0305576 0.709086 0.69355 79 
