-4 -4 2 1 1.03632 0.162673 
-4 -3.57895 2 1 0.926511 0.149409 
-4 -3.15789 2 1 0.821338 0.136704 
-4 -2.73684 2 1 0.720511 0.124525 
-4 -2.31579 2 1 0.623766 0.112838 
-4 -1.89474 2 1 0.53086 0.101616 
-4 -1.47368 2 1 0.44157 0.0908297 
-4 -1.05263 2 1 0.355688 0.0804555 
-4 -0.631579 2 1 0.273022 0.0704698 
-4 -0.210526 2 1 0.193396 0.0608513 
-4 0.210526 2 1 0.116644 0.05158 
-4 0.631579 2 1 0.0426144 0.0426375 
-4 1.05263 2 1 -0.0288359 0.0340066 
-4 1.47368 2 1 -0.0978392 0.0256713 
-4 1.89474 2 1 -0.164519 0.0176166 
-4 2.31579 2 1 -0.228991 0.00982867 
-4 2.73684 2 1 -0.291363 0.00229442 
-4 3.15789 2 1 -0.351735 -0.00499834 
-4 3.57895 2 1 -0.410204 -0.012061 
-4 4 2 1 -0.466856 -0.0189044 
-4 -4 2 1 1.03632 0.162673 
-3.57895 -4 2 1 1.11357 0.183813 
-3.15789 -4 2 1 1.20771 0.209575 
-2.73684 -4 2 1 1.32495 0.241658 
-2.31579 -4 2 1 1.47498 0.282716 
-1.89474 -4 2 1 1.67381 0.337125 
-1.47368 -4 2 1 1.94985 0.412664 
-1.05263 -4 2 1 2.35891 0.524606 
-0.631579 -4 2 1 3.02769 0.707619 
-0.210526 -4 2 1 4.31856 1.06087 
0.210526 -4 2 1 7.85419 2.02841 
0.631579 -4 2 1 58.4969 15.887 
-4 4 2 1 -0.466856 -0.0189044 
-3.57895 4 2 1 -0.515385 -0.016677 
-3.15789 4 2 1 -0.570939 -0.0141271 
-2.73684 4 2 1 -0.635163 -0.0111793 
-2.31579 4 2 1 -0.710256 -0.00773266 
-1.89474 4 2 1 -0.799234 -0.00364869 
-1.47368 4 2 1 -0.90634 0.00126733 
-1.05263 4 2 1 -1.03774 0.00729853 
-0.631579 4 2 1 -1.20277 0.0148729 
-0.210526 4 2 1 -1.41621 0.0246696 
0.210526 4 2 1 -1.70304 0.0378347 
0.631579 4 2 1 -2.10897 0.0564664 
1.05263 4 2 1 -2.72762 0.0848616 
1.47368 4 2 1 -3.78555 0.133419 
1.89474 4 2 1 -6.00818 0.235435 
2.31579 4 2 1 -13.6742 0.587296 
-4 -4 6 1 0.896094 0.972232 
-4 -3.57895 6 1 0.795772 0.943379 
-4 -3.15789 6 1 0.699432 0.91567 
-4 -2.73684 6 1 0.606841 0.88904 
-4 -2.31579 6 1 0.517785 0.863427 
-4 -1.89474 6 1 0.432065 0.838773 
-4 -1.47368 6 1 0.349498 0.815026 
-4 -1.05263 6 1 0.269912 0.792136 
-4 -0.631579 6 1 0.193149 0.770058 
-4 -0.210526 6 1 0.119062 0.74875 
-4 0.210526 6 1 0.0475117 0.728172 
-4 0.631579 6 1 -0.0216286 0.708286 
-4 1.05263 6 1 -0.088479 0.689059 
-4 1.47368 6 1 -0.153151 0.670459 
-4 1.89474 6 1 -0.21575 0.652455 
-4 2.31579 6 1 -0.276374 0.635019 
-4 2.73684 6 1 -0.335115 0.618124 
-4 3.15789 6 1 -0.392059 0.601747 
-4 3.57895 6 1 -0.447288 0.585862 
-4 4 6 1 -0.500877 0.570449 
-4 -4 6 1 0.896094 0.972232 
-3.57895 -4 6 1 0.955254 1.06633 
-3.15789 -4 6 1 1.02639 1.17946 
-2.73684 -4 6 1 1.11353 1.31807 
-2.31579 -4 6 1 1.22278 1.49183 
-1.89474 -4 6 1 1.36377 1.71607 
-1.47368 -4 6 1 1.55268 2.01654 
-1.05263 -4 6 1 1.81895 2.44004 
-0.631579 -4 6 1 2.22233 3.08162 
-0.210526 -4 6 1 2.90543 4.16809 
0.210526 -4 6 1 4.31363 6.40786 
0.631579 -4 6 1 8.90738 13.7142 
-4 4 6 1 -0.500877 0.570449 
-3.57895 4 6 1 -0.549304 0.610471 
-3.15789 4 6 1 -0.604387 0.655993 
-2.73684 4 6 1 -0.667599 0.708234 
-2.31579 4 6 1 -0.740885 0.7688 
-1.89474 4 6 1 -0.82686 0.839853 
-1.47368 4 6 1 -0.929133 0.924374 
-1.05263 4 6 1 -1.05282 1.0266 
-0.631579 4 6 1 -1.20544 1.15273 
-0.210526 4 6 1 -1.39849 1.31227 
0.210526 4 6 1 -1.65048 1.52052 
0.631579 4 6 1 -1.99326 1.8038 
1.05263 4 6 1 -2.48669 2.21159 
1.47368 4 6 1 -3.25807 2.84908 
1.89474 4 6 1 -4.63429 3.98643 
2.31579 4 6 1 -7.78552 6.59072 
2.73684 4 6 1 -22.3822 18.6539 
