-4 -4 2 1 0.316349 -0.0616413 
-4 -3.57895 2 1 0.268049 -0.0593304 
-4 -3.15789 2 1 0.217249 -0.0568999 
-4 -2.73684 2 1 0.163748 -0.0543402 
-4 -2.31579 2 1 0.107326 -0.0516407 
-4 -1.89474 2 1 0.0477358 -0.0487897 
-4 -1.47368 2 1 -0.0152957 -0.0457741 
-4 -1.05263 2 1 -0.0820761 -0.042579 
-4 -0.631579 2 1 -0.15295 -0.0391881 
-4 -0.210526 2 1 -0.228306 -0.0355828 
-4 0.210526 2 1 -0.308583 -0.0317421 
-4 0.631579 2 1 -0.394279 -0.0276421 
-4 1.05263 2 1 -0.485962 -0.0232556 
-4 1.47368 2 1 -0.584282 -0.0185516 
-4 1.89474 2 1 -0.689987 -0.0134942 
-4 2.31579 2 1 -0.803942 -0.00804216 
-4 2.73684 2 1 -0.927151 -0.00214734 
-4 3.15789 2 1 -1.06079 0.00424647 
-4 3.57895 2 1 -1.20624 0.0112054 
-4 4 2 1 -1.36514 0.0188079 
-4 -4 2 1 0.316349 -0.0616413 
-3.57895 -4 2 1 0.360609 -0.0533364 
-3.15789 -4 2 1 0.410201 -0.0440309 
-2.73684 -4 2 1 0.466151 -0.0335325 
-2.31579 -4 2 1 0.529765 -0.021596 
-1.89474 -4 2 1 0.602733 -0.00790413 
-1.47368 -4 2 1 0.687284 0.00796093 
-1.05263 -4 2 1 0.786412 0.0265612 
-0.631579 -4 2 1 0.904242 0.0486709 
-0.210526 -4 2 1 1.04662 0.0753865 
0.210526 -4 2 1 1.22211 0.108315 
0.631579 -4 2 1 1.44377 0.149908 
1.05263 -4 2 1 1.7326 0.204104 
1.47368 -4 2 1 2.12458 0.277654 
1.89474 -4 2 1 2.68696 0.38318 
2.31579 -4 2 1 3.56174 0.547324 
2.73684 -4 2 1 5.10931 0.83771 
3.15789 -4 2 1 8.59081 1.49098 
3.57895 -4 2 1 23.6686 4.32018 
-4 4 2 1 -1.36514 0.0188079 
-3.57895 4 2 1 -1.46653 0.0442663 
-3.15789 4 2 1 -1.59358 0.0761684 
-2.73684 4 2 1 -1.75745 0.117316 
-2.31579 4 2 1 -1.97685 0.172407 
-1.89474 4 2 1 -2.28577 0.249978 
-1.47368 4 2 1 -2.75305 0.367312 
-1.05263 4 2 1 -3.54242 0.565524 
-0.631579 4 2 1 -5.16202 0.972206 
-0.210526 4 2 1 -10.3745 2.28106 
-4 -4 6 1 0.274385 0.449838 
-4 -3.57895 6 1 0.230088 0.463496 
-4 -3.15789 6 1 0.183737 0.477786 
-4 -2.73684 6 1 0.135187 0.492755 
-4 -2.31579 6 1 0.0842781 0.508451 
-4 -1.89474 6 1 0.0308333 0.524929 
-4 -1.47368 6 1 -0.0253414 0.542249 
-4 -1.05263 6 1 -0.0844608 0.560477 
-4 -0.631579 6 1 -0.146763 0.579685 
-4 -0.210526 6 1 -0.212511 0.599957 
-4 0.210526 6 1 -0.281999 0.621381 
-4 0.631579 6 1 -0.355557 0.64406 
-4 1.05263 6 1 -0.433552 0.668108 
-4 1.47368 6 1 -0.516398 0.693651 
-4 1.89474 6 1 -0.604563 0.720834 
-4 2.31579 6 1 -0.698576 0.749819 
-4 2.73684 6 1 -0.799037 0.780793 
-4 3.15789 6 1 -0.906635 0.813968 
-4 3.57895 6 1 -1.02216 0.849586 
-4 4 6 1 -1.14652 0.887927 
4 -4 6 1 8.64319 7.91732 
4 -3.57895 6 1 11.0588 10.9573 
4 -3.15789 6 1 16.3938 17.6714 
4 -2.73684 6 1 38.0241 44.8929 
-4 -4 6 1 0.274385 0.449838 
-3.57895 -4 6 1 0.311849 0.483266 
-3.15789 -4 6 1 0.353324 0.520275 
-2.73684 -4 6 1 0.399494 0.561472 
-2.31579 -4 6 1 0.451201 0.607611 
-1.89474 -4 6 1 0.509507 0.659637 
-1.47368 -4 6 1 0.57576 0.718754 
-1.05263 -4 6 1 0.651704 0.786519 
-0.631579 -4 6 1 0.739632 0.864978 
-0.210526 -4 6 1 0.842626 0.956879 
0.210526 -4 6 1 0.964919 1.066 
0.631579 -4 6 1 1.1125 1.19768 
1.05263 -4 6 1 1.2941 1.35973 
1.47368 -4 6 1 1.52305 1.56402 
1.89474 -4 6 1 1.8206 1.82953 
2.31579 -4 6 1 2.22306 2.18864 
2.73684 -4 6 1 2.79775 2.70143 
3.15789 -4 6 1 3.68534 3.49343 
3.57895 -4 6 1 5.23697 4.87795 
4 -4 6 1 8.64319 7.91732 
-4 4 6 1 -1.14652 0.887927 
-3.57895 4 6 1 -1.20883 0.987772 
-3.15789 4 6 1 -1.28364 1.10764 
-2.73684 4 6 1 -1.37512 1.25421 
-2.31579 4 6 1 -1.48955 1.43755 
-1.89474 4 6 1 -1.63679 1.67347 
-1.47368 4 6 1 -1.83332 1.98836 
-1.05263 4 6 1 -2.10886 2.42985 
-0.631579 4 6 1 -2.52307 3.09351 
-0.210526 4 6 1 -3.21578 4.20341 
0.210526 4 6 1 -4.61019 6.4376 
0.631579 4 6 1 -8.86662 13.2575 
