11.4666 3.4641 3.82593 5.53139 10 
5.74398 1.58721 2.90001 3.92932 11 
3.9611 1.00247 2.38358 3.03578 12 
3.09133 0.717203 2.05418 2.46585 13 
2.5762 0.548253 1.82579 2.07069 14 
2.23554 0.436525 1.65813 1.78059 15 
1.99354 0.357158 1.52981 1.55857 16 
1.81278 0.297871 1.42845 1.38318 17 
1.67261 0.2519 1.34635 1.24113 18 
1.56075 0.21521 1.2785 1.12374 19 
-10.6155 1.0412 -5.075 4.11914 20 
-5.85782 0.550662 -3.65341 3.0527 21 
-3.94063 0.352993 -2.80422 2.41567 22 
-2.90493 0.246208 -2.23966 1.99215 23 
-2.25641 0.179344 -1.83716 1.69021 24 
-1.81215 0.13354 -1.5357 1.46406 25 
-1.48878 0.100199 -1.30148 1.28836 26 
-1.24287 0.0748447 -1.11426 1.14791 27 
-1.04956 0.0549137 -0.961182 1.03307 28 
-0.893601 0.038834 -0.833686 0.937428 29 
-0.765126 0.0255879 -0.725854 0.856535 30 
-0.657457 0.0144868 -0.633463 0.787227 31 
-0.565918 0.00504889 -0.553419 0.727179 32 
-0.487138 -0.00307365 -0.4834 0.674653 33 
-0.418622 -0.0101379 -0.421635 0.628319 34 
-0.358487 -0.016338 -0.366745 0.587142 35 
-0.305284 -0.0218233 -0.317643 0.550307 36 
-0.25788 -0.0267109 -0.273459 0.517162 37 
-0.215376 -0.0310932 -0.23349 0.487178 38 
-0.177049 -0.0350448 -0.19716 0.459924 39 
-49.2064 6.80784 -6.98821 6.70438 57 
-16.6547 1.94363 -5.81406 5.11781 58 
-10.6155 1.0412 -5.075 4.11914 59 
1.56075 0.21521 1.2785 1.12374 60 
1.38272 0.189573 1.13717 1.06016 61 
1.22247 0.166497 1.00815 1.00213 62 
1.07748 0.145617 0.889907 0.948935 63 
0.945655 0.126633 0.781134 0.900004 64 
0.825285 0.109299 0.680742 0.854843 65 
0.714938 0.0934079 0.587798 0.813033 66 
0.613413 0.0787875 0.501502 0.774213 67 
0.519692 0.065291 0.421165 0.738074 68 
0.432908 0.0527935 0.346191 0.704348 69 
0.352319 0.0411881 0.276061 0.6728 70 
0.277285 0.0303826 0.210319 0.643226 71 
0.20725 0.020297 0.148567 0.615447 72 
0.14173 0.0108617 0.0904512 0.589304 73 
0.0803037 0.00201584 0.0356602 0.564657 74 
0.0225978 -0.00629425 -0.0160835 0.54138 75 
-0.0317155 -0.0141158 -0.0650271 0.519363 76 
-0.0829268 -0.0214906 -0.111392 0.498506 77 
-0.131294 -0.0284559 -0.155377 0.47872 78 
-0.177049 -0.0350448 -0.19716 0.459924 79 
