0.418249 -0.139731 0.351185 0.414652 0 
0.364907 -0.142206 0.301709 0.422688 1 
0.309333 -0.144785 0.250365 0.431028 2 
0.251383 -0.147475 0.197045 0.439688 3 
0.190903 -0.150281 0.141631 0.448689 4 
0.127721 -0.153213 0.0839996 0.458049 5 
0.0616543 -0.156279 0.0240135 0.467793 6 
-0.00750083 -0.159489 -0.0384742 0.477942 7 
-0.0799656 -0.162852 -0.103623 0.488524 8 
-0.155984 -0.166379 -0.171608 0.499567 9 
-0.235822 -0.170085 -0.242617 0.5111 10 
-0.319778 -0.173981 -0.316856 0.523158 11 
-0.408177 -0.178083 -0.394552 0.535778 12 
-0.501381 -0.182408 -0.475952 0.549 13 
-0.599794 -0.186976 -0.561326 0.562866 14 
-0.703864 -0.191805 -0.650974 0.577427 15 
-0.814095 -0.196921 -0.745224 0.592736 16 
-0.931049 -0.202348 -0.84444 0.608851 17 
-1.05536 -0.208117 -0.949025 0.625838 18 
-1.18775 -0.214261 -1.05943 0.643771 19 
0.418249 -0.139731 0.351185 0.414652 40 
0.465881 -0.136492 0.390248 0.449257 41 
0.519968 -0.132814 0.434048 0.488057 42 
0.58192 -0.128601 0.483501 0.531865 43 
0.653585 -0.123728 0.539778 0.581718 44 
0.737442 -0.118025 0.604394 0.638959 45 
0.836891 -0.111263 0.679354 0.705363 46 
0.956728 -0.103114 0.767355 0.783319 47 
1.10394 -0.0931035 0.872126 0.876131 48 
1.28911 -0.0805118 0.998965 0.988492 49 
1.52909 -0.0641927 1.15566 1.12731 50 
1.85246 -0.0422032 1.35418 1.30316 51 
2.31182 -0.0109668 1.61382 1.53316 52 
3.01577 0.0369024 1.96795 1.84688 53 
4.23057 0.11951 2.47965 2.30017 54 
6.82895 0.296201 3.28414 3.01283 55 
16.3012 0.940319 4.73346 4.29672 56 
-1.18775 -0.214261 -1.05943 0.643771 60 
-1.27913 -0.216771 -1.12493 0.718947 61 
-1.39237 -0.219881 -1.20341 0.809008 62 
-1.53637 -0.223836 -1.29913 0.918861 63 
-1.72565 -0.229035 -1.41849 1.05583 64 
-1.98553 -0.236172 -1.57146 1.23139 65 
-2.36456 -0.246582 -1.77458 1.46449 66 
-2.9691 -0.263186 -2.05733 1.78898 67 
-4.08555 -0.29385 -2.47798 2.27173 68 
-6.84168 -0.369547 -3.16992 3.06582 69 
-24.833 -0.86368 -4.52055 4.61581 70 
