-1.027 0.0622991 -1.21381 1.11305 20 
-0.917293 0.0631632 -1.07746 1.08739 21 
-0.812133 0.0639914 -0.947854 1.063 22 
-0.711247 0.064786 -0.82452 1.03979 23 
-0.614378 0.0655489 -0.707009 1.01767 24 
-0.521292 0.066282 -0.594919 0.996579 25 
-0.431772 0.0669871 -0.487882 0.976437 26 
-0.345617 0.0676656 -0.385566 0.957182 27 
-0.262639 0.0683191 -0.287663 0.938758 28 
-0.182668 0.068949 -0.193895 0.921113 29 
-0.105541 0.0695564 -0.104005 0.904197 30 
-0.0311107 0.0701426 -0.017758 0.887966 31 
0.0407627 0.0707087 0.065064 0.87238 32 
0.110209 0.0712556 0.144661 0.857401 33 
0.177348 0.0717844 0.221217 0.842995 34 
0.242293 0.0722959 0.294904 0.829128 35 
0.305151 0.072791 0.365879 0.815771 36 
0.36602 0.0732704 0.434291 0.802897 37 
0.424994 0.0737348 0.500274 0.79048 38 
0.482159 0.074185 0.563957 0.778496 39 
-4.01632 -0.475793 -21.8592 20.5245 50 
-2.89144 -0.273309 -6.65967 6.23341 51 
-2.28352 -0.16388 -4.01149 3.74351 52 
-1.90278 -0.0953447 -2.91105 2.70884 53 
-1.64192 -0.0483887 -2.30833 2.14215 54 
-1.45202 -0.0142066 -1.92793 1.78448 55 
-1.3076 0.01179 -1.666 1.53821 56 
-1.19407 0.032227 -1.47466 1.3583 57 
-1.10247 0.0487156 -1.32875 1.22111 58 
-1.027 0.0622991 -1.21381 1.11305 59 
5.53024 -0.818468 127.919 91.3004 65 
3.61697 -0.480144 10.2306 7.64941 66 
2.65582 -0.310184 5.21563 4.08482 67 
2.07768 -0.207952 3.4476 2.82814 68 
1.69165 -0.139689 2.54435 2.18612 69 
1.41561 -0.0908781 1.99607 1.79642 70 
1.20843 -0.0542407 1.62789 1.53472 71 
1.04718 -0.0257279 1.36357 1.34685 72 
0.918125 -0.00290685 1.16461 1.20543 73 
0.812493 0.015772 1.00943 1.09513 74 
0.724438 0.0313427 0.885013 1.0067 75 
0.649911 0.0445214 0.783035 0.934213 76 
0.586016 0.0558199 0.697927 0.87372 77 
0.53063 0.0656139 0.625824 0.822471 78 
0.482159 0.074185 0.563957 0.778496 79 
