-4 -3.15789 2 1 55.9579 -2.06321 
-4 -2.73684 2 1 9.28579 -0.295911 
-4 -2.31579 2 1 4.94516 -0.131548 
-4 -1.89474 2 1 3.31313 -0.0697493 
-4 -1.47368 2 1 2.45732 -0.0373429 
-4 -1.05263 2 1 1.93034 -0.0173883 
-4 -0.631579 2 1 1.57322 -0.00386546 
-4 -0.210526 2 1 1.31523 0.00590371 
-4 0.210526 2 1 1.12012 0.0132916 
-4 0.631579 2 1 0.967408 0.0190744 
-4 1.05263 2 1 0.844623 0.0237238 
-4 1.47368 2 1 0.743753 0.0275433 
-4 1.89474 2 1 0.659413 0.030737 
-4 2.31579 2 1 0.587846 0.033447 
-4 2.73684 2 1 0.526356 0.0357754 
-4 3.15789 2 1 0.472954 0.0377975 
-4 3.57895 2 1 0.426142 0.0395701 
-4 4 2 1 0.384773 0.0411366 
4 -0.631579 2 1 -13.4143 2.38082 
4 -0.210526 2 1 -5.62013 1.00688 
4 0.210526 2 1 -3.63292 0.656578 
4 0.631579 2 1 -2.72442 0.496429 
4 1.05263 2 1 -2.20381 0.404656 
4 1.47368 2 1 -1.86636 0.345171 
4 1.89474 2 1 -1.62988 0.303485 
4 2.31579 2 1 -1.45495 0.272648 
4 2.73684 2 1 -1.3203 0.248913 
4 3.15789 2 1 -1.21346 0.23008 
4 3.57895 2 1 -1.12662 0.214772 
4 4 2 1 -1.05465 0.202084 
-4 4 2 1 0.384773 0.0411366 
-3.57895 4 2 1 0.332439 0.0469882 
-3.15789 4 2 1 0.278276 0.0530444 
-2.73684 4 2 1 0.222185 0.0593161 
-2.31579 4 2 1 0.164063 0.0658149 
-1.89474 4 2 1 0.103797 0.0725535 
-1.47368 4 2 1 0.0412658 0.0795454 
-1.05263 4 2 1 -0.0236607 0.0868051 
-0.631579 4 2 1 -0.0911227 0.0943483 
-0.210526 4 2 1 -0.161272 0.102192 
0.210526 4 2 1 -0.234272 0.110354 
0.631579 4 2 1 -0.3103 0.118855 
1.05263 4 2 1 -0.389548 0.127716 
1.47368 4 2 1 -0.472227 0.136961 
1.89474 4 2 1 -0.558562 0.146615 
2.31579 4 2 1 -0.648804 0.156705 
2.73684 4 2 1 -0.743221 0.167262 
3.15789 4 2 1 -0.842112 0.178319 
3.57895 4 2 1 -0.945802 0.189913 
4 4 2 1 -1.05465 0.202084 
-4 -2.73684 6 1 14.702 11.4726 
-4 -2.31579 6 1 6.49892 5.22978 
-4 -1.89474 6 1 4.09907 3.40342 
-4 -1.47368 6 1 2.95336 2.5315 
-4 -1.05263 6 1 2.28236 2.02084 
-4 -0.631579 6 1 1.84166 1.68546 
-4 -0.210526 6 1 1.53006 1.44832 
-4 0.210526 6 1 1.29809 1.27178 
-4 0.631579 6 1 1.11867 1.13524 
-4 1.05263 6 1 0.975771 1.02649 
-4 1.47368 6 1 0.859266 0.937825 
-4 1.89474 6 1 0.762463 0.864155 
-4 2.31579 6 1 0.680754 0.801971 
-4 2.73684 6 1 0.610864 0.748782 
-4 3.15789 6 1 0.5504 0.702768 
-4 3.57895 6 1 0.497578 0.662568 
-4 4 6 1 0.451033 0.627146 
4 -0.631579 6 1 -26.7982 37.4477 
4 -0.210526 6 1 -6.50415 8.83428 
4 0.210526 6 1 -3.80797 5.03282 
4 0.631579 6 1 -2.74267 3.53081 
4 1.05263 6 1 -2.17211 2.72636 
4 1.47368 6 1 -1.8166 2.22511 
4 1.89474 6 1 -1.57384 1.88283 
4 2.31579 6 1 -1.39753 1.63424 
4 2.73684 6 1 -1.26367 1.4455 
4 3.15789 6 1 -1.15857 1.29733 
4 3.57895 6 1 -1.07388 1.17791 
4 4 6 1 -1.00416 1.07961 
-4 4 6 1 0.451033 0.627146 
-3.57895 4 6 1 0.398667 0.643428 
-3.15789 4 6 1 0.344429 0.660293 
-2.73684 4 6 1 0.288214 0.677771 
-2.31579 4 6 1 0.229914 0.695899 
-1.89474 4 6 1 0.169411 0.714711 
-1.47368 4 6 1 0.106576 0.734248 
-1.05263 4 6 1 0.0412736 0.754553 
-0.631579 4 6 1 -0.0266458 0.775671 
-0.210526 4 6 1 -0.0973425 0.797652 
0.210526 4 6 1 -0.17099 0.820552 
0.631579 4 6 1 -0.247778 0.844427 
1.05263 4 6 1 -0.32791 0.869343 
1.47368 4 6 1 -0.411611 0.895368 
1.89474 4 6 1 -0.499124 0.922578 
2.31579 4 6 1 -0.590716 0.951057 
2.73684 4 6 1 -0.686678 0.980894 
3.15789 4 6 1 -0.787332 1.01219 
3.57895 4 6 1 -0.893029 1.04505 
4 4 6 1 -1.00416 1.07961 
