1.40487 -0.0705693 1.35178 1.0491 0 
1.24327 -0.0756183 1.1863 0.992269 1 
1.09539 -0.0802387 1.03539 0.940447 2 
0.959548 -0.0844828 0.897212 0.892996 3 
0.83434 -0.0883947 0.770221 0.849387 4 
0.718561 -0.092012 0.65311 0.80917 5 
0.611185 -0.0953668 0.544768 0.771965 6 
0.51133 -0.0984866 0.444248 0.737446 7 
0.418231 -0.101395 0.35073 0.705331 8 
0.331226 -0.104114 0.263509 0.675379 9 
0.249736 -0.10666 0.181968 0.647378 10 
0.173251 -0.109049 0.105571 0.621143 11 
0.101325 -0.111297 0.0338454 0.596512 12 
0.0335612 -0.113414 -0.0336243 0.573342 13 
-0.0303906 -0.115412 -0.097206 0.551508 14 
-0.0908436 -0.117301 -0.157226 0.530897 15 
-0.148077 -0.119089 -0.213977 0.511408 16 
-0.202342 -0.120784 -0.267717 0.492954 17 
-0.253863 -0.122394 -0.31868 0.475453 18 
-0.302844 -0.123924 -0.367076 0.458833 19 
1.40487 -0.0705693 1.35178 1.0491 40 
1.51713 -0.0880762 1.46274 1.16702 41 
1.65894 -0.110192 1.60445 1.3176 42 
1.84374 -0.139012 1.79173 1.51662 43 
2.09458 -0.178131 2.05079 1.79191 44 
2.45454 -0.234268 2.43265 2.1977 45 
3.01464 -0.321618 3.05178 2.85563 46 
4.00606 -0.476233 4.22897 4.10659 47 
6.23898 -0.824463 7.33781 7.41027 48 
15.9506 -2.33901 38.8586 40.9064 49 
-0.302844 -0.123924 -0.367076 0.458833 60 
-0.346384 -0.135877 -0.415455 0.481551 61 
-0.395348 -0.149318 -0.470006 0.507168 62 
-0.450815 -0.164545 -0.53199 0.536275 63 
-0.514175 -0.181939 -0.603037 0.569639 64 
-0.587241 -0.201997 -0.685292 0.608265 65 
-0.672428 -0.225382 -0.781635 0.653507 66 
-0.773025 -0.252998 -0.896024 0.707223 67 
-0.893629 -0.286106 -1.03405 0.77204 68 
-1.04087 -0.326526 -1.20389 0.851796 69 
-1.22466 -0.376981 -1.41797 0.952327 70 
-1.46055 -0.441737 -1.69617 1.08297 71 
-1.77434 -0.527878 -2.07237 1.25963 72 
-2.21225 -0.648093 -2.60941 1.51182 73 
-2.86609 -0.827586 -3.43849 1.90115 74 
-3.94783 -1.12454 -4.88682 2.58127 75 
-6.08181 -1.71037 -8.06164 4.07215 76 
-12.2572 -3.40562 -20.605 9.96241 77 
