4 -4 2 1 -0.989344 0.038055 
4 -3.57895 2 1 -0.884332 0.0384876 
4 -3.15789 2 1 -0.783219 0.0389041 
4 -2.73684 2 1 -0.685794 0.0393054 
4 -2.31579 2 1 -0.591858 0.0396924 
4 -1.89474 2 1 -0.501226 0.0400657 
4 -1.47368 2 1 -0.413728 0.0404261 
4 -1.05263 2 1 -0.329204 0.0407743 
4 -0.631579 2 1 -0.247504 0.0411108 
4 -0.210526 2 1 -0.16849 0.0414363 
4 0.210526 2 1 -0.0920303 0.0417513 
4 0.631579 2 1 -0.0180041 0.0420562 
4 1.05263 2 1 0.0537033 0.0423516 
4 1.47368 2 1 0.123199 0.0426379 
4 1.89474 2 1 0.190584 0.0429154 
4 2.31579 2 1 0.255953 0.0431847 
4 2.73684 2 1 0.319395 0.043446 
4 3.15789 2 1 0.380995 0.0436998 
4 3.57895 2 1 0.44083 0.0439463 
4 4 2 1 0.498976 0.0441858 
-0.631579 -4 2 1 -15.2964 -2.9858 
-0.210526 -4 2 1 -5.81567 -0.982011 
0.210526 -4 2 1 -3.65594 -0.525543 
0.631579 -4 2 1 -2.6994 -0.323374 
1.05263 -4 2 1 -2.15965 -0.209296 
1.47368 -4 2 1 -1.81302 -0.136032 
1.89474 -4 2 1 -1.57158 -0.0850037 
2.31579 -4 2 1 -1.39377 -0.0474214 
2.73684 -4 2 1 -1.25735 -0.0185893 
3.15789 -4 2 1 -1.14938 0.00422989 
3.57895 -4 2 1 -1.06181 0.0227395 
4 -4 2 1 -0.989344 0.038055 
-2.31579 4 2 1 13.4158 -2.75194 
-1.89474 4 2 1 5.99267 -1.14504 
-1.47368 4 2 1 3.80226 -0.670883 
-1.05263 4 2 1 2.75353 -0.44386 
-0.631579 4 2 1 2.1384 -0.310703 
-0.210526 4 2 1 1.73404 -0.22317 
0.210526 4 2 1 1.44796 -0.161242 
0.631579 4 2 1 1.23488 -0.115117 
1.05263 4 2 1 1.07003 -0.079431 
1.47368 4 2 1 0.938693 -0.0510004 
1.89474 4 2 1 0.831594 -0.0278166 
2.31579 4 2 1 0.742591 -0.00854998 
2.73684 4 2 1 0.667455 0.00771499 
3.15789 4 2 1 0.603178 0.0216291 
3.57895 4 2 1 0.547566 0.0336676 
4 4 2 1 0.498976 0.0441858 
4 -4 6 1 -1.15236 1.04811 
4 -3.57895 6 1 -1.02373 1.02589 
4 -3.15789 6 1 -0.900769 1.00464 
4 -2.73684 6 1 -0.783105 0.984305 
4 -2.31579 6 1 -0.670405 0.96483 
4 -1.89474 6 1 -0.56236 0.946159 
4 -1.47368 6 1 -0.458689 0.928244 
4 -1.05263 6 1 -0.35913 0.91104 
4 -0.631579 6 1 -0.263444 0.894504 
4 -0.210526 6 1 -0.171409 0.8786 
4 0.210526 6 1 -0.0828208 0.863292 
4 0.631579 6 1 0.00251159 0.848546 
4 1.05263 6 1 0.0847641 0.834332 
4 1.47368 6 1 0.164101 0.820622 
4 1.89474 6 1 0.240673 0.80739 
4 2.31579 6 1 0.314624 0.794611 
4 2.73684 6 1 0.386086 0.782262 
4 3.15789 6 1 0.455182 0.770322 
4 3.57895 6 1 0.522028 0.75877 
4 4 6 1 0.586731 0.747589 
0.210526 -4 6 1 -13.0389 11.8802 
0.631579 -4 6 1 -5.51926 5.02762 
1.05263 -4 6 1 -3.56054 3.24266 
1.47368 -4 6 1 -2.6593 2.42138 
1.89474 -4 6 1 -2.14121 1.94924 
2.31579 -4 6 1 -1.80476 1.64264 
2.73684 -4 6 1 -1.56868 1.4275 
3.15789 -4 6 1 -1.39388 1.26821 
3.57895 -4 6 1 -1.25925 1.14552 
4 -4 6 1 -1.15236 1.04811 
-1.47368 4 6 1 11.6337 8.22451 
-1.05263 4 6 1 5.55903 4.11299 
-0.631579 4 6 1 3.60048 2.78738 
-0.210526 4 6 1 2.63318 2.13269 
0.210526 4 6 1 2.05658 1.74242 
0.631579 4 6 1 1.67374 1.48331 
1.05263 4 6 1 1.40104 1.29874 
1.47368 4 6 1 1.19693 1.16059 
1.89474 4 6 1 1.03843 1.05331 
2.31579 4 6 1 0.911777 0.96759 
2.73684 4 6 1 0.808256 0.897523 
3.15789 4 6 1 0.722057 0.839182 
3.57895 4 6 1 0.64917 0.78985 
4 4 6 1 0.586731 0.747589 
