-4 -4 2 1 0.755835 -0.133398 
-4 -3.57895 2 1 0.677962 -0.136825 
-4 -3.15789 2 1 0.600213 -0.140247 
-4 -2.73684 2 1 0.522588 -0.143663 
-4 -2.31579 2 1 0.445086 -0.147074 
-4 -1.89474 2 1 0.367706 -0.15048 
-4 -1.47368 2 1 0.29045 -0.15388 
-4 -1.05263 2 1 0.213316 -0.157274 
-4 -0.631579 2 1 0.136304 -0.160664 
-4 -0.210526 2 1 0.0594138 -0.164048 
-4 0.210526 2 1 -0.0173548 -0.167426 
-4 0.631579 2 1 -0.0940021 -0.170799 
-4 1.05263 2 1 -0.170528 -0.174167 
-4 1.47368 2 1 -0.246934 -0.17753 
-4 1.89474 2 1 -0.323219 -0.180887 
-4 2.31579 2 1 -0.399384 -0.184239 
-4 2.73684 2 1 -0.47543 -0.187586 
-4 3.15789 2 1 -0.551355 -0.190928 
-4 3.57895 2 1 -0.627162 -0.194264 
-4 4 2 1 -0.702849 -0.197595 
-4 -4 2 1 0.755835 -0.133398 
-3.57895 -4 2 1 0.816619 -0.129466 
-3.15789 -4 2 1 0.888325 -0.124827 
-2.73684 -4 2 1 0.97419 -0.119273 
-2.31579 -4 2 1 1.07887 -0.112501 
-1.89474 -4 2 1 1.20929 -0.104063 
-1.47368 -4 2 1 1.37631 -0.0932584 
-1.05263 -4 2 1 1.59783 -0.078928 
-0.631579 -4 2 1 1.90572 -0.0590099 
-0.210526 -4 2 1 2.36274 -0.0294443 
0.210526 -4 2 1 3.11186 0.0190177 
0.631579 -4 2 1 4.56463 0.113001 
1.05263 -4 2 1 8.59046 0.373439 
1.47368 -4 2 1 74.9251 4.66476 
-4 4 2 1 -0.702849 -0.197595 
-3.57895 4 2 1 -0.761369 -0.198933 
-3.15789 4 2 1 -0.830221 -0.200508 
-2.73684 4 2 1 -0.912406 -0.202388 
-2.31579 4 2 1 -1.01221 -0.204671 
-1.89474 4 2 1 -1.13599 -0.207502 
-1.47368 4 2 1 -1.29354 -0.211106 
-1.05263 4 2 1 -1.5009 -0.215849 
-0.631579 4 2 1 -1.78609 -0.222373 
-0.210526 4 2 1 -2.20307 -0.231911 
0.210526 4 2 1 -2.87064 -0.247181 
0.631579 4 2 1 -4.11173 -0.27557 
1.05263 4 2 1 -7.222 -0.346714 
1.47368 4 2 1 -29.2995 -0.851715 
-4 -4 6 1 0.639974 0.521008 
-4 -3.57895 6 1 0.571226 0.517519 
-4 -3.15789 6 1 0.502576 0.514034 
-4 -2.73684 6 1 0.434022 0.510554 
-4 -2.31579 6 1 0.365564 0.507079 
-4 -1.89474 6 1 0.297202 0.503609 
-4 -1.47368 6 1 0.228936 0.500144 
-4 -1.05263 6 1 0.160765 0.496684 
-4 -0.631579 6 1 0.0926906 0.493228 
-4 -0.210526 6 1 0.024711 0.489778 
-4 0.210526 6 1 -0.0431736 0.486332 
-4 0.631579 6 1 -0.110963 0.482891 
-4 1.05263 6 1 -0.178658 0.479455 
-4 1.47368 6 1 -0.246259 0.476023 
-4 1.89474 6 1 -0.313765 0.472597 
-4 2.31579 6 1 -0.381177 0.469175 
-4 2.73684 6 1 -0.448496 0.465758 
-4 3.15789 6 1 -0.51572 0.462346 
-4 3.57895 6 1 -0.582852 0.458938 
-4 4 6 1 -0.64989 0.455535 
-4 -4 6 1 0.639974 0.521008 
-3.57895 -4 6 1 0.684821 0.57168 
-3.15789 -4 6 1 0.736645 0.630235 
-2.73684 -4 6 1 0.797211 0.698669 
-2.31579 -4 6 1 0.868936 0.779709 
-1.89474 -4 6 1 0.955216 0.877196 
-1.47368 -4 6 1 1.06098 0.996698 
-1.05263 -4 6 1 1.19367 1.14662 
-0.631579 -4 6 1 1.36507 1.34029 
-0.210526 -4 6 1 1.59502 1.6001 
0.210526 -4 6 1 1.91967 1.96692 
0.631579 -4 6 1 2.41271 2.524 
1.05263 -4 6 1 3.25106 3.47124 
1.47368 -4 6 1 4.99291 5.43933 
1.89474 -4 6 1 10.8055 12.0069 
-4 4 6 1 -0.64989 0.455535 
-3.57895 4 6 1 -0.697452 0.500832 
-3.15789 4 6 1 -0.752302 0.553069 
-2.73684 4 6 1 -0.816252 0.613972 
-2.31579 4 6 1 -0.891772 0.685894 
-1.89474 4 6 1 -0.982313 0.772123 
-1.47368 4 6 1 -1.09285 0.877398 
-1.05263 4 6 1 -1.23084 1.00881 
-0.631579 4 6 1 -1.40795 1.17749 
-0.210526 4 6 1 -1.64357 1.40188 
0.210526 4 6 1 -1.97241 1.71506 
0.631579 4 6 1 -2.46347 2.18272 
1.05263 4 6 1 -3.27605 2.95659 
1.47368 4 6 1 -4.87966 4.48381 
1.89474 4 6 1 -9.52465 8.90752 
2.31579 4 6 1 -184.567 175.611 
