-1.21544 0.214531 -1.51977 1.48485 20 
-1.08062 0.214515 -1.34106 1.43494 21 
-0.954103 0.2145 -1.17586 1.38881 22 
-0.835138 0.214485 -1.02269 1.34603 23 
-0.723071 0.214472 -0.880278 1.30626 24 
-0.617317 0.214459 -0.747535 1.26919 25 
-0.517359 0.214446 -0.623507 1.23456 26 
-0.422732 0.214435 -0.507363 1.20212 27 
-0.333021 0.214424 -0.398374 1.17169 28 
-0.247853 0.214414 -0.295898 1.14307 29 
-0.16689 0.214404 -0.19937 1.11611 30 
-0.0898303 0.214394 -0.108285 1.09067 31 
-0.0163968 0.214386 -0.0221957 1.06663 32 
0.0536602 0.214377 0.0592976 1.04387 33 
0.120568 0.214369 0.136553 1.0223 34 
0.184535 0.214361 0.209894 1.00182 35 
0.245751 0.214354 0.27961 0.982349 36 
0.304389 0.214346 0.345963 0.963819 37 
0.360609 0.21434 0.409191 0.946162 38 
0.414557 0.214333 0.469509 0.929317 39 
-4.29443 0.261422 -41.8084 45.4735 51 
-3.08411 0.24299 -8.19164 8.76945 52 
-2.44151 0.233203 -4.678 4.93313 53 
-2.04306 0.227135 -3.33768 3.46971 54 
-1.77183 0.223005 -2.63056 2.69766 55 
-1.57529 0.220012 -2.19368 2.22065 56 
-1.42631 0.217743 -1.89697 1.89669 57 
-1.30949 0.215964 -1.68229 1.6623 58 
-1.21544 0.214531 -1.51977 1.48485 59 
4.41034 0.283171 18.612 17.1631 65 
3.11069 0.260781 6.96727 6.74347 66 
2.36903 0.248004 4.18502 4.25393 67 
1.88952 0.239743 2.93658 3.13684 68 
1.55405 0.233964 2.22767 2.50251 69 
1.30619 0.229694 1.7707 2.09361 70 
1.11558 0.22641 1.45161 1.8081 71 
0.964441 0.223806 1.21619 1.59744 72 
0.841664 0.221691 1.03534 1.43562 73 
0.73995 0.219939 0.892062 1.30741 74 
0.654307 0.218463 0.775744 1.20333 75 
0.581204 0.217204 0.679433 1.11716 76 
0.518076 0.216116 0.598376 1.04463 77 
0.463011 0.215168 0.529215 0.982741 78 
0.414557 0.214333 0.469509 0.929317 79 
