13.4085 -2.43114 3.60275 2.97424 8 
5.77645 -1.1383 2.70115 2.11686 9 
3.7506 -0.795126 2.18266 1.6238 10 
2.81313 -0.636321 1.84587 1.30353 11 
2.27266 -0.544767 1.60951 1.07876 12 
1.92108 -0.485211 1.43449 0.912325 13 
1.67409 -0.443372 1.29967 0.78412 14 
1.49107 -0.412368 1.19263 0.68233 15 
1.35001 -0.388474 1.10559 0.599554 16 
1.23797 -0.369494 1.03341 0.530919 17 
1.14682 -0.354055 0.972601 0.473088 18 
1.07123 -0.341249 0.92066 0.423694 19 
-18.3209 -2.66771 -4.23322 3.17465 23 
-6.71177 -1.12843 -2.97961 2.23216 24 
-4.03068 -0.772936 -2.27286 1.70081 25 
-2.83884 -0.614908 -1.81921 1.35975 26 
-2.16512 -0.525579 -1.50335 1.12228 27 
-1.732 -0.468149 -1.27078 0.947423 28 
-1.43011 -0.428121 -1.09239 0.813306 29 
-1.20765 -0.398626 -0.951223 0.707174 30 
-1.03693 -0.37599 -0.83673 0.621096 31 
-0.901776 -0.358069 -0.742003 0.549879 32 
-0.792119 -0.34353 -0.662331 0.489979 33 
-0.701367 -0.331497 -0.594388 0.438898 34 
-0.62502 -0.321374 -0.535762 0.394822 35 
-0.5599 -0.312739 -0.48466 0.356402 36 
-0.5037 -0.305288 -0.43972 0.322616 37 
-0.454704 -0.298791 -0.399892 0.292672 38 
-0.411612 -0.293078 -0.364349 0.26595 39 
1.07123 -0.341249 0.92066 0.423694 60 
0.963078 -0.337736 0.830645 0.412644 61 
0.859466 -0.33437 0.743881 0.401993 62 
0.760112 -0.331142 0.660194 0.39172 63 
0.66476 -0.328045 0.579424 0.381805 64 
0.573172 -0.325069 0.50142 0.37223 65 
0.48513 -0.322209 0.426043 0.362977 66 
0.400431 -0.319458 0.353162 0.35403 67 
0.318889 -0.316809 0.282656 0.345375 68 
0.240331 -0.314257 0.214409 0.336997 69 
0.164595 -0.311796 0.148316 0.328884 70 
0.0915326 -0.309423 0.0842763 0.321022 71 
0.0210044 -0.307132 0.0221949 0.313401 72 
-0.0471192 -0.304919 -0.0380163 0.30601 73 
-0.112959 -0.30278 -0.0964405 0.298838 74 
-0.176628 -0.300711 -0.153156 0.291876 75 
-0.238232 -0.29871 -0.208237 0.285114 76 
-0.29787 -0.296773 -0.261753 0.278545 77 
-0.355634 -0.294896 -0.31377 0.272159 78 
-0.411612 -0.293078 -0.364349 0.26595 79 
