-4 -4 2 1 -0.390049 0.10333 
-4 -3.57895 2 1 -0.430869 0.0996275 
-4 -3.15789 2 1 -0.47708 0.0954358 
-4 -2.73684 2 1 -0.529824 0.0906515 
-4 -2.31579 2 1 -0.590592 0.0851392 
-4 -1.89474 2 1 -0.661368 0.0787193 
-4 -1.47368 2 1 -0.744843 0.0711473 
-4 -1.05263 2 1 -0.844773 0.0620827 
-4 -0.631579 2 1 -0.966557 0.0510359 
-4 -0.210526 2 1 -1.11824 0.0372768 
-4 0.210526 2 1 -1.31238 0.0196666 
-4 0.631579 2 1 -1.5697 -0.00367434 
-4 1.05263 2 1 -1.92703 -0.0360873 
-4 1.47368 2 1 -2.45674 -0.084137 
-4 1.89474 2 1 -3.32324 -0.162736 
-4 2.31579 2 1 -4.99738 -0.314595 
-4 2.73684 2 1 -9.5939 -0.731541 
-4 3.15789 2 1 -77.2708 -6.87043 
4 -4 2 1 1.02218 -0.00259572 
4 -3.57895 2 1 1.08902 -0.0173028 
4 -3.15789 2 1 1.16889 -0.0348747 
4 -2.73684 2 1 1.26599 -0.0562389 
4 -2.31579 2 1 1.38658 -0.0827713 
4 -1.89474 2 1 1.54035 -0.116606 
4 -1.47368 2 1 1.7432 -0.161237 
4 -1.05263 2 1 2.02307 -0.222814 
4 -0.631579 2 1 2.43411 -0.313252 
4 -0.210526 2 1 3.09676 -0.459048 
4 0.210526 2 1 4.34391 -0.733449 
4 0.631579 2 1 7.55919 -1.44088 
4 1.05263 2 1 34.8275 -7.44051 
-4 -4 2 1 -0.390049 0.10333 
-3.57895 -4 2 1 -0.336061 0.0992809 
-3.15789 -4 2 1 -0.280406 0.0951064 
-2.73684 -4 2 1 -0.223005 0.090801 
-2.31579 -4 2 1 -0.163776 0.0863584 
-1.89474 -4 2 1 -0.10263 0.0817721 
-1.47368 -4 2 1 -0.0394716 0.0770348 
-1.05263 -4 2 1 0.0258001 0.072139 
-0.631579 -4 2 1 0.0932926 0.0670766 
-0.210526 -4 2 1 0.163121 0.061839 
0.210526 -4 2 1 0.23541 0.0564169 
0.631579 -4 2 1 0.310291 0.0508004 
1.05263 -4 2 1 0.387905 0.0449788 
1.47368 -4 2 1 0.468406 0.0389407 
1.89474 -4 2 1 0.551958 0.0326738 
2.31579 -4 2 1 0.638736 0.0261648 
2.73684 -4 2 1 0.728933 0.0193995 
3.15789 -4 2 1 0.822754 0.0123623 
3.57895 -4 2 1 0.920422 0.00503663 
4 -4 2 1 1.02218 -0.00259572 
-4 -4 6 1 -0.402569 0.75027 
-4 -3.57895 6 1 -0.449147 0.790992 
-4 -3.15789 6 1 -0.502668 0.837784 
-4 -2.73684 6 1 -0.564809 0.892112 
-4 -2.31579 6 1 -0.637834 0.955955 
-4 -1.89474 6 1 -0.724877 1.03205 
-4 -1.47368 6 1 -0.830404 1.12431 
-4 -1.05263 6 1 -0.961 1.23849 
-4 -0.631579 6 1 -1.12681 1.38345 
-4 -0.210526 6 1 -1.34428 1.57358 
-4 0.210526 6 1 -1.64201 1.83388 
-4 0.631579 6 1 -2.07452 2.21201 
-4 1.05263 6 1 -2.76007 2.81137 
-4 1.47368 6 1 -4.01254 3.90637 
-4 1.89474 6 1 -7.03092 6.54525 
-4 2.31579 6 1 -24.474 21.7953 
4 -4 6 1 1.23529 0.926415 
4 -3.57895 6 1 1.33657 1.00642 
4 -3.15789 6 1 1.46158 1.10517 
4 -2.73684 6 1 1.61974 1.23011 
4 -2.31579 6 1 1.82626 1.39326 
4 -1.89474 6 1 2.10735 1.6153 
4 -1.47368 6 1 2.51226 1.93516 
4 -1.05263 6 1 3.14592 2.43572 
4 -0.631579 6 1 4.2785 3.3304 
4 -0.210526 6 1 6.88186 5.38693 
4 0.210526 6 1 19.1253 15.0586 
-4 -4 6 1 -0.402569 0.75027 
-3.57895 -4 6 1 -0.342642 0.756714 
-3.15789 -4 6 1 -0.280651 0.763381 
-2.73684 -4 6 1 -0.216487 0.770282 
-2.31579 -4 6 1 -0.150033 0.777429 
-1.89474 -4 6 1 -0.0811653 0.784835 
-1.47368 -4 6 1 -0.00974905 0.792516 
-1.05263 -4 6 1 0.0643596 0.800486 
-0.631579 -4 6 1 0.141316 0.808762 
-0.210526 -4 6 1 0.221287 0.817363 
0.210526 -4 6 1 0.304453 0.826307 
0.631579 -4 6 1 0.391011 0.835616 
1.05263 -4 6 1 0.481172 0.845312 
1.47368 -4 6 1 0.575165 0.855421 
1.89474 -4 6 1 0.67324 0.865969 
2.31579 -4 6 1 0.775669 0.876984 
2.73684 -4 6 1 0.882748 0.8885 
3.15789 -4 6 1 0.994802 0.900551 
3.57895 -4 6 1 1.11219 0.913175 
4 -4 6 1 1.23529 0.926415 
