-4 -4 2 1 -0.0402695 -0.16392 
-4 -3.57895 2 1 -0.0799538 -0.164469 
-4 -3.15789 2 1 -0.123399 -0.16507 
-4 -2.73684 2 1 -0.171167 -0.165731 
-4 -2.31579 2 1 -0.223936 -0.166461 
-4 -1.89474 2 1 -0.282535 -0.167271 
-4 -1.47368 2 1 -0.347986 -0.168176 
-4 -1.05263 2 1 -0.421567 -0.169194 
-4 -0.631579 2 1 -0.504892 -0.170346 
-4 -0.210526 2 1 -0.600034 -0.171662 
-4 0.210526 2 1 -0.709698 -0.173179 
-4 0.631579 2 1 -0.837485 -0.174947 
-4 1.05263 2 1 -0.988292 -0.177032 
-4 1.47368 2 1 -1.16895 -0.179531 
-4 1.89474 2 1 -1.38931 -0.182579 
-4 2.31579 2 1 -1.66406 -0.186379 
-4 2.73684 2 1 -2.01617 -0.191249 
-4 3.15789 2 1 -2.48368 -0.197715 
-4 3.57895 2 1 -3.13444 -0.206716 
-4 4 2 1 -4.10244 -0.220104 
4 -4 2 1 2.5755 -0.622198 
4 -3.57895 2 1 2.86306 -0.699999 
4 -3.15789 2 1 3.26458 -0.808635 
4 -2.73684 2 1 3.86456 -0.970967 
4 -2.31579 2 1 4.85845 -1.23988 
4 -1.89474 2 1 6.82374 -1.77161 
4 -1.47368 2 1 12.5456 -3.31972 
4 -1.05263 2 1 265.361 -71.7215 
-4 -4 2 1 -0.0402695 -0.16392 
-3.57895 -4 2 1 0.00331491 -0.171556 
-3.15789 -4 2 1 0.0503396 -0.179795 
-2.73684 -4 2 1 0.101229 -0.18871 
-2.31579 -4 2 1 0.156478 -0.19839 
-1.89474 -4 2 1 0.216675 -0.208936 
-1.47368 -4 2 1 0.282514 -0.220471 
-1.05263 -4 2 1 0.354827 -0.23314 
-0.631579 -4 2 1 0.434619 -0.24712 
-0.210526 -4 2 1 0.523113 -0.262624 
0.210526 -4 2 1 0.621816 -0.279916 
0.631579 -4 2 1 0.7326 -0.299326 
1.05263 -4 2 1 0.857831 -0.321266 
1.47368 -4 2 1 1.00053 -0.346266 
1.89474 -4 2 1 1.16462 -0.375015 
2.31579 -4 2 1 1.35532 -0.408425 
2.73684 -4 2 1 1.57965 -0.447727 
3.15789 -4 2 1 1.84738 -0.494633 
3.57895 -4 2 1 2.17246 -0.551586 
4 -4 2 1 2.5755 -0.622198 
-4 4 2 1 -4.10244 -0.220104 
-3.57895 4 2 1 -4.85846 -0.286854 
-3.15789 4 2 1 -6.14413 -0.400367 
-2.73684 4 2 1 -8.81618 -0.636283 
-2.31579 4 2 1 -17.7406 -1.42422 
-4 -4 6 1 0.00938523 0.357986 
-4 -3.57895 6 1 -0.026568 0.380135 
-4 -3.15789 6 1 -0.0657874 0.404297 
-4 -2.73684 6 1 -0.108739 0.430758 
-4 -2.31579 6 1 -0.155983 0.459864 
-4 -1.89474 6 1 -0.208196 0.49203 
-4 -1.47368 6 1 -0.266206 0.527768 
-4 -1.05263 6 1 -0.331034 0.567706 
-4 -0.631579 6 1 -0.403957 0.612632 
-4 -0.210526 6 1 -0.486595 0.663542 
-4 0.210526 6 1 -0.581025 0.721717 
-4 0.631579 6 1 -0.689965 0.788831 
-4 1.05263 6 1 -0.817039 0.867117 
-4 1.47368 6 1 -0.967186 0.959617 
-4 1.89474 6 1 -1.14732 1.07059 
-4 2.31579 6 1 -1.36741 1.20618 
-4 2.73684 6 1 -1.64242 1.37561 
-4 3.15789 6 1 -1.99584 1.59333 
-4 3.57895 6 1 -2.46676 1.88345 
-4 4 6 1 -3.12549 2.28927 
4 -4 6 1 2.4254 1.00515 
4 -3.57895 6 1 2.65367 1.1714 
4 -3.15789 6 1 2.95856 1.39345 
4 -2.73684 6 1 3.38642 1.70506 
4 -2.31579 6 1 4.03043 2.17409 
4 -1.89474 6 1 5.10973 2.96015 
4 -1.47368 6 1 7.29099 4.54876 
4 -1.05263 6 1 14.0217 9.45073 
-4 -4 6 1 0.00938523 0.357986 
-3.57895 -4 6 1 0.0530641 0.369686 
-3.15789 -4 6 1 0.10005 0.382272 
-2.73684 -4 6 1 0.150732 0.395847 
-2.31579 -4 6 1 0.205566 0.410535 
-1.89474 -4 6 1 0.265083 0.426478 
-1.47368 -4 6 1 0.329909 0.443842 
-1.05263 -4 6 1 0.400789 0.462829 
-0.631579 -4 6 1 0.478612 0.483674 
-0.210526 -4 6 1 0.564451 0.506667 
0.210526 -4 6 1 0.65961 0.532157 
0.631579 -4 6 1 0.765696 0.560574 
1.05263 -4 6 1 0.884705 0.592452 
1.47368 -4 6 1 1.01915 0.628465 
1.89474 -4 6 1 1.17225 0.669474 
2.31579 -4 6 1 1.34816 0.716595 
2.73684 -4 6 1 1.55241 0.771306 
3.15789 -4 6 1 1.79244 0.835599 
3.57895 -4 6 1 2.07854 0.912235 
4 -4 6 1 2.4254 1.00515 
-4 4 6 1 -3.12549 2.28927 
-3.57895 4 6 1 -3.51808 2.74565 
-3.15789 4 6 1 -4.11022 3.43401 
-2.73684 4 6 1 -5.10592 4.5915 
-2.31579 4 6 1 -7.13095 6.94559 
-1.89474 4 6 1 -13.4893 14.3371 
