0.0715115 -0.27179 0.0998016 0.254467 0 
0.0293192 -0.273596 0.0619733 0.272044 1 
-0.0163611 -0.275551 0.0212739 0.290956 2 
-0.0659805 -0.277675 -0.0226363 0.311358 3 
-0.120072 -0.279991 -0.0701528 0.333437 4 
-0.179267 -0.282524 -0.121739 0.357407 5 
-0.244326 -0.285309 -0.177941 0.383521 6 
-0.316164 -0.288384 -0.239408 0.412082 7 
-0.3959 -0.291798 -0.306915 0.443449 8 
-0.48491 -0.295608 -0.381399 0.478058 9 
-0.584915 -0.299888 -0.464 0.516439 10 
-0.698084 -0.304733 -0.556123 0.559244 11 
-0.8272 -0.31026 -0.659513 0.607285 12 
-0.97589 -0.316624 -0.776373 0.661584 13 
-1.14897 -0.324033 -0.909519 0.72345 14 
-1.35297 -0.332766 -1.06261 0.794584 15 
-1.59701 -0.343212 -1.24049 0.877236 16 
-1.89413 -0.35593 -1.44971 0.97445 17 
-2.26379 -0.371754 -1.69935 1.09045 18 
-2.73623 -0.391977 -2.00238 1.23125 19 
4.58007 -1.1132 3.26693 1.34796 20 
5.52622 -1.35674 3.63458 1.61937 21 
7.18869 -1.78466 4.15542 2.00387 22 
10.8765 -2.7339 4.95036 2.59072 23 
26.0578 -6.64161 6.31308 3.59672 24 
0.0715115 -0.27179 0.0998016 0.254467 40 
0.115466 -0.279993 0.141449 0.268847 41 
0.163588 -0.288973 0.186719 0.284477 42 
0.216501 -0.298848 0.236105 0.301528 43 
0.274956 -0.309757 0.290196 0.320204 44 
0.339873 -0.321873 0.349697 0.340747 45 
0.412387 -0.335405 0.415463 0.363454 46 
0.493912 -0.35062 0.488539 0.388684 47 
0.586242 -0.367851 0.570213 0.416883 48 
0.691674 -0.387527 0.662101 0.448608 49 
0.813214 -0.410209 0.766244 0.484565 50 
0.954855 -0.436643 0.885269 0.52566 51 
1.12203 -0.467843 1.02261 0.57308 52 
1.32234 -0.505225 1.18286 0.628406 53 
1.56672 -0.550831 1.37225 0.693796 54 
1.87149 -0.607709 1.59954 0.77227 55 
2.2622 -0.680625 1.87736 0.868192 56 
2.78118 -0.777479 2.22468 0.988109 57 
3.50399 -0.912374 2.67131 1.14231 58 
4.58007 -1.1132 3.26693 1.34796 59 
-2.73623 -0.391977 -2.00238 1.23125 60 
-3.08009 -0.448405 -2.15462 1.41371 61 
-3.58235 -0.530828 -2.35561 1.65461 62 
-4.38523 -0.662585 -2.63325 1.98738 63 
-5.87391 -0.906883 -3.04171 2.47695 64 
-9.58206 -1.51541 -3.70197 3.26831 65 
-35.0091 -5.6881 -4.95058 4.76484 66 
