-4 -4 2 1 -0.458418 0.0538294 
-4 -3.57895 2 1 -0.499946 0.0451186 
-4 -3.15789 2 1 -0.547171 0.0352129 
-4 -2.73684 2 1 -0.60135 0.0238484 
-4 -2.31579 2 1 -0.664143 0.0106772 
-4 -1.89474 2 1 -0.737781 -0.00476888 
-4 -1.47368 2 1 -0.825339 -0.0231347 
-4 -1.05263 2 1 -0.931176 -0.0453347 
-4 -0.631579 2 1 -1.06168 -0.0727094 
-4 -0.210526 2 1 -1.22662 -0.107307 
-4 0.210526 2 1 -1.4417 -0.15242 
-4 0.631579 2 1 -1.73386 -0.213702 
-4 1.05263 2 1 -2.15359 -0.301744 
-4 1.47368 2 1 -2.8078 -0.438968 
-4 1.89474 2 1 -3.96911 -0.682561 
-4 2.31579 2 1 -6.60027 -1.23446 
-4 2.73684 2 1 -18.3015 -3.68887 
4 -4 2 1 0.89126 -0.023239 
4 -3.57895 2 1 0.949037 -0.0407355 
4 -3.15789 2 1 1.01717 -0.0613671 
4 -2.73684 2 1 1.09871 -0.0860595 
4 -2.31579 2 1 1.19805 -0.116142 
4 -1.89474 2 1 1.32173 -0.153597 
4 -1.47368 2 1 1.47996 -0.201512 
4 -1.05263 2 1 1.68954 -0.264979 
4 -0.631579 2 1 1.98033 -0.353039 
4 -0.210526 2 1 2.41088 -0.48342 
4 0.210526 2 1 3.1138 -0.696281 
4 0.631579 2 1 4.4671 -1.1061 
4 1.05263 2 1 8.15061 -2.22156 
4 1.47368 2 1 57.4426 -17.1485 
-4 -4 2 1 -0.458418 0.0538294 
-3.57895 -4 2 1 -0.40141 0.0505742 
-3.15789 -4 2 1 -0.343138 0.0472468 
-2.73684 -4 2 1 -0.283558 0.0438447 
-2.31579 -4 2 1 -0.222627 0.0403654 
-1.89474 -4 2 1 -0.160297 0.0368063 
-1.47368 -4 2 1 -0.0965205 0.0331646 
-1.05263 -4 2 1 -0.0312458 0.0294373 
-0.631579 -4 2 1 0.0355804 0.0256214 
-0.210526 -4 2 1 0.104014 0.0217138 
0.210526 -4 2 1 0.174114 0.017711 
0.631579 -4 2 1 0.245941 0.0136096 
1.05263 -4 2 1 0.319561 0.00940579 
1.47368 -4 2 1 0.395041 0.00509578 
1.89474 -4 2 1 0.472452 0.000675462 
2.31579 -4 2 1 0.551871 -0.00385945 
2.73684 -4 2 1 0.633375 -0.00851346 
3.15789 -4 2 1 0.717049 -0.0132913 
3.57895 -4 2 1 0.80298 -0.0181981 
4 -4 2 1 0.89126 -0.023239 
-4 -4 6 1 -0.498927 0.717046 
-4 -3.57895 6 1 -0.549108 0.755546 
-4 -3.15789 6 1 -0.607189 0.800109 
-4 -2.73684 6 1 -0.675199 0.852289 
-4 -2.31579 6 1 -0.755919 0.914221 
-4 -1.89474 6 1 -0.85328 0.988921 
-4 -1.47368 6 1 -0.973021 1.08079 
-4 -1.05263 6 1 -1.12386 1.19652 
-4 -0.631579 6 1 -1.31971 1.34679 
-4 -0.210526 6 1 -1.58428 1.54977 
-4 0.210526 6 1 -1.96139 1.83911 
-4 0.631579 6 1 -2.54229 2.28481 
-4 1.05263 6 1 -3.5533 3.0605 
-4 1.47368 6 1 -5.75294 4.74816 
-4 1.89474 6 1 -14.227 11.2498 
4 -4 6 1 1.06326 0.8281 
4 -3.57895 6 1 1.14832 0.890202 
4 -3.15789 6 1 1.25171 0.965683 
4 -2.73684 6 1 1.38007 1.05939 
4 -2.31579 6 1 1.54367 1.17883 
4 -1.89474 6 1 1.75937 1.3363 
4 -1.47368 6 1 2.05672 1.55339 
4 -1.05263 6 1 2.49294 1.87186 
4 -0.631579 6 1 3.19495 2.38437 
4 -0.210526 6 1 4.51209 3.34597 
4 0.210526 6 1 7.88327 5.80714 
4 0.631579 6 1 35.1222 25.6933 
-4 -4 6 1 -0.498927 0.717046 
-3.57895 -4 6 1 -0.435045 0.721587 
-3.15789 -4 6 1 -0.36956 0.726242 
-2.73684 -4 6 1 -0.30241 0.731016 
-2.31579 -4 6 1 -0.233533 0.735913 
-1.89474 -4 6 1 -0.162859 0.740937 
-1.47368 -4 6 1 -0.0903185 0.746094 
-1.05263 -4 6 1 -0.0158359 0.751388 
-0.631579 -4 6 1 0.0606679 0.756827 
-0.210526 -4 6 1 0.139276 0.762415 
0.210526 -4 6 1 0.220077 0.768159 
0.631579 -4 6 1 0.303163 0.774066 
1.05263 -4 6 1 0.388634 0.780142 
1.47368 -4 6 1 0.476592 0.786395 
1.89474 -4 6 1 0.567149 0.792832 
2.31579 -4 6 1 0.660421 0.799463 
2.73684 -4 6 1 0.756531 0.806295 
3.15789 -4 6 1 0.855613 0.813339 
3.57895 -4 6 1 0.957805 0.820604 
4 -4 6 1 1.06326 0.8281 
