-1.66307 -0.502109 -1.62767 0.638385 0 
-1.79779 -0.548168 -1.74604 0.724149 1 
-1.97038 -0.607172 -1.89423 0.831519 2 
-2.1994 -0.685468 -2.08513 0.969834 3 
-2.51794 -0.794368 -2.34032 1.15473 4 
-2.99124 -0.956175 -2.69885 1.41449 5 
-3.76826 -1.22182 -3.23942 1.80615 6 
-5.27946 -1.73845 -4.14783 2.46432 7 
-9.49731 -3.18042 -5.99321 3.80136 8 
-86.0213 -29.3418 -11.7689 7.98603 9 
0.193464 -0.18082 0.13727 0.348684 20 
0.23344 -0.183574 0.172773 0.37264 21 
0.277838 -0.186632 0.21203 0.399131 22 
0.327431 -0.190048 0.255672 0.42858 23 
0.383191 -0.193889 0.304476 0.461512 24 
0.446343 -0.198239 0.359416 0.498585 25 
0.518462 -0.203207 0.421726 0.540631 26 
0.601602 -0.208934 0.492995 0.588722 27 
0.698501 -0.215608 0.575307 0.644265 28 
0.81288 -0.223487 0.671442 0.709136 29 
0.949939 -0.232928 0.785203 0.785901 30 
1.11717 -0.244447 0.921926 0.878159 31 
1.32575 -0.258815 1.08934 0.99113 32 
1.59321 -0.277239 1.2991 1.13267 33 
1.94856 -0.301716 1.56957 1.31518 34 
2.44364 -0.335819 1.9316 1.55948 35 
3.18103 -0.386612 2.44114 1.90331 36 
4.39626 -0.470321 3.2114 2.42307 37 
6.77648 -0.634277 4.51128 3.30021 38 
13.539 -1.1001 7.17325 5.09647 39 
-1.66307 -0.502109 -1.62767 0.638385 40 
-1.4606 -0.467071 -1.44298 0.60807 41 
-1.2809 -0.435972 -1.27752 0.580911 42 
-1.12033 -0.408183 -1.12842 0.556438 43 
-0.97598 -0.383203 -0.993387 0.534273 44 
-0.845519 -0.360625 -0.870507 0.514103 45 
-0.727031 -0.34012 -0.758213 0.495671 46 
-0.618941 -0.321414 -0.655194 0.478761 47 
-0.519938 -0.304281 -0.560346 0.463192 48 
-0.428923 -0.288529 -0.472734 0.448811 49 
-0.344965 -0.274 -0.391561 0.435487 50 
-0.267275 -0.260555 -0.316141 0.423108 51 
-0.195176 -0.248077 -0.245885 0.411576 52 
-0.128085 -0.236467 -0.180279 0.400807 53 
-0.0654992 -0.225636 -0.118877 0.390728 54 
-0.00697816 -0.215508 -0.0612865 0.381275 55 
0.0478612 -0.206018 -0.00716386 0.372391 56 
0.0993557 -0.197106 0.0437951 0.364027 57 
0.147802 -0.188722 0.0918599 0.356137 58 
0.193464 -0.18082 0.13727 0.348684 59 
26.9282 -2.44586 9.53102 7.26926 78 
13.539 -1.1001 7.17325 5.09647 79 
