-4 -4 2 1 -0.898802 0.271158 
-4 -3.57895 2 1 -0.962343 0.282745 
-4 -3.15789 2 1 -1.03782 0.296509 
-4 -2.73684 2 1 -1.12896 0.313128 
-4 -2.31579 2 1 -1.24118 0.333592 
-4 -1.89474 2 1 -1.38276 0.35941 
-4 -1.47368 2 1 -1.56696 0.393001 
-4 -1.05263 2 1 -1.81643 0.438494 
-4 -0.631579 2 1 -2.17335 0.503581 
-4 -0.210526 2 1 -2.72617 0.604391 
-4 0.210526 2 1 -3.69716 0.781459 
-4 0.631579 2 1 -5.8495 1.17395 
-4 1.05263 2 1 -14.6871 2.78555 
4 -4 2 1 0.502672 0.333559 
4 -3.57895 2 1 0.54846 0.347215 
4 -3.15789 2 1 0.601057 0.362901 
4 -2.73684 2 1 0.662103 0.381108 
4 -2.31579 2 1 0.733813 0.402495 
4 -1.89474 2 1 0.819248 0.427975 
4 -1.47368 2 1 0.922765 0.458848 
4 -1.05263 2 1 1.05078 0.497028 
4 -0.631579 2 1 1.21317 0.545459 
4 -0.210526 2 1 1.42592 0.608909 
4 0.210526 2 1 1.71674 0.695644 
4 0.631579 2 1 2.13829 0.821366 
4 1.05263 2 1 2.80424 1.01998 
4 1.47368 2 1 4.01392 1.38075 
4 1.89474 2 1 6.89264 2.2393 
4 2.31579 2 1 22.5783 6.9174 
-4 -4 2 1 -0.898802 0.271158 
-3.57895 -4 2 1 -0.809714 0.275124 
-3.15789 -4 2 1 -0.722658 0.279001 
-2.73684 -4 2 1 -0.637567 0.282789 
-2.31579 -4 2 1 -0.554375 0.286493 
-1.89474 -4 2 1 -0.473019 0.290116 
-1.47368 -4 2 1 -0.393438 0.293659 
-1.05263 -4 2 1 -0.315576 0.297126 
-0.631579 -4 2 1 -0.239378 0.300519 
-0.210526 -4 2 1 -0.164789 0.30384 
0.210526 -4 2 1 -0.0917612 0.307092 
0.631579 -4 2 1 -0.0202446 0.310276 
1.05263 -4 2 1 0.0498068 0.313395 
1.47368 -4 2 1 0.118438 0.316451 
1.89474 -4 2 1 0.185691 0.319445 
2.31579 -4 2 1 0.251607 0.32238 
2.73684 -4 2 1 0.316226 0.325257 
3.15789 -4 2 1 0.379586 0.328079 
3.57895 -4 2 1 0.441723 0.330845 
4 -4 2 1 0.502672 0.333559 
-4 -4 6 1 -1.07007 1.15798 
-4 -3.57895 6 1 -1.1591 1.25781 
-4 -3.15789 6 1 -1.26741 1.37927 
-4 -2.73684 6 1 -1.40203 1.53023 
-4 -2.31579 6 1 -1.57386 1.72293 
-4 -1.89474 6 1 -1.80082 1.97744 
-4 -1.47368 6 1 -2.1145 2.3292 
-4 -1.05263 6 1 -2.57634 2.84711 
-4 -0.631579 6 1 -3.32379 3.6853 
-4 -0.210526 6 1 -4.74031 5.27379 
-4 0.210526 6 1 -8.45224 9.43634 
-4 0.631579 6 1 -43.8589 49.1414 
4 -4 6 1 0.506343 1.04943 
4 -3.57895 6 1 0.557363 1.11946 
4 -3.15789 6 1 0.616857 1.20112 
4 -2.73684 6 1 0.68713 1.29758 
4 -2.31579 6 1 0.771401 1.41325 
4 -1.89474 6 1 0.874316 1.55452 
4 -1.47368 6 1 1.00283 1.73092 
4 -1.05263 6 1 1.16786 1.95744 
4 -0.631579 6 1 1.38753 2.25897 
4 -0.210526 6 1 1.69438 2.68016 
4 0.210526 6 1 2.15314 3.30986 
4 0.631579 6 1 2.91372 4.35386 
4 1.05263 6 1 4.42002 6.42144 
4 1.47368 6 1 8.82335 12.4656 
4 1.89474 6 1 234.037 321.599 
-4 -4 6 1 -1.07007 1.15798 
-3.57895 -4 6 1 -0.967727 1.15093 
-3.15789 -4 6 1 -0.868004 1.14406 
-2.73684 -4 6 1 -0.770803 1.13737 
-2.31579 -4 6 1 -0.676029 1.13085 
-1.89474 -4 6 1 -0.583593 1.12448 
-1.47368 -4 6 1 -0.49341 1.11827 
-1.05263 -4 6 1 -0.405398 1.11221 
-0.631579 -4 6 1 -0.319479 1.10629 
-0.210526 -4 6 1 -0.23558 1.10052 
0.210526 -4 6 1 -0.153631 1.09487 
0.631579 -4 6 1 -0.0735632 1.08936 
1.05263 -4 6 1 0.00468607 1.08397 
1.47368 -4 6 1 0.0811785 1.0787 
1.89474 -4 6 1 0.155973 1.07355 
2.31579 -4 6 1 0.229124 1.06852 
2.73684 -4 6 1 0.300687 1.06359 
3.15789 -4 6 1 0.370712 1.05877 
3.57895 -4 6 1 0.439249 1.05405 
4 -4 6 1 0.506343 1.04943 
