-4 -4 2 1 0.272512 -0.0617076 
-4 -3.57895 2 1 0.226113 -0.0580191 
-4 -3.15789 2 1 0.177078 -0.054121 
-4 -2.73684 2 1 0.125176 -0.049995 
-4 -2.31579 2 1 0.0701481 -0.0456206 
-4 -1.89474 2 1 0.0117028 -0.0409744 
-4 -1.47368 2 1 -0.0504882 -0.0360305 
-4 -1.05263 2 1 -0.116797 -0.0307592 
-4 -0.631579 2 1 -0.187647 -0.025127 
-4 -0.210526 2 1 -0.26352 -0.0190954 
-4 0.210526 2 1 -0.344972 -0.0126204 
-4 0.631579 2 1 -0.432639 -0.0056512 
-4 1.05263 2 1 -0.527263 0.00187097 
-4 1.47368 2 1 -0.629705 0.0100147 
-4 1.89474 2 1 -0.740976 0.0188602 
-4 2.31579 2 1 -0.862269 0.0285025 
-4 2.73684 2 1 -0.995001 0.0390541 
-4 3.15789 2 1 -1.14087 0.0506502 
-4 3.57895 2 1 -1.30193 0.0634538 
-4 4 2 1 -1.48069 0.077664 
4 -4 2 1 34.2176 5.96093 
-4 -4 2 1 0.272512 -0.0617076 
-3.57895 -4 2 1 0.31615 -0.0539651 
-3.15789 -4 2 1 0.364789 -0.0453354 
-2.73684 -4 2 1 0.419342 -0.0356564 
-2.31579 -4 2 1 0.480957 -0.0247246 
-1.89474 -4 2 1 0.551099 -0.0122798 
-1.47368 -4 2 1 0.631671 0.00201542 
-1.05263 -4 2 1 0.725185 0.018607 
-0.631579 -4 2 1 0.835032 0.0380964 
-0.210526 -4 2 1 0.965902 0.0613157 
0.210526 -4 2 1 1.12447 0.0894487 
0.631579 -4 2 1 1.32056 0.12424 
1.05263 -4 2 1 1.56929 0.16837 
1.47368 -4 2 1 1.89514 0.226183 
1.89474 -4 2 1 2.34054 0.305209 
2.31579 -4 2 1 2.98611 0.419747 
2.73684 -4 2 1 4.00584 0.60067 
3.15789 -4 2 1 5.85778 0.929246 
3.57895 -4 2 1 10.2629 1.71082 
4 -4 2 1 34.2176 5.96093 
-4 4 2 1 -1.48069 0.077664 
-3.57895 4 2 1 -1.59199 0.110798 
-3.15789 4 2 1 -1.7329 0.152747 
-2.73684 4 2 1 -1.91706 0.207568 
-2.31579 4 2 1 -2.16796 0.282259 
-1.89474 4 2 1 -2.52994 0.390018 
-1.47368 4 2 1 -3.09773 0.559042 
-1.05263 4 2 1 -4.11654 0.862334 
-0.631579 4 2 1 -6.47794 1.5653 
-0.210526 4 2 1 -17.9618 4.98395 
-4 -4 6 1 0.243287 0.440269 
-4 -3.57895 6 1 0.200939 0.456016 
-4 -3.15789 6 1 0.156439 0.472562 
-4 -2.73684 6 1 0.10962 0.489972 
-4 -2.31579 6 1 0.0602932 0.508313 
-4 -1.89474 6 1 0.00825364 0.527664 
-4 -1.47368 6 1 -0.0467294 0.548109 
-4 -1.05263 6 1 -0.104913 0.569744 
-4 -0.631579 6 1 -0.166585 0.592676 
-4 -0.210526 6 1 -0.232068 0.617025 
-4 0.210526 6 1 -0.301728 0.642927 
-4 0.631579 6 1 -0.375977 0.670536 
-4 1.05263 6 1 -0.455284 0.700025 
-4 1.47368 6 1 -0.540184 0.731594 
-4 1.89474 6 1 -0.63129 0.765471 
-4 2.31579 6 1 -0.729309 0.801918 
-4 2.73684 6 1 -0.835058 0.84124 
-4 3.15789 6 1 -0.949489 0.88379 
-4 3.57895 6 1 -1.07372 0.929983 
-4 4 6 1 -1.20906 0.980309 
4 -4 6 1 5.86569 5.11272 
4 -3.57895 6 1 6.84019 6.43453 
4 -3.15789 6 1 8.46098 8.63298 
4 -2.73684 6 1 11.69 13.0128 
4 -2.31579 6 1 21.2773 26.017 
4 -1.89474 6 1 1254.52 1698.8 
-4 -4 6 1 0.243287 0.440269 
-3.57895 -4 6 1 0.280913 0.471538 
-3.15789 -4 6 1 0.322374 0.505994 
-2.73684 -4 6 1 0.368288 0.54415 
-2.31579 -4 6 1 0.419413 0.586637 
-1.89474 -4 6 1 0.47669 0.634236 
-1.47368 -4 6 1 0.541299 0.687929 
-1.05263 -4 6 1 0.614745 0.748966 
-0.631579 -4 6 1 0.698975 0.818964 
-0.210526 -4 6 1 0.796551 0.900054 
0.210526 -4 6 1 0.910918 0.995098 
0.631579 -4 6 1 1.04682 1.10804 
1.05263 -4 6 1 1.21097 1.24445 
1.47368 -4 6 1 1.41319 1.41251 
1.89474 -4 6 1 1.66848 1.62466 
2.31579 -4 6 1 2.00087 1.90089 
2.73684 -4 6 1 2.4515 2.27539 
3.15789 -4 6 1 3.09712 2.81193 
3.57895 -4 6 1 4.09923 3.64472 
4 -4 6 1 5.86569 5.11272 
-4 4 6 1 -1.20906 0.980309 
-3.57895 4 6 1 -1.27234 1.09116 
-3.15789 4 6 1 -1.34868 1.22488 
-2.73684 4 6 1 -1.4426 1.38939 
-2.31579 4 6 1 -1.56094 1.59669 
-1.89474 4 6 1 -1.71467 1.86597 
-1.47368 4 6 1 -1.92243 2.22991 
-1.05263 4 6 1 -2.21882 2.74908 
-0.631579 4 6 1 -2.67588 3.54971 
-0.210526 4 6 1 -3.47286 4.94578 
0.210526 4 6 1 -5.2135 7.99481 
0.631579 4 6 1 -12.0055 19.8923 
