1.52145 -0.0893139 1.53465 1.14924 0 
1.33942 -0.0907217 1.33712 1.07781 1 
1.17545 -0.0919897 1.1607 1.01402 2 
1.02699 -0.0931379 1.00218 0.956692 3 
0.891923 -0.0941824 0.858957 0.904902 4 
0.768528 -0.0951367 0.728924 0.857882 5 
0.65535 -0.096012 0.610339 0.815001 6 
0.551172 -0.0968176 0.501753 0.775736 7 
0.45496 -0.0975617 0.401954 0.739648 8 
0.365835 -0.0982509 0.309915 0.706367 9 
0.283041 -0.0988912 0.224767 0.675577 10 
0.205927 -0.0994876 0.145762 0.647008 11 
0.133928 -0.100044 0.0722591 0.62043 12 
0.0665513 -0.100565 0.00370319 0.59564 13 
0.00336548 -0.101054 -0.0603892 0.572464 14 
-0.0560086 -0.101513 -0.12044 0.550749 15 
-0.111906 -0.101946 -0.17682 0.530362 16 
-0.164623 -0.102353 -0.229856 0.511184 17 
-0.214423 -0.102738 -0.279837 0.493111 18 
-0.261543 -0.103103 -0.327019 0.476049 19 
1.52145 -0.0893139 1.53465 1.14924 40 
1.64504 -0.114228 1.67201 1.28665 41 
1.80271 -0.146015 1.85152 1.46623 42 
2.01086 -0.187976 2.0961 1.7109 43 
2.29831 -0.245925 2.44895 2.06388 44 
2.72106 -0.331149 3.00241 2.61755 45 
3.40404 -0.468835 3.99551 3.61104 46 
4.69436 -0.728957 6.29728 5.91368 47 
8.05071 -1.40558 17.4905 17.1112 48 
-0.261543 -0.103103 -0.327019 0.476049 60 
-0.304129 -0.115334 -0.375223 0.496973 61 
-0.351746 -0.129011 -0.429379 0.52048 62 
-0.405342 -0.144404 -0.490662 0.54708 63 
-0.466118 -0.16186 -0.560577 0.577427 64 
-0.535619 -0.181822 -0.641086 0.612373 65 
-0.615871 -0.204871 -0.734796 0.653049 66 
-0.709578 -0.231785 -0.845242 0.700989 67 
-0.820432 -0.263624 -0.977348 0.758331 68 
-0.953614 -0.301876 -1.13818 0.828141 69 
-1.11663 -0.348695 -1.33824 0.914981 70 
-1.32075 -0.407323 -1.5939 1.02595 71 
-1.58379 -0.482872 -1.93204 1.17272 72 
-1.93555 -0.583903 -2.40028 1.37597 73 
-2.43003 -0.725924 -3.09159 1.67604 74 
-3.17617 -0.940227 -4.2152 2.16375 75 
-4.43169 -1.30083 -6.36107 3.09519 76 
-6.98855 -2.0352 -12.0886 5.58126 77 
-15.0464 -4.34954 -75.5907 33.145 78 
