-4 -4 2 1 0.335074 -0.0701064 
-4 -3.57895 2 1 0.285887 -0.0685999 
-4 -3.15789 2 1 0.234249 -0.0670183 
-4 -2.73684 2 1 0.179973 -0.0653559 
-4 -2.31579 2 1 0.122851 -0.0636064 
-4 -1.89474 2 1 0.0626528 -0.0617626 
-4 -1.47368 2 1 -0.00087606 -0.0598169 
-4 -1.05263 2 1 -0.0680203 -0.0577604 
-4 -0.631579 2 1 -0.139098 -0.0555834 
-4 -0.210526 2 1 -0.214464 -0.0532751 
-4 0.210526 2 1 -0.29452 -0.0508232 
-4 0.631579 2 1 -0.379716 -0.0482138 
-4 1.05263 2 1 -0.470566 -0.0454312 
-4 1.47368 2 1 -0.56765 -0.0424577 
-4 1.89474 2 1 -0.671633 -0.0392729 
-4 2.31579 2 1 -0.783278 -0.0358535 
-4 2.73684 2 1 -0.903464 -0.0321724 
-4 3.15789 2 1 -1.03321 -0.0281986 
-4 3.57895 2 1 -1.1737 -0.0238956 
-4 4 2 1 -1.32634 -0.0192207 
-4 -4 2 1 0.335074 -0.0701064 
-3.57895 -4 2 1 0.37978 -0.062173 
-3.15789 -4 2 1 0.429992 -0.0532624 
-2.73684 -4 2 1 0.486794 -0.0431822 
-2.31579 -4 2 1 0.551577 -0.031686 
-1.89474 -4 2 1 0.626147 -0.0184529 
-1.47368 -4 2 1 0.712904 -0.00305699 
-1.05263 -4 2 1 0.815103 0.0150791 
-0.631579 -4 2 1 0.937267 0.0367583 
-0.210526 -4 2 1 1.08588 0.0631314 
0.210526 -4 2 1 1.27058 0.0959079 
0.631579 -4 2 1 1.50632 0.137742 
1.05263 -4 2 1 1.81765 0.192991 
1.47368 -4 2 1 2.24788 0.269338 
1.89474 -4 2 1 2.88117 0.381722 
2.31579 -4 2 1 3.90572 0.563537 
2.73684 -4 2 1 5.84618 0.907889 
3.15789 -4 2 1 10.9234 1.8089 
3.57895 -4 2 1 58.8063 10.3062 
-4 4 2 1 -1.32634 -0.0192207 
-3.57895 4 2 1 -1.42515 0.00159256 
-3.15789 4 2 1 -1.54862 0.0275993 
-2.73684 4 2 1 -1.70729 0.0610204 
-2.31579 4 2 1 -1.91871 0.105554 
-1.89474 4 2 1 -2.21445 0.167846 
-1.47368 4 2 1 -2.6575 0.261168 
-1.05263 4 2 1 -3.39443 0.41639 
-0.631579 4 2 1 -4.86273 0.725664 
-0.210526 4 2 1 -9.22371 1.64423 
0.210526 4 2 1 -587.826 123.518 
-4 -4 6 1 0.287996 0.4477 
-4 -3.57895 6 1 0.242792 0.460356 
-4 -3.15789 6 1 0.195572 0.473576 
-4 -2.73684 6 1 0.146195 0.487401 
-4 -2.31579 6 1 0.0945119 0.501871 
-4 -1.89474 6 1 0.0403565 0.517033 
-4 -1.47368 6 1 -0.0164527 0.532939 
-4 -1.05263 6 1 -0.0761159 0.549643 
-4 -0.631579 6 1 -0.138854 0.567209 
-4 -0.210526 6 1 -0.20491 0.585703 
-4 0.210526 6 1 -0.274555 0.605202 
-4 0.631579 6 1 -0.34809 0.62579 
-4 1.05263 6 1 -0.425849 0.647561 
-4 1.47368 6 1 -0.508208 0.67062 
-4 1.89474 6 1 -0.595587 0.695084 
-4 2.31579 6 1 -0.68846 0.721087 
-4 2.73684 6 1 -0.787361 0.748777 
-4 3.15789 6 1 -0.892897 0.778325 
-4 3.57895 6 1 -1.00576 0.809924 
-4 4 6 1 -1.12674 0.843796 
4 -4 6 1 11.2232 10.3406 
4 -3.57895 6 1 15.8764 15.838 
4 -3.15789 6 1 30.8126 33.4841 
-4 -4 6 1 0.287996 0.4477 
-3.57895 -4 6 1 0.325567 0.48169 
-3.15789 -4 6 1 0.367255 0.519404 
-2.73684 -4 6 1 0.413773 0.561488 
-2.31579 -4 6 1 0.466015 0.60875 
-1.89474 -4 6 1 0.525104 0.662208 
-1.47368 -4 6 1 0.592483 0.723164 
-1.05263 -4 6 1 0.670027 0.793317 
-0.631579 -4 6 1 0.760224 0.874916 
-0.210526 -4 6 1 0.866445 0.971013 
0.210526 -4 6 1 0.993378 1.08585 
0.631579 -4 6 1 1.14774 1.22549 
1.05263 -4 6 1 1.33948 1.39896 
1.47368 -4 6 1 1.58407 1.62023 
1.89474 -4 6 1 1.90684 1.91224 
2.31579 -4 6 1 2.35239 2.31533 
2.73684 -4 6 1 3.00728 2.90779 
3.15789 -4 6 1 4.06429 3.86405 
3.57895 -4 6 1 6.0579 5.66763 
4 -4 6 1 11.2232 10.3406 
-4 4 6 1 -1.12674 0.843796 
-3.57895 4 6 1 -1.18938 0.939006 
-3.15789 4 6 1 -1.2645 1.05319 
-2.73684 4 6 1 -1.35625 1.19265 
-2.31579 4 6 1 -1.47084 1.36683 
-1.89474 4 6 1 -1.618 1.59052 
-1.47368 4 6 1 -1.81393 1.88834 
-1.05263 4 6 1 -2.08769 2.30446 
-0.631579 4 6 1 -2.49715 2.92683 
-0.210526 4 6 1 -3.17641 3.95932 
0.210526 4 6 1 -4.52323 6.0065 
0.631579 4 6 1 -8.4724 12.0093 
1.05263 4 6 1 -237.565 360.232 
