-4 -0.631579 2 1 36.2126 3.49714 
-4 -0.210526 2 1 7.89668 0.585562 
-4 0.210526 2 1 4.57539 0.244051 
-4 0.631579 2 1 3.2881 0.111686 
-4 1.05263 2 1 2.60436 0.0413807 
-4 1.47368 2 1 2.18032 -0.00222191 
-4 1.89474 2 1 1.89162 -0.0319068 
-4 2.31579 2 1 1.6824 -0.0534205 
-4 2.73684 2 1 1.52379 -0.0697287 
-4 3.15789 2 1 1.39943 -0.0825168 
-4 3.57895 2 1 1.29929 -0.0928135 
-4 4 2 1 1.21693 -0.101282 
4 -3.57895 2 1 -116.413 4.21782 
4 -3.15789 2 1 -10.7919 0.232949 
4 -2.73684 2 1 -5.4904 0.0329346 
4 -2.31579 2 1 -3.60295 -0.0382749 
4 -1.89474 2 1 -2.63494 -0.0747962 
4 -1.47368 2 1 -2.04611 -0.0970114 
4 -1.05263 2 1 -1.65016 -0.11195 
4 -0.631579 2 1 -1.36566 -0.122683 
4 -0.210526 2 1 -1.15135 -0.130769 
4 0.210526 2 1 -0.984118 -0.137078 
4 0.631579 2 1 -0.849981 -0.142139 
4 1.05263 2 1 -0.74 -0.146288 
4 1.47368 2 1 -0.64819 -0.149752 
4 1.89474 2 1 -0.57039 -0.152687 
4 2.31579 2 1 -0.503621 -0.155206 
4 2.73684 2 1 -0.445692 -0.157392 
4 3.15789 2 1 -0.394957 -0.159306 
4 3.57895 2 1 -0.350154 -0.160996 
4 4 2 1 -0.3103 -0.1625 
-4 4 2 1 1.21693 -0.101282 
-3.57895 4 2 1 1.09174 -0.1063 
-3.15789 4 2 1 0.974082 -0.111016 
-2.73684 4 2 1 0.863281 -0.115458 
-2.31579 4 2 1 0.758759 -0.119647 
-1.89474 4 2 1 0.659996 -0.123606 
-1.47368 4 2 1 0.56653 -0.127353 
-1.05263 4 2 1 0.477946 -0.130904 
-0.631579 4 2 1 0.39387 -0.134274 
-0.210526 4 2 1 0.313968 -0.137477 
0.210526 4 2 1 0.237935 -0.140524 
0.631579 4 2 1 0.165498 -0.143428 
1.05263 4 2 1 0.0964069 -0.146197 
1.47368 4 2 1 0.0304357 -0.148842 
1.89474 4 2 1 -0.0326226 -0.151369 
2.31579 4 2 1 -0.0929566 -0.153788 
2.73684 4 2 1 -0.150739 -0.156104 
3.15789 4 2 1 -0.206129 -0.158324 
3.57895 4 2 1 -0.259271 -0.160454 
4 4 2 1 -0.3103 -0.1625 
-4 -1.47368 6 1 34.0656 44.9271 
-4 -1.05263 6 1 7.19072 8.94257 
-4 -0.631579 6 1 4.16496 4.89118 
-4 -0.210526 6 1 2.99906 3.33008 
-4 0.210526 6 1 2.38134 2.50298 
-4 0.631579 6 1 1.99877 1.99073 
-4 1.05263 6 1 1.73855 1.64231 
-4 1.47368 6 1 1.55008 1.38995 
-4 1.89474 6 1 1.40728 1.19875 
-4 2.31579 6 1 1.29534 1.04886 
-4 2.73684 6 1 1.20524 0.928217 
-4 3.15789 6 1 1.13114 0.829011 
-4 3.57895 6 1 1.06915 0.745997 
-4 4 6 1 1.0165 0.67551 
4 -4 6 1 -11.8065 9.80919 
4 -3.57895 6 1 -5.98999 5.03414 
4 -3.15789 6 1 -3.93372 3.34606 
4 -2.73684 6 1 -2.88206 2.48271 
4 -2.31579 6 1 -2.24333 1.95835 
4 -1.89474 6 1 -1.81424 1.60609 
4 -1.47368 6 1 -1.50612 1.35314 
4 -1.05263 6 1 -1.27414 1.1627 
4 -0.631579 6 1 -1.09319 1.01414 
4 -0.210526 6 1 -0.948083 0.895024 
4 0.210526 6 1 -0.82914 0.797379 
4 0.631579 6 1 -0.729867 0.715882 
4 1.05263 6 1 -0.645758 0.646833 
4 1.47368 6 1 -0.573585 0.587583 
4 1.89474 6 1 -0.510975 0.536184 
4 2.31579 6 1 -0.456145 0.491172 
4 2.73684 6 1 -0.407731 0.451427 
4 3.15789 6 1 -0.364669 0.416075 
4 3.57895 6 1 -0.326117 0.384426 
4 4 6 1 -0.291402 0.355927 
2.73684 -4 6 1 -720.547 804.704 
3.15789 -4 6 1 -29.1104 29.2165 
3.57895 -4 6 1 -16.2132 14.7515 
4 -4 6 1 -11.8065 9.80919 
-4 4 6 1 1.0165 0.67551 
-3.57895 4 6 1 0.914901 0.650684 
-3.15789 4 6 1 0.818533 0.627136 
-2.73684 4 6 1 0.727007 0.604772 
-2.31579 4 6 1 0.639964 0.583504 
-1.89474 4 6 1 0.557085 0.563252 
-1.47368 4 6 1 0.478078 0.543947 
-1.05263 4 6 1 0.402676 0.525523 
-0.631579 4 6 1 0.33064 0.507921 
-0.210526 4 6 1 0.261748 0.491088 
0.210526 4 6 1 0.195799 0.474973 
0.631579 4 6 1 0.132609 0.459533 
1.05263 4 6 1 0.0720075 0.444725 
1.47368 4 6 1 0.0138391 0.430512 
1.89474 4 6 1 -0.04204 0.416858 
2.31579 4 6 1 -0.0957623 0.403731 
2.73684 4 6 1 -0.14745 0.391101 
3.15789 4 6 1 -0.197217 0.378941 
3.57895 4 6 1 -0.245169 0.367224 
4 4 6 1 -0.291402 0.355927 
