4 -4 2 1 -0.69367 0.176744 
4 -3.57895 2 1 -0.618602 0.170308 
4 -3.15789 2 1 -0.543416 0.163861 
4 -2.73684 2 1 -0.468111 0.157404 
4 -2.31579 2 1 -0.392687 0.150937 
4 -1.89474 2 1 -0.317143 0.14446 
4 -1.47368 2 1 -0.241479 0.137972 
4 -1.05263 2 1 -0.165695 0.131474 
4 -0.631579 2 1 -0.0897908 0.124966 
4 -0.210526 2 1 -0.0137657 0.118447 
4 0.210526 2 1 0.0623804 0.111918 
4 0.631579 2 1 0.138648 0.105379 
4 1.05263 2 1 0.215037 0.0988288 
4 1.47368 2 1 0.291548 0.0922685 
4 1.89474 2 1 0.368181 0.0856978 
4 2.31579 2 1 0.444936 0.0791165 
4 2.73684 2 1 0.521814 0.0725247 
4 3.15789 2 1 0.598816 0.0659224 
4 3.57895 2 1 0.67594 0.0593095 
4 4 2 1 0.753189 0.052686 
-1.47368 -4 2 1 -36.9072 3.96068 
-1.05263 -4 2 1 -7.50611 0.888574 
-0.631579 -4 2 1 -4.1703 0.540016 
-0.210526 -4 2 1 -2.88354 0.405563 
0.210526 -4 2 1 -2.20146 0.334293 
0.631579 -4 2 1 -1.77893 0.290143 
1.05263 -4 2 1 -1.49148 0.260107 
1.47368 -4 2 1 -1.28326 0.238351 
1.89474 -4 2 1 -1.12549 0.221865 
2.31579 -4 2 1 -1.0018 0.208941 
2.73684 -4 2 1 -0.902235 0.198537 
3.15789 -4 2 1 -0.82036 0.189982 
3.57895 -4 2 1 -0.751847 0.182823 
4 -4 2 1 -0.69367 0.176744 
-1.47368 4 2 1 167.822 -11.2293 
-1.05263 4 2 1 9.08366 -0.509861 
-0.631579 4 2 1 4.67731 -0.212305 
-0.210526 4 2 1 3.15365 -0.109415 
0.210526 4 2 1 2.3811 -0.0572453 
0.631579 4 2 1 1.91409 -0.025708 
1.05263 4 2 1 1.60127 -0.00458409 
1.47368 4 2 1 1.37711 0.0105533 
1.89474 4 2 1 1.20859 0.0219331 
2.31579 4 2 1 1.07729 0.0308 
2.73684 4 2 1 0.972093 0.0379036 
3.15789 4 2 1 0.885926 0.0437224 
3.57895 4 2 1 0.814053 0.0485759 
4 4 2 1 0.753189 0.052686 
4 -4 6 1 -0.683019 0.962203 
4 -3.57895 6 1 -0.601922 0.955921 
4 -3.15789 6 1 -0.520686 0.949628 
4 -2.73684 6 1 -0.439311 0.943324 
4 -2.31579 6 1 -0.357797 0.937009 
4 -1.89474 6 1 -0.276143 0.930684 
4 -1.47368 6 1 -0.194349 0.924348 
4 -1.05263 6 1 -0.112415 0.918 
4 -0.631579 6 1 -0.0303401 0.911642 
4 -0.210526 6 1 0.0518759 0.905273 
4 0.210526 6 1 0.134233 0.898893 
4 0.631579 6 1 0.216732 0.892503 
4 1.05263 6 1 0.299374 0.886101 
4 1.47368 6 1 0.382158 0.879688 
4 1.89474 6 1 0.465085 0.873263 
4 2.31579 6 1 0.548155 0.866828 
4 2.73684 6 1 0.631368 0.860382 
4 3.15789 6 1 0.714726 0.853925 
4 3.57895 6 1 0.798228 0.847456 
4 4 6 1 0.881875 0.840976 
-1.05263 -4 6 1 -31.6186 38.8394 
-0.631579 -4 6 1 -6.75476 8.39636 
-0.210526 -4 6 1 -3.77379 4.7465 
0.210526 -4 6 1 -2.61468 3.3273 
0.631579 -4 6 1 -1.99816 2.57245 
1.05263 -4 6 1 -1.61551 2.10394 
1.47368 -4 6 1 -1.35487 1.78481 
1.89474 -4 6 1 -1.16591 1.55345 
2.31579 -4 6 1 -1.02263 1.37802 
2.73684 -4 6 1 -0.910261 1.24043 
3.15789 -4 6 1 -0.819766 1.12963 
3.57895 -4 6 1 -0.745327 1.03849 
4 -4 6 1 -0.683019 0.962203 
-1.05263 4 6 1 141.529 121.301 
-0.631579 4 6 1 9.71938 8.41004 
-0.210526 4 6 1 5.04149 4.40356 
0.210526 4 6 1 3.40752 3.00412 
0.631579 4 6 1 2.57578 2.29175 
1.05263 4 6 1 2.07191 1.8602 
1.47368 4 6 1 1.73396 1.57076 
1.89474 4 6 1 1.49156 1.36315 
2.31579 4 6 1 1.30921 1.20698 
2.73684 4 6 1 1.16705 1.08522 
3.15789 4 6 1 1.05312 0.987644 
3.57895 4 6 1 0.959766 0.907687 
4 4 6 1 0.881875 0.840976 
