-0.583344 0.247717 -0.535102 0.952228 20 
-0.516627 0.24229 -0.465756 0.952082 21 
-0.448901 0.236781 -0.395325 0.951933 22 
-0.380143 0.231188 -0.323785 0.951782 23 
-0.31033 0.225509 -0.251108 0.951629 24 
-0.239437 0.219742 -0.177268 0.951473 25 
-0.167438 0.213885 -0.102237 0.951314 26 
-0.094309 0.207937 -0.0259847 0.951153 27 
-0.0200214 0.201894 0.0515182 0.95099 28 
0.055452 0.195754 0.130303 0.950823 29 
0.13214 0.189516 0.210401 0.950654 30 
0.210072 0.183177 0.291847 0.950482 31 
0.289278 0.176734 0.374673 0.950307 32 
0.369791 0.170185 0.458916 0.950129 33 
0.451642 0.163526 0.544613 0.949948 34 
0.534865 0.156757 0.631801 0.949764 35 
0.619495 0.149872 0.720519 0.949577 36 
0.705569 0.142871 0.810808 0.949386 37 
0.793123 0.135749 0.902711 0.949192 38 
0.882195 0.128503 0.99627 0.948995 39 
-8.66717 2.70065 -13.307 19.0794 46 
-4.51552 1.44088 -5.20525 7.58059 47 
-3.03032 0.990221 -3.20425 4.74057 48 
-2.26715 0.758646 -2.29789 3.45417 49 
-1.80244 0.617636 -1.78087 2.72035 50 
-1.48975 0.522753 -1.44667 2.24602 51 
-1.26496 0.454545 -1.21289 1.91421 52 
-1.09558 0.403149 -1.04018 1.66908 53 
-0.963373 0.363032 -0.907373 1.48059 54 
-0.857307 0.330848 -0.802076 1.33115 55 
-0.770329 0.304455 -0.716542 1.20975 56 
-0.69771 0.28242 -0.645685 1.10918 57 
-0.636167 0.263746 -0.586025 1.0245 58 
-0.583344 0.247717 -0.535102 0.952228 59 
8.49208 1.02439 15.7981 16.1609 68 
4.53257 0.558248 6.34193 6.44277 69 
3.11356 0.391193 3.99807 4.03397 70 
2.38388 0.30529 2.93532 2.94177 71 
1.93939 0.252962 2.32878 2.31842 72 
1.64022 0.217743 1.93659 1.91537 73 
1.42513 0.192421 1.6622 1.63338 74 
1.26303 0.173338 1.45946 1.42502 75 
1.13649 0.158441 1.30354 1.26478 76 
1.03497 0.146489 1.17991 1.13772 77 
0.951712 0.136687 1.07948 1.03451 78 
0.882195 0.128503 0.99627 0.948995 79 
