-4 -4 2 1 -0.612355 0.117063 
-4 -3.57895 2 1 -0.659044 0.111062 
-4 -3.15789 2 1 -0.712936 0.104135 
-4 -2.73684 2 1 -0.775835 0.0960501 
-4 -2.31579 2 1 -0.850208 0.0864905 
-4 -1.89474 2 1 -0.939507 0.0750124 
-4 -1.47368 2 1 -1.04873 0.0609735 
-4 -1.05263 2 1 -1.18537 0.0434096 
-4 -0.631579 2 1 -1.36126 0.0208023 
-4 -0.210526 2 1 -1.59611 -0.00938488 
-4 0.210526 2 1 -1.92556 -0.0517319 
-4 0.631579 2 1 -2.4212 -0.115439 
-4 1.05263 2 1 -3.25114 -0.222117 
-4 1.47368 2 1 -4.92579 -0.43737 
-4 1.89474 2 1 -10.0709 -1.0987 
4 -4 2 1 0.72084 0.133404 
4 -3.57895 2 1 0.772567 0.128281 
4 -3.15789 2 1 0.832795 0.122315 
4 -2.73684 2 1 0.903809 0.115282 
4 -2.31579 2 1 0.988789 0.106865 
4 -1.89474 2 1 1.09231 0.0966117 
4 -1.47368 2 1 1.22117 0.0838484 
4 -1.05263 2 1 1.38598 0.0675243 
4 -0.631579 2 1 1.60423 0.0459077 
4 -0.210526 2 1 1.90693 0.0159267 
4 0.210526 2 1 2.35485 -0.0284381 
4 0.631579 2 1 3.08549 -0.100805 
4 1.05263 2 1 4.48992 -0.239907 
4 1.47368 2 1 8.29771 -0.617052 
4 1.89474 2 1 57.2411 -5.46468 
-4 -4 2 1 -0.612355 0.117063 
-3.57895 -4 2 1 -0.545734 0.11788 
-3.15789 -4 2 1 -0.478738 0.118701 
-2.73684 -4 2 1 -0.411364 0.119527 
-2.31579 -4 2 1 -0.343607 0.120357 
-1.89474 -4 2 1 -0.275466 0.121192 
-1.47368 -4 2 1 -0.206937 0.122032 
-1.05263 -4 2 1 -0.138016 0.122877 
-0.631579 -4 2 1 -0.0687003 0.123727 
-0.210526 -4 2 1 0.00101385 0.124581 
0.210526 -4 2 1 0.0711297 0.125441 
0.631579 -4 2 1 0.141651 0.126305 
1.05263 -4 2 1 0.212581 0.127174 
1.47368 -4 2 1 0.283923 0.128049 
1.89474 -4 2 1 0.355681 0.128928 
2.31579 -4 2 1 0.427859 0.129813 
2.73684 -4 2 1 0.50046 0.130703 
3.15789 -4 2 1 0.573488 0.131598 
3.57895 -4 2 1 0.646946 0.132498 
4 -4 2 1 0.72084 0.133404 
-4 -4 6 1 -0.712805 0.862028 
-4 -3.57895 6 1 -0.775192 0.916845 
-4 -3.15789 6 1 -0.848861 0.981574 
-4 -2.73684 6 1 -0.937173 1.05917 
-4 -2.31579 6 1 -1.04498 1.15389 
-4 -1.89474 6 1 -1.17953 1.27212 
-4 -1.47368 6 1 -1.35219 1.42383 
-4 -1.05263 6 1 -1.58183 1.6256 
-4 -0.631579 6 1 -1.90221 1.9071 
-4 -0.210526 6 1 -2.38037 2.32723 
-4 0.210526 6 1 -3.17093 3.02186 
-4 0.631579 6 1 -4.7286 4.39051 
-4 1.05263 6 1 -9.2221 8.33873 
-4 1.47368 6 1 -160.689 141.425 
4 -4 6 1 0.820828 0.929276 
4 -3.57895 6 1 0.890173 0.993938 
4 -3.15789 6 1 0.97303 1.0712 
4 -2.73684 6 1 1.07377 1.16514 
4 -2.31579 6 1 1.1989 1.28181 
4 -1.89474 6 1 1.35846 1.4306 
4 -1.47368 6 1 1.56897 1.62689 
4 -1.05263 6 1 1.85945 1.89775 
4 -0.631579 6 1 2.28615 2.29564 
4 -0.210526 6 1 2.97425 2.93726 
4 0.210526 6 1 4.26999 4.14549 
4 0.631579 6 1 7.61467 7.26427 
4 1.05263 6 1 36.222 33.9394 
-4 -4 6 1 -0.712805 0.862028 
-3.57895 -4 6 1 -0.636765 0.865363 
-3.15789 -4 6 1 -0.560233 0.868718 
-2.73684 -4 6 1 -0.483206 0.872096 
-2.31579 -4 6 1 -0.405678 0.875496 
-1.89474 -4 6 1 -0.327644 0.878917 
-1.47368 -4 6 1 -0.2491 0.882361 
-1.05263 -4 6 1 -0.17004 0.885828 
-0.631579 -4 6 1 -0.0904594 0.889317 
-0.210526 -4 6 1 -0.0103527 0.89283 
0.210526 -4 6 1 0.0702852 0.896366 
0.631579 -4 6 1 0.15146 0.899925 
1.05263 -4 6 1 0.233176 0.903509 
1.47368 -4 6 1 0.315439 0.907116 
1.89474 -4 6 1 0.398256 0.910747 
2.31579 -4 6 1 0.48163 0.914403 
2.73684 -4 6 1 0.565569 0.918084 
3.15789 -4 6 1 0.650078 0.921789 
3.57895 -4 6 1 0.735162 0.92552 
4 -4 6 1 0.820828 0.929276 
