15.4858 -0.642884 5.92807 5.11966 5 
5.95983 -0.320724 3.77773 3.22949 6 
3.68108 -0.243659 2.76783 2.34178 7 
2.65824 -0.209067 2.18127 1.8262 8 
2.07733 -0.189421 1.79799 1.48929 9 
1.70283 -0.176756 1.52792 1.25189 10 
1.44132 -0.167912 1.32736 1.07559 11 
1.24837 -0.161386 1.17252 0.939497 12 
1.10014 -0.156373 1.04938 0.831256 13 
0.9827 -0.152402 0.94911 0.743114 14 
0.887358 -0.149177 0.865873 0.669948 15 
0.808413 -0.146507 0.795671 0.60824 16 
0.74197 -0.14426 0.735665 0.555494 17 
0.685278 -0.142343 0.683783 0.50989 18 
0.636337 -0.140688 0.638481 0.470069 19 
-40.5187 5.10284 -6.24561 7.75704 25 
-7.61074 0.859327 -3.6261 4.43777 26 
-4.21213 0.421073 -2.56002 3.08689 27 
-2.9177 0.254155 -1.98156 2.35391 28 
-2.23524 0.166151 -1.61844 1.89378 29 
-1.81375 0.111799 -1.36929 1.57807 30 
-1.52756 0.0748941 -1.18772 1.348 31 
-1.32053 0.0481977 -1.04953 1.17289 32 
-1.16381 0.0279886 -0.940822 1.03514 33 
-1.04105 0.0121584 -0.853077 0.923959 34 
-0.942288 -0.000577131 -0.780763 0.832327 35 
-0.861114 -0.0110446 -0.720138 0.755507 36 
-0.793215 -0.0198003 -0.668581 0.690177 37 
-0.73558 -0.0272324 -0.624197 0.633937 38 
-0.686045 -0.03362 -0.585589 0.585015 39 
0.636337 -0.140688 0.638481 0.470069 60 
0.568536 -0.135198 0.575601 0.475973 61 
0.500541 -0.129693 0.512553 0.481894 62 
0.43235 -0.124172 0.449336 0.48783 63 
0.363962 -0.118635 0.385951 0.493782 64 
0.295377 -0.113082 0.322395 0.499751 65 
0.226594 -0.107513 0.25867 0.505735 66 
0.157611 -0.101927 0.194773 0.511735 67 
0.0884279 -0.096326 0.130704 0.517751 68 
0.0190439 -0.0907082 0.0664634 0.523784 69 
-0.0505418 -0.0850742 0.00204922 0.529833 70 
-0.12033 -0.0794237 -0.0625389 0.535898 71 
-0.190323 -0.0737567 -0.127302 0.541979 72 
-0.260519 -0.0680731 -0.192239 0.548077 73 
-0.330921 -0.062373 -0.257353 0.554192 74 
-0.40153 -0.0566561 -0.322644 0.560323 75 
-0.472345 -0.0509224 -0.388112 0.566471 76 
-0.543369 -0.0451719 -0.453759 0.572635 77 
-0.614602 -0.0394045 -0.519584 0.578816 78 
-0.686045 -0.03362 -0.585589 0.585015 79 
