-4 -4 2 1 0.20597 -0.121356 
-4 -3.57895 2 1 0.161669 -0.117789 
-4 -3.15789 2 1 0.114461 -0.113987 
-4 -2.73684 2 1 0.0640532 -0.109928 
-4 -2.31579 2 1 0.0101068 -0.105584 
-4 -1.89474 2 1 -0.0477637 -0.100924 
-4 -1.47368 2 1 -0.110003 -0.0959123 
-4 -1.05263 2 1 -0.177124 -0.0905074 
-4 -0.631579 2 1 -0.249727 -0.0846612 
-4 -0.210526 2 1 -0.328509 -0.0783172 
-4 0.210526 2 1 -0.414297 -0.0714093 
-4 0.631579 2 1 -0.508066 -0.0638585 
-4 1.05263 2 1 -0.610987 -0.0555709 
-4 1.47368 2 1 -0.724466 -0.0464331 
-4 1.89474 2 1 -0.850217 -0.036307 
-4 2.31579 2 1 -0.990345 -0.0250233 
-4 2.73684 2 1 -1.14746 -0.0123715 
-4 3.15789 2 1 -1.32486 0.00191348 
-4 3.57895 2 1 -1.52674 0.0181695 
-4 4 2 1 -1.75854 0.0368349 
4 -4 2 1 10.2493 0.595371 
4 -3.57895 2 1 15.8102 1.1285 
4 -3.15789 2 1 41.406 3.58233 
-4 -4 2 1 0.20597 -0.121356 
-3.57895 -4 2 1 0.249654 -0.118238 
-3.15789 -4 2 1 0.298029 -0.114786 
-2.73684 -4 2 1 0.351894 -0.110942 
-2.31579 -4 2 1 0.412241 -0.106636 
-1.89474 -4 2 1 0.480314 -0.101778 
-1.47368 -4 2 1 0.557698 -0.0962552 
-1.05263 -4 2 1 0.646445 -0.089922 
-0.631579 -4 2 1 0.749254 -0.0825851 
-0.210526 -4 2 1 0.869756 -0.0739857 
0.210526 -4 2 1 1.01295 -0.0637669 
0.631579 -4 2 1 1.18591 -0.0514241 
1.05263 -4 2 1 1.39898 -0.0362179 
1.47368 -4 2 1 1.66798 -0.0170215 
1.89474 -4 2 1 2.01822 0.00797308 
2.31579 -4 2 1 2.49307 0.0418601 
2.73684 -4 2 1 3.17342 0.090412 
3.15789 -4 2 1 4.22948 0.165777 
3.57895 -4 2 1 6.09123 0.298638 
4 -4 2 1 10.2493 0.595371 
-4 4 2 1 -1.75854 0.0368349 
-3.57895 4 2 1 -1.90494 0.0658362 
-3.15789 4 2 1 -2.09596 0.103674 
-2.73684 4 2 1 -2.35564 0.155114 
-2.31579 4 2 1 -2.72911 0.229096 
-1.89474 4 2 1 -3.31219 0.344597 
-1.47368 4 2 1 -4.35012 0.550201 
-1.05263 4 2 1 -6.71553 1.01876 
-0.631579 4 2 1 -17.4723 3.14957 
-4 -4 6 1 0.197146 0.38291 
-4 -3.57895 6 1 0.15702 0.400532 
-4 -3.15789 6 1 0.114534 0.419191 
-4 -2.73684 6 1 0.0694714 0.43898 
-4 -2.31579 6 1 0.0215921 0.460007 
-4 -1.89474 6 1 -0.029377 0.482391 
-4 -1.47368 6 1 -0.0837449 0.506267 
-4 -1.05263 6 1 -0.141863 0.531791 
-4 -0.631579 6 1 -0.204134 0.559138 
-4 -0.210526 6 1 -0.27102 0.588511 
-4 0.210526 6 1 -0.343051 0.620145 
-4 0.631579 6 1 -0.420847 0.65431 
-4 1.05263 6 1 -0.505129 0.691324 
-4 1.47368 6 1 -0.596742 0.731556 
-4 1.89474 6 1 -0.696686 0.775448 
-4 2.31579 6 1 -0.806152 0.823522 
-4 2.73684 6 1 -0.92657 0.876405 
-4 3.15789 6 1 -1.05967 0.934857 
-4 3.57895 6 1 -1.20756 0.999806 
-4 4 6 1 -1.37286 1.0724 
4 -4 6 1 4.39328 3.17981 
4 -3.57895 6 1 4.94587 3.8554 
4 -3.15789 6 1 5.77116 4.86439 
4 -2.73684 6 1 7.13717 6.53444 
4 -2.31579 6 1 9.83413 9.8317 
4 -1.89474 6 1 17.6552 19.3936 
4 -1.47368 6 1 322.523 392.119 
-4 -4 6 1 0.197146 0.38291 
-3.57895 -4 6 1 0.235986 0.408799 
-3.15789 -4 6 1 0.278553 0.437172 
-2.73684 -4 6 1 0.325411 0.468404 
-2.31579 -4 6 1 0.377243 0.502953 
-1.89474 -4 6 1 0.434886 0.541374 
-1.47368 -4 6 1 0.499374 0.584358 
-1.05263 -4 6 1 0.572004 0.632769 
-0.631579 -4 6 1 0.654421 0.687703 
-0.210526 -4 6 1 0.748748 0.750576 
0.210526 -4 6 1 0.857765 0.823241 
0.631579 -4 6 1 0.985197 0.908179 
1.05263 -4 6 1 1.13614 1.00879 
1.47368 -4 6 1 1.31775 1.12984 
1.89474 -4 6 1 1.54045 1.27828 
2.31579 -4 6 1 1.81995 1.46458 
2.73684 -4 6 1 2.18117 1.70534 
3.15789 -4 6 1 2.66606 2.02855 
3.57895 -4 6 1 3.35128 2.48527 
4 -4 6 1 4.39328 3.17981 
-4 4 6 1 -1.37286 1.0724 
-3.57895 4 6 1 -1.44663 1.20067 
-3.15789 4 6 1 -1.5372 1.35815 
-2.73684 4 6 1 -1.65103 1.5561 
-2.31579 4 6 1 -1.79843 1.8124 
-1.89474 4 6 1 -1.99681 2.15734 
-1.47368 4 6 1 -2.27812 2.64651 
-1.05263 4 6 1 -2.70815 3.39427 
-0.631579 4 6 1 -3.44718 4.67932 
-0.210526 4 6 1 -5.01501 7.40554 
0.210526 4 6 1 -10.5856 17.092 
