-0.0402695 -0.16392 0.00938523 0.357986 0 
-0.0799538 -0.164469 -0.026568 0.380135 1 
-0.123399 -0.16507 -0.0657874 0.404297 2 
-0.171167 -0.165731 -0.108739 0.430758 3 
-0.223936 -0.166461 -0.155983 0.459864 4 
-0.282535 -0.167271 -0.208196 0.49203 5 
-0.347986 -0.168176 -0.266206 0.527768 6 
-0.421567 -0.169194 -0.331034 0.567706 7 
-0.504892 -0.170346 -0.403957 0.612632 8 
-0.600034 -0.171662 -0.486595 0.663542 9 
-0.709698 -0.173179 -0.581025 0.721717 10 
-0.837485 -0.174947 -0.689965 0.788831 11 
-0.988292 -0.177032 -0.817039 0.867117 12 
-1.16895 -0.179531 -0.967186 0.959617 13 
-1.38931 -0.182579 -1.14732 1.07059 14 
-1.66406 -0.186379 -1.36741 1.20618 15 
-2.01617 -0.191249 -1.64242 1.37561 16 
-2.48368 -0.197715 -1.99584 1.59333 17 
-3.13444 -0.206716 -2.46676 1.88345 18 
-4.10244 -0.220104 -3.12549 2.28927 19 
2.5755 -0.622198 2.4254 1.00515 20 
2.86306 -0.699999 2.65367 1.1714 21 
3.26458 -0.808635 2.95856 1.39345 22 
3.86456 -0.970967 3.38642 1.70506 23 
4.85845 -1.23988 4.03043 2.17409 24 
6.82374 -1.77161 5.10973 2.96015 25 
12.5456 -3.31972 7.29099 4.54876 26 
265.361 -71.7215 14.0217 9.45073 27 
-0.0402695 -0.16392 0.00938523 0.357986 40 
0.00331491 -0.171556 0.0530641 0.369686 41 
0.0503396 -0.179795 0.10005 0.382272 42 
0.101229 -0.18871 0.150732 0.395847 43 
0.156478 -0.19839 0.205566 0.410535 44 
0.216675 -0.208936 0.265083 0.426478 45 
0.282514 -0.220471 0.329909 0.443842 46 
0.354827 -0.23314 0.400789 0.462829 47 
0.434619 -0.24712 0.478612 0.483674 48 
0.523113 -0.262624 0.564451 0.506667 49 
0.621816 -0.279916 0.65961 0.532157 50 
0.7326 -0.299326 0.765696 0.560574 51 
0.857831 -0.321266 0.884705 0.592452 52 
1.00053 -0.346266 1.01915 0.628465 53 
1.16462 -0.375015 1.17225 0.669474 54 
1.35532 -0.408425 1.34816 0.716595 55 
1.57965 -0.447727 1.55241 0.771306 56 
1.84738 -0.494633 1.79244 0.835599 57 
2.17246 -0.551586 2.07854 0.912235 58 
2.5755 -0.622198 2.4254 1.00515 59 
-4.10244 -0.220104 -3.12549 2.28927 60 
-4.85846 -0.286854 -3.51808 2.74565 61 
-6.14413 -0.400367 -4.11022 3.43401 62 
-8.81618 -0.636283 -5.10592 4.5915 63 
-17.7406 -1.42422 -7.13095 6.94559 64 
