-4 2.31579 2 1 185.749 2.5209 
-4 2.73684 2 1 17.4074 0.407701 
-4 3.15789 2 1 9.71282 0.311111 
-4 3.57895 2 1 6.98924 0.276922 
-4 4 2 1 5.5956 0.259428 
4 -4 2 1 -2.15043 -0.243974 
4 -3.57895 2 1 -1.82638 -0.201551 
4 -3.15789 2 1 -1.55825 -0.166449 
4 -2.73684 2 1 -1.33271 -0.136924 
4 -2.31579 2 1 -1.14037 -0.111743 
4 -1.89474 2 1 -0.974393 -0.0900148 
4 -1.47368 2 1 -0.829709 -0.0710739 
4 -1.05263 2 1 -0.702468 -0.0544164 
4 -0.631579 2 1 -0.589695 -0.0396529 
4 -0.210526 2 1 -0.489055 -0.0264778 
4 0.210526 2 1 -0.398689 -0.0146477 
4 0.631579 2 1 -0.317101 -0.00396682 
4 1.05263 2 1 -0.243071 0.00572464 
4 1.47368 2 1 -0.175596 0.0145581 
4 1.89474 2 1 -0.113841 0.0226425 
4 2.31579 2 1 -0.0571093 0.0300695 
4 2.73684 2 1 -0.00481136 0.036916 
4 3.15789 2 1 0.0435529 0.0432475 
4 3.57895 2 1 0.0884111 0.04912 
4 4 2 1 0.130131 0.0545817 
1.05263 -4 2 1 -23.9545 -4.46076 
1.47368 -4 2 1 -7.84974 -1.34619 
1.89474 -4 2 1 -4.95237 -0.785854 
2.31579 -4 2 1 -3.74013 -0.551413 
2.73684 -4 2 1 -3.0741 -0.422606 
3.15789 -4 2 1 -2.65299 -0.341166 
3.57895 -4 2 1 -2.36269 -0.285022 
4 -4 2 1 -2.15043 -0.243974 
-4 4 2 1 5.5956 0.259428 
-3.57895 4 2 1 4.06838 0.202187 
-3.15789 4 2 1 3.13115 0.16706 
-2.73684 4 2 1 2.49737 0.143306 
-2.31579 4 2 1 2.0402 0.126171 
-1.89474 4 2 1 1.69485 0.113227 
-1.47368 4 2 1 1.42476 0.103104 
-1.05263 4 2 1 1.20775 0.0949708 
-0.631579 4 2 1 1.02957 0.0882926 
-0.210526 4 2 1 0.880653 0.0827113 
0.210526 4 2 1 0.75434 0.0779771 
0.631579 4 2 1 0.645847 0.0739107 
1.05263 4 2 1 0.55165 0.0703802 
1.47368 4 2 1 0.469099 0.0672862 
1.89474 4 2 1 0.39616 0.0645525 
2.31579 4 2 1 0.331246 0.0621195 
2.73684 4 2 1 0.273102 0.0599402 
3.15789 4 2 1 0.220721 0.057977 
3.57895 4 2 1 0.173287 0.0561992 
4 4 2 1 0.130131 0.0545817 
-4 3.15789 6 1 27.1714 23.0418 
-4 3.57895 6 1 11.9265 9.59502 
-4 4 6 1 7.98129 6.11513 
4 -4 6 1 -2.68605 1.59887 
4 -3.57895 6 1 -2.25446 1.44726 
4 -3.15789 6 1 -1.90757 1.3254 
4 -2.73684 6 1 -1.62266 1.22532 
4 -2.31579 6 1 -1.38449 1.14165 
4 -1.89474 6 1 -1.18242 1.07067 
4 -1.47368 6 1 -1.00883 1.0097 
4 -1.05263 6 1 -0.858097 0.956747 
4 -0.631579 6 1 -0.725979 0.910337 
4 -0.210526 6 1 -0.60923 0.869326 
4 0.210526 6 1 -0.505317 0.832823 
4 0.631579 6 1 -0.412233 0.800125 
4 1.05263 6 1 -0.328368 0.770665 
4 1.47368 6 1 -0.252418 0.743986 
4 1.89474 6 1 -0.183313 0.719711 
4 2.31579 6 1 -0.120167 0.697529 
4 2.73684 6 1 -0.0622411 0.677181 
4 3.15789 6 1 -0.00891428 0.658448 
4 3.57895 6 1 0.0403406 0.641146 
4 4 6 1 0.0859728 0.625117 
1.47368 -4 6 1 -34.8643 28.301 
1.89474 -4 6 1 -9.70704 7.42502 
2.31579 -4 6 1 -5.91749 4.28038 
2.73684 -4 6 1 -4.38719 3.0105 
3.15789 -4 6 1 -3.55971 2.32385 
3.57895 -4 6 1 -3.0413 1.89366 
4 -4 6 1 -2.68605 1.59887 
-4 4 6 1 7.98129 6.11513 
-3.57895 4 6 1 5.14751 4.14466 
-3.15789 4 6 1 3.6984 3.13702 
-2.73684 4 6 1 2.81835 2.52507 
-2.31579 4 6 1 2.22716 2.11399 
-1.89474 4 6 1 1.80267 1.81882 
-1.47368 4 6 1 1.48308 1.5966 
-1.05263 4 6 1 1.23378 1.42325 
-0.631579 4 6 1 1.03389 1.28425 
-0.210526 4 6 1 0.870031 1.17031 
0.210526 4 6 1 0.733273 1.07522 
0.631579 4 6 1 0.617406 0.994649 
1.05263 4 6 1 0.517981 0.925514 
1.47368 4 6 1 0.431732 0.86554 
1.89474 4 6 1 0.356201 0.81302 
2.31579 4 6 1 0.289508 0.766645 
2.73684 4 6 1 0.230187 0.725396 
3.15789 4 6 1 0.17708 0.688468 
3.57895 4 6 1 0.129259 0.655216 
4 4 6 1 0.0859728 0.625117 
