-4 -4 2 1 -9.97483 -0.532527 
-4 -3.57895 2 1 -15.6771 -0.783383 
-4 -3.15789 2 1 -44.8686 -2.06758 
4 -4 2 1 -0.182933 -0.239323 
4 -3.57895 2 1 -0.138067 -0.242021 
4 -3.15789 2 1 -0.090047 -0.244909 
4 -2.73684 2 1 -0.038527 -0.248008 
4 -2.31579 2 1 0.0168896 -0.251341 
4 -1.89474 2 1 0.0766624 -0.254936 
4 -1.47368 2 1 0.141326 -0.258825 
4 -1.05263 2 1 0.211506 -0.263046 
4 -0.631579 2 1 0.28794 -0.267643 
4 -0.210526 2 1 0.371504 -0.272669 
4 0.210526 2 1 0.463242 -0.278186 
4 0.631579 2 1 0.564417 -0.284271 
4 1.05263 2 1 0.676564 -0.291016 
4 1.47368 2 1 0.801569 -0.298535 
4 1.89474 2 1 0.941779 -0.306968 
4 2.31579 2 1 1.10015 -0.316493 
4 2.73684 2 1 1.28045 -0.327336 
4 3.15789 2 1 1.48757 -0.339794 
4 3.57895 2 1 1.72798 -0.354253 
4 4 2 1 2.01041 -0.37124 
-4 -4 2 1 -9.97483 -0.532527 
-3.57895 -4 2 1 -6.00988 -0.413802 
-3.15789 -4 2 1 -4.19443 -0.359441 
-2.73684 -4 2 1 -3.1533 -0.328266 
-2.31579 -4 2 1 -2.47818 -0.30805 
-1.89474 -4 2 1 -2.00491 -0.293879 
-1.47368 -4 2 1 -1.65474 -0.283394 
-1.05263 -4 2 1 -1.38517 -0.275322 
-0.631579 -4 2 1 -1.17124 -0.268916 
-0.210526 -4 2 1 -0.997341 -0.263709 
0.210526 -4 2 1 -0.853196 -0.259393 
0.631579 -4 2 1 -0.731769 -0.255757 
1.05263 -4 2 1 -0.628084 -0.252652 
1.47368 -4 2 1 -0.538515 -0.24997 
1.89474 -4 2 1 -0.460365 -0.24763 
2.31579 -4 2 1 -0.39158 -0.24557 
2.73684 -4 2 1 -0.330572 -0.243743 
3.15789 -4 2 1 -0.276092 -0.242112 
3.57895 -4 2 1 -0.227147 -0.240647 
4 -4 2 1 -0.182933 -0.239323 
1.05263 4 2 1 13.9317 -1.795 
1.47368 4 2 1 6.47752 -0.904749 
1.89474 4 2 1 4.39237 -0.655718 
2.31579 4 2 1 3.41142 -0.538563 
2.73684 4 2 1 2.8412 -0.470461 
3.15789 4 2 1 2.46839 -0.425936 
3.57895 4 2 1 2.20561 -0.394553 
4 4 2 1 2.01041 -0.37124 
-4 -4 6 1 -4.19946 2.68229 
-4 -3.57895 6 1 -4.76036 3.27369 
-4 -3.15789 6 1 -5.61602 4.17589 
-4 -2.73684 6 1 -7.08161 5.72119 
-4 -2.31579 6 1 -10.1704 8.97801 
-4 -1.89474 6 1 -20.926 20.3185 
4 -4 6 1 -0.152754 0.284647 
4 -3.57895 6 1 -0.111514 0.298215 
4 -3.15789 6 1 -0.0676768 0.312637 
4 -2.73684 6 1 -0.0209902 0.327996 
4 -2.31579 6 1 0.0288337 0.344388 
4 -1.89474 6 1 0.0821219 0.361919 
4 -1.47368 6 1 0.139249 0.380714 
4 -1.05263 6 1 0.200645 0.400912 
4 -0.631579 6 1 0.266807 0.422679 
4 -0.210526 6 1 0.338313 0.446204 
4 0.210526 6 1 0.415837 0.471709 
4 0.631579 6 1 0.500172 0.499454 
4 1.05263 6 1 0.592258 0.52975 
4 1.47368 6 1 0.693213 0.562963 
4 1.89474 6 1 0.804385 0.599538 
4 2.31579 6 1 0.927407 0.640011 
4 2.73684 6 1 1.06428 0.685041 
4 3.15789 6 1 1.21748 0.735444 
4 3.57895 6 1 1.39012 0.792241 
4 4 6 1 1.58615 0.856733 
-4 -4 6 1 -4.19946 2.68229 
-3.57895 -4 6 1 -3.2113 2.09681 
-3.15789 -4 6 1 -2.55554 1.70828 
-2.73684 -4 6 1 -2.08861 1.43162 
-2.31579 -4 6 1 -1.73921 1.22461 
-1.89474 -4 6 1 -1.46792 1.06387 
-1.47368 -4 6 1 -1.25119 0.935461 
-1.05263 -4 6 1 -1.07406 0.830513 
-0.631579 -4 6 1 -0.926587 0.743136 
-0.210526 -4 6 1 -0.801897 0.669259 
0.210526 -4 6 1 -0.695089 0.605976 
0.631579 -4 6 1 -0.602574 0.551162 
1.05263 -4 6 1 -0.521663 0.503223 
1.47368 -4 6 1 -0.450302 0.460942 
1.89474 -4 6 1 -0.386893 0.423373 
2.31579 -4 6 1 -0.330178 0.38977 
2.73684 -4 6 1 -0.279151 0.359536 
3.15789 -4 6 1 -0.232995 0.33219 
3.57895 -4 6 1 -0.191046 0.307335 
4 -4 6 1 -0.152754 0.284647 
-0.210526 4 6 1 272.39 323.328 
0.210526 4 6 1 9.4134 10.1774 
0.631579 4 6 1 5.1217 5.06684 
1.05263 4 6 1 3.65984 3.32606 
1.47368 4 6 1 2.92289 2.44851 
1.89474 4 6 1 2.47878 1.91967 
2.31579 4 6 1 2.18189 1.56614 
2.73684 4 6 1 1.96943 1.31314 
3.15789 4 6 1 1.80986 1.12313 
3.57895 4 6 1 1.68563 0.975184 
4 4 6 1 1.58615 0.856733 
