-0.612355 0.117063 -0.712805 0.862028 0 
-0.659044 0.111062 -0.775192 0.916845 1 
-0.712936 0.104135 -0.848861 0.981574 2 
-0.775835 0.0960501 -0.937173 1.05917 3 
-0.850208 0.0864905 -1.04498 1.15389 4 
-0.939507 0.0750124 -1.17953 1.27212 5 
-1.04873 0.0609735 -1.35219 1.42383 6 
-1.18537 0.0434096 -1.58183 1.6256 7 
-1.36126 0.0208023 -1.90221 1.9071 8 
-1.59611 -0.00938488 -2.38037 2.32723 9 
-1.92556 -0.0517319 -3.17093 3.02186 10 
-2.4212 -0.115439 -4.7286 4.39051 11 
-3.25114 -0.222117 -9.2221 8.33873 12 
-4.92579 -0.43737 -160.689 141.425 13 
0.72084 0.133404 0.820828 0.929276 20 
0.772567 0.128281 0.890173 0.993938 21 
0.832795 0.122315 0.97303 1.0712 22 
0.903809 0.115282 1.07377 1.16514 23 
0.988789 0.106865 1.1989 1.28181 24 
1.09231 0.0966117 1.35846 1.4306 25 
1.22117 0.0838484 1.56897 1.62689 26 
1.38598 0.0675243 1.85945 1.89775 27 
1.60423 0.0459077 2.28615 2.29564 28 
1.90693 0.0159267 2.97425 2.93726 29 
2.35485 -0.0284381 4.26999 4.14549 30 
3.08549 -0.100805 7.61467 7.26427 31 
4.48992 -0.239907 36.222 33.9394 32 
-0.612355 0.117063 -0.712805 0.862028 40 
-0.545734 0.11788 -0.636765 0.865363 41 
-0.478738 0.118701 -0.560233 0.868718 42 
-0.411364 0.119527 -0.483206 0.872096 43 
-0.343607 0.120357 -0.405678 0.875496 44 
-0.275466 0.121192 -0.327644 0.878917 45 
-0.206937 0.122032 -0.2491 0.882361 46 
-0.138016 0.122877 -0.17004 0.885828 47 
-0.0687003 0.123727 -0.0904594 0.889317 48 
0.00101385 0.124581 -0.0103527 0.89283 49 
0.0711297 0.125441 0.0702852 0.896366 50 
0.141651 0.126305 0.15146 0.899925 51 
0.212581 0.127174 0.233176 0.903509 52 
0.283923 0.128049 0.315439 0.907116 53 
0.355681 0.128928 0.398256 0.910747 54 
0.427859 0.129813 0.48163 0.914403 55 
0.50046 0.130703 0.565569 0.918084 56 
0.573488 0.131598 0.650078 0.921789 57 
0.646946 0.132498 0.735162 0.92552 58 
0.72084 0.133404 0.820828 0.929276 59 
