-4 -4 2 1 -0.534429 0.0625338 
-4 -3.57895 2 1 -0.577841 0.0531118 
-4 -3.15789 2 1 -0.627543 0.0423245 
-4 -2.73684 2 1 -0.68501 0.029852 
-4 -2.31579 2 1 -0.752216 0.015266 
-4 -1.89474 2 1 -0.831864 -0.00202064 
-4 -1.47368 2 1 -0.927763 -0.0228344 
-4 -1.05263 2 1 -1.04545 -0.0483773 
-4 -0.631579 2 1 -1.19331 -0.0804677 
-4 -0.210526 2 1 -1.38464 -0.121994 
-4 0.210526 2 1 -1.64192 -0.177833 
-4 0.631579 2 1 -2.00635 -0.256928 
-4 1.05263 2 1 -2.56248 -0.377628 
-4 1.47368 2 1 -3.51552 -0.584473 
-4 1.89474 2 1 -5.52618 -1.02086 
-4 2.31579 2 1 -12.5495 -2.54519 
4 -4 2 1 0.792337 0.0358698 
4 -3.57895 2 1 0.845766 0.0228961 
4 -3.15789 2 1 0.908247 0.00772454 
4 -2.73684 2 1 0.982293 -0.0102552 
4 -2.31579 2 1 1.07144 -0.0319024 
4 -1.89474 2 1 1.18084 -0.0584664 
4 -1.47368 2 1 1.31827 -0.0918372 
4 -1.05263 2 1 1.49609 -0.135015 
4 -0.631579 2 1 1.73517 -0.193069 
4 -0.210526 2 1 2.07377 -0.275286 
4 0.210526 2 1 2.59032 -0.400714 
4 0.631579 2 1 3.47515 -0.615568 
4 1.05263 2 1 5.34028 -1.06846 
4 1.47368 2 1 11.8379 -2.64621 
-4 -4 2 1 -0.534429 0.0625338 
-3.57895 -4 2 1 -0.473016 0.0612995 
-3.15789 -4 2 1 -0.410774 0.0600487 
-2.73684 -4 2 1 -0.347688 0.0587808 
-2.31579 -4 2 1 -0.283739 0.0574957 
-1.89474 -4 2 1 -0.218911 0.0561928 
-1.47368 -4 2 1 -0.153184 0.0548719 
-1.05263 -4 2 1 -0.0865403 0.0535326 
-0.631579 -4 2 1 -0.0189602 0.0521744 
-0.210526 -4 2 1 0.0495761 0.050797 
0.210526 -4 2 1 0.119089 0.0494 
0.631579 -4 2 1 0.1896 0.047983 
1.05263 -4 2 1 0.26113 0.0465454 
1.47368 -4 2 1 0.333701 0.045087 
1.89474 -4 2 1 0.407338 0.0436071 
2.31579 -4 2 1 0.482062 0.0421054 
2.73684 -4 2 1 0.557898 0.0405813 
3.15789 -4 2 1 0.634872 0.0390343 
3.57895 -4 2 1 0.71301 0.037464 
4 -4 2 1 0.792337 0.0358698 
-4 -4 6 1 -0.605822 0.760055 
-4 -3.57895 6 1 -0.661307 0.803422 
-4 -3.15789 6 1 -0.726143 0.854098 
-4 -2.73684 6 1 -0.802911 0.9141 
-4 -2.31579 6 1 -0.895237 0.986263 
-4 -1.89474 6 1 -1.00839 1.0747 
-4 -1.47368 6 1 -1.1503 1.18562 
-4 -1.05263 6 1 -1.33353 1.32884 
-4 -0.631579 6 1 -1.57922 1.52087 
-4 -0.210526 6 1 -1.92585 1.7918 
-4 0.210526 6 1 -2.45172 2.20282 
-4 0.631579 6 1 -3.3443 2.90046 
-4 1.05263 6 1 -5.19256 4.34507 
-4 1.47368 6 1 -11.2997 9.11844 
4 -4 6 1 0.92512 0.846387 
4 -3.57895 6 1 1.00027 0.905663 
4 -3.15789 6 1 1.09065 0.976949 
4 -2.73684 6 1 1.2014 1.06431 
4 -2.31579 6 1 1.3403 1.17386 
4 -1.89474 6 1 1.51962 1.31531 
4 -1.47368 6 1 1.76003 1.50494 
4 -1.05263 6 1 2.09916 1.77243 
4 -0.631579 6 1 2.6135 2.17812 
4 -0.210526 6 1 3.48615 2.86644 
4 0.210526 6 1 5.29164 4.29054 
4 0.631579 6 1 11.2431 8.98485 
-4 -4 6 1 -0.605822 0.760055 
-3.57895 -4 6 1 -0.536322 0.763974 
-3.15789 -4 6 1 -0.465753 0.767953 
-2.73684 -4 6 1 -0.394089 0.771995 
-2.31579 -4 6 1 -0.321305 0.776099 
-1.89474 -4 6 1 -0.247374 0.780268 
-1.47368 -4 6 1 -0.172269 0.784503 
-1.05263 -4 6 1 -0.0959621 0.788806 
-0.631579 -4 6 1 -0.0184237 0.793179 
-0.210526 -4 6 1 0.060376 0.797622 
0.210526 -4 6 1 0.140468 0.802139 
0.631579 -4 6 1 0.221885 0.80673 
1.05263 -4 6 1 0.304659 0.811398 
1.47368 -4 6 1 0.388825 0.816144 
1.89474 -4 6 1 0.474418 0.820971 
2.31579 -4 6 1 0.561475 0.82588 
2.73684 -4 6 1 0.650034 0.830874 
3.15789 -4 6 1 0.740134 0.835955 
3.57895 -4 6 1 0.831815 0.841125 
4 -4 6 1 0.92512 0.846387 
