-0.986306 0.203847 -1.15888 1.10196 0 
-1.05471 0.2133 -1.25218 1.20198 1 
-1.13658 0.224613 -1.36613 1.32414 2 
-1.23632 0.238396 -1.50844 1.47672 3 
-1.3605 0.255555 -1.69122 1.67267 4 
-1.51935 0.277507 -1.93458 1.93358 5 
-1.72976 0.306583 -2.27463 2.29813 6 
-2.02168 0.346923 -2.78326 2.84343 7 
-2.45388 0.406647 -3.62715 3.74815 8 
-3.15942 0.504143 -5.30077 5.54241 9 
-4.51753 0.691816 -10.211 10.8066 10 
-8.21253 1.20241 -302.542 324.211 11 
0.433935 0.278115 0.413899 0.941146 20 
0.477134 0.289942 0.459138 1.00104 21 
0.526418 0.303434 0.511299 1.07009 22 
0.583169 0.318971 0.5721 1.15058 23 
0.649222 0.337055 0.643884 1.24561 24 
0.72707 0.358368 0.72992 1.35951 25 
0.82018 0.38386 0.834923 1.49852 26 
0.93353 0.414892 0.96594 1.67196 27 
1.07452 0.453493 1.13401 1.89446 28 
1.25468 0.502815 1.35742 2.19023 29 
1.49294 0.568044 1.66892 2.60261 30 
1.82282 0.658358 2.13339 3.2175 31 
2.30975 0.79167 2.90019 4.23261 32 
3.10094 1.00828 4.40687 6.22723 33 
4.6111 1.42173 8.72264 11.9407 34 
8.63636 2.52375 131.736 174.792 35 
-0.986306 0.203847 -1.15888 1.10196 40 
-0.888445 0.208965 -1.04794 1.09061 41 
-0.79389 0.213909 -0.941122 1.07969 42 
-0.702476 0.218689 -0.83819 1.06917 43 
-0.614047 0.223313 -0.73894 1.05902 44 
-0.528461 0.227789 -0.643178 1.04923 45 
-0.445583 0.232123 -0.550724 1.03978 46 
-0.365286 0.236322 -0.461407 1.03064 47 
-0.287451 0.240392 -0.375073 1.02182 48 
-0.211967 0.244339 -0.291573 1.01328 49 
-0.138729 0.248169 -0.21077 1.00502 50 
-0.0676381 0.251886 -0.132537 0.997017 51 
0.00139886 0.255496 -0.0567512 0.989268 52 
0.0684695 0.259004 0.0166994 0.981758 53 
0.133657 0.262412 0.0879211 0.974476 54 
0.197038 0.265727 0.157014 0.967411 55 
0.258689 0.268951 0.224072 0.960555 56 
0.318678 0.272088 0.289184 0.953897 57 
0.377073 0.275141 0.352434 0.94743 58 
0.433935 0.278115 0.413899 0.941146 59 
