-4 -4 2 1 0.0715115 -0.27179 
-4 -3.57895 2 1 0.0293192 -0.273596 
-4 -3.15789 2 1 -0.0163611 -0.275551 
-4 -2.73684 2 1 -0.0659805 -0.277675 
-4 -2.31579 2 1 -0.120072 -0.279991 
-4 -1.89474 2 1 -0.179267 -0.282524 
-4 -1.47368 2 1 -0.244326 -0.285309 
-4 -1.05263 2 1 -0.316164 -0.288384 
-4 -0.631579 2 1 -0.3959 -0.291798 
-4 -0.210526 2 1 -0.48491 -0.295608 
-4 0.210526 2 1 -0.584915 -0.299888 
-4 0.631579 2 1 -0.698084 -0.304733 
-4 1.05263 2 1 -0.8272 -0.31026 
-4 1.47368 2 1 -0.97589 -0.316624 
-4 1.89474 2 1 -1.14897 -0.324033 
-4 2.31579 2 1 -1.35297 -0.332766 
-4 2.73684 2 1 -1.59701 -0.343212 
-4 3.15789 2 1 -1.89413 -0.35593 
-4 3.57895 2 1 -2.26379 -0.371754 
-4 4 2 1 -2.73623 -0.391977 
4 -4 2 1 4.58007 -1.1132 
4 -3.57895 2 1 5.52622 -1.35674 
4 -3.15789 2 1 7.18869 -1.78466 
4 -2.73684 2 1 10.8765 -2.7339 
4 -2.31579 2 1 26.0578 -6.64161 
-4 -4 2 1 0.0715115 -0.27179 
-3.57895 -4 2 1 0.115466 -0.279993 
-3.15789 -4 2 1 0.163588 -0.288973 
-2.73684 -4 2 1 0.216501 -0.298848 
-2.31579 -4 2 1 0.274956 -0.309757 
-1.89474 -4 2 1 0.339873 -0.321873 
-1.47368 -4 2 1 0.412387 -0.335405 
-1.05263 -4 2 1 0.493912 -0.35062 
-0.631579 -4 2 1 0.586242 -0.367851 
-0.210526 -4 2 1 0.691674 -0.387527 
0.210526 -4 2 1 0.813214 -0.410209 
0.631579 -4 2 1 0.954855 -0.436643 
1.05263 -4 2 1 1.12203 -0.467843 
1.47368 -4 2 1 1.32234 -0.505225 
1.89474 -4 2 1 1.56672 -0.550831 
2.31579 -4 2 1 1.87149 -0.607709 
2.73684 -4 2 1 2.2622 -0.680625 
3.15789 -4 2 1 2.78118 -0.777479 
3.57895 -4 2 1 3.50399 -0.912374 
4 -4 2 1 4.58007 -1.1132 
-4 4 2 1 -2.73623 -0.391977 
-3.57895 4 2 1 -3.08009 -0.448405 
-3.15789 4 2 1 -3.58235 -0.530828 
-2.73684 4 2 1 -4.38523 -0.662585 
-2.31579 4 2 1 -5.87391 -0.906883 
-1.89474 4 2 1 -9.58206 -1.51541 
-1.47368 4 2 1 -35.0091 -5.6881 
-4 -4 6 1 0.0998016 0.254467 
-4 -3.57895 6 1 0.0619733 0.272044 
-4 -3.15789 6 1 0.0212739 0.290956 
-4 -2.73684 6 1 -0.0226363 0.311358 
-4 -2.31579 6 1 -0.0701528 0.333437 
-4 -1.89474 6 1 -0.121739 0.357407 
-4 -1.47368 6 1 -0.177941 0.383521 
-4 -1.05263 6 1 -0.239408 0.412082 
-4 -0.631579 6 1 -0.306915 0.443449 
-4 -0.210526 6 1 -0.381399 0.478058 
-4 0.210526 6 1 -0.464 0.516439 
-4 0.631579 6 1 -0.556123 0.559244 
-4 1.05263 6 1 -0.659513 0.607285 
-4 1.47368 6 1 -0.776373 0.661584 
-4 1.89474 6 1 -0.909519 0.72345 
-4 2.31579 6 1 -1.06261 0.794584 
-4 2.73684 6 1 -1.24049 0.877236 
-4 3.15789 6 1 -1.44971 0.97445 
-4 3.57895 6 1 -1.69935 1.09045 
-4 4 6 1 -2.00238 1.23125 
4 -4 6 1 3.26693 1.34796 
4 -3.57895 6 1 3.63458 1.61937 
4 -3.15789 6 1 4.15542 2.00387 
4 -2.73684 6 1 4.95036 2.59072 
4 -2.31579 6 1 6.31308 3.59672 
4 -1.89474 6 1 9.18976 5.72036 
4 -1.47368 6 1 19.2563 13.1518 
-4 -4 6 1 0.0998016 0.254467 
-3.57895 -4 6 1 0.141449 0.268847 
-3.15789 -4 6 1 0.186719 0.284477 
-2.73684 -4 6 1 0.236105 0.301528 
-2.31579 -4 6 1 0.290196 0.320204 
-1.89474 -4 6 1 0.349697 0.340747 
-1.47368 -4 6 1 0.415463 0.363454 
-1.05263 -4 6 1 0.488539 0.388684 
-0.631579 -4 6 1 0.570213 0.416883 
-0.210526 -4 6 1 0.662101 0.448608 
0.210526 -4 6 1 0.766244 0.484565 
0.631579 -4 6 1 0.885269 0.52566 
1.05263 -4 6 1 1.02261 0.57308 
1.47368 -4 6 1 1.18286 0.628406 
1.89474 -4 6 1 1.37225 0.693796 
2.31579 -4 6 1 1.59954 0.77227 
2.73684 -4 6 1 1.87736 0.868192 
3.15789 -4 6 1 2.22468 0.988109 
3.57895 -4 6 1 2.67131 1.14231 
4 -4 6 1 3.26693 1.34796 
-4 4 6 1 -2.00238 1.23125 
-3.57895 4 6 1 -2.15462 1.41371 
-3.15789 4 6 1 -2.35561 1.65461 
-2.73684 4 6 1 -2.63325 1.98738 
-2.31579 4 6 1 -3.04171 2.47695 
-1.89474 4 6 1 -3.70197 3.26831 
-1.47368 4 6 1 -4.95058 4.76484 
-1.05263 4 6 1 -8.2059 8.66652 
-0.631579 4 6 1 -38.0962 44.4917 
