11.4695 -2.1678 4.49364 3.40639 6 
5.21696 -1.06618 3.12403 2.31378 7 
3.3844 -0.743302 2.39782 1.73444 8 
2.50899 -0.589065 1.94788 1.3755 9 
1.99613 -0.498704 1.64174 1.13128 10 
1.65923 -0.439346 1.41997 0.954358 11 
1.42099 -0.397371 1.25191 0.82029 12 
1.24361 -0.366119 1.12016 0.715187 13 
1.10641 -0.341946 1.0141 0.630577 14 
0.997131 -0.322692 0.926885 0.560999 15 
0.908032 -0.306994 0.853899 0.502774 16 
0.833997 -0.29395 0.791923 0.453332 17 
0.771503 -0.282939 0.73864 0.410826 18 
0.718048 -0.273521 0.692343 0.373892 19 
-15.5188 -0.775042 -4.41578 4.38466 25 
-5.9492 -0.392068 -2.95896 2.89859 26 
-3.67059 -0.300879 -2.22098 2.14579 27 
-2.64913 -0.260001 -1.77508 1.69093 28 
-2.06938 -0.236799 -1.4765 1.38637 29 
-1.69576 -0.221847 -1.26259 1.16816 30 
-1.43492 -0.211409 -1.10181 1.00415 31 
-1.24251 -0.203708 -0.976542 0.876363 32 
-1.09471 -0.197793 -0.876196 0.774003 33 
-0.977624 -0.193107 -0.794007 0.690164 34 
-0.882577 -0.189304 -0.725456 0.620236 35 
-0.803882 -0.186154 -0.667408 0.561022 36 
-0.737653 -0.183504 -0.617621 0.510236 37 
-0.681146 -0.181243 -0.57445 0.466197 38 
-0.632367 -0.17929 -0.536656 0.427645 39 
0.718048 -0.273521 0.692343 0.373892 60 
0.64311 -0.268292 0.624471 0.376861 61 
0.568624 -0.263094 0.55697 0.379813 62 
0.494585 -0.257928 0.489836 0.382749 63 
0.420989 -0.252792 0.423067 0.38567 64 
0.347832 -0.247688 0.35666 0.388574 65 
0.27511 -0.242613 0.290611 0.391463 66 
0.20282 -0.237569 0.224919 0.394336 67 
0.130957 -0.232554 0.159579 0.397194 68 
0.0595179 -0.227569 0.094589 0.400036 69 
-0.0115011 -0.222614 0.0299465 0.402863 70 
-0.0821038 -0.217687 -0.0343514 0.405676 71 
-0.152294 -0.212789 -0.0983076 0.408473 72 
-0.222075 -0.20792 -0.161925 0.411255 73 
-0.29145 -0.203079 -0.225206 0.414023 74 
-0.360424 -0.198266 -0.288153 0.416776 75 
-0.428998 -0.193481 -0.350769 0.419515 76 
-0.497178 -0.188724 -0.413056 0.422239 77 
-0.564967 -0.183994 -0.475018 0.424949 78 
-0.632367 -0.17929 -0.536656 0.427645 79 
