-4 -0.631579 2 1 45.4698 5.82371 
-4 -0.210526 2 1 8.24644 0.862884 
-4 0.210526 2 1 4.69073 0.389007 
-4 0.631579 2 1 3.34957 0.210268 
-4 1.05263 2 1 2.64535 0.116416 
-4 1.47368 2 1 2.21141 0.0585835 
-4 1.89474 2 1 1.91719 0.0193727 
-4 2.31579 2 1 1.70458 -0.00896313 
-4 2.73684 2 1 1.54375 -0.0303972 
-4 3.15789 2 1 1.41784 -0.0471775 
-4 3.57895 2 1 1.31659 -0.060671 
-4 4 2 1 1.2334 -0.0717575 
4 -3.57895 2 1 -44.7955 2.27404 
4 -3.15789 2 1 -9.40978 0.348086 
4 -2.73684 2 1 -5.10819 0.113961 
4 -2.31579 2 1 -3.4321 0.0227357 
4 -1.89474 2 1 -2.53983 -0.0258288 
4 -1.47368 2 1 -1.98574 -0.0559864 
4 -1.05263 2 1 -1.6082 -0.0765347 
4 -0.631579 2 1 -1.33443 -0.0914354 
4 -0.210526 2 1 -1.12682 -0.102735 
4 0.210526 2 1 -0.96396 -0.111599 
4 0.631579 2 1 -0.832797 -0.118738 
4 1.05263 2 1 -0.724898 -0.124611 
4 1.47368 2 1 -0.634576 -0.129527 
4 1.89474 2 1 -0.55786 -0.133702 
4 2.31579 2 1 -0.491891 -0.137293 
4 2.73684 2 1 -0.434558 -0.140413 
4 3.15789 2 1 -0.384271 -0.14315 
4 3.57895 2 1 -0.339804 -0.145571 
4 4 2 1 -0.300204 -0.147726 
-4 4 2 1 1.2334 -0.0717575 
-3.57895 4 2 1 1.10604 -0.0780664 
-3.15789 4 2 1 0.986603 -0.0839828 
-2.73684 4 2 1 0.874372 -0.0895423 
-2.31579 4 2 1 0.768714 -0.0947761 
-1.89474 4 2 1 0.669069 -0.0997121 
-1.47368 4 2 1 0.574936 -0.104375 
-1.05263 4 2 1 0.485872 -0.108787 
-0.631579 4 2 1 0.401477 -0.112968 
-0.210526 4 2 1 0.321393 -0.116935 
0.210526 4 2 1 0.245299 -0.120704 
0.631579 4 2 1 0.172904 -0.12429 
1.05263 4 2 1 0.103944 -0.127706 
1.47368 4 2 1 0.0381798 -0.130964 
1.89474 4 2 1 -0.0246048 -0.134074 
2.31579 4 2 1 -0.0846081 -0.137046 
2.73684 4 2 1 -0.142011 -0.13989 
3.15789 4 2 1 -0.196979 -0.142613 
3.57895 4 2 1 -0.249663 -0.145222 
4 4 2 1 -0.300204 -0.147726 
-4 -1.47368 6 1 45.2672 62.0006 
-4 -1.05263 6 1 7.5256 9.70974 
-4 -0.631579 6 1 4.26342 5.19001 
-4 -0.210526 6 1 3.047 3.50466 
-4 0.210526 6 1 2.41131 2.62392 
-4 0.631579 6 1 2.02063 2.08262 
-4 1.05263 6 1 1.75619 1.71625 
-4 1.47368 6 1 1.56532 1.4518 
-4 1.89474 6 1 1.42106 1.25193 
-4 2.31579 6 1 1.3082 1.09556 
-4 2.73684 6 1 1.21749 0.969886 
-4 3.15789 6 1 1.143 0.866675 
-4 3.57895 6 1 1.08073 0.780399 
-4 4 6 1 1.0279 0.707206 
4 -4 6 1 -10.4025 8.72377 
4 -3.57895 6 1 -5.61868 4.77271 
4 -3.15789 6 1 -3.77442 3.24951 
4 -2.73684 6 1 -2.79707 2.44231 
4 -2.31579 6 1 -2.19171 1.94233 
4 -1.89474 6 1 -1.77992 1.60222 
4 -1.47368 6 1 -1.48165 1.35587 
4 -1.05263 6 1 -1.25564 1.16921 
4 -0.631579 6 1 -1.07848 1.02289 
4 -0.210526 6 1 -0.93587 0.905107 
4 0.210526 6 1 -0.818601 0.808253 
4 0.631579 6 1 -0.720471 0.727206 
4 1.05263 6 1 -0.637147 0.658388 
4 1.47368 6 1 -0.565514 0.599225 
4 1.89474 6 1 -0.503273 0.547819 
4 2.31579 6 1 -0.44869 0.502738 
4 2.73684 6 1 -0.400433 0.462882 
4 3.15789 6 1 -0.357464 0.427393 
4 3.57895 6 1 -0.318958 0.39559 
4 4 6 1 -0.284254 0.366928 
2.73684 -4 6 1 -71.8826 80.8113 
3.15789 -4 6 1 -21.5637 21.8106 
3.57895 -4 6 1 -13.6326 12.5111 
4 -4 6 1 -10.4025 8.72377 
-4 4 6 1 1.0279 0.707206 
-3.57895 4 6 1 0.924751 0.680457 
-3.15789 4 6 1 0.827108 0.655135 
-2.73684 4 6 1 0.734542 0.63113 
-2.31579 4 6 1 0.646667 0.608342 
-1.89474 4 6 1 0.563135 0.58668 
-1.47368 4 6 1 0.483632 0.566062 
-1.05263 4 6 1 0.407873 0.546416 
-0.631579 4 6 1 0.335599 0.527673 
-0.210526 4 6 1 0.266577 0.509774 
0.210526 4 6 1 0.20059 0.492661 
0.631579 4 6 1 0.137444 0.476286 
1.05263 4 6 1 0.0769583 0.4606 
1.47368 4 6 1 0.0189686 0.445562 
1.89474 4 6 1 -0.0366766 0.431131 
2.31579 4 6 1 -0.0901166 0.417273 
2.73684 4 6 1 -0.14148 0.403953 
3.15789 4 6 1 -0.190885 0.391141 
3.57895 4 6 1 -0.238443 0.378808 
4 4 6 1 -0.284254 0.366928 
