-4 -0.210526 2 1 19.4994 6.01211 
-4 0.210526 2 1 6.88333 1.92508 
-4 0.631579 2 1 4.33569 1.09976 
-4 1.05263 2 1 3.24133 0.745233 
-4 1.47368 2 1 2.6327 0.548063 
-4 1.89474 2 1 2.24514 0.422512 
-4 2.31579 2 1 1.97672 0.335556 
-4 2.73684 2 1 1.77982 0.271769 
-4 3.15789 2 1 1.62922 0.222981 
-4 3.57895 2 1 1.5103 0.184457 
-4 4 2 1 1.41402 0.153267 
4 -4 2 1 -19.9575 2.50947 
4 -3.57895 2 1 -7.85694 0.94031 
4 -3.15789 2 1 -4.75133 0.537586 
4 -2.73684 2 1 -3.32874 0.353109 
4 -2.31579 2 1 -2.51273 0.247292 
4 -1.89474 2 1 -1.98351 0.178665 
4 -1.47368 2 1 -1.6125 0.130553 
4 -1.05263 2 1 -1.33797 0.0949533 
4 -0.631579 2 1 -1.12662 0.0675461 
4 -0.210526 2 1 -0.958885 0.0457954 
4 0.210526 2 1 -0.822534 0.0281138 
4 0.631579 2 1 -0.709509 0.0134572 
4 1.05263 2 1 -0.614297 0.00111047 
4 1.47368 2 1 -0.532995 -0.00943259 
4 1.89474 2 1 -0.46276 -0.0185403 
4 2.31579 2 1 -0.401479 -0.0264871 
4 2.73684 2 1 -0.34754 -0.0334816 
4 3.15789 2 1 -0.2997 -0.0396854 
4 3.57895 2 1 -0.256979 -0.0452253 
4 4 2 1 -0.218597 -0.0502026 
3.57895 -4 2 1 -61.6645 9.02624 
4 -4 2 1 -19.9575 2.50947 
-4 4 2 1 1.41402 0.153267 
-3.57895 4 2 1 1.26006 0.134079 
-3.15789 4 2 1 1.11907 0.116508 
-2.73684 4 2 1 0.989484 0.100358 
-2.31579 4 2 1 0.869968 0.0854628 
-1.89474 4 2 1 0.759393 0.0716821 
-1.47368 4 2 1 0.656792 0.0588952 
-1.05263 4 2 1 0.561333 0.0469983 
-0.631579 4 2 1 0.472294 0.0359016 
-0.210526 4 2 1 0.38905 0.0255271 
0.210526 4 2 1 0.311052 0.0158064 
0.631579 4 2 1 0.237819 0.00667958 
1.05263 4 2 1 0.168929 -0.00190611 
1.47368 4 2 1 0.104005 -0.00999743 
1.89474 4 2 1 0.0427146 -0.0176359 
2.31579 4 2 1 -0.0152386 -0.0248585 
2.73684 4 2 1 -0.0701201 -0.0316982 
3.15789 4 2 1 -0.122168 -0.0381848 
3.57895 4 2 1 -0.171596 -0.0443449 
4 4 2 1 -0.218597 -0.0502026 
-4 -1.05263 6 1 27.7398 46.3348 
-4 -0.631579 6 1 6.77294 10.5616 
-4 -0.210526 6 1 4.04414 5.9058 
-4 0.210526 6 1 2.96954 4.07234 
-4 0.631579 6 1 2.39485 3.0918 
-4 1.05263 6 1 2.03705 2.48133 
-4 1.47368 6 1 1.79285 2.06468 
-4 1.89474 6 1 1.61556 1.7622 
-4 2.31579 6 1 1.481 1.53261 
-4 2.73684 6 1 1.37537 1.35239 
-4 3.15789 6 1 1.29026 1.20718 
-4 3.57895 6 1 1.22021 1.08766 
-4 4 6 1 1.16156 0.987586 
4 -4 6 1 -5.77793 4.93988 
4 -3.57895 6 1 -3.97619 3.48077 
4 -3.15789 6 1 -2.97814 2.67251 
4 -2.73684 6 1 -2.34409 2.15903 
4 -2.31579 6 1 -1.90563 1.80395 
4 -1.89474 6 1 -1.58434 1.54376 
4 -1.47368 6 1 -1.3388 1.34491 
4 -1.05263 6 1 -1.14504 1.18799 
4 -0.631579 6 1 -0.988238 1.06101 
4 -0.210526 6 1 -0.858748 0.956147 
4 0.210526 6 1 -0.750004 0.868082 
4 0.631579 6 1 -0.65739 0.79308 
4 1.05263 6 1 -0.577564 0.728434 
4 1.47368 6 1 -0.50805 0.672139 
4 1.89474 6 1 -0.446969 0.622673 
4 2.31579 6 1 -0.392876 0.578867 
4 2.73684 6 1 -0.344636 0.5398 
4 3.15789 6 1 -0.301347 0.504744 
4 3.57895 6 1 -0.262286 0.47311 
4 4 6 1 -0.22686 0.444421 
1.89474 -4 6 1 -139.48 194.09 
2.31579 -4 6 1 -18.7536 23.2968 
2.73684 -4 6 1 -10.958 12.2682 
3.15789 -4 6 1 -8.13084 8.26858 
3.57895 -4 6 1 -6.67008 6.20202 
4 -4 6 1 -5.77793 4.93988 
-4 4 6 1 1.16156 0.987586 
-3.57895 4 6 1 1.03874 0.939539 
-3.15789 4 6 1 0.924875 0.894993 
-2.73684 4 6 1 0.819016 0.85358 
-2.31579 4 6 1 0.720348 0.81498 
-1.89474 4 6 1 0.628161 0.778915 
-1.47368 4 6 1 0.541838 0.745145 
-1.05263 4 6 1 0.460837 0.713456 
-0.631579 4 6 1 0.384679 0.683663 
-0.210526 4 6 1 0.312944 0.655599 
0.210526 4 6 1 0.245257 0.629119 
0.631579 4 6 1 0.181284 0.604092 
1.05263 4 6 1 0.120728 0.580402 
1.47368 4 6 1 0.0633227 0.557944 
1.89474 4 6 1 0.00882808 0.536625 
2.31579 4 6 1 -0.0429717 0.516361 
2.73684 4 6 1 -0.0922717 0.497074 
3.15789 4 6 1 -0.139249 0.478696 
3.57895 4 6 1 -0.184063 0.461164 
4 4 6 1 -0.22686 0.444421 
