14.5328 0.638512 18.6449 15.8802 3 
6.12976 0.295971 7.15185 6.23945 4 
3.81937 0.20179 4.35432 3.89279 5 
2.73843 0.157726 3.09243 2.83428 6 
2.11181 0.132183 2.37406 2.23169 7 
1.70283 0.115511 1.91028 1.84265 8 
1.41488 0.103773 1.58612 1.57073 9 
1.20115 0.0950605 1.34677 1.36997 10 
1.03623 0.0883377 1.16281 1.21565 11 
0.905116 0.0829928 1.01701 1.09335 12 
0.798372 0.0786415 0.898596 0.994021 13 
0.709784 0.0750303 0.800526 0.911756 14 
0.635084 0.0719852 0.717969 0.842505 15 
0.571242 0.0693827 0.647514 0.783405 16 
0.516052 0.0671329 0.586682 0.732377 17 
0.467866 0.0651687 0.533627 0.687873 18 
0.425431 0.0634388 0.486948 0.648717 19 
-8.34729 2.29547 -8.33176 12.5392 28 
-4.47155 1.21497 -4.23836 6.2117 29 
-3.1036 0.833602 -2.89592 4.13658 30 
-2.40442 0.638679 -2.22875 3.10529 31 
-1.97992 0.520332 -1.82974 2.4885 32 
-1.6948 0.440845 -1.56427 2.07814 33 
-1.4901 0.383777 -1.3749 1.78543 34 
-1.336 0.340816 -1.23302 1.56611 35 
-1.2158 0.307306 -1.12276 1.39566 36 
-1.11942 0.280438 -1.0346 1.25939 37 
-1.04043 0.258415 -0.962503 1.14794 38 
-0.974499 0.240034 -0.902447 1.05511 39 
0.425431 0.0634388 0.486948 0.648717 60 
0.371481 0.0702445 0.433541 0.664338 61 
0.315901 0.0772556 0.378509 0.680435 62 
0.258617 0.0844818 0.321778 0.697029 63 
0.199549 0.091933 0.263267 0.714143 64 
0.138612 0.0996199 0.202891 0.731803 65 
0.0757165 0.107554 0.14056 0.750034 66 
0.0107661 0.115747 0.0761762 0.768866 67 
-0.0563414 0.124213 0.00963775 0.788329 68 
-0.125715 0.132964 -0.0591658 0.808454 69 
-0.197472 0.142016 -0.130352 0.829275 70 
-0.271738 0.151384 -0.204047 0.850831 71 
-0.348645 0.161085 -0.280386 0.87316 72 
-0.428338 0.171138 -0.359513 0.896305 73 
-0.51097 0.181562 -0.441585 0.92031 74 
-0.596708 0.192378 -0.526768 0.945226 75 
-0.68573 0.203607 -0.615244 0.971105 76 
-0.778227 0.215276 -0.707205 0.998004 77 
-0.874409 0.227408 -0.802864 1.02598 78 
-0.974499 0.240034 -0.902447 1.05511 79 
