-0.333528 -0.260356 -0.269583 0.300424 20 
-0.283914 -0.267554 -0.222359 0.307438 21 
-0.231607 -0.275144 -0.17278 0.314801 22 
-0.176381 -0.283156 -0.120666 0.322542 23 
-0.117986 -0.291629 -0.0658172 0.330688 24 
-0.0561394 -0.300602 -0.00801262 0.339273 25 
0.00947315 -0.310122 0.0529933 0.348334 26 
0.0792066 -0.32024 0.117474 0.357911 27 
0.153462 -0.331013 0.185735 0.36805 28 
0.232693 -0.342509 0.25812 0.378801 29 
0.317419 -0.354802 0.335012 0.390221 30 
0.40823 -0.367978 0.416847 0.402376 31 
0.505807 -0.382135 0.504118 0.415338 32 
0.610935 -0.397388 0.597384 0.42919 33 
0.724527 -0.413869 0.697285 0.444028 34 
0.847646 -0.431732 0.804555 0.45996 35 
0.981545 -0.45116 0.920042 0.477112 36 
1.1277 -0.472366 1.04473 0.495631 37 
1.28789 -0.495607 1.17975 0.515686 38 
1.46421 -0.52119 1.32646 0.537476 39 
-17.3515 -2.10321 -5.64314 3.84699 42 
-7.37239 -1.02259 -3.78544 2.6209 43 
-4.56216 -0.718269 -2.79569 1.96767 44 
-3.23725 -0.574796 -2.1808 1.56184 45 
-2.46623 -0.491304 -1.76172 1.28524 46 
-1.96182 -0.436681 -1.45776 1.08463 47 
-1.60611 -0.398162 -1.22721 0.932464 48 
-1.34179 -0.36954 -1.04635 0.813094 49 
-1.13766 -0.347435 -0.900674 0.716946 50 
-0.975257 -0.329848 -0.780824 0.637845 51 
-0.842972 -0.315523 -0.680493 0.571626 52 
-0.733138 -0.303629 -0.595271 0.515379 53 
-0.640488 -0.293596 -0.521985 0.46701 54 
-0.56128 -0.285019 -0.45829 0.424971 55 
-0.492788 -0.277602 -0.40242 0.388097 56 
-0.432975 -0.271125 -0.353017 0.35549 57 
-0.380289 -0.26542 -0.309018 0.326451 58 
-0.333528 -0.260356 -0.269583 0.300424 59 
108.535 -37.0771 6.30592 4.59342 70 
8.93168 -3.07071 4.03825 2.74632 71 
4.86463 -1.68215 3.03681 1.93061 72 
3.43412 -1.19375 2.47251 1.47097 73 
2.70396 -0.94446 2.1104 1.17602 74 
2.26097 -0.793217 1.85833 0.970698 75 
1.96358 -0.691683 1.67275 0.819537 76 
1.75014 -0.61881 1.53042 0.703605 77 
1.58949 -0.563963 1.4178 0.611871 78 
1.46421 -0.52119 1.32646 0.537476 79 
