-0.127291 0.118323 -0.0743344 0.662282 0 
-0.165174 0.126534 -0.109899 0.698487 1 
-0.207109 0.135624 -0.149309 0.738608 2 
-0.253784 0.145742 -0.193226 0.783316 3 
-0.30605 0.157071 -0.242469 0.833445 4 
-0.364975 0.169843 -0.298069 0.890047 5 
-0.431919 0.184354 -0.361343 0.95446 6 
-0.508638 0.200984 -0.433996 1.02842 7 
-0.597442 0.220233 -0.518281 1.11422 8 
-0.701431 0.242773 -0.617234 1.21496 9 
-0.824863 0.269528 -0.735051 1.3349 10 
-0.973753 0.301802 -0.877692 1.48011 11 
-1.15688 0.341497 -1.05393 1.65952 12 
-1.3876 0.391508 -1.27721 1.88682 13 
-1.68722 0.456454 -1.56928 2.18415 14 
-2.09204 0.544201 -1.96772 2.58977 15 
-2.66924 0.669315 -2.54356 3.17598 16 
-3.55871 0.862117 -3.44922 4.09795 17 
-5.10787 1.19791 -5.08177 5.7599 18 
-8.48311 1.92953 -8.90292 9.64986 19 
1.82288 0.0386818 1.9933 1.31637 20 
1.97497 0.0490528 2.17153 1.49271 21 
2.17104 0.0624228 2.40288 1.7216 22 
2.4334 0.0803127 2.71524 2.03063 23 
2.80249 0.105481 3.1602 2.47085 24 
3.36008 0.143502 3.84494 3.14831 25 
4.30008 0.207599 5.03477 4.32548 26 
6.22119 0.338597 7.61511 6.87836 27 
12.336 0.755559 17.4502 16.6087 28 
-0.127291 0.118323 -0.0743344 0.662282 40 
-0.0817076 0.116461 -0.0266289 0.677374 41 
-0.0332191 0.114481 0.0241493 0.693438 42 
0.0184615 0.112371 0.0783071 0.71057 43 
0.0736601 0.110116 0.136193 0.728882 44 
0.132749 0.107703 0.198207 0.7485 45 
0.196153 0.105114 0.264806 0.769569 46 
0.264365 0.102328 0.336518 0.792255 47 
0.337952 0.0993233 0.413956 0.816752 48 
0.417575 0.0960716 0.497833 0.843286 49 
0.50401 0.0925418 0.588988 0.872123 50 
0.598168 0.0886966 0.688412 0.903576 51 
0.701135 0.0844916 0.797281 0.938016 52 
0.814206 0.079874 0.917011 0.975892 53 
0.938946 0.0747798 1.04931 1.01775 54 
1.07726 0.0691314 1.19627 1.06424 55 
1.23149 0.0628329 1.36047 1.11618 56 
1.40455 0.0557655 1.54512 1.1746 57 
1.60011 0.047779 1.75432 1.24077 58 
1.82288 0.0386818 1.9933 1.31637 59 
-8.48311 1.92953 -8.90292 9.64986 60 
-12.445 2.93784 -14.0942 16.3855 61 
-27.166 6.68436 -44.8497 56.2908 62 
