11.3357 2.70154 3.42325 4.58403 9 
5.5311 1.17371 2.63434 3.32525 10 
3.76333 0.708405 2.17605 2.594 11 
2.90776 0.483207 1.87655 2.11613 12 
2.40313 0.350382 1.6655 1.77938 13 
2.07026 0.262768 1.50876 1.52928 14 
1.83422 0.200638 1.38776 1.33621 15 
1.65812 0.154286 1.29152 1.18265 16 
1.5217 0.118378 1.21314 1.0576 17 
1.41291 0.0897419 1.14809 0.95379 18 
1.32412 0.066372 1.09322 0.86624 19 
-136.92 15.647 -6.90672 5.95128 20 
-11.7419 1.23858 -4.4503 3.90848 21 
-5.93024 0.569647 -3.224 2.88867 22 
-3.87124 0.332649 -2.48883 2.27729 23 
-2.81727 0.211334 -1.99898 1.86992 24 
-2.17683 0.137617 -1.6492 1.57904 25 
-1.74646 0.0880807 -1.38694 1.36094 26 
-1.43737 0.0525033 -1.183 1.19134 27 
-1.20462 0.0257133 -1.01987 1.05567 28 
-1.02305 0.00481287 -0.886416 0.944694 29 
-0.877431 -0.0119478 -0.775218 0.852219 30 
-0.75806 -0.0256878 -0.681135 0.773978 31 
-0.658424 -0.0371562 -0.600499 0.70692 32 
-0.574003 -0.0468734 -0.530618 0.648806 33 
-0.501558 -0.055212 -0.469476 0.597959 34 
-0.438711 -0.0624459 -0.41553 0.553097 35 
-0.383672 -0.0687811 -0.36758 0.513221 36 
-0.335071 -0.0743752 -0.324679 0.477543 37 
-0.291841 -0.0793511 -0.286069 0.445435 38 
-0.253139 -0.0838058 -0.251138 0.416385 39 
-136.92 15.647 -6.90672 5.95128 59 
1.32412 0.066372 1.09322 0.86624 60 
1.18393 0.0530239 0.980727 0.828598 61 
1.05407 0.0406597 0.875376 0.793345 62 
0.933447 0.0291744 0.776504 0.76026 63 
0.821103 0.0184776 0.683532 0.729149 64 
0.716214 0.00849069 0.595947 0.699841 65 
0.618064 -0.000854655 0.513294 0.672183 66 
0.526022 -0.00961835 0.435168 0.64604 67 
0.439537 -0.0178531 0.361207 0.621291 68 
0.358118 -0.0256053 0.291087 0.597827 69 
0.281334 -0.0329162 0.224515 0.575551 70 
0.2088 -0.0398225 0.161229 0.554374 71 
0.140173 -0.0463568 0.100992 0.534217 72 
0.0751453 -0.0525484 0.0435891 0.515008 73 
0.0134407 -0.0584236 -0.0111761 0.496683 74 
-0.045189 -0.064006 -0.0634808 0.47918 75 
-0.100968 -0.069317 -0.113487 0.462447 76 
-0.154099 -0.0743758 -0.161344 0.446433 77 
-0.204767 -0.0792002 -0.207186 0.431093 78 
-0.253139 -0.0838058 -0.251138 0.416385 79 
