-4 -4 2 1 4.08902 0.85936 
-4 -3.57895 2 1 3.14988 0.73524 
-4 -3.15789 2 1 2.50731 0.650316 
-4 -2.73684 2 1 2.03998 0.588552 
-4 -2.31579 2 1 1.68481 0.541612 
-4 -1.89474 2 1 1.40575 0.50473 
-4 -1.47368 2 1 1.1807 0.474986 
-4 -1.05263 2 1 0.995361 0.450492 
-4 -0.631579 2 1 0.840079 0.429969 
-4 -0.210526 2 1 0.708089 0.412525 
-4 0.210526 2 1 0.594516 0.397515 
-4 0.631579 2 1 0.495757 0.384462 
-4 1.05263 2 1 0.409091 0.373008 
-4 1.47368 2 1 0.332424 0.362876 
-4 1.89474 2 1 0.264122 0.353849 
-4 2.31579 2 1 0.202885 0.345755 
-4 2.73684 2 1 0.147671 0.338458 
-4 3.15789 2 1 0.0976333 0.331845 
-4 3.57895 2 1 0.0520768 0.325824 
-4 4 2 1 0.0104251 0.320319 
4 1.47368 2 1 -60.4935 12.1008 
4 1.89474 2 1 -11.8573 2.38281 
4 2.31579 2 1 -6.94131 1.40054 
4 2.73684 2 1 -5.07411 1.02745 
4 3.15789 2 1 -4.09081 0.83098 
4 3.57895 2 1 -3.48391 0.709714 
4 4 2 1 -3.07199 0.627409 
-4 -4 2 1 4.08902 0.85936 
-3.57895 -4 2 1 4.86465 1.03005 
-3.15789 -4 2 1 6.19182 1.32213 
-2.73684 -4 2 1 8.98346 1.9365 
-2.31579 -4 2 1 18.6468 4.06315 
-4 4 2 1 0.0104251 0.320319 
-3.57895 4 2 1 -0.0345926 0.324804 
-3.15789 4 2 1 -0.0833753 0.329664 
-2.73684 4 2 1 -0.136416 0.334948 
-2.31579 4 2 1 -0.194298 0.340715 
-1.89474 4 2 1 -0.257715 0.347033 
-1.47368 4 2 1 -0.327502 0.353986 
-1.05263 4 2 1 -0.404668 0.361673 
-0.631579 4 2 1 -0.49045 0.37022 
-0.210526 4 2 1 -0.586376 0.379776 
0.210526 4 2 1 -0.694358 0.390534 
0.631579 4 2 1 -0.816822 0.402735 
1.05263 4 2 1 -0.95689 0.416689 
1.47368 4 2 1 -1.11865 0.432805 
1.89474 4 2 1 -1.30757 0.451626 
2.31579 4 2 1 -1.53111 0.473897 
2.73684 4 2 1 -1.79975 0.500661 
3.15789 4 2 1 -2.12867 0.53343 
3.57895 4 2 1 -2.54073 0.574481 
4 4 2 1 -3.07199 0.627409 
-4 -4 6 1 10.1087 9.45457 
-4 -3.57895 6 1 6.09246 6.0834 
-4 -3.15789 6 1 4.22052 4.51212 
-4 -2.73684 6 1 3.13743 3.60298 
-4 -2.31579 6 1 2.43133 3.01029 
-4 -1.89474 6 1 1.93457 2.59331 
-4 -1.47368 6 1 1.56608 2.284 
-4 -1.05263 6 1 1.28185 2.04542 
-4 -0.631579 6 1 1.05594 1.8558 
-4 -0.210526 6 1 0.872085 1.70147 
-4 0.210526 6 1 0.719532 1.57342 
-4 0.631579 6 1 0.590917 1.46546 
-4 1.05263 6 1 0.481014 1.37321 
-4 1.47368 6 1 0.386018 1.29347 
-4 1.89474 6 1 0.303088 1.22386 
-4 2.31579 6 1 0.230062 1.16256 
-4 2.73684 6 1 0.165267 1.10817 
-4 3.15789 6 1 0.107384 1.05959 
-4 3.57895 6 1 0.0553642 1.01592 
-4 4 6 1 0.00835925 0.976466 
4 2.73684 6 1 -25.7795 25.2521 
4 3.15789 6 1 -10.5976 9.95106 
4 3.57895 6 1 -6.92821 6.25292 
4 4 6 1 -5.27639 4.58814 
-4 -4 6 1 10.1087 9.45457 
-3.57895 -4 6 1 19.6683 19.301 
-4 4 6 1 0.00835925 0.976466 
-3.57895 4 6 1 -0.0426214 1.01131 
-3.15789 4 6 1 -0.0984483 1.04946 
-2.73684 4 6 1 -0.159847 1.09142 
-2.31579 4 6 1 -0.227695 1.13779 
-1.89474 4 6 1 -0.303065 1.1893 
-1.47368 4 6 1 -0.387282 1.24685 
-1.05263 4 6 1 -0.482 1.31158 
-0.631579 4 6 1 -0.589313 1.38492 
-0.210526 4 6 1 -0.711914 1.46871 
0.210526 4 6 1 -0.853319 1.56535 
0.631579 4 6 1 -1.01821 1.67804 
1.05263 4 6 1 -1.21298 1.81115 
1.47368 4 6 1 -1.44655 1.97077 
1.89474 4 6 1 -1.7318 2.16571 
2.31579 4 6 1 -2.088 2.40915 
2.73684 4 6 1 -2.54541 2.72175 
3.15789 4 6 1 -3.15428 3.13786 
3.57895 4 6 1 -4.0048 3.71911 
4 4 6 1 -5.27639 4.58814 
