-4 2.73684 2 1 154.638 15.0485 
-4 3.15789 2 1 18.7973 1.91197 
-4 3.57895 2 1 10.623 1.12147 
-4 4 2 1 7.67514 0.836393 
4 -4 2 1 -2.01927 -0.0281086 
4 -3.57895 2 1 -1.73087 -0.00637284 
4 -3.15789 2 1 -1.48731 0.0119833 
4 -2.73684 2 1 -1.2789 0.0276911 
4 -2.31579 2 1 -1.09853 0.0412853 
4 -1.89474 2 1 -0.940895 0.0531654 
4 -1.47368 2 1 -0.80196 0.0636366 
4 -1.05263 2 1 -0.678581 0.0729353 
4 -0.631579 2 1 -0.568284 0.0812481 
4 -0.210526 2 1 -0.469093 0.0887239 
4 0.210526 2 1 -0.379411 0.0954831 
4 0.631579 2 1 -0.297932 0.101624 
4 1.05263 2 1 -0.223582 0.107227 
4 1.47368 2 1 -0.155463 0.112361 
4 1.89474 2 1 -0.0928229 0.117082 
4 2.31579 2 1 -0.0350274 0.121438 
4 2.73684 2 1 0.0184652 0.12547 
4 3.15789 2 1 0.0681181 0.129212 
4 3.57895 2 1 0.11433 0.132695 
4 4 2 1 0.157448 0.135945 
1.05263 -4 2 1 -14.6293 -0.826236 
1.47368 -4 2 1 -6.54397 -0.314491 
1.89474 -4 2 1 -4.40363 -0.179022 
2.31579 -4 2 1 -3.414 -0.116385 
2.73684 -4 2 1 -2.8437 -0.0802893 
3.15789 -4 2 1 -2.4728 -0.0568141 
3.57895 -4 2 1 -2.21229 -0.0403255 
4 -4 2 1 -2.01927 -0.0281086 
-4 4 2 1 7.67514 0.836393 
-3.57895 4 2 1 5.06977 0.593641 
-3.15789 4 2 1 3.69827 0.465855 
-2.73684 4 2 1 2.85194 0.387 
-2.31579 4 2 1 2.27761 0.333487 
-1.89474 4 2 1 1.86231 0.294792 
-1.47368 4 2 1 1.54802 0.265509 
-1.05263 4 2 1 1.30188 0.242575 
-0.631579 4 2 1 1.10389 0.224128 
-0.210526 4 2 1 0.941187 0.208968 
0.210526 4 2 1 0.805105 0.196289 
0.631579 4 2 1 0.689606 0.185528 
1.05263 4 2 1 0.590348 0.176279 
1.47368 4 2 1 0.50413 0.168246 
1.89474 4 2 1 0.428542 0.161203 
2.31579 4 2 1 0.361731 0.154978 
2.73684 4 2 1 0.302252 0.149437 
3.15789 4 2 1 0.248962 0.144471 
3.57895 4 2 1 0.200942 0.139997 
4 4 2 1 0.157448 0.135945 
-4 3.57895 6 1 78.9718 69.5933 
-4 4 6 1 17.8515 14.9391 
4 -4 6 1 -2.58634 1.78124 
4 -3.57895 6 1 -2.18767 1.62615 
4 -3.15789 6 1 -1.86146 1.49925 
4 -2.73684 6 1 -1.5896 1.39349 
4 -2.31579 6 1 -1.35955 1.304 
4 -1.89474 6 1 -1.16236 1.22729 
4 -1.47368 6 1 -0.991448 1.1608 
4 -1.05263 6 1 -0.841898 1.10262 
4 -0.631579 6 1 -0.709938 1.05129 
4 -0.210526 6 1 -0.592637 1.00566 
4 0.210526 6 1 -0.487681 0.964828 
4 0.631579 6 1 -0.393219 0.928081 
4 1.05263 6 1 -0.307751 0.894832 
4 1.47368 6 1 -0.230052 0.864606 
4 1.89474 6 1 -0.159108 0.837008 
4 2.31579 6 1 -0.0940755 0.811709 
4 2.73684 6 1 -0.0342444 0.788434 
4 3.15789 6 1 0.0209849 0.766949 
4 3.57895 6 1 0.0721238 0.747055 
4 4 6 1 0.11961 0.728582 
1.47368 -4 6 1 -30.6236 27.7589 
1.89474 -4 6 1 -9.24924 7.95467 
2.31579 -4 6 1 -5.69471 4.66126 
2.73684 -4 6 1 -4.23174 3.30576 
3.15789 -4 6 1 -3.43391 2.56654 
3.57895 -4 6 1 -2.93163 2.10116 
4 -4 6 1 -2.58634 1.78124 
-4 4 6 1 17.8515 14.9391 
-3.57895 4 6 1 8.08596 7.11288 
-3.15789 4 6 1 5.05073 4.68042 
-2.73684 4 6 1 3.57125 3.49475 
-2.31579 4 6 1 2.69539 2.79284 
-1.89474 4 6 1 2.11634 2.32878 
-1.47368 4 6 1 1.70508 1.99919 
-1.05263 4 6 1 1.39791 1.75303 
-0.631579 4 6 1 1.15976 1.56216 
-0.210526 4 6 1 0.969703 1.40985 
0.210526 4 6 1 0.814515 1.28548 
0.631579 4 6 1 0.685405 1.18201 
1.05263 4 6 1 0.576309 1.09458 
1.47368 4 6 1 0.482908 1.01973 
1.89474 4 6 1 0.402043 0.954926 
2.31579 4 6 1 0.331347 0.89827 
2.73684 4 6 1 0.269018 0.848318 
3.15789 4 6 1 0.213651 0.803947 
3.57895 4 6 1 0.164143 0.764271 
4 4 6 1 0.11961 0.728582 
