-4 -4 2 1 0.58342 -0.222799 
-4 -3.57895 2 1 0.520887 -0.230194 
-4 -3.15789 2 1 0.456875 -0.237764 
-4 -2.73684 2 1 0.391329 -0.245516 
-4 -2.31579 2 1 0.324195 -0.253455 
-4 -1.89474 2 1 0.255412 -0.26159 
-4 -1.47368 2 1 0.184921 -0.269926 
-4 -1.05263 2 1 0.112657 -0.278472 
-4 -0.631579 2 1 0.0385509 -0.287236 
-4 -0.210526 2 1 -0.0374673 -0.296226 
-4 0.210526 2 1 -0.115473 -0.305452 
-4 0.631579 2 1 -0.195545 -0.314921 
-4 1.05263 2 1 -0.277767 -0.324645 
-4 1.47368 2 1 -0.362226 -0.334633 
-4 1.89474 2 1 -0.449015 -0.344897 
-4 2.31579 2 1 -0.538232 -0.355448 
-4 2.73684 2 1 -0.62998 -0.366299 
-4 3.15789 2 1 -0.724368 -0.377461 
-4 3.57895 2 1 -0.821512 -0.38895 
-4 4 2 1 -0.921534 -0.400779 
-4 -4 2 1 0.58342 -0.222799 
-3.57895 -4 2 1 0.638007 -0.230614 
-3.15789 -4 2 1 0.701239 -0.239667 
-2.73684 -4 2 1 0.775344 -0.250276 
-2.31579 -4 2 1 0.863392 -0.262882 
-1.89474 -4 2 1 0.969727 -0.278106 
-1.47368 -4 2 1 1.1007 -0.296857 
-1.05263 -4 2 1 1.26601 -0.320524 
-0.631579 -4 2 1 1.48119 -0.351331 
-0.210526 -4 2 1 1.7728 -0.393081 
0.210526 -4 2 1 2.19038 -0.452865 
0.631579 -4 2 1 2.83803 -0.545588 
1.05263 -4 2 1 3.97819 -0.708821 
1.47368 -4 2 1 6.51727 -1.07234 
1.89474 -4 2 1 17.1165 -2.58981 
-4 4 2 1 -0.921534 -0.400779 
-3.57895 4 2 1 -0.994585 -0.428091 
-3.15789 4 2 1 -1.08315 -0.461205 
-2.73684 4 2 1 -1.19276 -0.502188 
-2.31579 4 2 1 -1.33193 -0.554222 
-1.89474 4 2 1 -1.51448 -0.622476 
-1.47368 4 2 1 -1.76444 -0.715932 
-1.05263 4 2 1 -2.12759 -0.851711 
-0.631579 4 2 1 -2.70334 -1.06697 
-0.210526 4 2 1 -3.7556 -1.46041 
0.210526 4 2 1 -6.29368 -2.40936 
0.631579 4 2 1 -21.0215 -7.91595 
-4 -4 6 1 0.49361 0.406048 
-4 -3.57895 6 1 0.434075 0.40601 
-4 -3.15789 6 1 0.373221 0.405972 
-4 -2.73684 6 1 0.311004 0.405933 
-4 -2.31579 6 1 0.247379 0.405892 
-4 -1.89474 6 1 0.182296 0.405851 
-4 -1.47368 6 1 0.115704 0.405809 
-4 -1.05263 6 1 0.047552 0.405766 
-4 -0.631579 6 1 -0.0222171 0.405722 
-4 -0.210526 6 1 -0.0936612 0.405677 
-4 0.210526 6 1 -0.166841 0.405631 
-4 0.631579 6 1 -0.241821 0.405584 
-4 1.05263 6 1 -0.318668 0.405535 
-4 1.47368 6 1 -0.397454 0.405485 
-4 1.89474 6 1 -0.478251 0.405434 
-4 2.31579 6 1 -0.561138 0.405382 
-4 2.73684 6 1 -0.646198 0.405328 
-4 3.15789 6 1 -0.733517 0.405273 
-4 3.57895 6 1 -0.823186 0.405217 
-4 4 6 1 -0.915301 0.405159 
-4 -4 6 1 0.49361 0.406048 
-3.57895 -4 6 1 0.53838 0.441791 
-3.15789 -4 6 1 0.589726 0.482786 
-2.73684 -4 6 1 0.649215 0.530282 
-2.31579 -4 6 1 0.718949 0.585957 
-1.89474 -4 6 1 0.801823 0.652123 
-1.47368 -4 6 1 0.90194 0.732056 
-1.05263 -4 6 1 1.0253 0.830549 
-0.631579 -4 6 1 1.18108 0.954916 
-0.210526 -4 6 1 1.38396 1.1169 
0.210526 -4 6 1 1.65913 1.33659 
0.631579 -4 6 1 2.0536 1.65153 
1.05263 -4 6 1 2.66643 2.14081 
1.47368 -4 6 1 3.74829 3.00456 
1.89474 -4 6 1 6.17149 4.93923 
2.31579 -4 6 1 16.4992 13.1848 
-4 4 6 1 -0.915301 0.405159 
-3.57895 4 6 1 -0.981505 0.450901 
-3.15789 4 6 1 -1.06044 0.505439 
-2.73684 4 6 1 -1.15617 0.571583 
-2.31579 4 6 1 -1.2747 0.653476 
-1.89474 4 6 1 -1.42526 0.757504 
-1.47368 4 6 1 -1.62288 0.894042 
-1.05263 4 6 1 -1.89369 1.08116 
-0.631579 4 6 1 -2.28762 1.35333 
-0.210526 4 6 1 -2.9133 1.78563 
0.210526 4 6 1 -4.06049 2.57825 
0.631579 4 6 1 -6.8471 4.50359 
1.05263 4 6 1 -23.5839 16.0675 
