-0.377431 -0.159633 -0.307636 0.405964 20 
-0.325932 -0.165724 -0.257921 0.412413 21 
-0.272013 -0.1721 -0.206024 0.419146 22 
-0.215501 -0.178783 -0.151796 0.426181 23 
-0.156203 -0.185796 -0.0950776 0.433539 24 
-0.0939094 -0.193163 -0.0356929 0.441243 25 
-0.0283857 -0.200912 0.0265504 0.449317 26 
0.0406254 -0.209073 0.0918641 0.457791 27 
0.11341 -0.217681 0.160481 0.466692 28 
0.190286 -0.226773 0.232658 0.476056 29 
0.271609 -0.23639 0.30868 0.485918 30 
0.357775 -0.24658 0.388862 0.49632 31 
0.449232 -0.257396 0.473556 0.507307 32 
0.546481 -0.268897 0.563153 0.51893 33 
0.650091 -0.28115 0.658092 0.531247 34 
0.760707 -0.294232 0.758865 0.54432 35 
0.879065 -0.308229 0.866027 0.558222 36 
1.00601 -0.323241 0.980205 0.573034 37 
1.1425 -0.339383 1.10211 0.588849 38 
1.28967 -0.356787 1.23256 0.605772 39 
-115.128 -2.59989 -9.59271 7.8742 42 
-11.2173 -0.39015 -5.16433 4.31234 43 
-5.72709 -0.273397 -3.46026 2.9417 44 
-3.76578 -0.231689 -2.55791 2.21592 45 
-2.75852 -0.210269 -1.99924 1.76657 46 
-2.14537 -0.19723 -1.61932 1.46099 47 
-1.73287 -0.188458 -1.34419 1.2397 48 
-1.43638 -0.182152 -1.13575 1.07204 49 
-1.21299 -0.177402 -0.972378 0.940634 50 
-1.03864 -0.173694 -0.840877 0.834864 51 
-0.898769 -0.17072 -0.732751 0.747895 52 
-0.784076 -0.168281 -0.642277 0.675125 53 
-0.688323 -0.166245 -0.565459 0.613338 54 
-0.607176 -0.164519 -0.499421 0.560222 55 
-0.537529 -0.163038 -0.442043 0.514071 56 
-0.4771 -0.161753 -0.391727 0.473601 57 
-0.424173 -0.160627 -0.347244 0.437822 58 
-0.377431 -0.159633 -0.307636 0.405964 59 
11.3439 -2.70164 5.17213 4.05101 70 
5.31136 -1.29473 3.5504 2.63277 71 
3.55998 -0.886271 2.74822 1.93124 72 
2.72599 -0.691767 2.26965 1.51273 73 
2.23818 -0.578 1.95173 1.2347 74 
1.91806 -0.503341 1.72521 1.0366 75 
1.69184 -0.450582 1.55562 0.888289 76 
1.52349 -0.411319 1.42389 0.773091 77 
1.39332 -0.380961 1.31862 0.68103 78 
1.28967 -0.356787 1.23256 0.605772 79 
