-2.05034 -0.33412 -1.83005 0.917953 0 
-2.2374 -0.35525 -1.9598 1.04476 1 
-2.48485 -0.383202 -2.12337 1.2046 2 
-2.82756 -0.421913 -2.33595 1.41234 3 
-3.33364 -0.479079 -2.62345 1.69328 4 
-4.15648 -0.572025 -3.03393 2.09442 5 
-5.72895 -0.749648 -3.66779 2.71384 6 
-9.93241 -1.22446 -4.77553 3.79636 7 
-57.1733 -6.5607 -7.20581 6.17131 8 
0.111742 -0.136603 0.0656572 0.373445 20 
0.151172 -0.134405 0.100378 0.398493 21 
0.194605 -0.131985 0.138378 0.425908 22 
0.242685 -0.129305 0.180145 0.45604 23 
0.296197 -0.126323 0.226268 0.489314 24 
0.35612 -0.122984 0.277465 0.526249 25 
0.423677 -0.119219 0.334623 0.567484 26 
0.500426 -0.114942 0.398847 0.613818 27 
0.588381 -0.110041 0.471534 0.666256 28 
0.69019 -0.104367 0.554475 0.726093 29 
0.809406 -0.0977236 0.650004 0.79501 30 
0.950909 -0.0898379 0.761222 0.875246 31 
1.12159 -0.0803261 0.89234 0.969839 32 
1.33153 -0.0686271 1.04922 1.08302 33 
1.596 -0.0538885 1.24029 1.22086 34 
1.93945 -0.034749 1.4781 1.39242 35 
2.40345 -0.00889136 1.78216 1.61178 36 
3.06499 0.0279744 2.18466 1.90216 37 
4.08432 0.0847791 2.74263 2.3047 38 
5.8593 0.183694 3.56772 2.89994 39 
-2.05034 -0.33412 -1.83005 0.917953 40 
-1.7731 -0.308793 -1.60738 0.853997 41 
-1.53684 -0.287209 -1.41324 0.798233 42 
-1.33309 -0.268596 -1.24247 0.749182 43 
-1.15558 -0.252379 -1.09109 0.7057 44 
-0.999546 -0.238125 -0.955974 0.66689 45 
-0.861309 -0.225496 -0.834634 0.632038 46 
-0.737992 -0.21423 -0.725068 0.600567 47 
-0.627301 -0.204118 -0.625639 0.572007 48 
-0.527393 -0.194991 -0.535004 0.545974 49 
-0.436765 -0.186712 -0.452045 0.522146 50 
-0.354181 -0.179167 -0.375827 0.500253 51 
-0.278616 -0.172264 -0.30556 0.48007 52 
-0.209212 -0.165923 -0.240574 0.461404 53 
-0.145244 -0.16008 -0.180294 0.44409 54 
-0.0860982 -0.154676 -0.124227 0.427986 55 
-0.0312489 -0.149666 -0.0719474 0.412969 56 
0.0197556 -0.145006 -0.0230827 0.398934 57 
0.067306 -0.140662 0.0226907 0.385786 58 
0.111742 -0.136603 0.0656572 0.373445 59 
22.5686 0.938723 5.8018 5.93956 76 
10.7975 0.406833 4.67311 4.4039 77 
7.44541 0.255365 4.00713 3.49779 78 
5.8593 0.183694 3.56772 2.89994 79 
