-4 -4 2 1 -1.87148 -0.442293 
-4 -3.57895 2 1 -2.03398 -0.479572 
-4 -3.15789 2 1 -2.24596 -0.528203 
-4 -2.73684 2 1 -2.53408 -0.594301 
-4 -2.31579 2 1 -2.94834 -0.689338 
-4 -1.89474 2 1 -3.5948 -0.837646 
-4 -1.47368 2 1 -4.74472 -1.10145 
-4 -1.05263 2 1 -7.36124 -1.70171 
-4 -0.631579 2 1 -19.1887 -4.41508 
4 -4 2 1 0.148762 -0.165172 
4 -3.57895 2 1 0.188469 -0.165424 
4 -3.15789 2 1 0.232375 -0.165702 
4 -2.73684 2 1 0.281186 -0.166012 
4 -2.31579 2 1 0.33577 -0.166358 
4 -1.89474 2 1 0.397218 -0.166748 
4 -1.47368 2 1 0.466909 -0.16719 
4 -1.05263 2 1 0.546624 -0.167696 
4 -0.631579 2 1 0.63869 -0.168279 
4 -0.210526 2 1 0.746221 -0.168962 
4 0.210526 2 1 0.873471 -0.169769 
4 0.631579 2 1 1.02641 -0.170739 
4 1.05263 2 1 1.21369 -0.171927 
4 1.47368 2 1 1.44834 -0.173415 
4 1.89474 2 1 1.75094 -0.175334 
4 2.31579 2 1 2.156 -0.177903 
4 2.73684 2 1 2.72615 -0.18152 
4 3.15789 2 1 3.58819 -0.186987 
4 3.57895 2 1 5.04333 -0.196217 
4 4 2 1 8.0247 -0.215126 
-4 -4 2 1 -1.87148 -0.442293 
-3.57895 -4 2 1 -1.63031 -0.409211 
-3.15789 -4 2 1 -1.42088 -0.380484 
-2.73684 -4 2 1 -1.23732 -0.355305 
-2.31579 -4 2 1 -1.07512 -0.333054 
-1.89474 -4 2 1 -0.930741 -0.31325 
-1.47368 -4 2 1 -0.801409 -0.295509 
-1.05263 -4 2 1 -0.684886 -0.279525 
-0.631579 -4 2 1 -0.579358 -0.26505 
-0.210526 -4 2 1 -0.483341 -0.251879 
0.210526 -4 2 1 -0.395603 -0.239844 
0.631579 -4 2 1 -0.315117 -0.228803 
1.05263 -4 2 1 -0.241022 -0.21864 
1.47368 -4 2 1 -0.172583 -0.209252 
1.89474 -4 2 1 -0.109178 -0.200554 
2.31579 -4 2 1 -0.0502711 -0.192474 
2.73684 -4 2 1 0.00460044 -0.184947 
3.15789 -4 2 1 0.0558374 -0.177919 
3.57895 -4 2 1 0.103789 -0.171341 
4 -4 2 1 0.148762 -0.165172 
3.15789 4 2 1 21.8519 -0.732899 
3.57895 4 2 1 11.3677 -0.34031 
4 4 2 1 8.0247 -0.215126 
-4 -4 6 1 -1.74231 0.768348 
-4 -3.57895 6 1 -1.868 0.87438 
-4 -3.15789 6 1 -2.02609 1.00775 
-4 -2.73684 6 1 -2.23099 1.1806 
-4 -2.31579 6 1 -2.50706 1.41349 
-4 -1.89474 6 1 -2.8992 1.74431 
-4 -1.47368 6 1 -3.50011 2.25124 
-4 -1.05263 6 1 -4.53695 3.12592 
-4 -0.631579 6 1 -6.7541 4.99631 
-4 -0.210526 6 1 -14.8299 11.8091 
4 -4 6 1 0.0971103 0.354509 
4 -3.57895 6 1 0.132131 0.378906 
4 -3.15789 6 1 0.170636 0.405731 
4 -2.73684 6 1 0.213175 0.435365 
4 -2.31579 6 1 0.260415 0.468275 
4 -1.89474 6 1 0.313182 0.505035 
4 -1.47368 6 1 0.372506 0.546363 
4 -1.05263 6 1 0.439689 0.593166 
4 -0.631579 6 1 0.516405 0.64661 
4 -0.210526 6 1 0.604837 0.708216 
4 0.210526 6 1 0.707891 0.780009 
4 0.631579 6 1 0.829521 0.864743 
4 1.05263 6 1 0.975247 0.966262 
4 1.47368 6 1 1.15302 1.0901 
4 1.89474 6 1 1.3747 1.24454 
4 2.31579 6 1 1.65887 1.44251 
4 2.73684 6 1 2.03628 1.70543 
4 3.15789 6 1 2.56183 2.07155 
4 3.57895 6 1 3.34401 2.61646 
4 4 6 1 4.63154 3.51342 
-4 -4 6 1 -1.74231 0.768348 
-3.57895 -4 6 1 -1.53675 0.722101 
-3.15789 -4 6 1 -1.35534 0.681286 
-2.73684 -4 6 1 -1.19406 0.645001 
-2.31579 -4 6 1 -1.04973 0.61253 
-1.89474 -4 6 1 -0.919823 0.583302 
-1.47368 -4 6 1 -0.80227 0.556855 
-1.05263 -4 6 1 -0.695393 0.532809 
-0.631579 -4 6 1 -0.597799 0.510852 
-0.210526 -4 6 1 -0.50833 0.490723 
0.210526 -4 6 1 -0.426011 0.472203 
0.631579 -4 6 1 -0.350019 0.455106 
1.05263 -4 6 1 -0.27965 0.439274 
1.47368 -4 6 1 -0.214304 0.424572 
1.89474 -4 6 1 -0.15346 0.410883 
2.31579 -4 6 1 -0.0966697 0.398106 
2.73684 -4 6 1 -0.0435402 0.386153 
3.15789 -4 6 1 0.0062713 0.374946 
3.57895 -4 6 1 0.0530661 0.364418 
4 -4 6 1 0.0971103 0.354509 
2.31579 4 6 1 20.6977 21.6988 
2.73684 4 6 1 9.86116 9.43284 
3.15789 4 6 1 6.85787 6.0334 
3.57895 4 6 1 5.44919 4.43891 
4 4 6 1 4.63154 3.51342 
