-1.69782 0.386932 -2.2565 2.12329 20 
-1.48406 0.380054 -1.94601 1.98431 21 
-1.29441 0.373952 -1.67889 1.86474 22 
-1.125 0.368502 -1.44663 1.76078 23 
-0.972764 0.363603 -1.24283 1.66955 24 
-0.835207 0.359178 -1.06257 1.58886 25 
-0.710306 0.355159 -0.901978 1.51698 26 
-0.596393 0.351494 -0.758012 1.45253 27 
-0.492077 0.348137 -0.628215 1.39443 28 
-0.396195 0.345052 -0.510592 1.34178 29 
-0.307765 0.342207 -0.403509 1.29385 30 
-0.225949 0.339575 -0.305608 1.25003 31 
-0.150033 0.337132 -0.215758 1.20981 32 
-0.0794006 0.33486 -0.133005 1.17277 33 
-0.0135186 0.33274 -0.0565393 1.13854 34 
0.0480766 0.330758 0.0143289 1.10682 35 
0.10579 0.328901 0.0801926 1.07733 36 
0.159978 0.327158 0.141564 1.04986 37 
0.210953 0.325518 0.198887 1.0242 38 
0.258993 0.323972 0.25255 1.00018 39 
-4.51686 0.994041 -19.0995 21.7222 53 
-3.36374 0.745706 -7.55867 8.29302 54 
-2.73027 0.60928 -4.87124 5.16586 55 
-2.32977 0.523028 -3.67389 3.7726 56 
-2.05368 0.46357 -2.99632 2.98417 57 
-1.85183 0.420099 -2.56044 2.47697 58 
-1.69782 0.386932 -2.2565 2.12329 59 
5.20165 1.44343 16.4478 18.3047 63 
3.61488 1.08404 6.97766 8.18593 64 
2.7141 0.880028 4.2837 5.30745 65 
2.13353 0.748536 3.00944 3.94591 66 
1.7282 0.656732 2.26666 3.15225 67 
1.42917 0.589004 1.78023 2.6325 68 
1.19947 0.536979 1.43697 2.26573 69 
1.01749 0.495763 1.18178 1.99306 70 
0.869763 0.462305 0.984616 1.78239 71 
0.74745 0.434602 0.827712 1.61474 72 
0.644511 0.411288 0.699878 1.47815 73 
0.556681 0.391395 0.593719 1.36472 74 
0.480861 0.374223 0.504154 1.26902 75 
0.414745 0.359248 0.427574 1.18719 76 
0.356582 0.346075 0.361346 1.11643 77 
0.305019 0.334396 0.303504 1.05463 78 
0.258993 0.323972 0.25255 1.00018 79 
