2429.01 301.111 28.8213 27.1181 3 
10.4278 1.28714 8.14283 7.75198 4 
5.14453 0.6322 4.68487 4.51349 5 
3.37832 0.413249 3.26005 3.17909 6 
2.49425 0.303654 2.48263 2.45101 7 
1.9635 0.237858 1.99306 1.99252 8 
1.60954 0.193978 1.65645 1.67726 9 
1.35665 0.162628 1.41079 1.44719 10 
1.16694 0.139111 1.22361 1.27189 11 
1.01937 0.120817 1.07625 1.13388 12 
0.901303 0.106181 0.957219 1.02241 13 
0.804694 0.0942042 0.859071 0.930493 14 
0.72418 0.0842231 0.776751 0.853398 15 
0.656048 0.0757771 0.706717 0.787808 16 
0.597647 0.0685372 0.646408 0.731327 17 
0.54703 0.0622625 0.593931 0.68218 18 
0.502739 0.0567718 0.547853 0.639026 19 
-8.97452 3.21505 -5.73784 9.17551 27 
-4.55602 1.59025 -3.40647 5.32845 28 
-3.0886 1.05064 -2.44983 3.74989 29 
-2.3559 0.781207 -1.92885 2.8902 30 
-1.9166 0.619666 -1.60112 2.34941 31 
-1.62387 0.512021 -1.37594 1.97783 32 
-1.41484 0.435156 -1.21169 1.70679 33 
-1.25811 0.37752 -1.08658 1.50035 34 
-1.13622 0.3327 -0.988117 1.33787 35 
-1.03873 0.296849 -0.908603 1.20666 36 
-0.958972 0.26752 -0.843048 1.09849 37 
-0.892513 0.243081 -0.788074 1.00778 38 
-0.836282 0.222403 -0.741311 0.93061 39 
0.502739 0.0567718 0.547853 0.639026 60 
0.444946 0.0639205 0.491913 0.651678 61 
0.385986 0.0712137 0.434871 0.66458 62 
0.325823 0.0786556 0.376695 0.677738 63 
0.26442 0.086251 0.31735 0.691161 64 
0.201738 0.0940045 0.2568 0.704856 65 
0.137736 0.101921 0.195009 0.718832 66 
0.0723738 0.110006 0.131938 0.733098 67 
0.00560602 0.118265 0.0675457 0.747662 68 
-0.0626128 0.126704 0.00179153 0.762535 69 
-0.13233 0.135327 -0.0653686 0.777725 70 
-0.203597 0.144143 -0.13398 0.793244 71 
-0.276464 0.153156 -0.204091 0.809101 72 
-0.350987 0.162374 -0.275751 0.825309 73 
-0.427223 0.171804 -0.349011 0.841879 74 
-0.505231 0.181454 -0.423926 0.858824 75 
-0.585074 0.19133 -0.500553 0.876155 76 
-0.666817 0.201441 -0.578951 0.893887 77 
-0.750529 0.211796 -0.659182 0.912034 78 
-0.836282 0.222403 -0.741311 0.93061 79 
