-4 -4 2 1 -3.10862 0.233606 
-4 -3.57895 2 1 -3.48303 0.316306 
-4 -3.15789 2 1 -4.02228 0.435414 
-4 -2.73684 2 1 -4.86594 0.621758 
-4 -2.31579 2 1 -6.37313 0.954662 
-4 -1.89474 2 1 -9.83398 1.71909 
-4 -1.47368 2 1 -26.0436 5.29943 
4 -4 2 1 -0.0340782 -0.0611861 
4 -3.57895 2 1 0.00597739 -0.0546274 
4 -3.15789 2 1 0.0493786 -0.0475209 
4 -2.73684 2 1 0.096563 -0.039795 
4 -2.31579 2 1 0.148047 -0.031365 
4 -1.89474 2 1 0.204448 -0.02213 
4 -1.47368 2 1 0.266505 -0.011969 
4 -1.05263 2 1 0.335112 -0.000735252 
4 -0.631579 2 1 0.411366 0.0117505 
4 -0.210526 2 1 0.49662 0.0257099 
4 0.210526 2 1 0.592568 0.0414202 
4 0.631579 2 1 0.701355 0.059233 
4 1.05263 2 1 0.825745 0.0796005 
4 1.47368 2 1 0.969354 0.103115 
4 1.89474 2 1 1.13701 0.130566 
4 2.31579 2 1 1.3353 0.163034 
4 2.73684 2 1 1.57346 0.202031 
4 3.15789 2 1 1.86488 0.249747 
4 3.57895 2 1 2.22965 0.309475 
4 4 2 1 2.69947 0.386403 
-4 -4 2 1 -3.10862 0.233606 
-3.57895 -4 2 1 -2.55358 0.180388 
-3.15789 -4 2 1 -2.13058 0.13983 
-2.73684 -4 2 1 -1.79751 0.107894 
-2.31579 -4 2 1 -1.52844 0.082096 
-1.89474 -4 2 1 -1.30655 0.0608207 
-1.47368 -4 2 1 -1.12043 0.0429749 
-1.05263 -4 2 1 -0.962067 0.0277912 
-0.631579 -4 2 1 -0.825692 0.0147152 
-0.210526 -4 2 1 -0.707019 0.00333665 
0.210526 -4 2 1 -0.602811 -0.00665492 
0.631579 -4 2 1 -0.510577 -0.0154985 
1.05263 -4 2 1 -0.428364 -0.0233812 
1.47368 -4 2 1 -0.354624 -0.0304516 
1.89474 -4 2 1 -0.28811 -0.0368291 
2.31579 -4 2 1 -0.22781 -0.0426107 
2.73684 -4 2 1 -0.172893 -0.0478763 
3.15789 -4 2 1 -0.122668 -0.0526919 
3.57895 -4 2 1 -0.0765582 -0.057113 
4 -4 2 1 -0.0340782 -0.0611861 
1.47368 4 2 1 15.4076 4.48331 
1.89474 4 2 1 7.40975 1.90493 
2.31579 4 2 1 5.12243 1.16753 
2.73684 4 2 1 4.03861 0.818121 
3.15789 4 2 1 3.40628 0.614268 
3.57895 4 2 1 2.99196 0.480695 
4 4 2 1 2.69947 0.386403 
-4 -4 6 1 -2.26928 1.64997 
-4 -3.57895 6 1 -2.42092 1.87995 
-4 -3.15789 6 1 -2.61495 2.17426 
-4 -2.73684 6 1 -2.87207 2.56426 
-4 -2.31579 6 1 -3.22902 3.10566 
-4 -1.89474 6 1 -3.75792 3.90789 
-4 -1.47368 6 1 -4.62248 5.21923 
-4 -1.05263 6 1 -6.29072 7.74956 
-4 -0.631579 6 1 -10.8564 14.6747 
-4 -0.210526 6 1 -75.6944 113.019 
4 -4 6 1 -0.0459504 0.419692 
4 -3.57895 6 1 -0.0101178 0.443082 
4 -3.15789 6 1 0.0284136 0.468234 
4 -2.73684 6 1 0.0699608 0.495355 
4 -2.31579 6 1 0.114892 0.524684 
4 -1.89474 6 1 0.163639 0.556504 
4 -1.47368 6 1 0.216708 0.591146 
4 -1.05263 6 1 0.274702 0.629002 
4 -0.631579 6 1 0.338339 0.670542 
4 -0.210526 6 1 0.408485 0.716331 
4 0.210526 6 1 0.486192 0.767055 
4 0.631579 6 1 0.572753 0.823559 
4 1.05263 6 1 0.669773 0.88689 
4 1.47368 6 1 0.779268 0.958364 
4 1.89474 6 1 0.90381 1.03966 
4 2.31579 6 1 1.04673 1.13295 
4 2.73684 6 1 1.21242 1.24111 
4 3.15789 6 1 1.40679 1.36799 
4 3.57895 6 1 1.638 1.51891 
4 4 6 1 1.9176 1.70143 
-4 -4 6 1 -2.26928 1.64997 
-3.57895 -4 6 1 -1.94083 1.46822 
-3.15789 -4 6 1 -1.6723 1.31963 
-2.73684 -4 6 1 -1.44867 1.19588 
-2.31579 -4 6 1 -1.25954 1.09123 
-1.89474 -4 6 1 -1.09751 1.00157 
-1.47368 -4 6 1 -0.957136 0.923893 
-1.05263 -4 6 1 -0.834351 0.85595 
-0.631579 -4 6 1 -0.726043 0.796019 
-0.210526 -4 6 1 -0.629796 0.74276 
0.210526 -4 6 1 -0.5437 0.69512 
0.631579 -4 6 1 -0.46623 0.652252 
1.05263 -4 6 1 -0.396151 0.613474 
1.47368 -4 6 1 -0.332455 0.578228 
1.89474 -4 6 1 -0.274306 0.546052 
2.31579 -4 6 1 -0.221011 0.516561 
2.73684 -4 6 1 -0.171986 0.489433 
3.15789 -4 6 1 -0.126738 0.464395 
3.57895 -4 6 1 -0.0848459 0.441215 
4 -4 6 1 -0.0459504 0.419692 
0.210526 4 6 1 25.0717 48.8273 
0.631579 4 6 1 7.31658 12.69 
1.05263 4 6 1 4.63624 7.23469 
1.47368 4 6 1 3.55342 5.03083 
1.89474 4 6 1 2.96781 3.83894 
2.31579 4 6 1 2.6009 3.09214 
2.73684 4 6 1 2.34944 2.58035 
3.15789 4 6 1 2.16636 2.20772 
3.57895 4 6 1 2.02709 1.92428 
4 4 6 1 1.9176 1.70143 
