-4 -4 2 1 -0.281496 0.217531 
-4 -3.57895 2 1 -0.321248 0.224541 
-4 -3.15789 2 1 -0.365958 0.232424 
-4 -2.73684 2 1 -0.416614 0.241356 
-4 -2.31579 2 1 -0.474488 0.251561 
-4 -1.89474 2 1 -0.541242 0.263332 
-4 -1.47368 2 1 -0.619087 0.277058 
-4 -1.05263 2 1 -0.711039 0.293272 
-4 -0.631579 2 1 -0.821315 0.312717 
-4 -0.210526 2 1 -0.955998 0.336466 
-4 0.210526 2 1 -1.1242 0.366124 
-4 0.631579 2 1 -1.34021 0.404213 
-4 1.05263 2 1 -1.62779 0.454922 
-4 1.47368 2 1 -2.02957 0.525768 
-4 1.89474 2 1 -2.63043 0.631717 
-4 2.31579 2 1 -3.62707 0.807453 
-4 2.73684 2 1 -5.60254 1.15579 
-4 3.15789 2 1 -11.3903 2.17633 
-4 3.57895 2 1 -335.398 59.3083 
4 -4 2 1 1.2985 0.141201 
4 -3.57895 2 1 1.39116 0.145623 
4 -3.15789 2 1 1.50502 0.151056 
4 -2.73684 2 1 1.64828 0.157894 
4 -2.31579 2 1 1.83404 0.166759 
4 -1.89474 2 1 2.08449 0.178711 
4 -1.47368 2 1 2.44054 0.195704 
4 -1.05263 2 1 2.98685 0.221776 
4 -0.631579 2 1 3.9315 0.26686 
4 -0.210526 2 1 5.96012 0.363675 
4 0.210526 2 1 13.4498 0.721115 
-4 -4 2 1 -0.281496 0.217531 
-3.57895 -4 2 1 -0.230888 0.215086 
-3.15789 -4 2 1 -0.17803 0.212533 
-2.73684 -4 2 1 -0.122769 0.209863 
-2.31579 -4 2 1 -0.064936 0.207069 
-1.89474 -4 2 1 -0.00434866 0.204142 
-1.47368 -4 2 1 0.0591952 0.201072 
-1.05263 -4 2 1 0.125917 0.197849 
-0.631579 -4 2 1 0.196062 0.19446 
-0.210526 -4 2 1 0.2699 0.190893 
0.210526 -4 2 1 0.347731 0.187133 
0.631579 -4 2 1 0.429888 0.183164 
1.05263 -4 2 1 0.516741 0.178968 
1.47368 -4 2 1 0.608705 0.174525 
1.89474 -4 2 1 0.706245 0.169813 
2.31579 -4 2 1 0.809884 0.164806 
2.73684 -4 2 1 0.920212 0.159476 
3.15789 -4 2 1 1.0379 0.153791 
3.57895 -4 2 1 1.16371 0.147713 
4 -4 2 1 1.2985 0.141201 
-4 -4 6 1 -0.256664 0.840901 
-4 -3.57895 6 1 -0.298135 0.888118 
-4 -3.15789 6 1 -0.345237 0.941747 
-4 -2.73684 6 1 -0.3992 1.00319 
-4 -2.31579 6 1 -0.46164 1.07428 
-4 -1.89474 6 1 -0.534726 1.15749 
-4 -1.47368 6 1 -0.621433 1.25621 
-4 -1.05263 6 1 -0.72596 1.37522 
-4 -0.631579 6 1 -0.854431 1.52149 
-4 -0.210526 6 1 -1.01614 1.7056 
-4 0.210526 6 1 -1.22589 1.94441 
-4 0.631579 6 1 -1.50884 2.26657 
-4 1.05263 6 1 -1.91141 2.72491 
-4 1.47368 6 1 -2.52976 3.42894 
-4 1.89474 6 1 -3.60094 4.64853 
-4 2.31579 6 1 -5.90969 7.27716 
-4 2.73684 6 1 -14.5343 17.0967 
4 -4 6 1 1.56105 1.23575 
4 -3.57895 6 1 1.69916 1.37058 
4 -3.15789 6 1 1.8744 1.54167 
4 -2.73684 6 1 2.1041 1.7659 
4 -2.31579 6 1 2.41827 2.07261 
4 -1.89474 6 1 2.87403 2.51755 
4 -1.47368 6 1 3.59496 3.22135 
4 -1.05263 6 1 4.90738 4.5026 
4 -0.631579 6 1 8.04555 7.56623 
4 -0.210526 6 1 25.5243 24.6298 
-4 -4 6 1 -0.256664 0.840901 
-3.57895 -4 6 1 -0.201431 0.852899 
-3.15789 -4 6 1 -0.143543 0.865474 
-2.73684 -4 6 1 -0.0828019 0.878668 
-2.31579 -4 6 1 -0.018992 0.892529 
-1.89474 -4 6 1 0.0481253 0.907109 
-1.47368 -4 6 1 0.118814 0.922464 
-1.05263 -4 6 1 0.193367 0.938659 
-0.631579 -4 6 1 0.27211 0.955764 
-0.210526 -4 6 1 0.355407 0.973858 
0.210526 -4 6 1 0.443663 0.993029 
0.631579 -4 6 1 0.537337 1.01338 
1.05263 -4 6 1 0.636942 1.03501 
1.47368 -4 6 1 0.74306 1.05807 
1.89474 -4 6 1 0.856351 1.08268 
2.31579 -4 6 1 0.977569 1.10901 
2.73684 -4 6 1 1.10758 1.13725 
3.15789 -4 6 1 1.24736 1.16761 
3.57895 -4 6 1 1.39808 1.20035 
4 -4 6 1 1.56105 1.23575 
