-1.21686 -0.223031 -1.33809 0.718537 0 
-1.30065 -0.243978 -1.43643 0.794167 1 
-1.4032 -0.269613 -1.55739 0.887188 2 
-1.5316 -0.301711 -1.70976 1.00438 3 
-1.69704 -0.343065 -1.90764 1.15656 4 
-1.91822 -0.398355 -2.17497 1.36215 5 
-2.22905 -0.476055 -2.55611 1.65527 6 
-2.69787 -0.593249 -3.14337 2.10691 7 
-3.48619 -0.79031 -4.16595 2.89335 8 
-5.08944 -1.19108 -6.39297 4.60607 9 
-10.1232 -2.44941 -15.0007 11.226 10 
0.306598 -0.0211473 0.254547 0.541382 20 
0.346706 -0.0215081 0.29215 0.574123 21 
0.391756 -0.0219133 0.334456 0.610959 22 
0.442724 -0.0223718 0.382406 0.652709 23 
0.500855 -0.0228947 0.43721 0.700427 24 
0.567776 -0.0234966 0.50045 0.755491 25 
0.645643 -0.024197 0.574239 0.819738 26 
0.737379 -0.0250222 0.661454 0.895677 27 
0.847053 -0.0260087 0.766127 0.986815 28 
0.980497 -0.027209 0.894083 1.09823 29 
1.14638 -0.028701 1.05406 1.23752 30 
1.35816 -0.030606 1.25981 1.41666 31 
1.63794 -0.0331226 1.53423 1.6556 32 
2.02476 -0.036602 1.91861 1.99028 33 
2.59456 -0.0417272 2.49559 2.49266 34 
3.51738 -0.0500278 3.45833 3.33092 35 
5.26855 -0.0657794 5.38795 5.01104 36 
9.87158 -0.107183 11.2101 10.0804 37 
-1.21686 -0.223031 -1.33809 0.718537 40 
-1.08773 -0.205919 -1.20201 0.7034 41 
-0.967069 -0.18993 -1.07503 0.689276 42 
-0.854075 -0.174956 -0.956284 0.676067 43 
-0.748037 -0.160905 -0.844988 0.663687 44 
-0.648333 -0.147692 -0.740465 0.652061 45 
-0.554411 -0.135246 -0.642113 0.641121 46 
-0.465783 -0.123501 -0.549402 0.630808 47 
-0.382013 -0.1124 -0.461861 0.621071 48 
-0.302712 -0.101891 -0.379069 0.611862 49 
-0.227532 -0.0919288 -0.300649 0.603139 50 
-0.15616 -0.0824708 -0.226264 0.594865 51 
-0.0883141 -0.07348 -0.15561 0.587005 52 
-0.0237388 -0.0649226 -0.0884141 0.579531 53 
0.0377967 -0.0567681 -0.0244279 0.572414 54 
0.096502 -0.0489887 0.0365731 0.565628 55 
0.152568 -0.041559 0.0947932 0.559152 56 
0.206169 -0.0344559 0.150418 0.552965 57 
0.257464 -0.0276585 0.203618 0.547047 58 
0.306598 -0.0211473 0.254547 0.541382 59 
