-4 -4 2 1 0.452161 -0.171885 
-4 -3.57895 2 1 0.397077 -0.175857 
-4 -3.15789 2 1 0.339866 -0.179983 
-4 -2.73684 2 1 0.280401 -0.184271 
-4 -2.31579 2 1 0.218547 -0.188731 
-4 -1.89474 2 1 0.154157 -0.193375 
-4 -1.47368 2 1 0.0870705 -0.198213 
-4 -1.05263 2 1 0.0171158 -0.203258 
-4 -0.631579 2 1 -0.0558954 -0.208523 
-4 -0.210526 2 1 -0.132168 -0.214023 
-4 0.210526 2 1 -0.211926 -0.219775 
-4 0.631579 2 1 -0.295412 -0.225795 
-4 1.05263 2 1 -0.382896 -0.232104 
-4 1.47368 2 1 -0.474671 -0.238723 
-4 1.89474 2 1 -0.571061 -0.245674 
-4 2.31579 2 1 -0.672423 -0.252983 
-4 2.73684 2 1 -0.779152 -0.26068 
-4 3.15789 2 1 -0.891685 -0.268795 
-4 3.57895 2 1 -1.01051 -0.277364 
-4 4 2 1 -1.13617 -0.286426 
-4 -4 2 1 0.452161 -0.171885 
-3.57895 -4 2 1 0.501247 -0.17135 
-3.15789 -4 2 1 0.557229 -0.170741 
-2.73684 -4 2 1 0.621671 -0.170039 
-2.31579 -4 2 1 0.696647 -0.169223 
-1.89474 -4 2 1 0.784969 -0.168261 
-1.47368 -4 2 1 0.89055 -0.167112 
-1.05263 -4 2 1 1.019 -0.165714 
-0.631579 -4 2 1 1.17864 -0.163976 
-0.210526 -4 2 1 1.38241 -0.161757 
0.210526 -4 2 1 1.65153 -0.158828 
0.631579 -4 2 1 2.02348 -0.154778 
1.05263 -4 2 1 2.57107 -0.148817 
1.47368 -4 2 1 3.45717 -0.139171 
1.89474 -4 2 1 5.13614 -0.120893 
2.31579 -4 2 1 9.53359 -0.0730203 
2.73684 -4 2 1 51.3218 0.381903 
-4 4 2 1 -1.13617 -0.286426 
-3.57895 4 2 1 -1.22465 -0.297628 
-3.15789 4 2 1 -1.33396 -0.311465 
-2.73684 4 2 1 -1.47242 -0.328993 
-2.31579 4 2 1 -1.65349 -0.351916 
-1.89474 4 2 1 -1.90042 -0.383176 
-1.47368 4 2 1 -2.25713 -0.428332 
-1.05263 4 2 1 -2.81774 -0.499302 
-0.631579 4 2 1 -3.82707 -0.627075 
-0.210526 4 2 1 -6.18325 -0.925351 
0.210526 4 2 1 -17.9873 -2.41966 
-4 -4 6 1 0.378315 0.398755 
-4 -3.57895 6 1 0.327013 0.404968 
-4 -3.15789 6 1 0.273913 0.411399 
-4 -2.73684 6 1 0.218921 0.418059 
-4 -2.31579 6 1 0.161933 0.424961 
-4 -1.89474 6 1 0.102838 0.432118 
-4 -1.47368 6 1 0.0415169 0.439545 
-4 -1.05263 6 1 -0.0221577 0.447256 
-4 -0.631579 6 1 -0.0883243 0.45527 
-4 -0.210526 6 1 -0.157132 0.463603 
-4 0.210526 6 1 -0.228743 0.472276 
-4 0.631579 6 1 -0.303331 0.48131 
-4 1.05263 6 1 -0.381086 0.490727 
-4 1.47368 6 1 -0.462214 0.500552 
-4 1.89474 6 1 -0.54694 0.510813 
-4 2.31579 6 1 -0.635508 0.52154 
-4 2.73684 6 1 -0.728185 0.532764 
-4 3.15789 6 1 -0.825265 0.544522 
-4 3.57895 6 1 -0.927069 0.556851 
-4 4 6 1 -1.03395 0.569796 
-4 -4 6 1 0.378315 0.398755 
-3.57895 -4 6 1 0.418329 0.433116 
-3.15789 -4 6 1 0.463393 0.471815 
-2.73684 -4 6 1 0.51453 0.515727 
-2.31579 -4 6 1 0.573054 0.565984 
-1.89474 -4 6 1 0.64069 0.624066 
-1.47368 -4 6 1 0.719748 0.691956 
-1.05263 -4 6 1 0.813387 0.772368 
-0.631579 -4 6 1 0.926051 0.869116 
-0.210526 -4 6 1 1.06419 0.987743 
0.210526 -4 6 1 1.23756 1.13662 
0.631579 -4 6 1 1.46158 1.329 
1.05263 -4 6 1 1.76227 1.58721 
1.47368 -4 6 1 2.18712 1.95204 
1.89474 -4 6 1 2.833 2.50668 
2.31579 -4 6 1 3.93309 3.45137 
2.73684 -4 6 1 6.22632 5.42065 
3.15789 -4 6 1 13.9536 12.0564 
-4 4 6 1 -1.03395 0.569796 
-3.57895 4 6 1 -1.10042 0.637301 
-3.15789 4 6 1 -1.18003 0.718164 
-2.73684 4 6 1 -1.27714 0.816784 
-2.31579 4 6 1 -1.39819 0.939732 
-1.89474 4 6 1 -1.55331 1.09728 
-1.47368 4 6 1 -1.75922 1.30641 
-1.05263 4 6 1 -2.04577 1.59743 
-0.631579 4 6 1 -2.47183 2.03016 
-0.210526 4 6 1 -3.1721 2.74139 
0.210526 4 6 1 -4.5369 4.12753 
0.631579 4 6 1 -8.36617 8.01669 
1.05263 4 6 1 -83.3842 84.2079 
