-4 -4 2 1 -3.79164 0.262069 
-4 -3.57895 2 1 -4.35755 0.365044 
-4 -3.15789 2 1 -5.23255 0.524264 
-4 -2.73684 2 1 -6.76503 0.803122 
-4 -2.31579 2 1 -10.142 1.41762 
-4 -1.89474 2 1 -23.7265 3.88951 
4 -4 2 1 -0.0744474 -0.0931221 
4 -3.57895 2 1 -0.0332792 -0.0883594 
4 -3.15789 2 1 0.0111546 -0.0832189 
4 -2.73684 2 1 0.0592588 -0.0776538 
4 -2.31579 2 1 0.111508 -0.0716092 
4 -1.89474 2 1 0.168461 -0.0650204 
4 -1.47368 2 1 0.230783 -0.0578103 
4 -1.05263 2 1 0.299273 -0.0498869 
4 -0.631579 2 1 0.374892 -0.0411386 
4 -0.210526 2 1 0.458815 -0.0314297 
4 0.210526 2 1 0.552489 -0.0205926 
4 0.631579 2 1 0.657718 -0.00841876 
4 1.05263 2 1 0.776782 0.00535559 
4 1.47368 2 1 0.9126 0.0210682 
4 1.89474 2 1 1.06898 0.0391593 
4 2.31579 2 1 1.25096 0.0602129 
4 2.73684 2 1 1.46541 0.0850218 
4 3.15789 2 1 1.72185 0.114689 
4 3.57895 2 1 2.03396 0.150797 
4 4 2 1 2.42207 0.195697 
-4 -4 2 1 -3.79164 0.262069 
-3.57895 -4 2 1 -3.00824 0.187212 
-3.15789 -4 2 1 -2.44894 0.133769 
-2.73684 -4 2 1 -2.02961 0.0937007 
-2.31579 -4 2 1 -1.70356 0.0625451 
-1.89474 -4 2 1 -1.44277 0.0376259 
-1.47368 -4 2 1 -1.22943 0.017241 
-1.05263 -4 2 1 -1.05168 0.000256035 
-0.631579 -4 2 1 -0.901292 -0.0141142 
-0.210526 -4 2 1 -0.7724 -0.0264302 
0.210526 -4 2 1 -0.660704 -0.0371032 
0.631579 -4 2 1 -0.562977 -0.0464413 
1.05263 -4 2 1 -0.476753 -0.0546803 
1.47368 -4 2 1 -0.400114 -0.0620034 
1.89474 -4 2 1 -0.331547 -0.0685553 
2.31579 -4 2 1 -0.269838 -0.0744518 
2.73684 -4 2 1 -0.21401 -0.0797864 
3.15789 -4 2 1 -0.163258 -0.0846359 
3.57895 -4 2 1 -0.116921 -0.0890635 
4 -4 2 1 -0.0744474 -0.0931221 
1.05263 4 2 1 46.6372 11.3116 
1.47368 4 2 1 9.77305 2.04377 
1.89474 4 2 1 5.81393 1.04843 
2.31579 4 2 1 4.29823 0.667371 
2.73684 4 2 1 3.49737 0.466032 
3.15789 4 2 1 3.00215 0.341531 
3.57895 4 2 1 2.66564 0.25693 
4 4 2 1 2.42207 0.195697 
-4 -4 6 1 -2.54001 1.85604 
-4 -3.57895 6 1 -2.72393 2.13117 
-4 -3.15789 6 1 -2.9641 2.49046 
-4 -2.73684 6 1 -3.29101 2.97949 
-4 -2.31579 6 1 -3.76199 3.68404 
-4 -1.89474 6 1 -4.49918 4.78684 
-4 -1.47368 6 1 -5.81723 6.75855 
-4 -1.05263 6 1 -8.84892 11.2938 
-4 -0.631579 6 1 -23.1446 32.6792 
4 -4 6 1 -0.0746525 0.393146 
4 -3.57895 6 1 -0.0375624 0.414154 
4 -3.15789 6 1 0.00216856 0.436657 
4 -2.73684 6 1 0.0448328 0.460823 
4 -2.31579 6 1 0.0907677 0.48684 
4 -1.89474 6 1 0.140364 0.514932 
4 -1.47368 6 1 0.194078 0.545356 
4 -1.05263 6 1 0.252445 0.578415 
4 -0.631579 6 1 0.316097 0.614468 
4 -0.210526 6 1 0.385785 0.653939 
4 0.210526 6 1 0.46241 0.69734 
4 0.631579 6 1 0.547064 0.745288 
4 1.05263 6 1 0.641077 0.798538 
4 1.47368 6 1 0.746092 0.858019 
4 1.89474 6 1 0.864162 0.924894 
4 2.31579 6 1 0.99788 1.00063 
4 2.73684 6 1 1.15058 1.08712 
4 3.15789 6 1 1.32661 1.18683 
4 3.57895 6 1 1.53177 1.30303 
4 4 6 1 1.77392 1.44018 
-4 -4 6 1 -2.54001 1.85604 
-3.57895 -4 6 1 -2.13637 1.61652 
-3.15789 -4 6 1 -1.81745 1.42729 
-2.73684 -4 6 1 -1.55913 1.274 
-2.31579 -4 6 1 -1.34562 1.14731 
-1.89474 -4 6 1 -1.1662 1.04085 
-1.47368 -4 6 1 -1.0133 0.950122 
-1.05263 -4 6 1 -0.881458 0.871888 
-0.631579 -4 6 1 -0.766594 0.80373 
-0.210526 -4 6 1 -0.665631 0.74382 
0.210526 -4 6 1 -0.576187 0.690746 
0.631579 -4 6 1 -0.496399 0.643402 
1.05263 -4 6 1 -0.424783 0.600906 
1.47368 -4 6 1 -0.360145 0.562551 
1.89474 -4 6 1 -0.301511 0.527759 
2.31579 -4 6 1 -0.248083 0.496056 
2.73684 -4 6 1 -0.199197 0.467048 
3.15789 -4 6 1 -0.154297 0.440405 
3.57895 -4 6 1 -0.112915 0.41585 
4 -4 6 1 -0.0746525 0.393146 
0.210526 4 6 1 11.8758 20.2877 
0.631579 4 6 1 5.69945 8.76426 
1.05263 4 6 1 3.97175 5.5408 
1.47368 4 6 1 3.15897 4.02435 
1.89474 4 6 1 2.6865 3.14283 
2.31579 4 6 1 2.3776 2.56651 
2.73684 4 6 1 2.15987 2.16027 
3.15789 4 6 1 1.99813 1.85851 
3.57895 4 6 1 1.87325 1.62552 
4 4 6 1 1.77392 1.44018 
