4 -4 2 1 -1.33102 0.302456 
4 -3.57895 2 1 -1.17949 0.300266 
4 -3.15789 2 1 -1.03907 0.298237 
4 -2.73684 2 1 -0.908574 0.29635 
4 -2.31579 2 1 -0.786989 0.294593 
4 -1.89474 2 1 -0.673432 0.292952 
4 -1.47368 2 1 -0.567133 0.291415 
4 -1.05263 2 1 -0.467419 0.289974 
4 -0.631579 2 1 -0.373695 0.288619 
4 -0.210526 2 1 -0.285437 0.287344 
4 0.210526 2 1 -0.202182 0.28614 
4 0.631579 2 1 -0.123515 0.285003 
4 1.05263 2 1 -0.0490669 0.283927 
4 1.47368 2 1 0.0214924 0.282907 
4 1.89474 2 1 0.08846 0.281939 
4 2.31579 2 1 0.152103 0.281019 
4 2.73684 2 1 0.212664 0.280144 
4 3.15789 2 1 0.27036 0.27931 
4 3.57895 2 1 0.325391 0.278515 
4 4 2 1 0.377937 0.277755 
0.210526 -4 2 1 -13.229 1.69379 
0.631579 -4 2 1 -5.71566 0.815191 
1.05263 -4 2 1 -3.75093 0.585437 
1.47368 -4 2 1 -2.84587 0.479601 
1.89474 -4 2 1 -2.32527 0.418723 
2.31579 -4 2 1 -1.98708 0.379175 
2.73684 -4 2 1 -1.74972 0.351418 
3.15789 -4 2 1 -1.57394 0.330863 
3.57895 -4 2 1 -1.43853 0.315029 
4 -4 2 1 -1.33102 0.302456 
-3.15789 4 2 1 7095.52 778.711 
-2.73684 4 2 1 12.7188 1.63172 
-2.31579 4 2 1 6.16809 0.913013 
-1.89474 4 2 1 3.98181 0.673149 
-1.47368 4 2 1 2.88816 0.553161 
-1.05263 4 2 1 2.23181 0.481151 
-0.631579 4 2 1 1.79418 0.433136 
-0.210526 4 2 1 1.48155 0.398837 
0.210526 4 2 1 1.24706 0.37311 
0.631579 4 2 1 1.06467 0.353099 
1.05263 4 2 1 0.918751 0.33709 
1.47368 4 2 1 0.799357 0.323991 
1.89474 4 2 1 0.69986 0.313074 
2.31579 4 2 1 0.615667 0.303837 
2.73684 4 2 1 0.543501 0.29592 
3.15789 4 2 1 0.480955 0.289058 
3.57895 4 2 1 0.426227 0.283053 
4 4 2 1 0.377937 0.277755 
4 -4 6 1 -1.7059 1.70794 
4 -3.57895 6 1 -1.49832 1.63826 
4 -3.15789 6 1 -1.30961 1.57491 
4 -2.73684 6 1 -1.13732 1.51708 
4 -2.31579 6 1 -0.979383 1.46406 
4 -1.89474 6 1 -0.834085 1.41529 
4 -1.47368 6 1 -0.699964 1.37027 
4 -1.05263 6 1 -0.57578 1.32858 
4 -0.631579 6 1 -0.460466 1.28988 
4 -0.210526 6 1 -0.353107 1.25384 
4 0.210526 6 1 -0.252905 1.2202 
4 0.631579 6 1 -0.159168 1.18874 
4 1.05263 6 1 -0.071291 1.15924 
4 1.47368 6 1 0.0112599 1.13153 
4 1.89474 6 1 0.0889545 1.10545 
4 2.31579 6 1 0.162209 1.08086 
4 2.73684 6 1 0.231393 1.05763 
4 3.15789 6 1 0.296838 1.03567 
4 3.57895 6 1 0.358838 1.01485 
4 4 6 1 0.417658 0.995109 
1.05263 -4 6 1 -15.2752 17.3871 
1.47368 -4 6 1 -6.39858 7.13028 
1.89474 -4 6 1 -4.15531 4.53821 
2.31579 -4 6 1 -3.13242 3.35627 
2.73684 -4 6 1 -2.547 2.67983 
3.15789 -4 6 1 -2.16785 2.24172 
3.57895 -4 6 1 -1.90228 1.93485 
4 -4 6 1 -1.7059 1.70794 
-1.89474 4 6 1 12.1436 12.572 
-1.47368 4 6 1 5.77898 6.28832 
-1.05263 4 6 1 3.70028 4.23603 
-0.631579 4 6 1 2.66878 3.21763 
-0.210526 4 6 1 2.05237 2.60905 
0.210526 4 6 1 1.64246 2.20435 
0.631579 4 6 1 1.35017 1.91578 
1.05263 4 6 1 1.13123 1.69962 
1.47368 4 6 1 0.961105 1.53165 
1.89474 4 6 1 0.825107 1.39738 
2.31579 4 6 1 0.713903 1.28759 
2.73684 4 6 1 0.62128 1.19614 
3.15789 4 6 1 0.54294 1.1188 
3.57895 4 6 1 0.475815 1.05253 
4 4 6 1 0.417658 0.995109 
