7.52247 -1.99429 48.6416 24.6197 1 
4.61548 -1.20744 10.4786 5.63176 2 
3.25632 -0.83954 5.68346 3.24596 3 
2.46869 -0.626346 3.80561 2.31164 4 
1.95472 -0.487226 2.80374 1.81316 5 
1.5929 -0.389289 2.18083 1.50323 6 
1.32438 -0.316606 1.75607 1.29189 7 
1.11719 -0.260524 1.44788 1.13856 8 
0.95247 -0.215939 1.21407 1.02222 9 
0.818381 -0.179644 1.03061 0.930942 10 
0.707104 -0.149524 0.882812 0.857407 11 
0.613274 -0.124126 0.761205 0.796902 12 
0.533085 -0.102421 0.659391 0.746244 13 
0.463765 -0.0836571 0.572903 0.703212 14 
0.403244 -0.0672753 0.498521 0.666204 15 
0.349946 -0.0528489 0.43387 0.634037 16 
0.302652 -0.0400474 0.377159 0.60582 17 
0.260401 -0.0286109 0.327008 0.580868 18 
0.222427 -0.0183322 0.282342 0.558644 19 
-4.69597 -0.718609 -11.8634 10.4187 31 
-3.43052 -0.449924 -5.73224 4.89631 32 
-2.75041 -0.30552 -3.89604 3.24245 33 
-2.32579 -0.215364 -3.01246 2.44661 34 
-2.03547 -0.153721 -2.49287 1.97861 35 
-1.82442 -0.108911 -2.15076 1.67047 36 
-1.66409 -0.0748682 -1.90847 1.45224 37 
-1.53814 -0.0481276 -1.72786 1.28957 38 
-1.4366 -0.0265673 -1.58805 1.16364 39 
0.222427 -0.0183322 0.282342 0.558644 60 
0.175622 -0.0185646 0.233345 0.574493 61 
0.126341 -0.0188092 0.181535 0.591251 62 
0.0743806 -0.0190671 0.126662 0.609 63 
0.0195173 -0.0193394 0.068448 0.62783 64 
-0.0384994 -0.0196274 0.00657654 0.647843 65 
-0.0999496 -0.0199324 -0.0593077 0.669153 66 
-0.165147 -0.0202561 -0.129608 0.691893 67 
-0.234446 -0.0206001 -0.204784 0.716209 68 
-0.308245 -0.0209664 -0.285362 0.742272 69 
-0.386998 -0.0213573 -0.371944 0.770278 70 
-0.47122 -0.0217754 -0.465229 0.800452 71 
-0.561503 -0.0222235 -0.566025 0.833055 72 
-0.658524 -0.0227051 -0.675278 0.868394 73 
-0.763068 -0.023224 -0.794099 0.906827 74 
-0.876044 -0.0237848 -0.923803 0.948781 75 
-0.998515 -0.0243927 -1.06596 0.994762 76 
-1.13173 -0.025054 -1.22244 1.04538 77 
-1.27717 -0.0257759 -1.39554 1.10137 78 
-1.4366 -0.0265673 -1.58805 1.16364 79 
