0.307274 -0.0591758 0.267864 0.449669 0 
0.259391 -0.0565117 0.223993 0.463795 1 
0.208982 -0.053707 0.17805 0.478587 2 
0.155841 -0.0507504 0.129886 0.494095 3 
0.0997402 -0.047629 0.0793343 0.510372 4 
0.0404247 -0.0443288 0.0262144 0.527475 5 
-0.0223898 -0.0408339 -0.029675 0.54547 6 
-0.0890223 -0.0371266 -0.0885563 0.564429 7 
-0.159832 -0.0331869 -0.150676 0.58443 8 
-0.235223 -0.0289923 -0.21631 0.605563 9 
-0.315657 -0.0245171 -0.285764 0.627925 10 
-0.401657 -0.0197323 -0.359382 0.651628 11 
-0.49382 -0.0146045 -0.43755 0.676797 12 
-0.592834 -0.00909554 -0.520703 0.70357 13 
-0.699492 -0.00316126 -0.609333 0.732107 14 
-0.814716 0.00324957 -0.704002 0.762588 15 
-0.93958 0.0101968 -0.805346 0.795219 16 
-1.07535 0.0177506 -0.914098 0.830235 17 
-1.22351 0.0259941 -1.0311 0.867907 18 
-1.38585 0.0350262 -1.15733 0.908551 19 
0.307274 -0.0591758 0.267864 0.449669 40 
0.351355 -0.0508152 0.305312 0.482751 41 
0.400691 -0.041458 0.346729 0.519338 42 
0.45628 -0.0309146 0.392779 0.560019 43 
0.519393 -0.0189444 0.444288 0.605522 44 
0.591668 -0.00523649 0.502286 0.656758 45 
0.675255 0.010617 0.568082 0.714882 46 
0.773036 0.0291625 0.643363 0.781386 47 
0.888962 0.0511495 0.730339 0.858221 48 
1.0286 0.0776338 0.831964 0.947997 49 
1.20005 0.110152 0.95228 1.05428 50 
1.4156 0.151033 1.09697 1.1821 51 
1.69474 0.203977 1.27426 1.33872 52 
2.07051 0.275247 1.49658 1.53512 53 
2.60358 0.376351 1.78359 1.78867 54 
3.41886 0.53098 2.16831 2.12853 55 
4.82114 0.796942 2.71089 2.60785 56 
7.80094 1.3621 3.53356 3.3346 57 
18.4428 3.38049 4.92865 4.56703 58 
-1.38585 0.0350262 -1.15733 0.908551 60 
-1.48876 0.0625053 -1.21961 1.01065 61 
-1.61794 0.096997 -1.29443 1.13332 62 
-1.7849 0.141578 -1.386 1.28344 63 
-2.00907 0.201435 -1.50065 1.4714 64 
-2.32594 0.28604 -1.64838 1.71359 65 
-2.80795 0.414744 -1.8459 2.0374 66 
-3.62977 0.634178 -2.12348 2.49249 67 
-5.34628 1.09251 -2.54221 3.17896 68 
-11.164 2.64589 -3.2464 4.33344 69 
