-2.50062 0.00487156 -2.02194 1.31387 0 
-2.75404 0.0391251 -2.15707 1.49253 1 
-3.10036 0.0859355 -2.32792 1.71843 2 
-3.60212 0.153757 -2.55083 2.01314 3 
-4.39428 0.26083 -2.85386 2.41378 4 
-5.83159 0.455106 -3.28965 2.98997 5 
-9.24357 0.916292 -3.96996 3.88943 6 
-27.6289 3.40138 -5.18082 5.49035 7 
0.0312486 -0.0690939 0.00194143 0.419106 20 
0.070445 -0.0626551 0.0366529 0.444556 21 
0.113228 -0.055627 0.0742611 0.47213 22 
0.160114 -0.047925 0.115145 0.502106 23 
0.211722 -0.0394473 0.159751 0.534811 24 
0.268805 -0.0300703 0.208612 0.570636 25 
0.332281 -0.019643 0.262369 0.61005 26 
0.403288 -0.00797847 0.321794 0.653621 27 
0.483253 0.00515732 0.387835 0.702042 28 
0.573982 0.0200615 0.461662 0.756172 29 
0.677807 0.037117 0.544737 0.817082 30 
0.797784 0.0568258 0.638915 0.886134 31 
0.938001 0.0798593 0.746581 0.965074 32 
1.10405 0.107136 0.870855 1.05619 33 
1.30379 0.139948 1.0159 1.16254 34 
1.54864 0.18017 1.18741 1.28829 35 
1.85583 0.230632 1.39333 1.43927 36 
2.25263 0.295814 1.6452 1.62394 37 
2.78494 0.383258 1.96031 1.85498 38 
3.53649 0.506716 2.36591 2.15236 39 
-2.50062 0.00487156 -2.02194 1.31387 40 
-2.11848 -0.00629212 -1.75671 1.19661 41 
-1.80819 -0.0153569 -1.53203 1.09728 42 
-1.55123 -0.0228638 -1.33926 1.01206 43 
-1.33493 -0.0291827 -1.17206 0.938137 44 
-1.15035 -0.0345749 -1.02565 0.87341 45 
-0.990995 -0.0392303 -0.896391 0.816262 46 
-0.852018 -0.0432904 -0.781426 0.765436 47 
-0.729748 -0.0468623 -0.678511 0.719937 48 
-0.621343 -0.0500293 -0.585846 0.678969 49 
-0.52457 -0.0528564 -0.501973 0.641888 50 
-0.437654 -0.0553955 -0.425697 0.608166 51 
-0.35916 -0.0576886 -0.35603 0.577366 52 
-0.287922 -0.0597697 -0.29215 0.549124 53 
-0.222978 -0.061667 -0.233363 0.523135 54 
-0.163528 -0.0634038 -0.179084 0.499138 55 
-0.108905 -0.0649995 -0.128814 0.476913 56 
-0.0585425 -0.0664708 -0.0821248 0.456272 57 
-0.0119615 -0.0678316 -0.0386463 0.43705 58 
0.0312486 -0.0690939 0.00194143 0.419106 59 
22.3462 5.37596 4.29434 5.82641 74 
9.32866 2.00613 3.5295 4.36924 75 
6.22622 1.203 3.06644 3.48701 76 
4.83509 0.842883 2.75598 2.89552 77 
4.04543 0.638464 2.53335 2.47138 78 
3.53649 0.506716 2.36591 2.15236 79 
