104.684 19.6987 4.51363 5.87885 8 
9.13437 1.48556 3.16482 3.88858 9 
4.96226 0.690297 2.48323 2.88286 10 
3.48939 0.409548 2.07196 2.27599 11 
2.73652 0.266041 1.7968 1.86997 12 
2.27939 0.178908 1.59977 1.57925 13 
1.97236 0.120383 1.45174 1.36082 14 
1.75192 0.0783644 1.33645 1.1907 15 
1.58597 0.0467318 1.24412 1.05446 16 
1.45653 0.0220582 1.16851 0.942891 17 
1.35274 0.00227457 1.10545 0.849852 18 
1.26766 -0.0139416 1.05207 0.771079 19 
-20.5234 1.57492 -5.03987 4.35761 21 
-7.54966 0.48874 -3.51146 3.08552 22 
-4.50434 0.233781 -2.65265 2.37074 23 
-3.14456 0.119938 -2.10247 1.91283 24 
-2.37427 0.0554482 -1.7199 1.59442 25 
-1.87842 0.013935 -1.43847 1.36019 26 
-1.53252 -0.015024 -1.22276 1.18065 27 
-1.27749 -0.0363757 -1.05215 1.03865 28 
-1.08167 -0.0527697 -0.913836 0.923535 29 
-0.926596 -0.065753 -0.799441 0.828325 30 
-0.800741 -0.0762897 -0.703255 0.74827 31 
-0.696561 -0.0850119 -0.62125 0.680018 32 
-0.608899 -0.0923511 -0.550505 0.621137 33 
-0.534116 -0.0986121 -0.488851 0.569823 34 
-0.469568 -0.104016 -0.43464 0.524703 35 
-0.413288 -0.108728 -0.386602 0.484721 36 
-0.363783 -0.112873 -0.343739 0.449047 37 
-0.3199 -0.116547 -0.305258 0.417019 38 
-0.280731 -0.119826 -0.270519 0.388106 39 
1.26766 -0.0139416 1.05207 0.771079 60 
1.13561 -0.0229717 0.945548 0.740234 61 
1.01236 -0.0314 0.845123 0.711155 62 
0.897057 -0.0392849 0.750285 0.683693 63 
0.788956 -0.0466771 0.660582 0.657718 64 
0.687404 -0.0536216 0.575606 0.633112 65 
0.591823 -0.0601578 0.494994 0.60977 66 
0.501701 -0.0663206 0.418419 0.587597 67 
0.416583 -0.0721412 0.345583 0.566506 68 
0.336065 -0.0776473 0.276221 0.546422 69 
0.259783 -0.0828637 0.210089 0.527272 70 
0.187411 -0.0878127 0.146967 0.508994 71 
0.118657 -0.0925144 0.0866535 0.49153 72 
0.0532548 -0.0969868 0.0289656 0.474825 73 
-0.00903385 -0.101246 -0.0262647 0.458833 74 
-0.0684264 -0.105308 -0.079191 0.443507 75 
-0.12512 -0.109185 -0.129955 0.428808 76 
-0.179295 -0.112889 -0.178686 0.414697 77 
-0.231116 -0.116433 -0.225503 0.401141 78 
-0.280731 -0.119826 -0.270519 0.388106 79 
