-2.91909 0.193357 -2.19209 1.56868 0 
-3.2508 0.265209 -2.33691 1.78448 1 
-3.72016 0.366875 -2.52135 2.05932 2 
-4.43526 0.521771 -2.76424 2.42127 3 
-5.65752 0.786522 -3.0986 2.91951 4 
-8.22295 1.34221 -3.58809 3.64892 5 
-17.0458 3.25331 -4.37327 4.81894 6 
-0.0180816 -0.0564136 -0.0344538 0.424568 20 
0.021648 -0.049519 0.000990974 0.448694 21 
0.0647694 -0.0420359 0.039171 0.474681 22 
0.111737 -0.0338854 0.0804157 0.502755 23 
0.163088 -0.0249741 0.125109 0.533175 24 
0.219467 -0.0151902 0.173703 0.566251 25 
0.281651 -0.00439906 0.226732 0.602345 26 
0.350584 0.00756338 0.284831 0.641891 27 
0.427429 0.0208988 0.348764 0.685407 28 
0.51363 0.0358578 0.419456 0.733524 29 
0.611007 0.0527563 0.49804 0.787012 30 
0.721885 0.0719976 0.585914 0.846824 31 
0.849279 0.0941052 0.68483 0.914151 32 
0.997177 0.119771 0.797008 0.990505 33 
1.17096 0.149929 0.925306 1.07783 34 
1.37809 0.185873 1.07347 1.17868 35 
1.62916 0.229443 1.2465 1.29645 36 
1.93982 0.283354 1.45123 1.43581 37 
2.33415 0.351785 1.69725 1.60326 38 
2.85121 0.441514 1.99845 1.80827 39 
-2.91909 0.193357 -2.19209 1.56868 40 
-2.42133 0.1505 -1.88401 1.40531 41 
-2.03462 0.117206 -1.62946 1.27034 42 
-1.72553 0.0905936 -1.41562 1.15695 43 
-1.47282 0.0688359 -1.23344 1.06034 44 
-1.26235 0.0507153 -1.07637 0.977057 45 
-1.08435 0.0353901 -0.939563 0.904512 46 
-0.93185 0.0222599 -0.819328 0.840756 47 
-0.799728 0.0108845 -0.712828 0.784284 48 
-0.684158 0.000934161 -0.617836 0.733913 49 
-0.582214 -0.00784305 -0.532584 0.688707 50 
-0.491619 -0.0156431 -0.455645 0.64791 51 
-0.410578 -0.0226205 -0.385861 0.610906 52 
-0.337656 -0.028899 -0.322278 0.57719 53 
-0.27169 -0.0345784 -0.264104 0.546343 54 
-0.211731 -0.0397408 -0.210678 0.518013 55 
-0.156994 -0.0444535 -0.16144 0.491904 56 
-0.106826 -0.0487729 -0.115918 0.467765 57 
-0.0606763 -0.0527463 -0.0737051 0.445382 58 
-0.0180816 -0.0564136 -0.0344538 0.424568 59 
22.1278 6.73359 3.83993 5.58759 73 
8.63166 2.32831 3.15925 4.19062 74 
5.67068 1.36181 2.74521 3.34086 75 
4.37218 0.937971 2.46679 2.76946 76 
3.64293 0.699938 2.26674 2.35888 77 
3.1759 0.547495 2.11604 2.04961 78 
2.85121 0.441514 1.99845 1.80827 79 
