-4 -4 2 1 1.54637 -0.0853332 
-4 -3.57895 2 1 1.35968 -0.0862941 
-4 -3.15789 2 1 1.19209 -0.0871567 
-4 -2.73684 2 1 1.0408 -0.0879354 
-4 -2.31579 2 1 0.90356 -0.0886418 
-4 -1.89474 2 1 0.778489 -0.0892855 
-4 -1.47368 2 1 0.664039 -0.0898746 
-4 -1.05263 2 1 0.558912 -0.0904157 
-4 -0.631579 2 1 0.462014 -0.0909144 
-4 -0.210526 2 1 0.372415 -0.0913756 
-4 0.210526 2 1 0.28932 -0.0918033 
-4 0.631579 2 1 0.212046 -0.092201 
-4 1.05263 2 1 0.140002 -0.0925718 
-4 1.47368 2 1 0.0726741 -0.0929184 
-4 1.89474 2 1 0.00961397 -0.0932429 
-4 2.31579 2 1 -0.0495716 -0.0935476 
-4 2.73684 2 1 -0.105229 -0.093834 
-4 3.15789 2 1 -0.157665 -0.0941039 
-4 3.57895 2 1 -0.207151 -0.0943586 
-4 4 2 1 -0.253929 -0.0945994 
4 4 2 1 -136.012 -38.5258 
-4 -4 2 1 1.54637 -0.0853332 
-3.57895 -4 2 1 1.67252 -0.110827 
-3.15789 -4 2 1 1.83384 -0.143428 
-2.73684 -4 2 1 2.04741 -0.186587 
-2.31579 -4 2 1 2.34351 -0.246425 
-1.89474 -4 2 1 2.78145 -0.334927 
-1.47368 -4 2 1 3.49525 -0.479177 
-1.05263 -4 2 1 4.86538 -0.756062 
-0.631579 -4 2 1 8.56738 -1.50419 
-0.210526 -4 2 1 54.546 -10.7959 
-4 4 2 1 -0.253929 -0.0945994 
-3.57895 4 2 1 -0.296396 -0.106621 
-3.15789 4 2 1 -0.343827 -0.120048 
-2.73684 4 2 1 -0.397147 -0.135142 
-2.31579 4 2 1 -0.457526 -0.152235 
-1.89474 4 2 1 -0.526465 -0.171751 
-1.47368 4 2 1 -0.605923 -0.194244 
-1.05263 4 2 1 -0.698506 -0.220453 
-0.631579 4 2 1 -0.807759 -0.251381 
-0.210526 4 2 1 -0.938631 -0.288429 
0.210526 4 2 1 -1.09824 -0.333612 
0.631579 4 2 1 -1.29722 -0.389942 
1.05263 4 2 1 -1.5522 -0.462121 
1.47368 4 2 1 -1.89067 -0.557937 
1.89474 4 2 1 -2.36167 -0.691271 
2.31579 4 2 1 -3.062 -0.889526 
2.73684 4 2 1 -4.21306 -1.21537 
3.15789 4 2 1 -6.45639 -1.85043 
3.57895 4 2 1 -12.7505 -3.63219 
4 4 2 1 -136.012 -38.5258 
-4 -4 6 1 1.57596 1.1813 
-4 -3.57895 6 1 1.37069 1.10581 
-4 -3.15789 6 1 1.18821 1.03871 
-4 -2.73684 6 1 1.02492 0.978664 
-4 -2.31579 6 1 0.87795 0.924617 
-4 -1.89474 6 1 0.744964 0.875714 
-4 -1.47368 6 1 0.624058 0.831253 
-4 -1.05263 6 1 0.513658 0.790655 
-4 -0.631579 6 1 0.412452 0.753438 
-4 -0.210526 6 1 0.319337 0.719197 
-4 0.210526 6 1 0.23338 0.687588 
-4 0.631579 6 1 0.153786 0.658319 
-4 1.05263 6 1 0.0798746 0.631139 
-4 1.47368 6 1 0.0110575 0.605833 
-4 1.89474 6 1 -0.0531744 0.582212 
-4 2.31579 6 1 -0.113264 0.560115 
-4 2.73684 6 1 -0.169601 0.539399 
-4 3.15789 6 1 -0.222524 0.519937 
-4 3.57895 6 1 -0.272336 0.501619 
-4 4 6 1 -0.319303 0.484348 
-4 -4 6 1 1.57596 1.1813 
-3.57895 -4 6 1 1.71986 1.32483 
-3.15789 -4 6 1 1.90891 1.5134 
-2.73684 -4 6 1 2.16835 1.77217 
-2.31579 -4 6 1 2.54644 2.1493 
-1.89474 -4 6 1 3.14873 2.75006 
-1.47368 -4 6 1 4.2587 3.85719 
-1.05263 -4 6 1 6.98577 6.5773 
-0.631579 -4 6 1 24.344 23.8912 
-4 4 6 1 -0.319303 0.484348 
-3.57895 4 6 1 -0.367517 0.505224 
-3.15789 4 6 1 -0.421644 0.528661 
-2.73684 4 6 1 -0.482844 0.55516 
-2.31579 4 6 1 -0.5526 0.585364 
-1.89474 4 6 1 -0.632842 0.620108 
-1.47368 4 6 1 -0.726125 0.660499 
-1.05263 4 6 1 -0.835912 0.708035 
-0.631579 4 6 1 -0.967005 0.764798 
-0.210526 4 6 1 -1.12627 0.83376 
0.210526 4 6 1 -1.3239 0.919329 
0.631579 4 6 1 -1.57562 1.02833 
1.05263 4 6 1 -1.9072 1.17189 
1.47368 4 6 1 -2.36377 1.36959 
1.89474 4 6 1 -3.03244 1.65912 
2.31579 4 6 1 -4.10573 2.12384 
2.73684 4 6 1 -6.11017 2.99175 
3.15789 4 6 1 -11.1859 5.18951 
3.57895 4 6 1 -49.5166 21.7864 
