-0.478918 0.0497696 -0.527922 0.720498 0 
-0.520815 0.0403555 -0.579376 0.759516 1 
-0.568539 0.0296324 -0.639077 0.804789 2 
-0.623394 0.0173069 -0.70918 0.857949 3 
-0.687109 0.0029906 -0.792664 0.921257 4 
-0.762018 -0.013841 -0.893764 0.997922 5 
-0.851356 -0.0339147 -1.01871 1.09267 6 
-0.959737 -0.058267 -1.17708 1.21276 7 
-1.09397 -0.0884291 -1.38433 1.36993 8 
-1.26457 -0.126762 -1.66724 1.58447 9 
-1.48863 -0.177105 -2.07651 1.89482 10 
-1.79592 -0.246151 -2.72108 2.38361 11 
-2.24343 -0.346703 -3.88581 3.26684 12 
-2.95548 -0.506696 -6.62617 5.34491 13 
-4.26509 -0.800957 -20.8224 16.1101 14 
0.860326 -0.0141095 1.02089 0.821999 20 
0.916471 -0.0309755 1.10258 0.881928 21 
0.982488 -0.0508072 1.20153 0.954516 22 
1.06123 -0.0744623 1.32385 1.04425 23 
1.15678 -0.103164 1.47893 1.158 24 
1.27514 -0.138722 1.68194 1.30693 25 
1.42561 -0.183923 1.9592 1.51031 26 
1.6233 -0.243308 2.36053 1.80472 27 
1.89455 -0.324794 2.99324 2.26885 28 
2.28984 -0.44354 4.13845 3.10894 29 
2.91945 -0.632677 6.84273 5.09271 30 
4.07951 -0.981162 21.0766 15.5342 31 
-0.478918 0.0497696 -0.527922 0.720498 40 
-0.420817 0.0469983 -0.462634 0.724776 41 
-0.36157 0.0441724 -0.395887 0.729151 42 
-0.301144 0.0412902 -0.327629 0.733624 43 
-0.239502 0.03835 -0.25781 0.738199 44 
-0.176608 0.0353501 -0.186374 0.742881 45 
-0.112423 0.0322886 -0.113266 0.747672 46 
-0.0469072 0.0291636 -0.0384259 0.752577 47 
0.0199819 0.0259731 0.0382088 0.757599 48 
0.0882875 0.0227151 0.116703 0.762743 49 
0.158055 0.0193873 0.197126 0.768014 50 
0.229332 0.0159876 0.279549 0.773415 51 
0.302168 0.0125134 0.364048 0.778953 52 
0.376615 0.00896247 0.450702 0.784632 53 
0.452727 0.00533211 0.539595 0.790457 54 
0.53056 0.00161964 0.630814 0.796435 55 
0.610173 -0.00217774 0.724453 0.802572 56 
0.691628 -0.00606298 0.820608 0.808873 57 
0.77499 -0.0100392 0.919383 0.815347 58 
0.860326 -0.0141095 1.02089 0.821999 59 
