-4 -4 2 1 4.22286 0.821859 
-4 -3.57895 2 1 3.22972 0.701447 
-4 -3.15789 2 1 2.55911 0.620141 
-4 -2.73684 2 1 2.07588 0.561552 
-4 -2.31579 2 1 1.71111 0.517326 
-4 -1.89474 2 1 1.42599 0.482758 
-4 -1.47368 2 1 1.19702 0.454996 
-4 -1.05263 2 1 1.00908 0.43221 
-4 -0.631579 2 1 0.85206 0.413172 
-4 -0.210526 2 1 0.718905 0.397028 
-4 0.210526 2 1 0.60456 0.383165 
-4 0.631579 2 1 0.505302 0.37113 
-4 1.05263 2 1 0.41833 0.360585 
-4 1.47368 2 1 0.341496 0.35127 
-4 1.89474 2 1 0.273124 0.34298 
-4 2.31579 2 1 0.211889 0.335556 
-4 2.73684 2 1 0.156731 0.328868 
-4 3.15789 2 1 0.106786 0.322813 
-4 3.57895 2 1 0.0613487 0.317304 
-4 4 2 1 0.0198358 0.312271 
4 1.47368 2 1 -33.2467 6.37151 
4 1.89474 2 1 -10.251 1.98463 
4 2.31579 2 1 -6.36553 1.2434 
4 2.73684 2 1 -4.76116 0.937333 
4 3.15789 2 1 -3.88495 0.770179 
4 3.57895 2 1 -3.33286 0.664858 
4 4 2 1 -2.95313 0.592415 
-4 -4 2 1 4.22286 0.821859 
-3.57895 -4 2 1 5.04787 0.987809 
-3.15789 -4 2 1 6.48031 1.27594 
-2.73684 -4 2 1 9.5819 1.89983 
-2.31579 -4 2 1 21.3428 4.26554 
-4 4 2 1 0.0198358 0.312271 
-3.57895 4 2 1 -0.0251647 0.316511 
-3.15789 4 2 1 -0.0738741 0.321101 
-2.73684 4 2 1 -0.126771 0.326085 
-2.31579 4 2 1 -0.184418 0.331518 
-1.89474 4 2 1 -0.247487 0.337461 
-1.47368 4 2 1 -0.31678 0.34399 
-1.05263 4 2 1 -0.393267 0.351197 
-0.631579 4 2 1 -0.478127 0.359194 
-0.210526 4 2 1 -0.572817 0.368117 
0.210526 4 2 1 -0.67915 0.378136 
0.631579 4 2 1 -0.799412 0.389469 
1.05263 4 2 1 -0.936534 0.40239 
1.47368 4 2 1 -1.09433 0.417259 
1.89474 4 2 1 -1.27785 0.434552 
2.31579 4 2 1 -1.49395 0.454916 
2.73684 4 2 1 -1.75215 0.479246 
3.15789 4 2 1 -2.06607 0.508827 
3.57895 4 2 1 -2.45594 0.545565 
4 4 2 1 -2.95313 0.592415 
-4 -4 6 1 11.0164 10.1052 
-4 -3.57895 6 1 6.41815 6.28333 
-4 -3.15789 6 1 4.38052 4.58973 
-4 -2.73684 6 1 3.23045 3.63383 
-4 -2.31579 6 1 2.49175 3.01985 
-4 -1.89474 6 1 1.97718 2.59216 
-4 -1.47368 6 1 1.59818 2.27715 
-4 -1.05263 6 1 1.3074 2.03547 
-4 -0.631579 6 1 1.07726 1.84418 
-4 -0.210526 6 1 0.890575 1.68902 
-4 0.210526 6 1 0.736101 1.56062 
-4 0.631579 6 1 0.606162 1.45262 
-4 1.05263 6 1 0.495345 1.36052 
-4 1.47368 6 1 0.399716 1.28103 
-4 1.89474 6 1 0.316355 1.21175 
-4 2.31579 6 1 0.243042 1.15081 
-4 2.73684 6 1 0.178064 1.0968 
-4 3.15789 6 1 0.120076 1.04861 
-4 3.57895 6 1 0.068008 1.00533 
-4 4 6 1 0.0209971 0.966257 
4 2.73684 6 1 -19.3433 18.881 
4 3.15789 6 1 -9.31928 8.72814 
4 3.57895 6 1 -6.35465 5.72543 
4 4 6 1 -4.93414 4.28668 
-4 -4 6 1 11.0164 10.1052 
-3.57895 -4 6 1 23.2626 22.4017 
-4 4 6 1 0.0209971 0.966257 
-3.57895 4 6 1 -0.0298117 1.0003 
-3.15789 4 6 1 -0.0853789 1.03754 
-2.73684 4 6 1 -0.146406 1.07843 
-2.31579 4 6 1 -0.213739 1.12355 
-1.89474 4 6 1 -0.288408 1.17359 
-1.47368 4 6 1 -0.371683 1.22939 
-1.05263 4 6 1 -0.46514 1.29202 
-0.631579 4 6 1 -0.570771 1.3628 
-0.210526 4 6 1 -0.691117 1.44344 
0.210526 4 6 1 -0.829487 1.53616 
0.631579 4 6 1 -0.990254 1.64389 
1.05263 4 6 1 -1.17934 1.7706 
1.47368 4 6 1 -1.40494 1.92177 
1.89474 4 6 1 -1.67877 2.10527 
2.31579 4 6 1 -2.01815 2.33268 
2.73684 4 6 1 -2.44981 2.62194 
3.15789 4 6 1 -3.01732 3.00222 
3.57895 4 6 1 -3.79676 3.52453 
4 4 6 1 -4.93414 4.28668 
