-4 -4 2 1 -0.584839 0.0949393 
-4 -3.57895 2 1 -0.630241 0.0873969 
-4 -3.15789 2 1 -0.682492 0.0787165 
-4 -2.73684 2 1 -0.74327 0.0686197 
-4 -2.31579 2 1 -0.814847 0.0567289 
-4 -1.89474 2 1 -0.900382 0.0425193 
-4 -1.47368 2 1 -1.0044 0.0252394 
-4 -1.05263 2 1 -1.13361 0.00377359 
-4 -0.631579 2 1 -1.29844 -0.0236087 
-4 -0.210526 2 1 -1.51596 -0.0597447 
-4 0.210526 2 1 -1.81625 -0.10963 
-4 0.631579 2 1 -2.25764 -0.182958 
-4 1.05263 2 1 -2.97015 -0.301323 
-4 1.47368 2 1 -4.31424 -0.524613 
-4 1.89474 2 1 -7.79825 -1.1034 
-4 2.31579 2 1 -38.4785 -6.2002 
4 -4 2 1 0.74408 0.0979071 
4 -3.57895 2 1 0.796271 0.0899016 
4 -3.15789 2 1 0.857117 0.0805686 
4 -2.73684 2 1 0.928966 0.0695479 
4 -2.31579 2 1 1.0151 0.0563365 
4 -1.89474 2 1 1.12024 0.040209 
4 -1.47368 2 1 1.25147 0.0200799 
4 -1.05263 2 1 1.41987 -0.00575073 
4 -0.631579 2 1 1.64384 -0.0401052 
4 -0.210526 2 1 1.95633 -0.0880364 
4 0.210526 2 1 2.42272 -0.159574 
4 0.631579 2 1 3.19385 -0.277856 
4 1.05263 2 1 4.71336 -0.51093 
4 1.47368 2 1 9.09768 -1.18343 
4 1.89474 2 1 157.665 -23.9718 
-4 -4 2 1 -0.584839 0.0949393 
-3.57895 -4 2 1 -0.52011 0.0950838 
-3.15789 -4 2 1 -0.454842 0.0952296 
-2.73684 -4 2 1 -0.389029 0.0953766 
-2.31579 -4 2 1 -0.322664 0.0955248 
-1.89474 -4 2 1 -0.25574 0.0956742 
-1.47368 -4 2 1 -0.18825 0.095825 
-1.05263 -4 2 1 -0.120187 0.095977 
-0.631579 -4 2 1 -0.0515432 0.0961303 
-0.210526 -4 2 1 0.0176884 0.0962849 
0.210526 -4 2 1 0.0875155 0.0964408 
0.631579 -4 2 1 0.157946 0.0965981 
1.05263 -4 2 1 0.228988 0.0967568 
1.47368 -4 2 1 0.300648 0.0969168 
1.89474 -4 2 1 0.372936 0.0970782 
2.31579 -4 2 1 0.44586 0.0972411 
2.73684 -4 2 1 0.519427 0.0974054 
3.15789 -4 2 1 0.593647 0.0975711 
3.57895 -4 2 1 0.668528 0.0977384 
4 -4 2 1 0.74408 0.0979071 
-4 -4 6 1 -0.675382 0.822455 
-4 -3.57895 6 1 -0.735199 0.872721 
-4 -3.15789 6 1 -0.805571 0.931856 
-4 -2.73684 6 1 -0.889562 1.00244 
-4 -2.31579 6 1 -0.99155 1.08814 
-4 -1.89474 6 1 -1.11801 1.19441 
-4 -1.47368 6 1 -1.27896 1.32966 
-4 -1.05263 6 1 -1.49072 1.50761 
-4 -0.631579 6 1 -1.78189 1.75228 
-4 -0.210526 6 1 -2.2074 2.10985 
-4 0.210526 6 1 -2.88816 2.68191 
-4 0.631579 6 1 -4.15219 3.74411 
-4 1.05263 6 1 -7.31095 6.39849 
-4 1.47368 6 1 -29.3698 24.9351 
4 -4 6 1 0.855029 0.897537 
4 -3.57895 6 1 0.926187 0.959937 
4 -3.15789 6 1 1.01138 1.03465 
4 -2.73684 6 1 1.11522 1.12571 
4 -2.31579 6 1 1.24457 1.23914 
4 -1.89474 6 1 1.41017 1.38436 
4 -1.47368 6 1 1.62971 1.57688 
4 -1.05263 6 1 1.9347 1.84434 
4 -0.631579 6 1 2.38707 2.24104 
4 -0.210526 6 1 3.12767 2.8905 
4 0.210526 6 1 4.5608 4.14726 
4 0.631579 6 1 8.51069 7.61106 
4 1.05263 6 1 69.3497 60.963 
-4 -4 6 1 -0.675382 0.822455 
-3.57895 -4 6 1 -0.601707 0.82607 
-3.15789 -4 6 1 -0.527331 0.829719 
-2.73684 -4 6 1 -0.452242 0.833402 
-2.31579 -4 6 1 -0.376432 0.837122 
-1.89474 -4 6 1 -0.299889 0.840877 
-1.47368 -4 6 1 -0.222602 0.844669 
-1.05263 -4 6 1 -0.144561 0.848497 
-0.631579 -4 6 1 -0.0657548 0.852363 
-0.210526 -4 6 1 0.0138281 0.856268 
0.210526 -4 6 1 0.0941992 0.860211 
0.631579 -4 6 1 0.17537 0.864193 
1.05263 -4 6 1 0.257353 0.868215 
1.47368 -4 6 1 0.34016 0.872277 
1.89474 -4 6 1 0.423804 0.876381 
2.31579 -4 6 1 0.508298 0.880526 
2.73684 -4 6 1 0.593653 0.884714 
3.15789 -4 6 1 0.679885 0.888944 
3.57895 -4 6 1 0.767006 0.893218 
4 -4 6 1 0.855029 0.897537 
