-0.370664 0.124535 -0.375675 0.768218 0 
-0.411343 0.122773 -0.421334 0.810274 1 
-0.457344 0.12078 -0.473696 0.858505 2 
-0.509783 0.118509 -0.534354 0.914378 3 
-0.570114 0.115896 -0.60545 0.979865 4 
-0.640263 0.112857 -0.689932 1.05768 5 
-0.72284 0.109281 -0.791973 1.15167 6 
-0.821467 0.105009 -0.917681 1.26746 7 
-0.941328 0.0998172 -1.07637 1.41363 8 
-1.09011 0.093373 -1.28298 1.60394 9 
-1.27971 0.0851608 -1.56309 1.86195 10 
-1.5296 0.0743371 -1.96437 2.23157 11 
-1.87398 0.0594209 -2.5872 2.80526 12 
-2.37893 0.0375499 -3.68495 3.8164 13 
-3.19089 0.0023814 -6.13561 6.07371 14 
-4.71214 -0.0635091 -16.4561 15.58 15 
1.06661 0.0170311 1.29119 0.974297 20 
1.13713 0.00463142 1.39843 1.06241 21 
1.22178 -0.010252 1.53145 1.17172 22 
1.32527 -0.0284485 1.70082 1.31089 23 
1.45468 -0.051203 1.92381 1.49413 24 
1.62114 -0.0804731 2.23067 1.74628 25 
1.84324 -0.119525 2.67966 2.11522 26 
2.15445 -0.174246 3.3993 2.70655 27 
2.62187 -0.256434 4.73988 3.80812 28 
3.40252 -0.393697 8.11491 6.58142 29 
4.96989 -0.66929 32.724 26.803 30 
-0.370664 0.124535 -0.375675 0.768218 40 
-0.317368 0.120548 -0.316681 0.775512 41 
-0.262292 0.116429 -0.255499 0.783076 42 
-0.205348 0.112169 -0.192007 0.790925 43 
-0.146437 0.107763 -0.126071 0.799077 44 
-0.0854565 0.103202 -0.0575472 0.807549 45 
-0.0222951 0.0984777 0.0137205 0.81636 46 
0.0431663 0.0935815 0.0878997 0.825531 47 
0.111056 0.0885036 0.165173 0.835084 48 
0.18151 0.0832338 0.245737 0.845045 49 
0.254679 0.077761 0.329808 0.855439 50 
0.330721 0.0720733 0.417619 0.866295 51 
0.40981 0.0661577 0.509425 0.877645 52 
0.492132 0.0600003 0.605506 0.889524 53 
0.577889 0.053586 0.706167 0.901969 54 
0.667301 0.0468982 0.811745 0.915022 55 
0.760608 0.0399192 0.922607 0.928728 56 
0.858068 0.0326295 1.03916 0.943138 57 
0.959966 0.0250079 1.16186 0.958307 58 
1.06661 0.0170311 1.29119 0.974297 59 
