-4 -4 2 1 6.11437 -0.440307 
-4 -3.57895 2 1 4.20408 -0.256615 
-4 -3.15789 2 1 3.13185 -0.15351 
-4 -2.73684 2 1 2.44538 -0.0875 
-4 -2.31579 2 1 1.96824 -0.0416185 
-4 -1.89474 2 1 1.61735 -0.00787679 
-4 -1.47368 2 1 1.34845 0.0179803 
-4 -1.05263 2 1 1.13581 0.0384274 
-4 -0.631579 2 1 0.963454 0.0550015 
-4 -0.210526 2 1 0.820916 0.0687079 
-4 0.210526 2 1 0.701077 0.0802315 
-4 0.631579 2 1 0.598916 0.0900553 
-4 1.05263 2 1 0.510788 0.0985296 
-4 1.47368 2 1 0.433989 0.105915 
-4 1.89474 2 1 0.366465 0.112408 
-4 2.31579 2 1 0.306633 0.118161 
-4 2.73684 2 1 0.253248 0.123294 
-4 3.15789 2 1 0.205323 0.127903 
-4 3.57895 2 1 0.162059 0.132063 
-4 4 2 1 0.12281 0.135837 
4 0.631579 2 1 -17.4815 -0.759443 
4 1.05263 2 1 -7.27501 -0.1683 
4 1.47368 2 1 -4.78389 -0.0240194 
4 1.89474 2 1 -3.65936 0.0411114 
4 2.31579 2 1 -3.01894 0.0782034 
4 2.73684 2 1 -2.60539 0.102156 
4 3.15789 2 1 -2.31629 0.1189 
4 3.57895 2 1 -2.10282 0.131264 
4 4 2 1 -1.93872 0.140767 
-4 -4 2 1 6.11437 -0.440307 
-3.57895 -4 2 1 7.78206 -0.647479 
-3.15789 -4 2 1 11.3394 -1.0894 
-2.73684 -4 2 1 24.1962 -2.68654 
-4 4 2 1 0.12281 0.135837 
-3.57895 4 2 1 0.0778808 0.135945 
-3.15789 4 2 1 0.0299286 0.136059 
-2.73684 4 2 1 -0.0213627 0.136182 
-2.31579 4 2 1 -0.0763545 0.136314 
-1.89474 4 2 1 -0.135462 0.136455 
-1.47368 4 2 1 -0.199166 0.136607 
-1.05263 4 2 1 -0.268024 0.136772 
-0.631579 4 2 1 -0.342687 0.136951 
-0.210526 4 2 1 -0.423923 0.137145 
0.210526 4 2 1 -0.512638 0.137357 
0.631579 4 2 1 -0.609916 0.13759 
1.05263 4 2 1 -0.71706 0.137846 
1.47368 4 2 1 -0.83565 0.138129 
1.89474 4 2 1 -0.967623 0.138445 
2.31579 4 2 1 -1.11538 0.138798 
2.73684 4 2 1 -1.28194 0.139197 
3.15789 4 2 1 -1.47112 0.139649 
3.57895 4 2 1 -1.68788 0.140168 
4 4 2 1 -1.93872 0.140767 
-4 -4 6 1 40.2322 25.9156 
-4 -3.57895 6 1 10.9947 7.54962 
-4 -3.15789 6 1 6.12737 4.49217 
-4 -2.73684 6 1 4.12366 3.23351 
-4 -2.31579 6 1 3.03085 2.54704 
-4 -1.89474 6 1 2.34282 2.11485 
-4 -1.47368 6 1 1.86982 1.81773 
-4 -1.05263 6 1 1.52466 1.60091 
-4 -0.631579 6 1 1.2617 1.43573 
-4 -0.210526 6 1 1.05468 1.30569 
-4 0.210526 6 1 0.88748 1.20066 
-4 0.631579 6 1 0.749613 1.11405 
-4 1.05263 6 1 0.633984 1.04142 
-4 1.47368 6 1 0.535614 0.979627 
-4 1.89474 6 1 0.450906 0.926417 
-4 2.31579 6 1 0.3772 0.880118 
-4 2.73684 6 1 0.312483 0.839465 
-4 3.15789 6 1 0.255205 0.803485 
-4 3.57895 6 1 0.204153 0.771416 
-4 4 6 1 0.158364 0.742653 
4 1.47368 6 1 -25.1537 23.4728 
4 1.89474 6 1 -8.69037 7.8237 
4 2.31579 6 1 -5.47024 4.76283 
4 2.73684 6 1 -4.09741 3.4579 
4 3.15789 6 1 -3.33658 2.7347 
4 3.57895 6 1 -2.85311 2.27515 
4 4 6 1 -2.51872 1.95729 
-4 -4 6 1 40.2322 25.9156 
-4 4 6 1 0.158364 0.742653 
-3.57895 4 6 1 0.109544 0.764803 
-3.15789 4 6 1 0.0570443 0.788623 
-2.73684 4 6 1 0.000434504 0.814308 
-2.31579 4 6 1 -0.0607883 0.842086 
-1.89474 4 6 1 -0.127212 0.872223 
-1.47368 4 6 1 -0.199528 0.905034 
-1.05263 4 6 1 -0.278558 0.940892 
-0.631579 4 6 1 -0.365282 0.98024 
-0.210526 4 6 1 -0.46088 1.02361 
0.210526 4 6 1 -0.566789 1.07167 
0.631579 4 6 1 -0.684772 1.1252 
1.05263 4 6 1 -0.817018 1.1852 
1.47368 4 6 1 -0.96628 1.25292 
1.89474 4 6 1 -1.13607 1.32996 
2.31579 4 6 1 -1.33093 1.41837 
2.73684 4 6 1 -1.55686 1.52088 
3.15789 4 6 1 -1.82193 1.64114 
3.57895 4 6 1 -2.13728 1.78423 
4 4 6 1 -2.51872 1.95729 
