0.0274189 -0.269283 0.0655076 0.257348 0 
-0.014006 -0.271954 0.0283345 0.275445 1 
-0.0590536 -0.274859 -0.0118637 0.295015 2 
-0.108221 -0.27803 -0.055472 0.316245 3 
-0.162099 -0.281505 -0.102943 0.339356 4 
-0.221401 -0.285329 -0.154815 0.364609 5 
-0.286987 -0.289559 -0.211729 0.392317 6 
-0.359914 -0.294262 -0.274457 0.422855 7 
-0.441486 -0.299522 -0.343939 0.456681 8 
-0.533338 -0.305446 -0.421327 0.494357 9 
-0.637543 -0.312166 -0.508052 0.536578 10 
-0.756773 -0.319855 -0.605913 0.58422 11 
-0.894531 -0.328739 -0.717201 0.638399 12 
-1.0555 -0.33912 -0.844883 0.700559 13 
-1.24608 -0.35141 -0.992871 0.772605 14 
-1.47528 -0.366191 -1.16643 0.857098 15 
-1.75616 -0.384305 -1.3728 0.957568 16 
-2.1084 -0.407021 -1.62228 1.07902 17 
-2.56319 -0.43635 -1.92993 1.2288 18 
-3.17291 -0.47567 -2.31879 1.41811 19 
3.65057 -1.05347 2.93024 1.08385 20 
4.2401 -1.24324 3.24024 1.29268 21 
5.16957 -1.54242 3.67006 1.58223 22 
6.85212 -2.08402 4.30583 2.01052 23 
10.8262 -3.36325 5.34219 2.70867 24 
31.7667 -10.1038 7.33188 4.04903 25 
0.0274189 -0.269283 0.0655076 0.257348 40 
0.0711429 -0.278746 0.107835 0.26956 41 
0.118779 -0.289057 0.153686 0.282788 42 
0.170876 -0.300332 0.20352 0.297166 43 
0.228092 -0.312716 0.257879 0.312849 44 
0.29122 -0.326379 0.317409 0.330024 45 
0.361226 -0.341532 0.382884 0.348914 46 
0.4393 -0.35843 0.455242 0.36979 47 
0.526922 -0.377394 0.535628 0.392982 48 
0.625956 -0.398829 0.625458 0.418898 49 
0.738788 -0.42325 0.726498 0.44805 50 
0.868517 -0.451329 0.840987 0.481081 51 
1.01925 -0.483952 0.971803 0.518822 52 
1.19652 -0.522322 1.1227 0.562359 53 
1.40804 -0.568102 1.2987 0.613136 54 
1.66478 -0.62367 1.50663 0.673124 55 
1.98297 -0.692539 1.75603 0.745079 56 
2.38769 -0.780135 2.0607 0.832979 57 
2.91977 -0.895298 2.4413 0.942785 58 
3.65057 -1.05347 2.93024 1.08385 59 
-3.17291 -0.47567 -2.31879 1.41811 60 
-3.63178 -0.565671 -2.52521 1.64655 61 
-4.33545 -0.703686 -2.8078 1.95928 62 
-5.55107 -0.942113 -3.21828 2.41355 63 
-8.1568 -1.45319 -3.86886 3.13352 64 
-17.7209 -3.32905 -5.05726 4.44869 65 
