112.744 13.627 27.0897 25.3282 3 
9.60694 1.16374 8.01997 7.59833 4 
4.93884 0.599648 4.64825 4.46352 5 
3.28746 0.400094 3.24279 3.15681 6 
2.44265 0.298007 2.47192 2.44009 7 
1.92948 0.235995 1.98499 1.98738 8 
1.5847 0.194332 1.64953 1.67549 9 
1.33712 0.164414 1.40438 1.44756 10 
1.15071 0.141887 1.21739 1.27371 11 
1.00529 0.124315 1.07006 1.13673 12 
0.888676 0.110224 0.950982 1.02602 13 
0.793087 0.0986725 0.852742 0.934684 14 
0.713304 0.0890316 0.770309 0.858043 15 
0.645707 0.0808631 0.700152 0.792816 16 
0.587702 0.0738537 0.639719 0.736629 17 
0.537382 0.067773 0.58712 0.687726 18 
0.493315 0.062448 0.540924 0.644775 19 
-10.1135 3.63453 -6.54841 10.5226 27 
-4.82713 1.69238 -3.67011 5.76469 28 
-3.21107 1.09865 -2.58214 3.96627 29 
-2.4279 0.810915 -2.01036 3.02111 30 
-1.96565 0.641091 -1.65784 2.4384 31 
-1.66062 0.529024 -1.41876 2.0432 32 
-1.44425 0.449532 -1.24595 1.75754 33 
-1.28279 0.390213 -1.11521 1.54143 34 
-1.1577 0.344254 -1.01285 1.37221 35 
-1.05792 0.307598 -0.930521 1.23613 36 
-0.97649 0.277679 -0.862876 1.12431 37 
-0.908764 0.252798 -0.806308 1.03081 38 
-0.851554 0.231779 -0.7583 0.951448 39 
0.493315 0.062448 0.540924 0.644775 60 
0.436067 0.0696561 0.485349 0.657893 61 
0.377588 0.077019 0.428605 0.671287 62 
0.317841 0.0845418 0.370656 0.684966 63 
0.256783 0.0922296 0.311462 0.698938 64 
0.194369 0.100088 0.250983 0.713214 65 
0.130556 0.108123 0.189177 0.727803 66 
0.0652942 0.11634 0.125999 0.742715 67 
-0.0014652 0.124745 0.0614031 0.757963 68 
-0.0697746 0.133346 -0.00465888 0.773556 69 
-0.139689 0.142149 -0.0722374 0.789508 70 
-0.211264 0.151161 -0.141385 0.80583 71 
-0.284562 0.16039 -0.212158 0.822535 72 
-0.359644 0.169843 -0.284613 0.839638 73 
-0.436577 0.17953 -0.358812 0.857152 74 
-0.51543 0.189458 -0.434818 0.875092 75 
-0.596276 0.199637 -0.512698 0.893475 76 
-0.679191 0.210077 -0.592521 0.912317 77 
-0.764255 0.220787 -0.674363 0.931635 78 
-0.851554 0.231779 -0.7583 0.951448 79 
