-4 -4 2 1 6.92353 -0.967535 
-4 -3.57895 2 1 4.55434 -0.598824 
-4 -3.15789 2 1 3.31584 -0.40608 
-4 -2.73684 2 1 2.55453 -0.287601 
-4 -2.31579 2 1 2.03918 -0.207398 
-4 -1.89474 2 1 1.66717 -0.149503 
-4 -1.47368 2 1 1.386 -0.105745 
-4 -1.05263 2 1 1.16601 -0.0715087 
-4 -0.631579 2 1 0.989194 -0.0439917 
-4 -0.210526 2 1 0.843981 -0.0213926 
-4 0.210526 2 1 0.722591 -0.00250103 
-4 0.631579 2 1 0.619606 0.0135261 
-4 1.05263 2 1 0.531136 0.0272945 
-4 1.47368 2 1 0.454314 0.0392501 
-4 1.89474 2 1 0.386981 0.0497288 
-4 2.31579 2 1 0.327482 0.0589885 
-4 2.73684 2 1 0.274525 0.06723 
-4 3.15789 2 1 0.227087 0.0746127 
-4 3.57895 2 1 0.184348 0.0812641 
-4 4 2 1 0.145642 0.0872877 
4 0.210526 2 1 -79.9846 -9.85516 
4 0.631579 2 1 -9.90064 -0.966176 
4 1.05263 2 1 -5.55545 -0.415061 
4 1.47368 2 1 -3.9848 -0.21585 
4 1.89474 2 1 -3.17434 -0.113057 
4 2.31579 2 1 -2.67972 -0.0503229 
4 2.73684 2 1 -2.34642 -0.00804909 
4 3.15789 2 1 -2.10658 0.0223704 
4 3.57895 2 1 -1.92573 0.0453086 
4 4 2 1 -1.78448 0.0632232 
-4 -4 2 1 6.92353 -0.967535 
-3.57895 -4 2 1 9.09183 -1.4052 
-3.15789 -4 2 1 14.2472 -2.44579 
-2.73684 -4 2 1 42.2256 -8.09311 
-4 4 2 1 0.145642 0.0872877 
-3.57895 4 2 1 0.100512 0.086725 
-3.15789 4 2 1 0.0525065 0.0861265 
-2.73684 4 2 1 0.00134132 0.0854886 
-2.31579 4 2 1 -0.0533057 0.0848072 
-1.89474 4 2 1 -0.111803 0.0840779 
-1.47368 4 2 1 -0.174571 0.0832953 
-1.05263 4 2 1 -0.242097 0.0824534 
-0.631579 4 2 1 -0.314942 0.0815452 
-0.210526 4 2 1 -0.39376 0.0805625 
0.210526 4 2 1 -0.479318 0.0794958 
0.631579 4 2 1 -0.572519 0.0783338 
1.05263 4 2 1 -0.674435 0.0770631 
1.47368 4 2 1 -0.786347 0.0756678 
1.89474 4 2 1 -0.909804 0.0741285 
2.31579 4 2 1 -1.04669 0.0724219 
2.73684 4 2 1 -1.19931 0.070519 
3.15789 4 2 1 -1.37057 0.0683838 
3.57895 4 2 1 -1.56408 0.0659712 
4 4 2 1 -1.78448 0.0632232 
-4 -4 6 1 91.1848 53.0191 
-4 -3.57895 6 1 12.8407 7.9599 
-4 -3.15789 6 1 6.6361 4.39134 
-4 -2.73684 6 1 4.34357 3.0728 
-4 -2.31579 6 1 3.15004 2.38635 
-4 -1.89474 6 1 2.41805 1.96534 
-4 -1.47368 6 1 1.92325 1.68076 
-4 -1.05263 6 1 1.56643 1.47554 
-4 -0.631579 6 1 1.29694 1.32054 
-4 -0.210526 6 1 1.08622 1.19935 
-4 0.210526 6 1 0.916923 1.10198 
-4 0.631579 6 1 0.777936 1.02204 
-4 1.05263 6 1 0.661785 0.955235 
-4 1.47368 6 1 0.563271 0.898575 
-4 1.89474 6 1 0.47866 0.849911 
-4 2.31579 6 1 0.405202 0.807662 
-4 2.73684 6 1 0.340828 0.770638 
-4 3.15789 6 1 0.283952 0.737926 
-4 3.57895 6 1 0.233336 0.708815 
-4 4 6 1 0.188 0.68274 
4 1.05263 6 1 -99.7826 91.2165 
4 1.47368 6 1 -10.7435 9.4868 
4 1.89474 6 1 -5.96112 5.09702 
4 2.31579 6 1 -4.25075 3.52705 
4 2.73684 6 1 -3.37196 2.72041 
4 3.15789 6 1 -2.83689 2.22926 
4 3.57895 6 1 -2.47686 1.89879 
4 4 6 1 -2.21805 1.66123 
-4 -4 6 1 91.1848 53.0191 
-4 4 6 1 0.188 0.68274 
-3.57895 4 6 1 0.139405 0.702502 
-3.15789 4 6 1 0.0873653 0.723666 
-2.73684 4 6 1 0.0315 0.746385 
-2.31579 4 6 1 -0.0286285 0.770838 
-1.89474 4 6 1 -0.0935274 0.797231 
-1.47368 4 6 1 -0.163788 0.825804 
-1.05263 4 6 1 -0.240103 0.85684 
-0.631579 4 6 1 -0.323292 0.890671 
-0.210526 4 6 1 -0.414324 0.927692 
0.210526 4 6 1 -0.514367 0.968377 
0.631579 4 6 1 -0.624825 1.0133 
1.05263 4 6 1 -0.747417 1.06315 
1.47368 4 6 1 -0.884256 1.1188 
1.89474 4 6 1 -1.03798 1.18132 
2.31579 4 6 1 -1.21192 1.25206 
2.73684 4 6 1 -1.41034 1.33275 
3.15789 4 6 1 -1.63881 1.42566 
3.57895 4 6 1 -1.90471 1.5338 
4 4 6 1 -2.21805 1.66123 
