1.1819 0.0793393 1.05669 1.00583 0 
1.05339 0.0668277 0.935367 0.966366 1 
0.932448 0.0550517 0.82099 0.929157 2 
0.818408 0.0439481 0.712977 0.894019 3 
0.7107 0.0334611 0.610812 0.860783 4 
0.608811 0.0235406 0.514032 0.829299 5 
0.512282 0.014142 0.422223 0.799432 6 
0.420701 0.00522514 0.33501 0.77106 7 
0.333696 -0.00324612 0.252058 0.744074 8 
0.250934 -0.0113044 0.173062 0.718376 9 
0.17211 -0.018979 0.0977444 0.693874 10 
0.0969511 -0.0262969 0.0258551 0.670487 11 
0.0252068 -0.0332824 -0.0428351 0.648141 12 
-0.0433502 -0.0399575 -0.108535 0.626768 13 
-0.108928 -0.0463425 -0.171436 0.606305 14 
-0.171716 -0.0524559 -0.231712 0.586696 15 
-0.231889 -0.0583147 -0.289526 0.567888 16 
-0.289607 -0.0639344 -0.345024 0.549834 17 
-0.345018 -0.0693295 -0.398344 0.532488 18 
-0.398256 -0.0745131 -0.44961 0.51581 19 
1.1819 0.0793393 1.05669 1.00583 40 
1.27287 0.0875388 1.13195 1.10926 41 
1.3855 0.0976897 1.22451 1.23647 42 
1.52855 0.110583 1.3411 1.39669 43 
1.71628 0.127503 1.49247 1.60473 44 
1.9735 0.150686 1.69694 1.88572 45 
2.34755 0.184398 1.98835 2.2862 46 
2.94141 0.237922 2.43715 2.90298 47 
4.02944 0.335985 3.21803 3.97613 48 
6.66805 0.573799 4.91596 6.30958 49 
22.3884 1.99065 11.4443 15.2814 50 
-0.398256 -0.0745131 -0.44961 0.51581 60 
-0.44478 -0.0794403 -0.498491 0.548159 61 
-0.497687 -0.0850436 -0.553943 0.584857 62 
-0.558388 -0.0914724 -0.617387 0.626844 63 
-0.628742 -0.0989235 -0.690686 0.675353 64 
-0.71125 -0.107662 -0.776329 0.732031 65 
-0.809361 -0.118053 -0.877721 0.799132 66 
-0.927962 -0.130613 -0.999645 0.879821 67 
-1.07422 -0.146103 -1.14904 0.978691 68 
-1.25909 -0.165682 -1.33637 1.10267 69 
-1.50017 -0.191215 -1.5782 1.2627 70 
-1.82772 -0.225906 -1.90232 1.47721 71 
-2.29842 -0.275756 -2.35939 1.7797 72 
-3.03232 -0.353484 -3.05231 2.23826 73 
-4.33592 -0.491546 -4.22705 3.0157 74 
-7.29328 -0.804756 -6.6541 4.62192 75 
-20.51 -2.20452 -14.6215 9.8947 76 
