0.714995 0.040186 0.640556 0.748479 0 
0.640569 0.0327031 0.566425 0.741588 1 
0.566026 0.0252084 0.492178 0.734686 2 
0.491365 0.0177018 0.417814 0.727773 3 
0.416585 0.0101834 0.343333 0.720849 4 
0.341688 0.00265301 0.268734 0.713915 5 
0.266671 -0.00488927 0.194018 0.70697 6 
0.191536 -0.0124435 0.119184 0.700013 7 
0.116281 -0.0200097 0.0442313 0.693046 8 
0.0409071 -0.027588 -0.0308396 0.686067 9 
-0.0345869 -0.0351783 -0.106029 0.679078 10 
-0.110201 -0.0427806 -0.181338 0.672077 11 
-0.185936 -0.0503951 -0.256766 0.665066 12 
-0.261791 -0.0580217 -0.332314 0.658043 13 
-0.337767 -0.0656605 -0.407981 0.651009 14 
-0.413864 -0.0733115 -0.483769 0.643964 15 
-0.490083 -0.0809747 -0.559677 0.636908 16 
-0.566424 -0.0886501 -0.635706 0.629841 17 
-0.642887 -0.0963378 -0.711856 0.622762 18 
-0.719473 -0.104038 -0.788128 0.615672 19 
0.714995 0.040186 0.640556 0.748479 40 
0.774016 0.0440838 0.693243 0.809742 41 
0.843503 0.0486728 0.755221 0.881807 42 
0.92651 0.0541546 0.829184 0.967808 43 
1.02741 0.0608179 0.91898 1.07222 44 
1.15268 0.0690909 1.0303 1.20166 45 
1.31236 0.0796368 1.17195 1.36636 46 
1.52291 0.0935416 1.35825 1.58299 47 
1.81322 0.112714 1.6143 1.88071 48 
2.23921 0.140846 1.98828 2.31555 49 
2.92499 0.186136 2.586 3.01056 50 
4.21249 0.271164 3.69399 4.29889 51 
7.51262 0.489107 6.45234 7.50619 52 
34.4343 2.26704 25.3064 29.4289 53 
-0.719473 -0.104038 -0.788128 0.615672 60 
-0.778222 -0.112014 -0.852224 0.667003 61 
-0.847575 -0.121431 -0.927824 0.727546 62 
-0.930689 -0.132715 -1.01833 0.800026 63 
-1.03211 -0.146485 -1.12863 0.88836 64 
-1.15863 -0.163664 -1.26602 0.998387 65 
-1.32089 -0.185694 -1.44188 1.13922 66 
-1.53652 -0.214971 -1.67498 1.32589 67 
-1.83704 -0.255774 -1.99871 1.58515 68 
-2.28486 -0.316575 -2.4787 1.96955 69 
-3.02342 -0.416852 -3.26405 2.59848 70 
-4.47199 -0.613529 -4.78207 3.81417 71 
-8.60199 -1.17427 -8.95452 7.15562 72 
-115.414 -15.6765 -71.171 56.9809 73 
