-4 -4 2 1 -2.14307 -0.264978 
-4 -3.57895 2 1 -2.34308 -0.275417 
-4 -3.15789 2 1 -2.60945 -0.289319 
-4 -2.73684 2 1 -2.98179 -0.308751 
-4 -2.31579 2 1 -3.53905 -0.337834 
-4 -1.89474 2 1 -4.46446 -0.386132 
-4 -1.47368 2 1 -6.30283 -0.482077 
-4 -1.05263 2 1 -11.7204 -0.764821 
-4 -0.631579 2 1 -414.593 -21.7908 
4 -4 2 1 0.0932879 -0.119978 
4 -3.57895 2 1 0.132595 -0.116588 
4 -3.15789 2 1 0.175807 -0.112862 
4 -2.73684 2 1 0.223534 -0.108746 
4 -2.31579 2 1 0.276523 -0.104177 
4 -1.89474 2 1 0.335697 -0.0990743 
4 -1.47368 2 1 0.402204 -0.0933393 
4 -1.05263 2 1 0.477498 -0.0868465 
4 -0.631579 2 1 0.563444 -0.0794353 
4 -0.210526 2 1 0.662473 -0.0708958 
4 0.210526 2 1 0.777819 -0.0609493 
4 0.631579 2 1 0.913878 -0.0492166 
4 1.05263 2 1 1.07678 -0.0351694 
4 1.47368 2 1 1.27533 -0.0180476 
4 1.89474 2 1 1.52269 0.00328205 
4 2.31579 2 1 1.83935 0.0305882 
4 2.73684 2 1 2.25919 0.066792 
4 3.15789 2 1 2.84246 0.117089 
4 3.57895 2 1 3.70765 0.191696 
4 4 2 1 5.1243 0.313856 
-4 -4 2 1 -2.14307 -0.264978 
-3.57895 -4 2 1 -1.84596 -0.245714 
-3.15789 -4 2 1 -1.59523 -0.229457 
-2.73684 -4 2 1 -1.38082 -0.215556 
-2.31579 -4 2 1 -1.19537 -0.203531 
-1.89474 -4 2 1 -1.03338 -0.193028 
-1.47368 -4 2 1 -0.890659 -0.183775 
-1.05263 -4 2 1 -0.76397 -0.17556 
-0.631579 -4 2 1 -0.650753 -0.16822 
-0.210526 -4 2 1 -0.548966 -0.16162 
0.210526 -4 2 1 -0.456962 -0.155655 
0.631579 -4 2 1 -0.373396 -0.150236 
1.05263 -4 2 1 -0.297158 -0.145293 
1.47368 -4 2 1 -0.227323 -0.140765 
1.89474 -4 2 1 -0.163119 -0.136603 
2.31579 -4 2 1 -0.103889 -0.132762 
2.73684 -4 2 1 -0.0490788 -0.129208 
3.15789 -4 2 1 0.00178974 -0.12591 
3.57895 -4 2 1 0.0491268 -0.122841 
4 -4 2 1 0.0932879 -0.119978 
2.31579 4 2 1 71.9041 6.55597 
2.73684 4 2 1 14.3284 1.17419 
3.15789 4 2 1 8.50277 0.629652 
3.57895 4 2 1 6.28977 0.422796 
4 4 2 1 5.1243 0.313856 
-4 -4 6 1 -1.87217 1.00247 
-4 -3.57895 6 1 -2.00333 1.1405 
-4 -3.15789 6 1 -2.16877 1.31462 
-4 -2.73684 6 1 -2.38396 1.54109 
-4 -2.31579 6 1 -2.67531 1.84773 
-4 -1.89474 6 1 -3.09195 2.28622 
-4 -1.47368 6 1 -3.73684 2.96494 
-4 -1.05263 6 1 -4.8683 4.15574 
-4 -0.631579 6 1 -7.37056 6.78924 
-4 -0.210526 6 1 -17.5627 17.516 
4 -4 6 1 0.0505127 0.384894 
4 -3.57895 6 1 0.0851371 0.410222 
4 -3.15789 6 1 0.122944 0.437879 
4 -2.73684 6 1 0.164392 0.4682 
4 -2.31579 6 1 0.210036 0.50159 
4 -1.89474 6 1 0.260545 0.538539 
4 -1.47368 6 1 0.316742 0.579648 
4 -1.05263 6 1 0.379644 0.625663 
4 -0.631579 6 1 0.450528 0.677517 
4 -0.210526 6 1 0.531016 0.736397 
4 0.210526 6 1 0.623202 0.803833 
4 0.631579 6 1 0.729835 0.881839 
4 1.05263 6 1 0.854601 0.973109 
4 1.47368 6 1 1.00255 1.08134 
4 1.89474 6 1 1.18082 1.21175 
4 2.31579 6 1 1.39978 1.37193 
4 2.73684 6 1 1.67517 1.57338 
4 3.15789 6 1 2.03201 1.83442 
4 3.57895 6 1 2.51273 2.18608 
4 4 6 1 3.19537 2.68545 
-4 -4 6 1 -1.87217 1.00247 
-3.57895 -4 6 1 -1.64082 0.928158 
-3.15789 -4 6 1 -1.44033 0.863759 
-2.73684 -4 6 1 -1.26491 0.807413 
-2.31579 -4 6 1 -1.11013 0.757698 
-1.89474 -4 6 1 -0.972558 0.713508 
-1.47368 -4 6 1 -0.849468 0.673971 
-1.05263 -4 6 1 -0.738691 0.638389 
-0.631579 -4 6 1 -0.638466 0.606196 
-0.210526 -4 6 1 -0.547355 0.576931 
0.210526 -4 6 1 -0.464168 0.550211 
0.631579 -4 6 1 -0.387915 0.525718 
1.05263 -4 6 1 -0.317763 0.503185 
1.47368 -4 6 1 -0.253009 0.482386 
1.89474 -4 6 1 -0.193052 0.463128 
2.31579 -4 6 1 -0.137379 0.445245 
2.73684 -4 6 1 -0.085546 0.428596 
3.15789 -4 6 1 -0.0371691 0.413057 
3.57895 -4 6 1 0.00808627 0.398521 
4 -4 6 1 0.0505127 0.384894 
1.47368 4 6 1 29.8932 42.4136 
1.89474 4 6 1 9.67854 12.3328 
2.31579 4 6 1 6.23092 7.20255 
2.73684 4 6 1 4.80463 5.08014 
3.15789 4 6 1 4.025 3.92 
3.57895 4 6 1 3.53353 3.18866 
4 4 6 1 3.19537 2.68545 
