-0.416603 -0.0256008 -0.344855 0.550949 20 
-0.362725 -0.0303516 -0.292072 0.557094 21 
-0.306715 -0.0352905 -0.237297 0.563471 22 
-0.248444 -0.0404287 -0.180413 0.570094 23 
-0.187772 -0.0457785 -0.121298 0.576976 24 
-0.124548 -0.0513535 -0.0598166 0.584134 25 
-0.0586078 -0.057168 0.00417544 0.591584 26 
0.0102283 -0.0632378 0.0708353 0.599344 27 
0.0821551 -0.0695801 0.140333 0.607435 28 
0.157385 -0.0762138 0.212855 0.615878 29 
0.236152 -0.0831592 0.288601 0.624697 30 
0.318711 -0.0904391 0.367793 0.633916 31 
0.405342 -0.098078 0.45067 0.643565 32 
0.496355 -0.106103 0.537496 0.653673 33 
0.59209 -0.114545 0.62856 0.664275 34 
0.692925 -0.123436 0.724181 0.675407 35 
0.799278 -0.132814 0.824709 0.687111 36 
0.911615 -0.14272 0.930531 0.699431 37 
1.03046 -0.153199 1.04208 0.712417 38 
1.15638 -0.164303 1.15982 0.726125 39 
-25.2013 2.70281 -8.82689 9.10253 43 
-7.80705 0.78797 -4.72694 4.96896 44 
-4.51768 0.425863 -3.1676 3.39684 45 
-3.12616 0.272679 -2.34596 2.56846 46 
-2.35775 0.188089 -1.83867 2.05702 47 
-1.87047 0.134447 -1.49431 1.70983 48 
-1.53391 0.097397 -1.24523 1.45871 49 
-1.2875 0.0702711 -1.0567 1.26863 50 
-1.0993 0.0495531 -0.909036 1.11976 51 
-0.950857 0.0332122 -0.790246 0.999992 52 
-0.830783 0.0199939 -0.692616 0.901562 53 
-0.731652 0.00908114 -0.610955 0.819231 54 
-0.648424 -8.08715e-05 -0.541642 0.749349 55 
-0.577558 -0.00788216 -0.482072 0.689291 56 
-0.516489 -0.0146049 -0.430325 0.63712 57 
-0.463316 -0.0204583 -0.384957 0.59138 58 
-0.416603 -0.0256008 -0.344855 0.550949 59 
17.7603 -1.3194 7.86603 7.2543 69 
6.21807 -0.516436 4.54047 4.01703 70 
3.86471 -0.352716 3.24682 2.75771 71 
2.85144 -0.282225 2.55862 2.08778 72 
2.2873 -0.242979 2.13143 1.67193 73 
1.92784 -0.217972 1.84043 1.38866 74 
1.67878 -0.200645 1.62945 1.18328 75 
1.49603 -0.187931 1.46947 1.02755 76 
1.35621 -0.178205 1.34399 0.905405 77 
1.24579 -0.170523 1.24295 0.80704 78 
1.15638 -0.164303 1.15982 0.726125 79 
