-4 -4 2 1 4.76992 0.561622 
-4 -3.57895 2 1 3.54008 0.484452 
-4 -3.15789 2 1 2.75357 0.4351 
-4 -2.73684 2 1 2.20727 0.40082 
-4 -2.31579 2 1 1.80572 0.375624 
-4 -1.89474 2 1 1.49811 0.356322 
-4 -1.47368 2 1 1.25494 0.341063 
-4 -1.05263 2 1 1.05787 0.328698 
-4 -0.631579 2 1 0.894937 0.318474 
-4 -0.210526 2 1 0.757969 0.309879 
-4 0.210526 2 1 0.64122 0.302553 
-4 0.631579 2 1 0.540521 0.296235 
-4 1.05263 2 1 0.452775 0.290729 
-4 1.47368 2 1 0.375633 0.285888 
-4 1.89474 2 1 0.307284 0.281599 
-4 2.31579 2 1 0.246304 0.277773 
-4 2.73684 2 1 0.191564 0.274338 
-4 3.15789 2 1 0.142151 0.271237 
-4 3.57895 2 1 0.0973246 0.268425 
-4 4 2 1 0.0564742 0.265861 
4 1.05263 2 1 -76.558 10.1348 
4 1.47368 2 1 -11.3622 1.59157 
4 1.89474 2 1 -6.48702 0.952732 
4 2.31579 2 1 -4.69579 0.71801 
4 2.73684 2 1 -3.76539 0.596091 
4 3.15789 2 1 -3.19549 0.521413 
4 3.57895 2 1 -2.81058 0.470974 
4 4 2 1 -2.53316 0.434621 
-4 -4 2 1 4.76992 0.561622 
-3.57895 -4 2 1 5.80732 0.672311 
-3.15789 -4 2 1 7.71591 0.875954 
-2.73684 -4 2 1 12.3873 1.37439 
-2.31579 -4 2 1 41.5411 4.48504 
-4 4 2 1 0.0564742 0.265861 
-3.57895 4 2 1 0.0115721 0.268788 
-3.15789 4 2 1 -0.036805 0.27194 
-2.73684 4 2 1 -0.0890766 0.275347 
-2.31579 4 2 1 -0.145733 0.279039 
-1.89474 4 2 1 -0.207349 0.283054 
-1.47368 4 2 1 -0.274608 0.287437 
-1.05263 4 2 1 -0.348319 0.292241 
-0.631579 4 2 1 -0.429461 0.297528 
-0.210526 4 2 1 -0.519214 0.303377 
0.210526 4 2 1 -0.619028 0.309882 
0.631579 4 2 1 -0.730693 0.317159 
1.05263 4 2 1 -0.856454 0.325355 
1.47368 4 2 1 -0.999161 0.334654 
1.89474 4 2 1 -1.16248 0.345298 
2.31579 4 2 1 -1.35124 0.357599 
2.73684 4 2 1 -1.57187 0.371977 
3.15789 4 2 1 -1.8332 0.389007 
3.57895 4 2 1 -2.14762 0.409497 
4 4 2 1 -2.53316 0.434621 
-4 -4 6 1 15.7069 13.0874 
-4 -3.57895 6 1 7.78334 6.91528 
-4 -3.15789 6 1 4.9945 4.74287 
-4 -2.73684 6 1 3.57064 3.63373 
-4 -2.31579 6 1 2.70666 2.96072 
-4 -1.89474 6 1 2.12659 2.50887 
-4 -1.47368 6 1 1.71024 2.18455 
-4 -1.05263 6 1 1.39687 1.94044 
-4 -0.631579 6 1 1.15247 1.75006 
-4 -0.210526 6 1 0.956537 1.59744 
-4 0.210526 6 1 0.795949 1.47234 
-4 0.631579 6 1 0.661935 1.36795 
-4 1.05263 6 1 0.548402 1.27951 
-4 1.47368 6 1 0.450989 1.20363 
-4 1.89474 6 1 0.36649 1.13781 
-4 2.31579 6 1 0.292497 1.08017 
-4 2.73684 6 1 0.227165 1.02928 
-4 3.15789 6 1 0.169057 0.984016 
-4 3.57895 6 1 0.117038 0.943496 
-4 4 6 1 0.0701991 0.90701 
4 2.31579 6 1 -21.027 20.7182 
4 2.73684 6 1 -9.13972 8.65187 
4 3.15789 6 1 -6.05925 5.52498 
4 3.57895 6 1 -4.64409 4.0885 
4 4 6 1 -3.83119 3.26334 
-4 -4 6 1 15.7069 13.0874 
-3.57895 -4 6 1 58.0226 50.8773 
-4 4 6 1 0.0701991 0.90701 
-3.57895 4 6 1 0.0201385 0.937245 
-3.15789 4 6 1 -0.0343128 0.970132 
-2.73684 4 6 1 -0.0937589 1.00604 
-2.31579 4 6 1 -0.15892 1.04539 
-1.89474 4 6 1 -0.230662 1.08872 
-1.47368 4 6 1 -0.310035 1.13666 
-1.05263 4 6 1 -0.398325 1.18999 
-0.631579 4 6 1 -0.497123 1.24966 
-0.210526 4 6 1 -0.608425 1.31688 
0.210526 4 6 1 -0.734764 1.39319 
0.631579 4 6 1 -0.87941 1.48055 
1.05263 4 6 1 -1.04665 1.58156 
1.47368 4 6 1 -1.24223 1.69968 
1.89474 4 6 1 -1.47402 1.83967 
2.31579 4 6 1 -1.75309 2.00823 
2.73684 4 6 1 -2.09557 2.21508 
3.15789 4 6 1 -2.52582 2.47494 
3.57895 4 6 1 -3.08257 2.8112 
4 4 6 1 -3.83119 3.26334 
