-4 -4 2 1 -0.232658 0.23933 
-4 -3.57895 2 1 -0.27166 0.249421 
-4 -3.15789 2 1 -0.315356 0.260727 
-4 -2.73684 2 1 -0.364648 0.27348 
-4 -2.31579 2 1 -0.420683 0.287978 
-4 -1.89474 2 1 -0.484948 0.304605 
-4 -1.47368 2 1 -0.559399 0.323867 
-4 -1.05263 2 1 -0.646666 0.346445 
-4 -0.631579 2 1 -0.75037 0.373277 
-4 -0.210526 2 1 -0.875637 0.405687 
-4 0.210526 2 1 -1.02998 0.445618 
-4 0.631579 2 1 -1.22483 0.496033 
-4 1.05263 2 1 -1.47857 0.561682 
-4 1.47368 2 1 -1.82263 0.650701 
-4 1.89474 2 1 -2.3157 0.77827 
-4 2.31579 2 1 -3.0813 0.976353 
-4 2.73684 2 1 -4.43171 1.32574 
-4 3.15789 2 1 -7.45101 2.10692 
-4 3.57895 2 1 -20.2364 5.41486 
4 -4 2 1 1.43904 0.192725 
4 -3.57895 2 1 1.54654 0.207047 
4 -3.15789 2 1 1.68039 0.224881 
4 -2.73684 2 1 1.85163 0.247696 
4 -2.31579 2 1 2.07847 0.277921 
4 -1.89474 2 1 2.39326 0.319863 
4 -1.47368 2 1 2.85942 0.381974 
4 -1.05263 2 1 3.62073 0.483409 
4 -0.631579 2 1 5.08728 0.67881 
4 -0.210526 2 1 9.08463 1.21141 
4 0.210526 2 1 63.3752 8.44501 
-4 -4 2 1 -0.232658 0.23933 
-3.57895 -4 2 1 -0.183474 0.237959 
-3.15789 -4 2 1 -0.131819 0.236519 
-2.73684 -4 2 1 -0.0775029 0.235005 
-2.31579 -4 2 1 -0.0203142 0.23341 
-1.89474 -4 2 1 0.0399811 0.231729 
-1.47368 -4 2 1 0.103643 0.229954 
-1.05263 -4 2 1 0.170962 0.228078 
-0.631579 -4 2 1 0.242263 0.22609 
-0.210526 -4 2 1 0.317908 0.223981 
0.210526 -4 2 1 0.398309 0.221739 
0.631579 -4 2 1 0.483928 0.219352 
1.05263 -4 2 1 0.575289 0.216805 
1.47368 -4 2 1 0.672991 0.214082 
1.89474 -4 2 1 0.777718 0.211162 
2.31579 -4 2 1 0.890255 0.208024 
2.73684 -4 2 1 1.01151 0.204644 
3.15789 -4 2 1 1.14254 0.200991 
3.57895 -4 2 1 1.28457 0.197031 
4 -4 2 1 1.43904 0.192725 
-4 -4 6 1 -0.195365 0.843151 
-4 -3.57895 6 1 -0.234579 0.890315 
-4 -3.15789 6 1 -0.278829 0.943536 
-4 -2.73684 6 1 -0.329152 1.00406 
-4 -2.31579 6 1 -0.386891 1.07351 
-4 -1.89474 6 1 -0.453816 1.154 
-4 -1.47368 6 1 -0.532306 1.2484 
-4 -1.05263 6 1 -0.625645 1.36066 
-4 -0.631579 6 1 -0.738485 1.49638 
-4 -0.210526 6 1 -0.877653 1.66376 
-4 0.210526 6 1 -1.05358 1.87535 
-4 0.631579 6 1 -1.28304 2.15133 
-4 1.05263 6 1 -1.59486 2.52636 
-4 1.47368 6 1 -2.04307 3.06544 
-4 1.89474 6 1 -2.74223 3.90634 
-4 2.31579 6 1 -3.985 5.40105 
-4 2.73684 6 1 -6.80864 8.79713 
-4 3.15789 6 1 -19.5007 24.0623 
4 -4 6 1 1.70285 1.35171 
4 -3.57895 6 1 1.85672 1.51074 
4 -3.15789 6 1 2.05386 1.71448 
4 -2.73684 6 1 2.3155 1.98488 
4 -2.31579 6 1 2.67948 2.36106 
4 -1.89474 6 1 3.22046 2.92016 
4 -1.47368 6 1 4.10901 3.83847 
4 -1.05263 6 1 5.83863 5.62602 
4 -0.631579 6 1 10.6766 10.626 
4 -0.210526 6 1 101.219 104.201 
-4 -4 6 1 -0.195365 0.843151 
-3.57895 -4 6 1 -0.142208 0.857393 
-3.15789 -4 6 1 -0.0862123 0.872395 
-2.73684 -4 6 1 -0.0271461 0.88822 
-2.31579 -4 6 1 0.0352507 0.904937 
-1.89474 -4 6 1 0.101268 0.922624 
-1.47368 -4 6 1 0.171231 0.941368 
-1.05263 -4 6 1 0.245503 0.961267 
-0.631579 -4 6 1 0.324496 0.98243 
-0.210526 -4 6 1 0.408674 1.00498 
0.210526 -4 6 1 0.498565 1.02907 
0.631579 -4 6 1 0.594771 1.05484 
1.05263 -4 6 1 0.697983 1.08249 
1.47368 -4 6 1 0.808993 1.11223 
1.89474 -4 6 1 0.928722 1.14431 
2.31579 -4 6 1 1.05824 1.17901 
2.73684 -4 6 1 1.19879 1.21667 
3.15789 -4 6 1 1.35185 1.25768 
3.57895 -4 6 1 1.51918 1.3025 
4 -4 6 1 1.70285 1.35171 
