-4 -4 2 1 -8.76322 -0.364402 
-4 -3.57895 2 1 -12.8327 -0.474545 
-4 -3.15789 2 1 -27.1782 -0.862818 
4 -4 2 1 -0.173147 -0.226969 
4 -3.57895 2 1 -0.128606 -0.229027 
4 -3.15789 2 1 -0.0808983 -0.231232 
4 -2.73684 2 1 -0.0296733 -0.233598 
4 -2.31579 2 1 0.0254725 -0.236146 
4 -1.89474 2 1 0.0850073 -0.238897 
4 -1.47368 2 1 0.149477 -0.241876 
4 -1.05263 2 1 0.219521 -0.245112 
4 -0.631579 2 1 0.295895 -0.248641 
4 -0.210526 2 1 0.379499 -0.252504 
4 0.210526 2 1 0.471409 -0.256751 
4 0.631579 2 1 0.572929 -0.261442 
4 1.05263 2 1 0.685649 -0.26665 
4 1.47368 2 1 0.811529 -0.272466 
4 1.89474 2 1 0.953018 -0.279003 
4 2.31579 2 1 1.11321 -0.286405 
4 2.73684 2 1 1.29608 -0.294854 
4 3.15789 2 1 1.5068 -0.304591 
4 3.57895 2 1 1.75227 -0.315933 
4 4 2 1 2.04186 -0.329313 
-4 -4 2 1 -8.76322 -0.364402 
-3.57895 -4 2 1 -5.54358 -0.312891 
-3.15789 -4 2 1 -3.95807 -0.287524 
-2.73684 -4 2 1 -3.01439 -0.272426 
-2.31579 -4 2 1 -2.38842 -0.262411 
-1.89474 -4 2 1 -1.94284 -0.255283 
-1.47368 -4 2 1 -1.60948 -0.249949 
-1.05263 -4 2 1 -1.3507 -0.245809 
-0.631579 -4 2 1 -1.14398 -0.242502 
-0.210526 -4 2 1 -0.975053 -0.239799 
0.210526 -4 2 1 -0.83442 -0.237549 
0.631579 -4 2 1 -0.715522 -0.235647 
1.05263 -4 2 1 -0.613682 -0.234017 
1.47368 -4 2 1 -0.525475 -0.232606 
1.89474 -4 2 1 -0.448335 -0.231372 
2.31579 -4 2 1 -0.380302 -0.230284 
2.73684 -4 2 1 -0.319853 -0.229316 
3.15789 -4 2 1 -0.265787 -0.228451 
3.57895 -4 2 1 -0.217144 -0.227673 
4 -4 2 1 -0.173147 -0.226969 
1.05263 4 2 1 14.7795 -1.4375 
1.47368 4 2 1 6.6675 -0.73175 
1.89474 4 2 1 4.48723 -0.542063 
2.31579 4 2 1 3.4744 -0.453946 
2.73684 4 2 1 2.88936 -0.403047 
3.15789 4 2 1 2.50834 -0.369898 
3.57895 4 2 1 2.24047 -0.346592 
4 4 2 1 2.04186 -0.329313 
-4 -4 6 1 -3.96103 2.56635 
-4 -3.57895 6 1 -4.45047 3.10354 
-4 -3.15789 6 1 -5.17936 3.90353 
-4 -2.73684 6 1 -6.38027 5.22159 
-4 -2.31579 6 1 -8.73134 7.802 
-4 -1.89474 6 1 -15.4031 15.1246 
-4 -1.47368 6 1 -173.229 188.346 
4 -4 6 1 -0.145561 0.293297 
4 -3.57895 6 1 -0.104698 0.307494 
4 -3.15789 6 1 -0.061233 0.322593 
4 -2.73684 6 1 -0.0149113 0.338685 
4 -2.31579 6 1 0.0345587 0.355871 
4 -1.89474 6 1 0.0875095 0.374266 
4 -1.47368 6 1 0.144322 0.394003 
4 -1.05263 6 1 0.205434 0.415233 
4 -0.631579 6 1 0.271353 0.438134 
4 -0.210526 6 1 0.342669 0.462909 
4 0.210526 6 1 0.420075 0.4898 
4 0.631579 6 1 0.504383 0.519089 
4 1.05263 6 1 0.596562 0.551112 
4 1.47368 6 1 0.697766 0.58627 
4 1.89474 6 1 0.80939 0.625048 
4 2.31579 6 1 0.933131 0.668036 
4 2.73684 6 1 1.07107 0.715957 
4 3.15789 6 1 1.22581 0.769713 
4 3.57895 6 1 1.40061 0.830439 
4 4 6 1 1.59965 0.899585 
-4 -4 6 1 -3.96103 2.56635 
-3.57895 -4 6 1 -3.06927 2.03509 
-3.15789 -4 6 1 -2.46373 1.67434 
-2.73684 -4 6 1 -2.02565 1.41336 
-2.31579 -4 6 1 -1.69402 1.21579 
-1.89474 -4 6 1 -1.43424 1.06102 
-1.47368 -4 6 1 -1.22523 0.936508 
-1.05263 -4 6 1 -1.05345 0.834167 
-0.631579 -4 6 1 -0.909749 0.74856 
-0.210526 -4 6 1 -0.787773 0.675893 
0.210526 -4 6 1 -0.682938 0.613438 
0.631579 -4 6 1 -0.591869 0.559184 
1.05263 -4 6 1 -0.512021 0.511615 
1.47368 -4 6 1 -0.441441 0.469567 
1.89474 -4 6 1 -0.378604 0.432132 
2.31579 -4 6 1 -0.322301 0.398589 
2.73684 -4 6 1 -0.271564 0.368363 
3.15789 -4 6 1 -0.225607 0.340984 
3.57895 -4 6 1 -0.183784 0.316068 
4 -4 6 1 -0.145561 0.293297 
-0.210526 4 6 1 344.878 427.383 
0.210526 4 6 1 9.45398 10.6577 
0.631579 4 6 1 5.13541 5.29236 
1.05263 4 6 1 3.67106 3.47308 
1.47368 4 6 1 2.93415 2.55755 
1.89474 4 6 1 2.49047 2.00633 
2.31579 4 6 1 2.19404 1.63805 
2.73684 4 6 1 1.982 1.37461 
3.15789 4 6 1 1.82279 1.17681 
3.57895 4 6 1 1.69886 1.02284 
4 4 6 1 1.59965 0.899585 
