-0.61918 0.237438 -0.581154 0.970228 20 
-0.549776 0.231477 -0.50814 0.968091 21 
-0.479624 0.225451 -0.434302 0.965929 22 
-0.408713 0.219361 -0.359625 0.963743 23 
-0.337031 0.213204 -0.284095 0.961531 24 
-0.264564 0.206979 -0.207697 0.959295 25 
-0.1913 0.200687 -0.130416 0.957032 26 
-0.117225 0.194324 -0.0522369 0.954743 27 
-0.0423262 0.187891 0.0268563 0.952428 28 
0.0334106 0.181386 0.10688 0.950085 29 
0.109999 0.174807 0.18785 0.947714 30 
0.187455 0.168154 0.269783 0.945315 31 
0.265791 0.161426 0.352697 0.942888 32 
0.345024 0.154621 0.43661 0.940431 33 
0.425169 0.147737 0.52154 0.937945 34 
0.506242 0.140773 0.607505 0.935428 35 
0.588258 0.133729 0.694525 0.93288 36 
0.671236 0.126602 0.782618 0.930301 37 
0.75519 0.119391 0.871805 0.92769 38 
0.84014 0.112094 0.962107 0.925046 39 
-12.1413 3.16431 -58.353 80.5617 46 
-5.30786 1.42846 -7.48375 10.4798 47 
-3.37576 0.937669 -3.96376 5.63039 48 
-2.46367 0.705979 -2.67962 3.86125 49 
-1.93254 0.571061 -2.01454 2.94498 50 
-1.58493 0.482759 -1.60781 2.38464 51 
-1.33973 0.420473 -1.33338 2.00656 52 
-1.15749 0.374181 -1.13572 1.73425 53 
-1.01673 0.338425 -0.986581 1.52878 54 
-0.904729 0.309974 -0.870043 1.36823 55 
-0.813491 0.286797 -0.776472 1.23932 56 
-0.737732 0.267553 -0.699686 1.13353 57 
-0.673821 0.251318 -0.635541 1.04516 58 
-0.61918 0.237438 -0.581154 0.970228 59 
6.84498 0.523899 13.8454 13.5542 68 
4.01808 0.330034 5.99498 5.85863 69 
2.85739 0.250435 3.84667 3.7527 70 
2.2251 0.207073 2.84305 2.76889 71 
1.82728 0.179791 2.2617 2.199 72 
1.55391 0.161044 1.88243 1.82722 73 
1.3545 0.147368 1.61549 1.56554 74 
1.2026 0.136951 1.41739 1.37135 75 
1.08304 0.128752 1.26456 1.22154 76 
0.986495 0.122131 1.14307 1.10244 77 
0.906894 0.116672 1.04417 1.0055 78 
0.84014 0.112094 0.962107 0.925046 79 
