1.42752 -0.0789737 1.38581 1.06235 0 
1.26213 -0.083169 1.21465 1.00317 1 
1.11124 -0.0869965 1.05916 0.949416 2 
0.973023 -0.0905026 0.917297 0.900369 3 
0.845947 -0.093726 0.787336 0.855438 4 
0.728717 -0.0966997 0.667842 0.814125 5 
0.620231 -0.0994516 0.557599 0.776011 6 
0.519546 -0.102006 0.455573 0.740737 7 
0.425851 -0.104382 0.360878 0.707998 8 
0.338441 -0.1066 0.272752 0.67753 9 
0.256704 -0.108673 0.190533 0.649105 10 
0.180107 -0.110616 0.113648 0.622524 11 
0.108178 -0.11244 0.0415934 0.597612 12 
0.0405032 -0.114157 -0.0260722 0.574218 13 
-0.0232833 -0.115775 -0.0897378 0.552207 14 
-0.0835075 -0.117303 -0.149748 0.53146 15 
-0.14046 -0.118747 -0.206409 0.51187 16 
-0.1944 -0.120116 -0.259993 0.493345 17 
-0.24556 -0.121413 -0.310744 0.475798 18 
-0.294151 -0.122646 -0.358882 0.459156 19 
1.42752 -0.0789737 1.38581 1.06235 40 
1.54192 -0.0984826 1.5014 1.18301 41 
1.68672 -0.123174 1.64965 1.33776 42 
1.87587 -0.155431 1.84666 1.54342 43 
2.13345 -0.199356 2.12123 1.83005 44 
2.5048 -0.262683 2.5304 2.25718 45 
3.08665 -0.361905 3.20529 2.96169 46 
4.12877 -0.539616 4.52916 4.34367 47 
6.53463 -0.949888 8.305 8.28525 48 
18.0483 -2.91331 106.669 110.967 49 
-0.294151 -0.122646 -0.358882 0.459156 60 
-0.337456 -0.134839 -0.407203 0.481313 61 
-0.3861 -0.148535 -0.461649 0.506278 62 
-0.441132 -0.16403 -0.523464 0.534622 63 
-0.503901 -0.181704 -0.594251 0.56708 64 
-0.576161 -0.20205 -0.676118 0.604618 65 
-0.660241 -0.225723 -0.771886 0.64853 66 
-0.759299 -0.253615 -0.885424 0.700591 67 
-0.87773 -0.28696 -1.02219 0.7633 68 
-1.02183 -0.327534 -1.19011 0.840297 69 
-1.20097 -0.377972 -1.4012 0.937091 70 
-1.42968 -0.442368 -1.67458 1.06244 71 
-1.73185 -0.527448 -2.04259 1.23119 72 
-2.14964 -0.645084 -2.56463 1.47056 73 
-2.76513 -0.818382 -3.36301 1.83664 74 
-3.7621 -1.09909 -4.73611 2.46625 75 
-5.65452 -1.63193 -7.65351 3.80396 76 
-10.6322 -3.03346 -18.0679 8.57927 77 
