27.2597 3.57199 6.72897 8.51214 11 
8.48322 1.02185 4.34542 5.13094 12 
5.26106 0.584236 3.31318 3.66665 13 
3.92635 0.402962 2.7369 2.84917 14 
3.19636 0.303818 2.36913 2.32747 15 
2.73602 0.241297 2.11404 1.9656 16 
2.41922 0.19827 1.92672 1.69988 17 
2.18787 0.166849 1.78333 1.49648 18 
2.01152 0.142897 1.67004 1.33577 19 
-5.86173 -0.411253 -4.38475 2.79899 20 
-4.04756 -0.307205 -3.30949 2.20023 21 
-3.01889 -0.248207 -2.60938 1.81036 22 
-2.35636 -0.210209 -2.11724 1.53631 23 
-1.89402 -0.183692 -1.7524 1.33315 24 
-1.55304 -0.164136 -1.47111 1.17651 25 
-1.29118 -0.149118 -1.24763 1.05206 26 
-1.08377 -0.137222 -1.06579 0.950803 27 
-0.915417 -0.127566 -0.914949 0.866807 28 
-0.776046 -0.119573 -0.787803 0.796004 29 
-0.658764 -0.112847 -0.679174 0.735513 30 
-0.558705 -0.107108 -0.585292 0.683234 31 
-0.472335 -0.102154 -0.503345 0.637601 32 
-0.397025 -0.097835 -0.431192 0.597422 33 
-0.330777 -0.0940355 -0.367178 0.561775 34 
-0.27205 -0.0906673 -0.309998 0.529934 35 
-0.21963 -0.0876609 -0.258613 0.50132 36 
-0.172555 -0.0849609 -0.212186 0.475467 37 
-0.130046 -0.0825229 -0.170031 0.451992 38 
-0.0914689 -0.0803104 -0.131585 0.430583 39 
-23.1546 -1.14787 -8.12197 6.62267 56 
-10.8717 -0.624659 -6.13706 4.59184 57 
-7.46191 -0.479415 -5.06044 3.49032 58 
-5.86173 -0.411253 -4.38475 2.79899 59 
2.01152 0.142897 1.67004 1.33577 60 
1.74883 0.115016 1.45918 1.22983 61 
1.52339 0.091088 1.27517 1.13737 62 
1.32779 0.0703276 1.11318 1.05599 63 
1.15648 0.052145 0.969488 0.983792 64 
1.0052 0.0360881 0.841155 0.919314 65 
0.870625 0.0218047 0.725844 0.861378 66 
0.750138 0.00901648 0.621669 0.809038 67 
0.641636 -0.00249977 0.527092 0.76152 68 
0.543415 -0.0129248 0.440845 0.718187 69 
0.45408 -0.0224067 0.361872 0.678509 70 
0.372477 -0.0310679 0.289292 0.642043 71 
0.297644 -0.0390105 0.222358 0.608414 72 
0.228773 -0.0463205 0.160436 0.577302 73 
0.165177 -0.0530704 0.102984 0.548437 74 
0.106273 -0.0593223 0.0495338 0.521582 75 
0.0515614 -0.0651294 -0.000318079 0.496535 76 
0.000608656 -0.0705374 -0.0469232 0.473119 77 
-0.0469593 -0.0755862 -0.0905889 0.451181 78 
-0.0914689 -0.0803104 -0.131585 0.430583 79 
