-4 -4 2 1 0.773568 -0.0831306 
-4 -3.57895 2 1 0.694012 -0.0872187 
-4 -3.15789 2 1 0.614838 -0.0912872 
-4 -2.73684 2 1 0.536044 -0.0953362 
-4 -2.31579 2 1 0.457626 -0.0993659 
-4 -1.89474 2 1 0.379583 -0.103376 
-4 -1.47368 2 1 0.30191 -0.107368 
-4 -1.05263 2 1 0.224607 -0.11134 
-4 -0.631579 2 1 0.147669 -0.115294 
-4 -0.210526 2 1 0.0710952 -0.119229 
-4 0.210526 2 1 -0.00511795 -0.123145 
-4 0.631579 2 1 -0.0809727 -0.127043 
-4 1.05263 2 1 -0.156472 -0.130923 
-4 1.47368 2 1 -0.231617 -0.134784 
-4 1.89474 2 1 -0.306412 -0.138628 
-4 2.31579 2 1 -0.380858 -0.142453 
-4 2.73684 2 1 -0.454959 -0.146261 
-4 3.15789 2 1 -0.528716 -0.150051 
-4 3.57895 2 1 -0.602131 -0.153824 
-4 4 2 1 -0.675208 -0.157579 
-4 -4 2 1 0.773568 -0.0831306 
-3.57895 -4 2 1 0.834568 -0.0756105 
-3.15789 -4 2 1 0.906644 -0.0667251 
-2.73684 -4 2 1 0.993111 -0.0560655 
-2.31579 -4 2 1 1.09876 -0.0430414 
-1.89474 -4 2 1 1.23076 -0.0267679 
-1.47368 -4 2 1 1.4004 -0.00585566 
-1.05263 -4 2 1 1.62642 0.0220085 
-0.631579 -4 2 1 1.94257 0.0609822 
-0.210526 -4 2 1 2.41614 0.119364 
0.210526 -4 2 1 3.20372 0.216456 
0.631579 -4 2 1 4.77252 0.409856 
1.05263 -4 2 1 9.42865 0.983859 
1.47368 -4 2 1 585.909 72.0518 
-4 4 2 1 -0.675208 -0.157579 
-3.57895 4 2 1 -0.731956 -0.156317 
-3.15789 4 2 1 -0.798477 -0.154838 
-2.73684 4 2 1 -0.877534 -0.15308 
-2.31579 4 2 1 -0.973039 -0.150957 
-1.89474 4 2 1 -1.09072 -0.14834 
-1.47368 4 2 1 -1.23932 -0.145036 
-1.05263 4 2 1 -1.43285 -0.140732 
-0.631579 4 2 1 -1.69535 -0.134896 
-0.210526 4 2 1 -2.07164 -0.126529 
0.210526 4 2 1 -2.65623 -0.11353 
0.631579 4 2 1 -3.68824 -0.0905829 
1.05263 4 2 1 -5.99976 -0.0391854 
1.47368 4 2 1 -15.8512 0.179864 
-4 -4 6 1 0.653615 0.572855 
-4 -3.57895 6 1 0.583324 0.567829 
-4 -3.15789 6 1 0.513332 0.562825 
-4 -2.73684 6 1 0.443638 0.557842 
-4 -2.31579 6 1 0.374239 0.55288 
-4 -1.89474 6 1 0.305135 0.547939 
-4 -1.47368 6 1 0.236322 0.543019 
-4 -1.05263 6 1 0.1678 0.53812 
-4 -0.631579 6 1 0.0995655 0.533241 
-4 -0.210526 6 1 0.0316177 0.528383 
-4 0.210526 6 1 -0.0360454 0.523545 
-4 0.631579 6 1 -0.103426 0.518727 
-4 1.05263 6 1 -0.170525 0.51393 
-4 1.47368 6 1 -0.237344 0.509152 
-4 1.89474 6 1 -0.303887 0.504395 
-4 2.31579 6 1 -0.370153 0.499657 
-4 2.73684 6 1 -0.436145 0.494938 
-4 3.15789 6 1 -0.501865 0.490239 
-4 3.57895 6 1 -0.567313 0.48556 
-4 4 6 1 -0.632493 0.4809 
-4 -4 6 1 0.653615 0.572855 
-3.57895 -4 6 1 0.69842 0.627403 
-3.15789 -4 6 1 0.750292 0.690553 
-2.73684 -4 6 1 0.811044 0.764514 
-2.31579 -4 6 1 0.88317 0.852323 
-1.89474 -4 6 1 0.970194 0.958269 
-1.47368 -4 6 1 1.07726 1.08862 
-1.05263 -4 6 1 1.21221 1.25291 
-0.631579 -4 6 1 1.38754 1.46636 
-0.210526 -4 6 1 1.62458 1.75495 
0.210526 -4 6 1 1.96287 2.16679 
0.631579 -4 6 1 2.4849 2.80232 
1.05263 -4 6 1 3.39614 3.9117 
1.47368 -4 6 1 5.39064 6.33988 
1.89474 -4 6 1 13.2305 15.8844 
-4 4 6 1 -0.632493 0.4809 
-3.57895 4 6 1 -0.679628 0.526728 
-3.15789 4 6 1 -0.733863 0.579458 
-2.73684 4 6 1 -0.796931 0.640777 
-2.31579 4 6 1 -0.871181 0.712969 
-1.89474 4 6 1 -0.959879 0.799207 
-1.47368 4 6 1 -1.06769 0.904032 
-1.05263 4 6 1 -1.20155 1.03418 
-0.631579 4 6 1 -1.37219 1.20009 
-0.210526 4 6 1 -1.59718 1.41883 
0.210526 4 6 1 -1.9074 1.72045 
0.631579 4 6 1 -2.36261 2.16304 
1.05263 4 6 1 -3.09544 2.87555 
1.47368 4 6 1 -4.47132 4.21328 
1.89474 4 6 1 -7.99822 7.64238 
2.31579 4 6 1 -36.7826 35.6285 
