16.0903 -1.08367 76.8247 65.0273 15 
8.85208 -0.476535 14.0145 11.1955 16 
6.33833 -0.265683 8.17962 6.19469 17 
5.06161 -0.158593 5.98604 4.31467 18 
4.28911 -0.0937965 4.83582 3.32887 19 
-2.37661 -0.522227 -2.85185 1.42121 20 
-1.98806 -0.446 -2.36481 1.26887 21 
-1.67663 -0.384904 -1.98347 1.14958 22 
-1.42145 -0.334842 -1.67678 1.05365 23 
-1.20853 -0.293071 -1.42479 0.974821 24 
-1.02818 -0.257689 -1.21405 0.9089 25 
-0.87346 -0.227335 -1.0352 0.852956 26 
-0.739264 -0.201009 -0.881517 0.804882 27 
-0.621764 -0.177957 -0.748032 0.763127 28 
-0.518027 -0.157606 -0.631011 0.726522 29 
-0.425769 -0.139506 -0.527584 0.69417 30 
-0.343183 -0.123304 -0.435513 0.665369 31 
-0.268825 -0.108717 -0.353025 0.639566 32 
-0.201524 -0.0955132 -0.278698 0.616316 33 
-0.14032 -0.083506 -0.211377 0.595258 34 
-0.0844203 -0.0725396 -0.150117 0.576095 35 
-0.0331647 -0.0624841 -0.0941344 0.558584 36 
0.0140026 -0.0532307 -0.0427755 0.542518 37 
0.0575522 -0.0446871 0.00450985 0.527727 38 
0.0978848 -0.0367745 0.0481878 0.514064 39 
-11.7131 -3.60455 -54.9323 39.3218 53 
-6.20861 -1.78731 -10.9311 7.30071 54 
-4.4102 -1.19359 -6.4152 4.01438 55 
-3.51767 -0.898933 -4.69663 2.76372 56 
-2.98427 -0.722838 -3.79087 2.10457 57 
-2.62955 -0.605732 -3.23156 1.69755 58 
-2.37661 -0.522227 -2.85185 1.42121 59 
4.28911 -0.0937965 4.83582 3.32887 60 
3.3293 -0.0807382 3.60413 2.60472 61 
2.67078 -0.071779 2.81002 2.13784 62 
2.19093 -0.0652505 2.25548 1.8118 63 
1.82572 -0.0602818 1.8463 1.57123 64 
1.53845 -0.0563735 1.53195 1.38642 65 
1.30657 -0.0532188 1.28289 1.23999 66 
1.11548 -0.050619 1.08069 1.12111 67 
0.955282 -0.0484395 0.913266 1.02267 68 
0.819044 -0.0465859 0.772353 0.939825 69 
0.701766 -0.0449904 0.652118 0.869135 70 
0.599747 -0.0436024 0.54832 0.808109 71 
0.510191 -0.042384 0.457805 0.754891 72 
0.430946 -0.0413058 0.378175 0.708075 73 
0.360328 -0.0403451 0.307579 0.666569 74 
0.297001 -0.0394835 0.244562 0.629519 75 
0.239891 -0.0387065 0.187965 0.596244 76 
0.188126 -0.0380022 0.136856 0.566195 77 
0.140989 -0.0373609 0.0904721 0.538925 78 
0.0978848 -0.0367745 0.0481878 0.514064 79 
