-4 -4 2 1 -0.478918 0.0497696 
-4 -3.57895 2 1 -0.520815 0.0403555 
-4 -3.15789 2 1 -0.568539 0.0296324 
-4 -2.73684 2 1 -0.623394 0.0173069 
-4 -2.31579 2 1 -0.687109 0.0029906 
-4 -1.89474 2 1 -0.762018 -0.013841 
-4 -1.47368 2 1 -0.851356 -0.0339147 
-4 -1.05263 2 1 -0.959737 -0.058267 
-4 -0.631579 2 1 -1.09397 -0.0884291 
-4 -0.210526 2 1 -1.26457 -0.126762 
-4 0.210526 2 1 -1.48863 -0.177105 
-4 0.631579 2 1 -1.79592 -0.246151 
-4 1.05263 2 1 -2.24343 -0.346703 
-4 1.47368 2 1 -2.95548 -0.506696 
-4 1.89474 2 1 -4.26509 -0.800957 
-4 2.31579 2 1 -7.46829 -1.52069 
-4 2.73684 2 1 -27.3892 -5.99677 
4 -4 2 1 0.860326 -0.0141095 
4 -3.57895 2 1 0.916471 -0.0309755 
4 -3.15789 2 1 0.982488 -0.0508072 
4 -2.73684 2 1 1.06123 -0.0744623 
4 -2.31579 2 1 1.15678 -0.103164 
4 -1.89474 2 1 1.27514 -0.138722 
4 -1.47368 2 1 1.42561 -0.183923 
4 -1.05263 2 1 1.6233 -0.243308 
4 -0.631579 2 1 1.89455 -0.324794 
4 -0.210526 2 1 2.28984 -0.44354 
4 0.210526 2 1 2.91945 -0.632677 
4 0.631579 2 1 4.07951 -0.981162 
4 1.05263 2 1 6.9283 -1.83694 
4 1.47368 2 1 25.0158 -7.27046 
-4 -4 2 1 -0.478918 0.0497696 
-3.57895 -4 2 1 -0.420817 0.0469983 
-3.15789 -4 2 1 -0.36157 0.0441724 
-2.73684 -4 2 1 -0.301144 0.0412902 
-2.31579 -4 2 1 -0.239502 0.03835 
-1.89474 -4 2 1 -0.176608 0.0353501 
-1.47368 -4 2 1 -0.112423 0.0322886 
-1.05263 -4 2 1 -0.0469072 0.0291636 
-0.631579 -4 2 1 0.0199819 0.0259731 
-0.210526 -4 2 1 0.0882875 0.0227151 
0.210526 -4 2 1 0.158055 0.0193873 
0.631579 -4 2 1 0.229332 0.0159876 
1.05263 -4 2 1 0.302168 0.0125134 
1.47368 -4 2 1 0.376615 0.00896247 
1.89474 -4 2 1 0.452727 0.00533211 
2.31579 -4 2 1 0.53056 0.00161964 
2.73684 -4 2 1 0.610173 -0.00217774 
3.15789 -4 2 1 0.691628 -0.00606298 
3.57895 -4 2 1 0.77499 -0.0100392 
4 -4 2 1 0.860326 -0.0141095 
-4 -4 6 1 -0.527922 0.720498 
-4 -3.57895 6 1 -0.579376 0.759516 
-4 -3.15789 6 1 -0.639077 0.804789 
-4 -2.73684 6 1 -0.70918 0.857949 
-4 -2.31579 6 1 -0.792664 0.921257 
-4 -1.89474 6 1 -0.893764 0.997922 
-4 -1.47368 6 1 -1.01871 1.09267 
-4 -1.05263 6 1 -1.17708 1.21276 
-4 -0.631579 6 1 -1.38433 1.36993 
-4 -0.210526 6 1 -1.66724 1.58447 
-4 0.210526 6 1 -2.07651 1.89482 
-4 0.631579 6 1 -2.72108 2.38361 
-4 1.05263 6 1 -3.88581 3.26684 
-4 1.47368 6 1 -6.62617 5.34491 
-4 1.89474 6 1 -20.8224 16.1101 
4 -4 6 1 1.02089 0.821999 
4 -3.57895 6 1 1.10258 0.881928 
4 -3.15789 6 1 1.20153 0.954516 
4 -2.73684 6 1 1.32385 1.04425 
4 -2.31579 6 1 1.47893 1.158 
4 -1.89474 6 1 1.68194 1.30693 
4 -1.47368 6 1 1.9592 1.51031 
4 -1.05263 6 1 2.36053 1.80472 
4 -0.631579 6 1 2.99324 2.26885 
4 -0.210526 6 1 4.13845 3.10894 
4 0.210526 6 1 6.84273 5.09271 
4 0.631579 6 1 21.0766 15.5342 
-4 -4 6 1 -0.527922 0.720498 
-3.57895 -4 6 1 -0.462634 0.724776 
-3.15789 -4 6 1 -0.395887 0.729151 
-2.73684 -4 6 1 -0.327629 0.733624 
-2.31579 -4 6 1 -0.25781 0.738199 
-1.89474 -4 6 1 -0.186374 0.742881 
-1.47368 -4 6 1 -0.113266 0.747672 
-1.05263 -4 6 1 -0.0384259 0.752577 
-0.631579 -4 6 1 0.0382088 0.757599 
-0.210526 -4 6 1 0.116703 0.762743 
0.210526 -4 6 1 0.197126 0.768014 
0.631579 -4 6 1 0.279549 0.773415 
1.05263 -4 6 1 0.364048 0.778953 
1.47368 -4 6 1 0.450702 0.784632 
1.89474 -4 6 1 0.539595 0.790457 
2.31579 -4 6 1 0.630814 0.796435 
2.73684 -4 6 1 0.724453 0.802572 
3.15789 -4 6 1 0.820608 0.808873 
3.57895 -4 6 1 0.919383 0.815347 
4 -4 6 1 1.02089 0.821999 
