-1.42358 0.358852 -1.85283 1.86654 20 
-1.25784 0.354585 -1.62065 1.77918 21 
-1.10581 0.35067 -1.41241 1.70084 22 
-0.965853 0.347067 -1.22459 1.63018 23 
-0.836593 0.343738 -1.05433 1.56613 24 
-0.716846 0.340655 -0.899285 1.5078 25 
-0.605599 0.337791 -0.757491 1.45445 26 
-0.501978 0.335123 -0.627324 1.40548 27 
-0.405224 0.332631 -0.507409 1.36037 28 
-0.314678 0.3303 -0.396582 1.31868 29 
-0.22976 0.328113 -0.293846 1.28003 30 
-0.149962 0.326059 -0.198347 1.2441 31 
-0.0748334 0.324124 -0.109346 1.21061 32 
-0.00397642 0.3223 -0.026202 1.17933 33 
0.0629631 0.320576 0.0516449 1.15005 34 
0.126301 0.318945 0.124685 1.12257 35 
0.186321 0.3174 0.193351 1.09674 36 
0.243277 0.315933 0.258024 1.07241 37 
0.297398 0.31454 0.319042 1.04945 38 
0.348889 0.313214 0.376706 1.02776 39 
-4.4087 0.887248 -33.7715 39.7105 52 
-3.21203 0.675427 -8.34773 9.56712 53 
-2.56912 0.561625 -4.92353 5.50726 54 
-2.16782 0.49059 -3.56752 3.89953 55 
-1.89347 0.442027 -2.84056 3.03762 56 
-1.69406 0.406729 -2.38734 2.50026 57 
-1.54257 0.379914 -2.07774 2.13319 58 
-1.42358 0.358852 -1.85283 1.86654 59 
5.43042 1.15534 41.0946 43.4597 64 
3.65842 0.861678 9.11123 10.13 65 
2.70886 0.704314 4.95856 5.80248 66 
2.117 0.60623 3.32386 4.09897 67 
1.71277 0.539239 2.44976 3.18808 68 
1.41914 0.490579 1.90561 2.62102 69 
1.19619 0.453631 1.53425 2.23403 70 
1.02114 0.424622 1.26466 1.95308 71 
0.880053 0.40124 1.06004 1.73985 72 
0.763915 0.381993 0.899427 1.57248 73 
0.666646 0.365874 0.770009 1.43761 74 
0.583995 0.352176 0.6635 1.32662 75 
0.512896 0.340394 0.574312 1.23368 76 
0.451085 0.33015 0.498537 1.15471 77 
0.396854 0.321163 0.433361 1.0868 78 
0.348889 0.313214 0.376706 1.02776 79 
