-4 -4 2 1 1.09629 0.135645 
-4 -3.57895 2 1 0.978977 0.122174 
-4 -3.15789 2 1 0.867423 0.109364 
-4 -2.73684 2 1 0.761215 0.0971686 
-4 -2.31579 2 1 0.659977 0.0855435 
-4 -1.89474 2 1 0.563369 0.0744501 
-4 -1.47368 2 1 0.471079 0.0638525 
-4 -1.05263 2 1 0.382824 0.0537183 
-4 -0.631579 2 1 0.298347 0.0440178 
-4 -0.210526 2 1 0.217408 0.0347237 
-4 0.210526 2 1 0.139791 0.025811 
-4 0.631579 2 1 0.0652942 0.0172567 
-4 1.05263 2 1 -0.00626564 0.00903955 
-4 1.47368 2 1 -0.0750593 0.00114005 
-4 1.89474 2 1 -0.141244 -0.00645988 
-4 2.31579 2 1 -0.204966 -0.013777 
-4 2.73684 2 1 -0.266359 -0.0208267 
-4 3.15789 2 1 -0.32555 -0.0276235 
-4 3.57895 2 1 -0.382654 -0.0341807 
-4 4 2 1 -0.43778 -0.0405107 
-4 -4 2 1 1.09629 0.135645 
-3.57895 -4 2 1 1.17908 0.152419 
-3.15789 -4 2 1 1.28064 0.173 
-2.73684 -4 2 1 1.40821 0.198847 
-2.31579 -4 2 1 1.5732 0.232279 
-1.89474 -4 2 1 1.79494 0.277209 
-1.47368 -4 2 1 2.10877 0.340801 
-1.05263 -4 2 1 2.58712 0.437727 
-0.631579 -4 2 1 3.40529 0.603508 
-0.210526 -4 2 1 5.12484 0.951934 
0.210526 -4 2 1 11.0624 2.15503 
-4 4 2 1 -0.43778 -0.0405107 
-3.57895 4 2 1 -0.485498 -0.0412717 
-3.15789 4 2 1 -0.539975 -0.0421405 
-2.73684 4 2 1 -0.602756 -0.0431418 
-2.31579 4 2 1 -0.675898 -0.0443082 
-1.89474 4 2 1 -0.762194 -0.0456844 
-1.47368 4 2 1 -0.865546 -0.0473327 
-1.05263 4 2 1 -0.991562 -0.0493423 
-0.631579 4 2 1 -1.14862 -0.051847 
-0.210526 4 2 1 -1.34979 -0.0550553 
0.210526 4 2 1 -1.61671 -0.059312 
0.631579 4 2 1 -1.98789 -0.0652316 
1.05263 4 2 1 -2.53926 -0.0740247 
1.47368 4 2 1 -3.44409 -0.0884547 
1.89474 4 2 1 -5.20257 -0.116499 
2.31579 4 2 1 -10.1015 -0.194625 
2.73684 4 2 1 -96.7144 -1.57591 
-4 -4 6 1 0.959801 0.992663 
-4 -3.57895 6 1 0.851329 0.95929 
-4 -3.15789 6 1 0.747936 0.927478 
-4 -2.73684 6 1 0.649273 0.897122 
-4 -2.31579 6 1 0.555022 0.868124 
-4 -1.89474 6 1 0.464895 0.840394 
-4 -1.47368 6 1 0.378625 0.813851 
-4 -1.05263 6 1 0.295972 0.788421 
-4 -0.631579 6 1 0.216711 0.764034 
-4 -0.210526 6 1 0.140639 0.740629 
-4 0.210526 6 1 0.0675659 0.718146 
-4 0.631579 6 1 -0.00268094 0.696533 
-4 1.05263 6 1 -0.0702629 0.67574 
-4 1.47368 6 1 -0.135329 0.655721 
-4 1.89474 6 1 -0.198016 0.636434 
-4 2.31579 6 1 -0.258454 0.617838 
-4 2.73684 6 1 -0.31676 0.599899 
-4 3.15789 6 1 -0.373046 0.582581 
-4 3.57895 6 1 -0.427415 0.565853 
-4 4 6 1 -0.479963 0.549686 
-4 -4 6 1 0.959801 0.992663 
-3.57895 -4 6 1 1.02501 1.0912 
-3.15789 -4 6 1 1.10414 1.21077 
-2.73684 -4 6 1 1.20217 1.35893 
-2.31579 -4 6 1 1.32682 1.54729 
-1.89474 -4 6 1 1.49062 1.79481 
-1.47368 -4 6 1 1.71544 2.13455 
-1.05263 -4 6 1 2.04319 2.62983 
-0.631579 -4 6 1 2.56555 3.41919 
-0.210526 -4 6 1 3.52904 4.87515 
0.210526 -4 6 1 5.90077 8.45919 
0.631579 -4 6 1 21.1508 31.5043 
-4 4 6 1 -0.479963 0.549686 
-3.57895 4 6 1 -0.528689 0.586609 
-3.15789 4 6 1 -0.584057 0.628565 
-2.73684 4 6 1 -0.647523 0.676658 
-2.31579 4 6 1 -0.721006 0.73234 
-1.89474 4 6 1 -0.807079 0.797564 
-1.47368 4 6 1 -0.909281 0.875009 
-1.05263 4 6 1 -1.03261 0.968468 
-0.631579 4 6 1 -1.18439 1.08348 
-0.210526 4 6 1 -1.37573 1.22847 
0.210526 4 6 1 -1.62441 1.41691 
0.631579 4 6 1 -1.96077 1.67179 
1.05263 4 6 1 -2.44109 2.03576 
1.47368 4 6 1 -3.18295 2.59793 
1.89474 4 6 1 -4.47992 3.58073 
2.31579 4 6 1 -7.32747 5.73852 
2.73684 4 6 1 -18.6386 14.3098 
