-4 -4 2 -4 -4 6 
-4 -3.57895 2 -4 -3.57895 6 
-4 -3.15789 2 -4 -3.15789 6 
-4 -2.73684 2 -4 -2.73684 6 
-4 -2.31579 2 -4 -2.31579 6 
-4 -1.89474 2 -4 -1.89474 6 
-4 -1.47368 2 -4 -1.47368 6 
-4 -1.05263 2 -4 -1.05263 6 
-4 -0.631579 2 -4 -0.631579 6 
-4 -0.210526 2 -4 -0.210526 6 
-4 0.210526 2 -4 0.210526 6 
-4 0.631579 2 -4 0.631579 6 
-4 1.05263 2 -4 1.05263 6 
-4 1.47368 2 -4 1.47368 6 
-4 1.89474 2 -4 1.89474 6 
-4 2.31579 2 -4 2.31579 6 
-4 2.73684 2 -4 2.73684 6 
-4 3.15789 2 -4 3.15789 6 
-4 3.57895 2 -4 3.57895 6 
-4 4 2 -4 4 6 
4 -4 2 4 -4 6 
4 -3.57895 2 4 -3.57895 6 
4 -3.15789 2 4 -3.15789 6 
4 -2.73684 2 4 -2.73684 6 
4 -2.31579 2 4 -2.31579 6 
4 -1.89474 2 4 -1.89474 6 
4 -1.47368 2 4 -1.47368 6 
4 -1.05263 2 4 -1.05263 6 
4 -0.631579 2 4 -0.631579 6 
4 -0.210526 2 4 -0.210526 6 
4 0.210526 2 4 0.210526 6 
4 0.631579 2 4 0.631579 6 
4 1.05263 2 4 1.05263 6 
4 1.47368 2 4 1.47368 6 
4 1.89474 2 4 1.89474 6 
4 2.31579 2 4 2.31579 6 
4 2.73684 2 4 2.73684 6 
4 3.15789 2 4 3.15789 6 
4 3.57895 2 4 3.57895 6 
4 4 2 4 4 6 
-4 -4 2 -4 -4 6 
-3.57895 -4 2 -3.57895 -4 6 
-3.15789 -4 2 -3.15789 -4 6 
-2.73684 -4 2 -2.73684 -4 6 
-2.31579 -4 2 -2.31579 -4 6 
-1.89474 -4 2 -1.89474 -4 6 
-1.47368 -4 2 -1.47368 -4 6 
-1.05263 -4 2 -1.05263 -4 6 
-0.631579 -4 2 -0.631579 -4 6 
-0.210526 -4 2 -0.210526 -4 6 
0.210526 -4 2 0.210526 -4 6 
0.631579 -4 2 0.631579 -4 6 
1.05263 -4 2 1.05263 -4 6 
1.47368 -4 2 1.47368 -4 6 
1.89474 -4 2 1.89474 -4 6 
2.31579 -4 2 2.31579 -4 6 
2.73684 -4 2 2.73684 -4 6 
3.15789 -4 2 3.15789 -4 6 
3.57895 -4 2 3.57895 -4 6 
4 -4 2 4 -4 6 
-4 4 2 -4 4 6 
-3.57895 4 2 -3.57895 4 6 
-3.15789 4 2 -3.15789 4 6 
-2.73684 4 2 -2.73684 4 6 
-2.31579 4 2 -2.31579 4 6 
-1.89474 4 2 -1.89474 4 6 
-1.47368 4 2 -1.47368 4 6 
-1.05263 4 2 -1.05263 4 6 
-0.631579 4 2 -0.631579 4 6 
-0.210526 4 2 -0.210526 4 6 
0.210526 4 2 0.210526 4 6 
0.631579 4 2 0.631579 4 6 
1.05263 4 2 1.05263 4 6 
1.47368 4 2 1.47368 4 6 
1.89474 4 2 1.89474 4 6 
2.31579 4 2 2.31579 4 6 
2.73684 4 2 2.73684 4 6 
3.15789 4 2 3.15789 4 6 
3.57895 4 2 3.57895 4 6 
4 4 2 4 4 6 
