4.00001 3.99999 1.99917 4.00004 4.00007 6.00029 
3.57898 3.99999 1.99945 3.57893 3.99996 6.00078 
3.15789 3.99995 1.99934 3.15794 4.00003 6.00138 
1.89474 4.00005 6.00060 1.89476 4.00001 1.99977 
1.47368 4.00001 1.99972 1.47369 4.00000 6.00049 
1.05262 4.00004 1.99940 1.05264 4.00001 6.00068 
0.63157 4.00001 1.99954 0.63160 4.00002 6.00032 
0.21055 4.00001 1.99957 0.21054 3.99999 6.00040 
-0.21053 4.00003 1.99962 -0.21051 4.00005 6.00060 
-0.63158 4.00001 1.99854 -0.63157 4.00004 6.00127 
-1.05254 3.99987 1.99977 -1.05262 4.00005 6.00070 
-1.47373 4.00007 1.99974 -1.47371 4.00019 6.00051 
-1.89474 3.99998 1.99952 -1.89478 4.00009 6.00049 
-2.31584 4.00001 1.99879 -2.31575 4.00004 6.00097 
-2.73688 4.00003 1.99970 -2.73659 3.99982 6.00194 
-3.15793 4.00003 1.99963 -3.15754 3.99976 6.00145 
-3.57896 3.99999 1.99981 -3.57872 3.99991 6.00115 
-4.00002 4.00003 1.99946 -4.00008 4.00014 6.00059 
4.00004 -4.00011 6.00049 4.00012 -4.00002 1.99972 
3.57892 -4.00000 6.00050 3.57888 -4.00008 1.99961 
2.31593 -4.00003 1.99929 2.31584 -4.00004 6.00067 
1.89480 -4.00001 1.99840 1.89486 -4.00004 6.00093 
1.47366 -4.00005 6.00158 1.47355 -4.00003 1.99936 
1.05260 -4.00000 6.00048 1.05263 -4.00012 1.99974 
0.63169 -4.00007 6.00032 0.63173 -3.99928 1.99915 
0.21051 -3.99999 6.00126 0.21058 -3.99962 1.99968 
-0.21061 -4.00000 6.00172 -0.21056 -4.00000 1.99990 
-0.63162 -3.99992 6.00108 -0.63161 -3.99999 1.99979 
-1.05275 -4.00004 6.00064 -1.05256 -4.00002 1.99981 
-1.47378 -3.99998 6.00069 -1.47364 -4.00000 1.99987 
3.99997 -3.57894 6.00018 4.00003 -3.57893 1.99963 
4.00004 -4.00011 6.00049 4.00012 -4.00002 1.99972 
-4.00002 4.00003 1.99946 -4.00008 4.00014 6.00059 
-4.00000 3.57896 1.99976 -4.00006 3.57907 6.00076 
-3.99999 3.15790 1.99981 -4.00000 3.15797 6.00099 
-4.00000 2.73682 1.99982 -4.00014 2.73699 6.00069 
-3.99996 2.31575 1.99960 -3.99984 2.31581 6.00322 
-3.99996 1.89466 1.99937 -4.00011 1.89486 6.00191 
-4.00000 1.47373 1.99963 -4.00005 1.47377 6.00137 
-4.00007 1.05269 1.99914 -4.00005 1.05272 6.00027 
-4.00004 0.63162 1.99967 -3.99988 0.63165 6.00026 
-4.00000 0.21052 1.99968 -3.99984 0.21051 6.00072 
-4.00018 -2.73684 6.00226 -3.99991 -2.73679 1.99924 
-4.00028 -3.15794 6.00107 -3.99992 -3.15791 1.99959 
-4.00033 -3.57904 6.00128 -3.99998 -3.57896 1.99972 
-4.00018 -3.99989 6.00077 -3.99997 -4.00001 1.99973 
-4.00023 -2.31570 6.00086 -4.00010 -2.31576 1.99953 
-4.00014 -1.89470 6.00066 -4.00011 -1.89469 1.99976 
-4.00002 -1.47350 6.00058 -4.00003 -1.47363 1.99953 
-3.99997 -1.05247 6.00046 -4.00004 -1.05254 1.99954 
-3.99993 -0.63147 6.00042 -3.99995 -0.63161 1.99929 
-3.99996 -0.21044 6.00031 -3.99999 -0.21057 1.99947 
4.00007 -3.15787 6.00038 4.00006 -3.15791 1.99978 
4.00005 -2.73683 6.00043 4.00011 -2.73681 1.99972 
4.00006 -2.31573 1.99963 3.99999 -2.31580 6.00027 
3.99990 -1.89481 1.99944 3.99992 -1.89474 6.00045 
3.99996 -1.47374 1.99950 4.00001 -1.47373 6.00042 
4.00006 -1.05258 1.99984 4.00006 -1.05262 6.00198 
4.00004 -0.63162 6.00089 3.99999 -0.63163 1.99905 
3.99995 -0.21063 6.00071 3.99998 -0.21050 1.99983 
4.00006 0.21058 6.00045 4.00004 0.21056 1.99979 
4.00007 0.63163 6.00033 4.00004 0.63162 1.99981 
3.99997 1.05247 6.00054 4.00000 1.05264 1.99987 
4.00009 1.47375 6.00030 4.00001 1.47374 1.99980 
4.00000 1.89467 6.00057 3.99998 1.89479 1.99979 
3.99999 2.31569 6.00109 3.99995 2.31579 1.99976 
3.99998 2.73670 6.00099 4.00007 2.73689 1.99988 
3.99991 3.15778 6.00042 3.99998 3.15792 1.99959 
4.00003 3.57885 6.00167 3.99996 3.57890 1.99959 
4.00001 3.99999 1.99917 4.00004 4.00007 6.00029 
-4.00018 -3.99989 6.00077 -3.99997 -4.00001 1.99973 
-3.57919 -4.00012 6.00117 -3.57894 -4.00006 1.99968 
-3.15808 -4.00005 6.00055 -3.15783 -4.00012 1.99969 
-2.73696 -4.00001 6.00060 -2.73680 -4.00014 1.99988 
-2.31589 -3.99998 6.00056 -2.31569 -4.00011 1.99983 
-1.89472 -3.99991 6.00162 -1.89474 -3.99999 1.99975 
