3.99997 3.99996 1.99882 4.00002 4.00003 6.00018 
3.57894 3.99995 1.99912 3.57892 3.99993 6.00072 
3.15792 4.00001 1.99966 3.15793 4.00000 6.00128 
2.73685 4.00005 1.99914 2.73683 4.00008 6.00080 
2.31578 4.00000 1.99974 2.31575 4.00000 6.00058 
1.89476 4.00001 1.99977 1.89474 4.00005 6.00060 
1.47367 4.00006 6.00076 1.47366 4.00002 1.99924 
1.05265 3.99997 6.00064 1.05262 4.00004 1.99940 
0.63161 3.99993 6.00036 0.63157 4.00000 1.99954 
0.21054 4.00001 6.00037 0.21055 4.00001 1.99954 
-0.21049 4.00001 6.00074 -0.21051 4.00005 1.99957 
-0.63160 4.00012 6.00087 -0.63158 4.00002 1.99852 
-1.05263 3.99997 6.00062 -1.05261 3.99995 1.99975 
-1.47371 4.00019 6.00051 -1.47373 4.00007 1.99974 
-1.89477 4.00006 6.00030 -1.89478 4.00004 1.99958 
-2.31577 4.00008 6.00174 -2.31581 3.99999 1.99879 
-2.73680 4.00000 6.00043 -2.73678 3.99993 1.99964 
-3.15787 4.00004 6.00060 -3.15786 3.99996 1.99979 
-3.57881 3.99993 6.00076 -3.57880 3.99990 1.99985 
-3.99995 4.00001 6.00079 -3.99998 4.00004 1.99921 
4.00010 -3.99999 1.99960 4.00001 -4.00004 6.00042 
3.57888 -4.00008 1.99961 3.57894 -4.00004 6.00071 
3.15787 -3.99997 1.99949 3.15794 -3.99996 6.00054 
2.73679 -4.00008 1.99958 2.73673 -3.99999 6.00052 
2.31571 -4.00000 1.99913 2.31571 -3.99997 6.00042 
1.89475 -3.99998 1.99855 1.89460 -3.99995 6.00081 
1.47356 -4.00004 1.99926 1.47367 -4.00006 6.00124 
1.05251 -4.00009 1.99985 1.05263 -4.00000 6.00046 
0.63154 -3.99997 1.99913 0.63150 -4.00004 6.00045 
0.21043 -4.00002 1.99969 0.21049 -4.00002 6.00155 
-0.21057 -4.00001 1.99989 -0.21055 -4.00003 6.00067 
-0.63160 -3.99998 1.99984 -0.63150 -4.00003 6.00060 
-1.05257 -4.00000 1.99987 -1.05275 -4.00009 6.00046 
-1.47370 -4.00000 1.99989 -1.47363 -4.00010 6.00080 
3.99995 -3.57890 1.99962 3.99997 -3.57898 6.00043 
4.00010 -3.99999 1.99960 4.00001 -4.00004 6.00042 
-3.99995 4.00001 6.00079 -3.99998 4.00004 1.99921 
-3.99993 3.57898 6.00122 -3.99987 3.57890 1.99978 
-3.99996 3.15791 6.00095 -3.99997 3.15790 1.99985 
-4.00013 2.73698 6.00068 -3.99999 2.73688 1.99980 
-4.00005 2.31582 6.00085 -3.99996 2.31577 1.99967 
-4.00002 1.89474 6.00156 -3.99990 1.89462 1.99956 
-4.00000 1.47370 6.00047 -3.99998 1.47370 1.99967 
-4.00006 1.05265 6.00059 -4.00006 1.05268 1.99930 
-3.99995 0.63157 6.00061 -4.00002 0.63160 1.99966 
-3.99997 0.21060 6.00049 -3.99994 0.21054 1.99929 
-3.99995 -2.73680 1.99925 -3.99994 -2.73670 6.00390 
-3.99999 -3.15788 1.99980 -4.00004 -3.15788 6.00087 
-3.99994 -3.57882 1.99986 -3.99978 -3.57886 6.00014 
-3.99993 -3.99989 1.99978 -3.99988 -3.99990 6.00056 
-4.00007 -2.31573 1.99912 -4.00013 -2.31570 6.00145 
-4.00016 -1.89470 1.99985 -4.00004 -1.89466 6.00075 
-4.00001 -1.47362 1.99948 -3.99985 -1.47356 6.00057 
-4.00003 -1.05253 1.99951 -3.99992 -1.05253 6.00043 
-3.99997 -0.63159 1.99948 -3.99991 -0.63146 6.00041 
-3.99997 -0.21056 1.99949 -3.99991 -0.21042 6.00033 
4.00004 -3.15791 1.99970 3.99999 -3.15794 6.00027 
3.99998 -2.73689 1.99968 3.99999 -2.73690 6.00027 
4.00006 -2.31573 1.99962 4.00005 -2.31577 6.00023 
3.99992 -1.89483 1.99943 3.99997 -1.89479 6.00096 
4.00007 -1.47365 1.99958 4.00006 -1.47361 6.00044 
3.99996 -1.05272 1.99970 3.99998 -1.05267 6.00116 
3.99997 -0.63161 1.99922 4.00003 -0.63155 6.00182 
4.00000 -0.21048 1.99971 4.00003 -0.21051 6.00059 
3.99999 0.21058 1.99982 4.00004 0.21056 6.00043 
3.99999 0.63163 1.99984 4.00001 0.63160 6.00027 
3.99999 1.05265 1.99985 3.99997 1.05247 6.00053 
3.99996 1.47374 1.99981 4.00002 1.47365 6.00032 
3.99999 1.89481 1.99973 4.00002 1.89469 6.00049 
4.00000 2.31586 1.99948 4.00004 2.31576 6.00067 
4.00001 2.73684 1.99988 3.99999 2.73671 6.00090 
3.99998 3.15792 1.99953 3.99994 3.15787 6.00042 
4.00001 3.57895 1.99976 4.00001 3.57892 6.00072 
3.99997 3.99996 1.99882 4.00002 4.00003 6.00018 
-3.99993 -3.99989 1.99978 -3.99988 -3.99990 6.00056 
-3.57902 -4.00004 1.99984 -3.57909 -4.00000 6.00052 
-3.15803 -4.00013 1.99988 -3.15806 -3.99996 6.00072 
-2.73679 -4.00010 1.99988 -2.73697 -3.99987 6.00140 
-2.31569 -4.00006 1.99985 -2.31590 -3.99995 6.00069 
-1.89474 -3.99998 1.99974 -1.89473 -4.00001 6.00176 
3.99997 3.99996 1.99882 4.00002 4.00003 6.00018 
3.57894 3.99995 1.99912 3.57892 3.99993 6.00072 
3.15792 4.00001 1.99966 3.15793 4.00000 6.00128 
2.73685 4.00005 1.99914 2.73683 4.00008 6.00080 
2.31578 4.00000 1.99974 2.31575 4.00000 6.00058 
1.89476 4.00001 1.99977 1.89474 4.00005 6.00060 
1.47367 4.00006 6.00076 1.47366 4.00002 1.99924 
1.05265 3.99997 6.00064 1.05262 4.00004 1.99940 
0.63161 3.99993 6.00036 0.63157 4.00000 1.99954 
0.21054 4.00001 6.00037 0.21055 4.00001 1.99954 
-0.21049 4.00001 6.00074 -0.21051 4.00005 1.99957 
-0.63160 4.00012 6.00087 -0.63158 4.00002 1.99852 
-1.05263 3.99997 6.00062 -1.05261 3.99995 1.99975 
-1.47371 4.00019 6.00051 -1.47373 4.00007 1.99974 
-1.89477 4.00006 6.00030 -1.89478 4.00004 1.99958 
-2.31577 4.00008 6.00174 -2.31581 3.99999 1.99879 
-2.73680 4.00000 6.00043 -2.73678 3.99993 1.99964 
-3.15787 4.00004 6.00060 -3.15786 3.99996 1.99979 
-3.57881 3.99993 6.00076 -3.57880 3.99990 1.99985 
-3.99995 4.00001 6.00079 -3.99998 4.00004 1.99921 
4.00010 -3.99999 1.99960 4.00001 -4.00004 6.00042 
3.57888 -4.00008 1.99961 3.57894 -4.00004 6.00071 
3.15787 -3.99997 1.99949 3.15794 -3.99996 6.00054 
2.73679 -4.00008 1.99958 2.73673 -3.99999 6.00052 
2.31571 -4.00000 1.99913 2.31571 -3.99997 6.00042 
1.89475 -3.99998 1.99855 1.89460 -3.99995 6.00081 
1.47356 -4.00004 1.99926 1.47367 -4.00006 6.00124 
1.05251 -4.00009 1.99985 1.05263 -4.00000 6.00046 
0.63154 -3.99997 1.99913 0.63150 -4.00004 6.00045 
0.21043 -4.00002 1.99969 0.21049 -4.00002 6.00155 
-0.21057 -4.00001 1.99989 -0.21055 -4.00003 6.00067 
-0.63160 -3.99998 1.99984 -0.63150 -4.00003 6.00060 
-1.05257 -4.00000 1.99987 -1.05275 -4.00009 6.00046 
-1.47370 -4.00000 1.99989 -1.47363 -4.00010 6.00080 
3.99995 -3.57890 1.99962 3.99997 -3.57898 6.00043 
4.00010 -3.99999 1.99960 4.00001 -4.00004 6.00042 
-3.99995 4.00001 6.00079 -3.99998 4.00004 1.99921 
-3.99993 3.57898 6.00122 -3.99987 3.57890 1.99978 
-3.99996 3.15791 6.00095 -3.99997 3.15790 1.99985 
-4.00013 2.73698 6.00068 -3.99999 2.73688 1.99980 
-4.00005 2.31582 6.00085 -3.99996 2.31577 1.99967 
-4.00002 1.89474 6.00156 -3.99990 1.89462 1.99956 
-4.00000 1.47370 6.00047 -3.99998 1.47370 1.99967 
-4.00006 1.05265 6.00059 -4.00006 1.05268 1.99930 
-3.99995 0.63157 6.00061 -4.00002 0.63160 1.99966 
-3.99997 0.21060 6.00049 -3.99994 0.21054 1.99929 
-3.99995 -2.73680 1.99925 -3.99994 -2.73670 6.00390 
-3.99999 -3.15788 1.99980 -4.00004 -3.15788 6.00087 
-3.99994 -3.57882 1.99986 -3.99978 -3.57886 6.00014 
-3.99993 -3.99989 1.99978 -3.99988 -3.99990 6.00056 
-4.00007 -2.31573 1.99912 -4.00013 -2.31570 6.00145 
-4.00016 -1.89470 1.99985 -4.00004 -1.89466 6.00075 
-4.00001 -1.47362 1.99948 -3.99985 -1.47356 6.00057 
-4.00003 -1.05253 1.99951 -3.99992 -1.05253 6.00043 
-3.99997 -0.63159 1.99948 -3.99991 -0.63146 6.00041 
-3.99997 -0.21056 1.99949 -3.99991 -0.21042 6.00033 
4.00004 -3.15791 1.99970 3.99999 -3.15794 6.00027 
3.99998 -2.73689 1.99968 3.99999 -2.73690 6.00027 
4.00006 -2.31573 1.99962 4.00005 -2.31577 6.00023 
3.99992 -1.89483 1.99943 3.99997 -1.89479 6.00096 
4.00007 -1.47365 1.99958 4.00006 -1.47361 6.00044 
3.99996 -1.05272 1.99970 3.99998 -1.05267 6.00116 
3.99997 -0.63161 1.99922 4.00003 -0.63155 6.00182 
4.00000 -0.21048 1.99971 4.00003 -0.21051 6.00059 
3.99999 0.21058 1.99982 4.00004 0.21056 6.00043 
3.99999 0.63163 1.99984 4.00001 0.63160 6.00027 
3.99999 1.05265 1.99985 3.99997 1.05247 6.00053 
3.99996 1.47374 1.99981 4.00002 1.47365 6.00032 
3.99999 1.89481 1.99973 4.00002 1.89469 6.00049 
4.00000 2.31586 1.99948 4.00004 2.31576 6.00067 
4.00001 2.73684 1.99988 3.99999 2.73671 6.00090 
3.99998 3.15792 1.99953 3.99994 3.15787 6.00042 
4.00001 3.57895 1.99976 4.00001 3.57892 6.00072 
3.99997 3.99996 1.99882 4.00002 4.00003 6.00018 
-3.99993 -3.99989 1.99978 -3.99988 -3.99990 6.00056 
-3.57902 -4.00004 1.99984 -3.57909 -4.00000 6.00052 
-3.15803 -4.00013 1.99988 -3.15806 -3.99996 6.00072 
-2.73679 -4.00010 1.99988 -2.73697 -3.99987 6.00140 
-2.31569 -4.00006 1.99985 -2.31590 -3.99995 6.00069 
-1.89474 -3.99998 1.99974 -1.89473 -4.00001 6.00176 
3.99997 3.99996 1.99882 4.00002 4.00003 6.00018 
3.57894 3.99995 1.99912 3.57892 3.99993 6.00072 
3.15792 4.00001 1.99966 3.15793 4.00000 6.00128 
2.73685 4.00005 1.99914 2.73683 4.00008 6.00080 
2.31578 4.00000 1.99974 2.31575 4.00000 6.00058 
1.89476 4.00001 1.99977 1.89474 4.00005 6.00060 
1.47367 4.00006 6.00076 1.47366 4.00002 1.99924 
1.05265 3.99997 6.00064 1.05262 4.00004 1.99940 
0.63161 3.99993 6.00036 0.63157 4.00000 1.99954 
0.21054 4.00001 6.00037 0.21055 4.00001 1.99954 
-0.21049 4.00001 6.00074 -0.21051 4.00005 1.99957 
-0.63160 4.00012 6.00087 -0.63158 4.00002 1.99852 
-1.05263 3.99997 6.00062 -1.05261 3.99995 1.99975 
-1.47371 4.00019 6.00051 -1.47373 4.00007 1.99974 
-1.89477 4.00006 6.00030 -1.89478 4.00004 1.99958 
-2.31577 4.00008 6.00174 -2.31581 3.99999 1.99879 
-2.73680 4.00000 6.00043 -2.73678 3.99993 1.99964 
-3.15787 4.00004 6.00060 -3.15786 3.99996 1.99979 
-3.57881 3.99993 6.00076 -3.57880 3.99990 1.99985 
-3.99995 4.00001 6.00079 -3.99998 4.00004 1.99921 
4.00010 -3.99999 1.99960 4.00001 -4.00004 6.00042 
3.57888 -4.00008 1.99961 3.57894 -4.00004 6.00071 
3.15787 -3.99997 1.99949 3.15794 -3.99996 6.00054 
2.73679 -4.00008 1.99958 2.73673 -3.99999 6.00052 
2.31571 -4.00000 1.99913 2.31571 -3.99997 6.00042 
1.89475 -3.99998 1.99855 1.89460 -3.99995 6.00081 
1.47356 -4.00004 1.99926 1.47367 -4.00006 6.00124 
1.05251 -4.00009 1.99985 1.05263 -4.00000 6.00046 
0.63154 -3.99997 1.99913 0.63150 -4.00004 6.00045 
0.21043 -4.00002 1.99969 0.21049 -4.00002 6.00155 
-0.21057 -4.00001 1.99989 -0.21055 -4.00003 6.00067 
-0.63160 -3.99998 1.99984 -0.63150 -4.00003 6.00060 
-1.05257 -4.00000 1.99987 -1.05275 -4.00009 6.00046 
-1.47370 -4.00000 1.99989 -1.47363 -4.00010 6.00080 
3.99995 -3.57890 1.99962 3.99997 -3.57898 6.00043 
4.00010 -3.99999 1.99960 4.00001 -4.00004 6.00042 
-3.99995 4.00001 6.00079 -3.99998 4.00004 1.99921 
-3.99993 3.57898 6.00122 -3.99987 3.57890 1.99978 
-3.99996 3.15791 6.00095 -3.99997 3.15790 1.99985 
-4.00013 2.73698 6.00068 -3.99999 2.73688 1.99980 
-4.00005 2.31582 6.00085 -3.99996 2.31577 1.99967 
-4.00002 1.89474 6.00156 -3.99990 1.89462 1.99956 
-4.00000 1.47370 6.00047 -3.99998 1.47370 1.99967 
-4.00006 1.05265 6.00059 -4.00006 1.05268 1.99930 
-3.99995 0.63157 6.00061 -4.00002 0.63160 1.99966 
-3.99997 0.21060 6.00049 -3.99994 0.21054 1.99929 
-3.99995 -2.73680 1.99925 -3.99994 -2.73670 6.00390 
-3.99999 -3.15788 1.99980 -4.00004 -3.15788 6.00087 
-3.99994 -3.57882 1.99986 -3.99978 -3.57886 6.00014 
-3.99993 -3.99989 1.99978 -3.99988 -3.99990 6.00056 
-4.00007 -2.31573 1.99912 -4.00013 -2.31570 6.00145 
-4.00016 -1.89470 1.99985 -4.00004 -1.89466 6.00075 
-4.00001 -1.47362 1.99948 -3.99985 -1.47356 6.00057 
-4.00003 -1.05253 1.99951 -3.99992 -1.05253 6.00043 
-3.99997 -0.63159 1.99948 -3.99991 -0.63146 6.00041 
-3.99997 -0.21056 1.99949 -3.99991 -0.21042 6.00033 
4.00004 -3.15791 1.99970 3.99999 -3.15794 6.00027 
3.99998 -2.73689 1.99968 3.99999 -2.73690 6.00027 
4.00006 -2.31573 1.99962 4.00005 -2.31577 6.00023 
3.99992 -1.89483 1.99943 3.99997 -1.89479 6.00096 
4.00007 -1.47365 1.99958 4.00006 -1.47361 6.00044 
3.99996 -1.05272 1.99970 3.99998 -1.05267 6.00116 
3.99997 -0.63161 1.99922 4.00003 -0.63155 6.00182 
4.00000 -0.21048 1.99971 4.00003 -0.21051 6.00059 
3.99999 0.21058 1.99982 4.00004 0.21056 6.00043 
3.99999 0.63163 1.99984 4.00001 0.63160 6.00027 
3.99999 1.05265 1.99985 3.99997 1.05247 6.00053 
3.99996 1.47374 1.99981 4.00002 1.47365 6.00032 
3.99999 1.89481 1.99973 4.00002 1.89469 6.00049 
4.00000 2.31586 1.99948 4.00004 2.31576 6.00067 
4.00001 2.73684 1.99988 3.99999 2.73671 6.00090 
3.99998 3.15792 1.99953 3.99994 3.15787 6.00042 
4.00001 3.57895 1.99976 4.00001 3.57892 6.00072 
3.99997 3.99996 1.99882 4.00002 4.00003 6.00018 
-3.99993 -3.99989 1.99978 -3.99988 -3.99990 6.00056 
-3.57902 -4.00004 1.99984 -3.57909 -4.00000 6.00052 
-3.15803 -4.00013 1.99988 -3.15806 -3.99996 6.00072 
-2.73679 -4.00010 1.99988 -2.73697 -3.99987 6.00140 
-2.31569 -4.00006 1.99985 -2.31590 -3.99995 6.00069 
-1.89474 -3.99998 1.99974 -1.89473 -4.00001 6.00176 
3.99997 3.99996 1.99882 4.00002 4.00003 6.00018 
3.57894 3.99995 1.99912 3.57892 3.99993 6.00072 
3.15792 4.00001 1.99966 3.15793 4.00000 6.00128 
2.73685 4.00005 1.99914 2.73683 4.00008 6.00080 
2.31578 4.00000 1.99974 2.31575 4.00000 6.00058 
1.89476 4.00001 1.99977 1.89474 4.00005 6.00060 
1.47367 4.00006 6.00076 1.47366 4.00002 1.99924 
1.05265 3.99997 6.00064 1.05262 4.00004 1.99940 
0.63161 3.99993 6.00036 0.63157 4.00000 1.99954 
0.21054 4.00001 6.00037 0.21055 4.00001 1.99954 
-0.21049 4.00001 6.00074 -0.21051 4.00005 1.99957 
-0.63160 4.00012 6.00087 -0.63158 4.00002 1.99852 
-1.05263 3.99997 6.00062 -1.05261 3.99995 1.99975 
-1.47371 4.00019 6.00051 -1.47373 4.00007 1.99974 
-1.89477 4.00006 6.00030 -1.89478 4.00004 1.99958 
-2.31577 4.00008 6.00174 -2.31581 3.99999 1.99879 
-2.73680 4.00000 6.00043 -2.73678 3.99993 1.99964 
-3.15787 4.00004 6.00060 -3.15786 3.99996 1.99979 
-3.57881 3.99993 6.00076 -3.57880 3.99990 1.99985 
-3.99995 4.00001 6.00079 -3.99998 4.00004 1.99921 
4.00010 -3.99999 1.99960 4.00001 -4.00004 6.00042 
3.57888 -4.00008 1.99961 3.57894 -4.00004 6.00071 
3.15787 -3.99997 1.99949 3.15794 -3.99996 6.00054 
2.73679 -4.00008 1.99958 2.73673 -3.99999 6.00052 
2.31571 -4.00000 1.99913 2.31571 -3.99997 6.00042 
1.89475 -3.99998 1.99855 1.89460 -3.99995 6.00081 
1.47356 -4.00004 1.99926 1.47367 -4.00006 6.00124 
1.05251 -4.00009 1.99985 1.05263 -4.00000 6.00046 
0.63154 -3.99997 1.99913 0.63150 -4.00004 6.00045 
0.21043 -4.00002 1.99969 0.21049 -4.00002 6.00155 
-0.21057 -4.00001 1.99989 -0.21055 -4.00003 6.00067 
-0.63160 -3.99998 1.99984 -0.63150 -4.00003 6.00060 
-1.05257 -4.00000 1.99987 -1.05275 -4.00009 6.00046 
-1.47370 -4.00000 1.99989 -1.47363 -4.00010 6.00080 
3.99995 -3.57890 1.99962 3.99997 -3.57898 6.00043 
4.00010 -3.99999 1.99960 4.00001 -4.00004 6.00042 
-3.99995 4.00001 6.00079 -3.99998 4.00004 1.99921 
-3.99993 3.57898 6.00122 -3.99987 3.57890 1.99978 
-3.99996 3.15791 6.00095 -3.99997 3.15790 1.99985 
-4.00013 2.73698 6.00068 -3.99999 2.73688 1.99980 
-4.00005 2.31582 6.00085 -3.99996 2.31577 1.99967 
-4.00002 1.89474 6.00156 -3.99990 1.89462 1.99956 
-4.00000 1.47370 6.00047 -3.99998 1.47370 1.99967 
-4.00006 1.05265 6.00059 -4.00006 1.05268 1.99930 
-3.99995 0.63157 6.00061 -4.00002 0.63160 1.99966 
-3.99997 0.21060 6.00049 -3.99994 0.21054 1.99929 
-3.99995 -2.73680 1.99925 -3.99994 -2.73670 6.00390 
-3.99999 -3.15788 1.99980 -4.00004 -3.15788 6.00087 
-3.99994 -3.57882 1.99986 -3.99978 -3.57886 6.00014 
-3.99993 -3.99989 1.99978 -3.99988 -3.99990 6.00056 
-4.00007 -2.31573 1.99912 -4.00013 -2.31570 6.00145 
-4.00016 -1.89470 1.99985 -4.00004 -1.89466 6.00075 
-4.00001 -1.47362 1.99948 -3.99985 -1.47356 6.00057 
-4.00003 -1.05253 1.99951 -3.99992 -1.05253 6.00043 
-3.99997 -0.63159 1.99948 -3.99991 -0.63146 6.00041 
-3.99997 -0.21056 1.99949 -3.99991 -0.21042 6.00033 
4.00004 -3.15791 1.99970 3.99999 -3.15794 6.00027 
3.99998 -2.73689 1.99968 3.99999 -2.73690 6.00027 
4.00006 -2.31573 1.99962 4.00005 -2.31577 6.00023 
3.99992 -1.89483 1.99943 3.99997 -1.89479 6.00096 
4.00007 -1.47365 1.99958 4.00006 -1.47361 6.00044 
3.99996 -1.05272 1.99970 3.99998 -1.05267 6.00116 
3.99997 -0.63161 1.99922 4.00003 -0.63155 6.00182 
4.00000 -0.21048 1.99971 4.00003 -0.21051 6.00059 
3.99999 0.21058 1.99982 4.00004 0.21056 6.00043 
3.99999 0.63163 1.99984 4.00001 0.63160 6.00027 
3.99999 1.05265 1.99985 3.99997 1.05247 6.00053 
3.99996 1.47374 1.99981 4.00002 1.47365 6.00032 
3.99999 1.89481 1.99973 4.00002 1.89469 6.00049 
4.00000 2.31586 1.99948 4.00004 2.31576 6.00067 
4.00001 2.73684 1.99988 3.99999 2.73671 6.00090 
3.99998 3.15792 1.99953 3.99994 3.15787 6.00042 
4.00001 3.57895 1.99976 4.00001 3.57892 6.00072 
3.99997 3.99996 1.99882 4.00002 4.00003 6.00018 
-3.99993 -3.99989 1.99978 -3.99988 -3.99990 6.00056 
-3.57902 -4.00004 1.99984 -3.57909 -4.00000 6.00052 
-3.15803 -4.00013 1.99988 -3.15806 -3.99996 6.00072 
-2.73679 -4.00010 1.99988 -2.73697 -3.99987 6.00140 
-2.31569 -4.00006 1.99985 -2.31590 -3.99995 6.00069 
-1.89474 -3.99998 1.99974 -1.89473 -4.00001 6.00176 
3.99997 3.99996 1.99882 4.00002 4.00003 6.00018 
3.57894 3.99995 1.99912 3.57892 3.99993 6.00072 
3.15792 4.00001 1.99966 3.15793 4.00000 6.00128 
2.73685 4.00005 1.99914 2.73683 4.00008 6.00080 
2.31578 4.00000 1.99974 2.31575 4.00000 6.00058 
1.89476 4.00001 1.99977 1.89474 4.00005 6.00060 
1.47367 4.00006 6.00076 1.47366 4.00002 1.99924 
1.05265 3.99997 6.00064 1.05262 4.00004 1.99940 
0.63161 3.99993 6.00036 0.63157 4.00000 1.99954 
0.21054 4.00001 6.00037 0.21055 4.00001 1.99954 
-0.21049 4.00001 6.00074 -0.21051 4.00005 1.99957 
-0.63160 4.00012 6.00087 -0.63158 4.00002 1.99852 
-1.05263 3.99997 6.00062 -1.05261 3.99995 1.99975 
-1.47371 4.00019 6.00051 -1.47373 4.00007 1.99974 
-1.89477 4.00006 6.00030 -1.89478 4.00004 1.99958 
-2.31577 4.00008 6.00174 -2.31581 3.99999 1.99879 
-2.73680 4.00000 6.00043 -2.73678 3.99993 1.99964 
-3.15787 4.00004 6.00060 -3.15786 3.99996 1.99979 
-3.57881 3.99993 6.00076 -3.57880 3.99990 1.99985 
-3.99995 4.00001 6.00079 -3.99998 4.00004 1.99921 
4.00010 -3.99999 1.99960 4.00001 -4.00004 6.00042 
3.57888 -4.00008 1.99961 3.57894 -4.00004 6.00071 
3.15787 -3.99997 1.99949 3.15794 -3.99996 6.00054 
2.73679 -4.00008 1.99958 2.73673 -3.99999 6.00052 
2.31571 -4.00000 1.99913 2.31571 -3.99997 6.00042 
1.89475 -3.99998 1.99855 1.89460 -3.99995 6.00081 
1.47356 -4.00004 1.99926 1.47367 -4.00006 6.00124 
1.05251 -4.00009 1.99985 1.05263 -4.00000 6.00046 
0.63154 -3.99997 1.99913 0.63150 -4.00004 6.00045 
0.21043 -4.00002 1.99969 0.21049 -4.00002 6.00155 
-0.21057 -4.00001 1.99989 -0.21055 -4.00003 6.00067 
-0.63160 -3.99998 1.99984 -0.63150 -4.00003 6.00060 
-1.05257 -4.00000 1.99987 -1.05275 -4.00009 6.00046 
-1.47370 -4.00000 1.99989 -1.47363 -4.00010 6.00080 
3.99995 -3.57890 1.99962 3.99997 -3.57898 6.00043 
4.00010 -3.99999 1.99960 4.00001 -4.00004 6.00042 
-3.99995 4.00001 6.00079 -3.99998 4.00004 1.99921 
-3.99993 3.57898 6.00122 -3.99987 3.57890 1.99978 
-3.99996 3.15791 6.00095 -3.99997 3.15790 1.99985 
-4.00013 2.73698 6.00068 -3.99999 2.73688 1.99980 
-4.00005 2.31582 6.00085 -3.99996 2.31577 1.99967 
-4.00002 1.89474 6.00156 -3.99990 1.89462 1.99956 
-4.00000 1.47370 6.00047 -3.99998 1.47370 1.99967 
-4.00006 1.05265 6.00059 -4.00006 1.05268 1.99930 
-3.99995 0.63157 6.00061 -4.00002 0.63160 1.99966 
-3.99997 0.21060 6.00049 -3.99994 0.21054 1.99929 
-3.99995 -2.73680 1.99925 -3.99994 -2.73670 6.00390 
-3.99999 -3.15788 1.99980 -4.00004 -3.15788 6.00087 
-3.99994 -3.57882 1.99986 -3.99978 -3.57886 6.00014 
-3.99993 -3.99989 1.99978 -3.99988 -3.99990 6.00056 
-4.00007 -2.31573 1.99912 -4.00013 -2.31570 6.00145 
-4.00016 -1.89470 1.99985 -4.00004 -1.89466 6.00075 
-4.00001 -1.47362 1.99948 -3.99985 -1.47356 6.00057 
-4.00003 -1.05253 1.99951 -3.99992 -1.05253 6.00043 
-3.99997 -0.63159 1.99948 -3.99991 -0.63146 6.00041 
-3.99997 -0.21056 1.99949 -3.99991 -0.21042 6.00033 
4.00004 -3.15791 1.99970 3.99999 -3.15794 6.00027 
3.99998 -2.73689 1.99968 3.99999 -2.73690 6.00027 
4.00006 -2.31573 1.99962 4.00005 -2.31577 6.00023 
3.99992 -1.89483 1.99943 3.99997 -1.89479 6.00096 
4.00007 -1.47365 1.99958 4.00006 -1.47361 6.00044 
3.99996 -1.05272 1.99970 3.99998 -1.05267 6.00116 
3.99997 -0.63161 1.99922 4.00003 -0.63155 6.00182 
4.00000 -0.21048 1.99971 4.00003 -0.21051 6.00059 
3.99999 0.21058 1.99982 4.00004 0.21056 6.00043 
3.99999 0.63163 1.99984 4.00001 0.63160 6.00027 
3.99999 1.05265 1.99985 3.99997 1.05247 6.00053 
3.99996 1.47374 1.99981 4.00002 1.47365 6.00032 
3.99999 1.89481 1.99973 4.00002 1.89469 6.00049 
4.00000 2.31586 1.99948 4.00004 2.31576 6.00067 
4.00001 2.73684 1.99988 3.99999 2.73671 6.00090 
3.99998 3.15792 1.99953 3.99994 3.15787 6.00042 
4.00001 3.57895 1.99976 4.00001 3.57892 6.00072 
3.99997 3.99996 1.99882 4.00002 4.00003 6.00018 
-3.99993 -3.99989 1.99978 -3.99988 -3.99990 6.00056 
-3.57902 -4.00004 1.99984 -3.57909 -4.00000 6.00052 
-3.15803 -4.00013 1.99988 -3.15806 -3.99996 6.00072 
-2.73679 -4.00010 1.99988 -2.73697 -3.99987 6.00140 
-2.31569 -4.00006 1.99985 -2.31590 -3.99995 6.00069 
-1.89474 -3.99998 1.99974 -1.89473 -4.00001 6.00176 
3.99997 3.99996 1.99882 4.00002 4.00003 6.00018 
3.57894 3.99995 1.99912 3.57892 3.99993 6.00072 
3.15792 4.00001 1.99966 3.15793 4.00000 6.00128 
2.73685 4.00005 1.99914 2.73683 4.00008 6.00080 
2.31578 4.00000 1.99974 2.31575 4.00000 6.00058 
1.89476 4.00001 1.99977 1.89474 4.00005 6.00060 
1.47367 4.00006 6.00076 1.47366 4.00002 1.99924 
1.05265 3.99997 6.00064 1.05262 4.00004 1.99940 
0.63161 3.99993 6.00036 0.63157 4.00000 1.99954 
0.21054 4.00001 6.00037 0.21055 4.00001 1.99954 
-0.21049 4.00001 6.00074 -0.21051 4.00005 1.99957 
-0.63160 4.00012 6.00087 -0.63158 4.00002 1.99852 
-1.05263 3.99997 6.00062 -1.05261 3.99995 1.99975 
-1.47371 4.00019 6.00051 -1.47373 4.00007 1.99974 
-1.89477 4.00006 6.00030 -1.89478 4.00004 1.99958 
-2.31577 4.00008 6.00174 -2.31581 3.99999 1.99879 
-2.73680 4.00000 6.00043 -2.73678 3.99993 1.99964 
-3.15787 4.00004 6.00060 -3.15786 3.99996 1.99979 
-3.57881 3.99993 6.00076 -3.57880 3.99990 1.99985 
-3.99995 4.00001 6.00079 -3.99998 4.00004 1.99921 
4.00010 -3.99999 1.99960 4.00001 -4.00004 6.00042 
3.57888 -4.00008 1.99961 3.57894 -4.00004 6.00071 
3.15787 -3.99997 1.99949 3.15794 -3.99996 6.00054 
2.73679 -4.00008 1.99958 2.73673 -3.99999 6.00052 
2.31571 -4.00000 1.99913 2.31571 -3.99997 6.00042 
1.89475 -3.99998 1.99855 1.89460 -3.99995 6.00081 
1.47356 -4.00004 1.99926 1.47367 -4.00006 6.00124 
1.05251 -4.00009 1.99985 1.05263 -4.00000 6.00046 
0.63154 -3.99997 1.99913 0.63150 -4.00004 6.00045 
0.21043 -4.00002 1.99969 0.21049 -4.00002 6.00155 
-0.21057 -4.00001 1.99989 -0.21055 -4.00003 6.00067 
-0.63160 -3.99998 1.99984 -0.63150 -4.00003 6.00060 
-1.05257 -4.00000 1.99987 -1.05275 -4.00009 6.00046 
-1.47370 -4.00000 1.99989 -1.47363 -4.00010 6.00080 
3.99995 -3.57890 1.99962 3.99997 -3.57898 6.00043 
4.00010 -3.99999 1.99960 4.00001 -4.00004 6.00042 
-3.99995 4.00001 6.00079 -3.99998 4.00004 1.99921 
-3.99993 3.57898 6.00122 -3.99987 3.57890 1.99978 
-3.99996 3.15791 6.00095 -3.99997 3.15790 1.99985 
-4.00013 2.73698 6.00068 -3.99999 2.73688 1.99980 
-4.00005 2.31582 6.00085 -3.99996 2.31577 1.99967 
-4.00002 1.89474 6.00156 -3.99990 1.89462 1.99956 
-4.00000 1.47370 6.00047 -3.99998 1.47370 1.99967 
-4.00006 1.05265 6.00059 -4.00006 1.05268 1.99930 
-3.99995 0.63157 6.00061 -4.00002 0.63160 1.99966 
-3.99997 0.21060 6.00049 -3.99994 0.21054 1.99929 
-3.99995 -2.73680 1.99925 -3.99994 -2.73670 6.00390 
-3.99999 -3.15788 1.99980 -4.00004 -3.15788 6.00087 
-3.99994 -3.57882 1.99986 -3.99978 -3.57886 6.00014 
-3.99993 -3.99989 1.99978 -3.99988 -3.99990 6.00056 
-4.00007 -2.31573 1.99912 -4.00013 -2.31570 6.00145 
-4.00016 -1.89470 1.99985 -4.00004 -1.89466 6.00075 
-4.00001 -1.47362 1.99948 -3.99985 -1.47356 6.00057 
-4.00003 -1.05253 1.99951 -3.99992 -1.05253 6.00043 
-3.99997 -0.63159 1.99948 -3.99991 -0.63146 6.00041 
-3.99997 -0.21056 1.99949 -3.99991 -0.21042 6.00033 
4.00004 -3.15791 1.99970 3.99999 -3.15794 6.00027 
3.99998 -2.73689 1.99968 3.99999 -2.73690 6.00027 
4.00006 -2.31573 1.99962 4.00005 -2.31577 6.00023 
3.99992 -1.89483 1.99943 3.99997 -1.89479 6.00096 
4.00007 -1.47365 1.99958 4.00006 -1.47361 6.00044 
3.99996 -1.05272 1.99970 3.99998 -1.05267 6.00116 
3.99997 -0.63161 1.99922 4.00003 -0.63155 6.00182 
4.00000 -0.21048 1.99971 4.00003 -0.21051 6.00059 
3.99999 0.21058 1.99982 4.00004 0.21056 6.00043 
3.99999 0.63163 1.99984 4.00001 0.63160 6.00027 
3.99999 1.05265 1.99985 3.99997 1.05247 6.00053 
3.99996 1.47374 1.99981 4.00002 1.47365 6.00032 
3.99999 1.89481 1.99973 4.00002 1.89469 6.00049 
4.00000 2.31586 1.99948 4.00004 2.31576 6.00067 
4.00001 2.73684 1.99988 3.99999 2.73671 6.00090 
3.99998 3.15792 1.99953 3.99994 3.15787 6.00042 
4.00001 3.57895 1.99976 4.00001 3.57892 6.00072 
3.99997 3.99996 1.99882 4.00002 4.00003 6.00018 
-3.99993 -3.99989 1.99978 -3.99988 -3.99990 6.00056 
-3.57902 -4.00004 1.99984 -3.57909 -4.00000 6.00052 
-3.15803 -4.00013 1.99988 -3.15806 -3.99996 6.00072 
-2.73679 -4.00010 1.99988 -2.73697 -3.99987 6.00140 
-2.31569 -4.00006 1.99985 -2.31590 -3.99995 6.00069 
-1.89474 -3.99998 1.99974 -1.89473 -4.00001 6.00176 
3.99997 3.99996 1.99882 4.00002 4.00003 6.00018 
3.57894 3.99995 1.99912 3.57892 3.99993 6.00072 
3.15792 4.00001 1.99966 3.15793 4.00000 6.00128 
2.73685 4.00005 1.99914 2.73683 4.00008 6.00080 
2.31578 4.00000 1.99974 2.31575 4.00000 6.00058 
1.89476 4.00001 1.99977 1.89474 4.00005 6.00060 
1.47367 4.00006 6.00076 1.47366 4.00002 1.99924 
1.05265 3.99997 6.00064 1.05262 4.00004 1.99940 
0.63161 3.99993 6.00036 0.63157 4.00000 1.99954 
0.21054 4.00001 6.00037 0.21055 4.00001 1.99954 
-0.21049 4.00001 6.00074 -0.21051 4.00005 1.99957 
-0.63160 4.00012 6.00087 -0.63158 4.00002 1.99852 
-1.05263 3.99997 6.00062 -1.05261 3.99995 1.99975 
-1.47371 4.00019 6.00051 -1.47373 4.00007 1.99974 
-1.89477 4.00006 6.00030 -1.89478 4.00004 1.99958 
-2.31577 4.00008 6.00174 -2.31581 3.99999 1.99879 
-2.73680 4.00000 6.00043 -2.73678 3.99993 1.99964 
-3.15787 4.00004 6.00060 -3.15786 3.99996 1.99979 
-3.57881 3.99993 6.00076 -3.57880 3.99990 1.99985 
-3.99995 4.00001 6.00079 -3.99998 4.00004 1.99921 
4.00010 -3.99999 1.99960 4.00001 -4.00004 6.00042 
3.57888 -4.00008 1.99961 3.57894 -4.00004 6.00071 
3.15787 -3.99997 1.99949 3.15794 -3.99996 6.00054 
2.73679 -4.00008 1.99958 2.73673 -3.99999 6.00052 
2.31571 -4.00000 1.99913 2.31571 -3.99997 6.00042 
1.89475 -3.99998 1.99855 1.89460 -3.99995 6.00081 
1.47356 -4.00004 1.99926 1.47367 -4.00006 6.00124 
1.05251 -4.00009 1.99985 1.05263 -4.00000 6.00046 
0.63154 -3.99997 1.99913 0.63150 -4.00004 6.00045 
0.21043 -4.00002 1.99969 0.21049 -4.00002 6.00155 
-0.21057 -4.00001 1.99989 -0.21055 -4.00003 6.00067 
-0.63160 -3.99998 1.99984 -0.63150 -4.00003 6.00060 
-1.05257 -4.00000 1.99987 -1.05275 -4.00009 6.00046 
-1.47370 -4.00000 1.99989 -1.47363 -4.00010 6.00080 
3.99995 -3.57890 1.99962 3.99997 -3.57898 6.00043 
4.00010 -3.99999 1.99960 4.00001 -4.00004 6.00042 
-3.99995 4.00001 6.00079 -3.99998 4.00004 1.99921 
-3.99993 3.57898 6.00122 -3.99987 3.57890 1.99978 
-3.99996 3.15791 6.00095 -3.99997 3.15790 1.99985 
-4.00013 2.73698 6.00068 -3.99999 2.73688 1.99980 
-4.00005 2.31582 6.00085 -3.99996 2.31577 1.99967 
-4.00002 1.89474 6.00156 -3.99990 1.89462 1.99956 
-4.00000 1.47370 6.00047 -3.99998 1.47370 1.99967 
-4.00006 1.05265 6.00059 -4.00006 1.05268 1.99930 
-3.99995 0.63157 6.00061 -4.00002 0.63160 1.99966 
-3.99997 0.21060 6.00049 -3.99994 0.21054 1.99929 
-3.99995 -2.73680 1.99925 -3.99994 -2.73670 6.00390 
-3.99999 -3.15788 1.99980 -4.00004 -3.15788 6.00087 
-3.99994 -3.57882 1.99986 -3.99978 -3.57886 6.00014 
-3.99993 -3.99989 1.99978 -3.99988 -3.99990 6.00056 
-4.00007 -2.31573 1.99912 -4.00013 -2.31570 6.00145 
-4.00016 -1.89470 1.99985 -4.00004 -1.89466 6.00075 
-4.00001 -1.47362 1.99948 -3.99985 -1.47356 6.00057 
-4.00003 -1.05253 1.99951 -3.99992 -1.05253 6.00043 
-3.99997 -0.63159 1.99948 -3.99991 -0.63146 6.00041 
-3.99997 -0.21056 1.99949 -3.99991 -0.21042 6.00033 
4.00004 -3.15791 1.99970 3.99999 -3.15794 6.00027 
3.99998 -2.73689 1.99968 3.99999 -2.73690 6.00027 
4.00006 -2.31573 1.99962 4.00005 -2.31577 6.00023 
3.99992 -1.89483 1.99943 3.99997 -1.89479 6.00096 
4.00007 -1.47365 1.99958 4.00006 -1.47361 6.00044 
3.99996 -1.05272 1.99970 3.99998 -1.05267 6.00116 
3.99997 -0.63161 1.99922 4.00003 -0.63155 6.00182 
4.00000 -0.21048 1.99971 4.00003 -0.21051 6.00059 
3.99999 0.21058 1.99982 4.00004 0.21056 6.00043 
3.99999 0.63163 1.99984 4.00001 0.63160 6.00027 
3.99999 1.05265 1.99985 3.99997 1.05247 6.00053 
3.99996 1.47374 1.99981 4.00002 1.47365 6.00032 
3.99999 1.89481 1.99973 4.00002 1.89469 6.00049 
4.00000 2.31586 1.99948 4.00004 2.31576 6.00067 
4.00001 2.73684 1.99988 3.99999 2.73671 6.00090 
3.99998 3.15792 1.99953 3.99994 3.15787 6.00042 
4.00001 3.57895 1.99976 4.00001 3.57892 6.00072 
3.99997 3.99996 1.99882 4.00002 4.00003 6.00018 
-3.99993 -3.99989 1.99978 -3.99988 -3.99990 6.00056 
-3.57902 -4.00004 1.99984 -3.57909 -4.00000 6.00052 
-3.15803 -4.00013 1.99988 -3.15806 -3.99996 6.00072 
-2.73679 -4.00010 1.99988 -2.73697 -3.99987 6.00140 
-2.31569 -4.00006 1.99985 -2.31590 -3.99995 6.00069 
-1.89474 -3.99998 1.99974 -1.89473 -4.00001 6.00176 
3.99997 3.99996 1.99882 4.00002 4.00003 6.00018 
3.57894 3.99995 1.99912 3.57892 3.99993 6.00072 
3.15792 4.00001 1.99966 3.15793 4.00000 6.00128 
2.73685 4.00005 1.99914 2.73683 4.00008 6.00080 
2.31578 4.00000 1.99974 2.31575 4.00000 6.00058 
1.89476 4.00001 1.99977 1.89474 4.00005 6.00060 
1.47367 4.00006 6.00076 1.47366 4.00002 1.99924 
1.05265 3.99997 6.00064 1.05262 4.00004 1.99940 
0.63161 3.99993 6.00036 0.63157 4.00000 1.99954 
0.21054 4.00001 6.00037 0.21055 4.00001 1.99954 
-0.21049 4.00001 6.00074 -0.21051 4.00005 1.99957 
-0.63160 4.00012 6.00087 -0.63158 4.00002 1.99852 
-1.05263 3.99997 6.00062 -1.05261 3.99995 1.99975 
-1.47371 4.00019 6.00051 -1.47373 4.00007 1.99974 
-1.89477 4.00006 6.00030 -1.89478 4.00004 1.99958 
-2.31577 4.00008 6.00174 -2.31581 3.99999 1.99879 
-2.73680 4.00000 6.00043 -2.73678 3.99993 1.99964 
-3.15787 4.00004 6.00060 -3.15786 3.99996 1.99979 
-3.57881 3.99993 6.00076 -3.57880 3.99990 1.99985 
-3.99995 4.00001 6.00079 -3.99998 4.00004 1.99921 
4.00010 -3.99999 1.99960 4.00001 -4.00004 6.00042 
3.57888 -4.00008 1.99961 3.57894 -4.00004 6.00071 
3.15787 -3.99997 1.99949 3.15794 -3.99996 6.00054 
2.73679 -4.00008 1.99958 2.73673 -3.99999 6.00052 
2.31571 -4.00000 1.99913 2.31571 -3.99997 6.00042 
1.89475 -3.99998 1.99855 1.89460 -3.99995 6.00081 
1.47356 -4.00004 1.99926 1.47367 -4.00006 6.00124 
1.05251 -4.00009 1.99985 1.05263 -4.00000 6.00046 
0.63154 -3.99997 1.99913 0.63150 -4.00004 6.00045 
0.21043 -4.00002 1.99969 0.21049 -4.00002 6.00155 
-0.21057 -4.00001 1.99989 -0.21055 -4.00003 6.00067 
-0.63160 -3.99998 1.99984 -0.63150 -4.00003 6.00060 
-1.05257 -4.00000 1.99987 -1.05275 -4.00009 6.00046 
-1.47370 -4.00000 1.99989 -1.47363 -4.00010 6.00080 
3.99995 -3.57890 1.99962 3.99997 -3.57898 6.00043 
4.00010 -3.99999 1.99960 4.00001 -4.00004 6.00042 
-3.99995 4.00001 6.00079 -3.99998 4.00004 1.99921 
-3.99993 3.57898 6.00122 -3.99987 3.57890 1.99978 
-3.99996 3.15791 6.00095 -3.99997 3.15790 1.99985 
-4.00013 2.73698 6.00068 -3.99999 2.73688 1.99980 
-4.00005 2.31582 6.00085 -3.99996 2.31577 1.99967 
-4.00002 1.89474 6.00156 -3.99990 1.89462 1.99956 
-4.00000 1.47370 6.00047 -3.99998 1.47370 1.99967 
-4.00006 1.05265 6.00059 -4.00006 1.05268 1.99930 
-3.99995 0.63157 6.00061 -4.00002 0.63160 1.99966 
-3.99997 0.21060 6.00049 -3.99994 0.21054 1.99929 
-3.99995 -2.73680 1.99925 -3.99994 -2.73670 6.00390 
-3.99999 -3.15788 1.99980 -4.00004 -3.15788 6.00087 
-3.99994 -3.57882 1.99986 -3.99978 -3.57886 6.00014 
-3.99993 -3.99989 1.99978 -3.99988 -3.99990 6.00056 
-4.00007 -2.31573 1.99912 -4.00013 -2.31570 6.00145 
-4.00016 -1.89470 1.99985 -4.00004 -1.89466 6.00075 
-4.00001 -1.47362 1.99948 -3.99985 -1.47356 6.00057 
-4.00003 -1.05253 1.99951 -3.99992 -1.05253 6.00043 
-3.99997 -0.63159 1.99948 -3.99991 -0.63146 6.00041 
-3.99997 -0.21056 1.99949 -3.99991 -0.21042 6.00033 
4.00004 -3.15791 1.99970 3.99999 -3.15794 6.00027 
3.99998 -2.73689 1.99968 3.99999 -2.73690 6.00027 
4.00006 -2.31573 1.99962 4.00005 -2.31577 6.00023 
3.99992 -1.89483 1.99943 3.99997 -1.89479 6.00096 
4.00007 -1.47365 1.99958 4.00006 -1.47361 6.00044 
3.99996 -1.05272 1.99970 3.99998 -1.05267 6.00116 
3.99997 -0.63161 1.99922 4.00003 -0.63155 6.00182 
4.00000 -0.21048 1.99971 4.00003 -0.21051 6.00059 
3.99999 0.21058 1.99982 4.00004 0.21056 6.00043 
3.99999 0.63163 1.99984 4.00001 0.63160 6.00027 
3.99999 1.05265 1.99985 3.99997 1.05247 6.00053 
3.99996 1.47374 1.99981 4.00002 1.47365 6.00032 
3.99999 1.89481 1.99973 4.00002 1.89469 6.00049 
4.00000 2.31586 1.99948 4.00004 2.31576 6.00067 
4.00001 2.73684 1.99988 3.99999 2.73671 6.00090 
3.99998 3.15792 1.99953 3.99994 3.15787 6.00042 
4.00001 3.57895 1.99976 4.00001 3.57892 6.00072 
3.99997 3.99996 1.99882 4.00002 4.00003 6.00018 
-3.99993 -3.99989 1.99978 -3.99988 -3.99990 6.00056 
-3.57902 -4.00004 1.99984 -3.57909 -4.00000 6.00052 
-3.15803 -4.00013 1.99988 -3.15806 -3.99996 6.00072 
-2.73679 -4.00010 1.99988 -2.73697 -3.99987 6.00140 
-2.31569 -4.00006 1.99985 -2.31590 -3.99995 6.00069 
-1.89474 -3.99998 1.99974 -1.89473 -4.00001 6.00176 
3.99964 3.99980 1.93130 4.00006 4.00000 6.07462 
3.57778 3.99937 1.94605 3.57933 4.00011 6.06257 
3.15786 3.99998 1.93492 3.15795 3.99991 6.06089 
2.73670 3.99999 1.95023 2.73677 4.00020 6.06601 
2.31566 4.00000 1.94923 2.31576 4.00033 6.06924 
1.89476 3.99983 1.95413 1.89554 4.00018 6.06820 
1.47371 3.99965 6.05724 1.47369 4.00007 1.95366 
1.05285 3.99976 6.05591 1.05262 3.99994 1.94770 
0.63132 4.00005 6.06561 0.63160 3.99995 1.93792 
0.21168 4.00027 6.05443 0.21036 4.00041 1.95125 
-0.21121 3.99939 6.04978 -0.21048 3.99994 1.95074 
-0.63164 4.00005 6.05438 -0.63256 3.99609 1.95052 
-1.05308 3.99622 6.04399 -1.05215 4.00259 1.95057 
-1.47347 4.00952 6.05080 -1.47446 3.99173 1.94281 
-1.89561 4.00912 6.06207 -1.89348 3.99178 1.93791 
-2.31297 3.98448 6.05265 -2.31619 4.00676 1.95593 
-2.73410 4.00118 6.04932 -2.73868 3.99914 1.95623 
-3.15087 3.98089 6.48193 -3.16242 4.01190 1.83654 
-3.58633 4.01639 6.07024 -3.57377 3.99082 1.94201 
-4.02050 4.03860 6.07517 -3.98074 3.96419 1.94419 
3.99992 -3.99993 1.93943 4.00012 -4.00024 6.06319 
3.57892 -4.00002 1.94805 3.57840 -3.99988 6.07193 
3.15790 -4.00004 1.92070 3.15743 -3.99974 6.04668 
2.73683 -4.00014 1.95789 2.73701 -4.00045 6.04978 
2.31583 -4.00007 1.95451 2.31584 -4.00007 6.06498 
1.89475 -3.99997 1.94696 1.89484 -4.00014 6.04375 
1.47368 -4.00004 1.94438 1.47369 -4.00000 6.05150 
1.05266 -3.99958 1.95896 1.05224 -4.00036 6.04616 
0.63167 -4.00038 1.95273 0.63202 -3.99972 6.06114 
0.21134 -3.99988 1.94857 0.20800 -3.99622 6.17932 
-0.21072 -3.99947 1.95197 -0.21042 -4.00005 6.05789 
-0.63203 -3.99808 1.95067 -0.63022 -4.00544 6.06576 
-1.05148 -4.00601 1.95555 -1.05302 -3.99772 6.05076 
-1.47391 -3.99800 1.95046 -1.47384 -3.99151 6.04225 
3.99991 -3.57882 1.94505 4.00091 -3.57883 6.06898 
3.99992 -3.99989 1.95444 4.00044 -4.00082 6.06446 
-3.98703 3.97542 6.26285 -3.99698 3.99509 1.92960 
-4.00458 3.58671 6.05838 -3.99897 3.57737 1.95052 
-4.00086 3.16154 6.06180 -3.99738 3.15152 1.95439 
-4.00005 2.73656 6.04953 -3.99493 2.74282 1.94234 
-3.95105 2.25271 6.27330 -3.99317 2.30632 1.95082 
-4.00103 1.89444 6.04250 -4.00017 1.89742 1.94401 
-3.98328 1.45618 6.08253 -4.01890 1.49299 1.94754 
-3.99298 1.04637 6.05934 -4.01784 1.06821 1.94875 
-4.02480 0.64969 6.08919 -3.99270 0.62666 1.96562 
-3.97157 0.19075 6.45026 -3.99109 0.20521 1.71950 
-4.01520 -2.75943 1.91987 -3.97867 -2.70065 6.63882 
-4.00284 -3.16336 1.94258 -4.00848 -3.15730 6.07036 
-4.00472 -3.58806 1.95370 -3.99731 -3.56713 6.07296 
-4.00285 -4.00520 1.93173 -4.00198 -3.99958 6.07138 
-4.01067 -2.32974 1.95415 -3.99829 -2.30781 6.06194 
-3.99958 -1.89590 1.94587 -4.01703 -1.91243 6.12338 
-4.00636 -1.48014 1.95073 -3.99675 -1.46786 6.05724 
-3.99153 -1.04495 1.95217 -3.98313 -1.03854 6.03823 
-4.06798 -0.68263 1.95863 -4.02612 -0.64997 6.18693 
-4.00192 -0.22113 1.89648 -3.99392 -0.20194 6.08139 
4.00008 -3.15803 1.94759 4.00009 -3.15826 6.05607 
4.00004 -2.73685 1.95120 3.99890 -2.73578 6.07061 
3.99998 -2.31579 1.94685 3.99997 -2.31553 6.05166 
3.99986 -1.89465 1.93345 3.99996 -1.89435 6.05438 
3.99995 -1.47368 1.95227 4.00020 -1.47374 6.05738 
3.99984 -1.05257 1.96413 4.00017 -1.05297 6.04800 
3.99994 -0.63154 1.95988 4.00011 -0.63168 6.06225 
4.00014 -0.21025 1.96265 3.99996 -0.21054 6.03980 
3.99888 0.20983 1.95750 4.00003 0.21058 6.04874 
3.99981 0.63245 1.94181 3.99992 0.63151 6.03996 
3.99999 1.05278 1.95202 4.00008 1.05258 6.04590 
3.99897 1.47374 1.92226 4.00010 1.47366 6.04094 
3.99986 1.89485 1.94716 4.00012 1.89475 6.04572 
4.00018 2.31590 1.94380 4.00004 2.31578 6.05224 
3.99864 2.73656 1.95642 4.00001 2.73680 6.04842 
3.99997 3.15784 1.93027 3.99999 3.15789 6.06069 
3.99992 3.57895 1.95600 4.00000 3.57889 6.04807 
3.99873 3.99942 1.93418 4.00006 3.99998 6.07351 
-4.00147 -4.00459 1.94627 -4.00257 -4.00101 6.06727 
-3.57948 -4.00582 1.93704 -3.58572 -3.99438 6.06787 
-3.14869 -3.97453 1.94074 -3.16638 -4.02469 6.06490 
-2.73766 -4.00370 1.95499 -2.73844 -4.00914 6.06140 
-2.32201 -4.03471 1.93550 -2.31560 -3.99912 6.06757 
-1.89303 -3.98002 1.94582 -1.89539 -4.00882 6.06014 
3.99903 3.99954 1.81645 4.00006 3.99997 6.14231 
3.57814 3.99961 1.88424 3.57889 3.99977 6.11560 
3.15752 3.99967 1.89441 3.15812 3.99990 6.11201 
2.73675 3.99973 1.88504 2.73709 3.99919 6.14149 
2.31573 4.00013 1.87904 2.31579 4.00024 6.10229 
1.89432 3.99966 1.87536 1.89340 3.99909 6.10868 
1.47369 3.99958 6.10083 1.47365 3.99995 1.86166 
1.05239 4.00011 6.10798 1.05332 4.00082 1.90872 
0.63233 3.99951 6.07519 0.63151 3.99991 1.91356 
0.21445 4.00698 6.14072 0.21153 4.00200 1.92215 
-0.21001 4.00128 6.11757 -0.21141 3.99781 1.91248 
-0.63436 3.98902 6.07387 -0.63321 3.99350 1.91199 
-1.05300 3.99776 6.14192 -1.05023 4.00487 1.91390 
-1.47446 3.94623 6.05132 -1.47373 3.99943 1.90309 
-1.89681 4.02305 6.15195 -1.89583 3.99588 1.92309 
-2.32172 4.03510 6.88231 -2.31413 3.98348 1.56085 
-2.72869 3.96869 9.02638 -2.74039 4.01549 1.36063 
-3.13786 3.94462 7.40537 -3.15205 3.98511 1.92235 
-3.60189 4.05107 6.14876 -3.54039 3.91372 1.86448 
-3.97225 3.94739 6.56265 -3.99652 3.99386 1.89637 
4.00001 -3.99997 1.88365 3.99936 -4.00114 6.15208 
3.57882 -3.99987 1.88143 3.57893 -4.00066 6.12116 
3.15789 -3.99998 1.90513 3.15691 -3.99882 6.15861 
2.73671 -3.99999 1.90234 2.73587 -3.99936 6.11387 
2.31591 -4.00020 1.90165 2.31586 -3.99964 6.10444 
1.89466 -3.99992 1.89206 1.89473 -4.00015 6.09779 
1.47367 -3.99999 1.90095 1.47362 -3.99991 6.09242 
1.05307 -3.99649 1.90503 1.05247 -3.99990 6.09979 
0.63179 -3.99665 1.90081 0.63514 -4.00330 6.09207 
0.20957 -4.00192 1.86527 0.21139 -3.99981 6.10646 
-0.21288 -3.99210 1.92331 -0.20980 -4.00191 6.08584 
-0.63317 -3.99115 1.91929 -0.63499 -3.98596 6.10794 
-1.05532 -3.98180 1.92098 -1.05247 -4.00175 6.09121 
-1.47797 -3.99286 1.91443 -1.47144 -4.00020 6.08589 
3.99999 -3.57890 1.89032 3.99913 -3.57957 6.10724 
3.99996 -3.99997 1.88490 4.00203 -4.00089 6.14359 
-3.99096 3.98239 6.19040 -4.04428 4.08444 1.42503 
-3.96586 3.51914 6.43926 -4.01083 3.59863 1.85806 
-4.04308 3.22622 6.15785 -3.94035 3.06487 1.89120 
-4.01406 2.75711 6.13668 -3.99934 2.73665 1.90519 
-3.97391 2.28116 6.15093 -4.07999 2.42116 1.68981 
-3.98292 1.87483 6.08542 -3.99076 1.88451 1.88620 
-4.02314 1.49702 6.11259 -3.96845 1.44197 1.88798 
-4.00308 1.04753 6.10193 -4.01243 1.06756 1.90406 
-4.00026 0.63354 6.08878 -3.98895 0.62328 1.91874 
-4.00473 0.21353 6.14086 -4.04424 0.23945 1.89354 
-4.01170 -2.75582 1.90592 -3.96140 -2.66466 7.29317 
-3.97603 -3.12011 1.88108 -4.00304 -3.16302 6.10855 
-4.00553 -3.59078 1.88498 -4.01110 -3.57943 6.15542 
-3.98070 -3.96913 1.91794 -4.02086 -4.04201 6.15203 
-3.92570 -2.21931 1.00195 -3.97761 -2.28786 6.17646 
-4.00134 -1.89953 1.90080 -4.02176 -1.91858 6.17106 
-3.87183 -1.34529 1.19188 -4.05434 -1.52823 6.30326 
-4.04047 -1.08783 1.89876 -3.92390 -0.98430 6.16387 
-4.04981 -0.66851 1.86476 -3.96522 -0.60359 6.09518 
-4.00180 -0.21185 1.90940 -4.02692 -0.22741 6.24184 
3.99999 -3.15799 1.88921 3.99993 -3.15772 6.13980 
3.99986 -2.73679 1.89256 4.00175 -2.73807 6.15564 
3.99996 -2.31575 1.90474 4.00053 -2.31576 6.10606 
4.00005 -1.89484 1.89008 3.99979 -1.89491 6.13356 
3.99989 -1.47365 1.89659 4.00009 -1.47399 6.09042 
3.99973 -1.05241 1.87107 3.99990 -1.05297 6.14779 
3.99973 -0.63142 1.90136 4.00000 -0.63157 6.11872 
4.00011 -0.21054 1.88660 3.99997 -0.21054 6.10879 
4.00070 0.21184 1.90131 3.99989 0.21047 6.10566 
3.99828 0.63156 1.84655 3.99999 0.63150 6.08322 
3.99733 1.05328 1.92396 4.00044 1.05249 6.10211 
3.99701 1.47335 1.89105 4.00018 1.47379 6.09020 
3.99488 1.89325 1.91946 4.00028 1.89468 6.11023 
3.99737 2.31621 1.89726 3.99984 2.31542 6.10861 
3.99938 2.73683 1.90105 3.99987 2.73660 6.11714 
3.99960 3.15787 1.92565 3.99994 3.15785 6.09617 
3.99917 3.57862 1.89934 4.00002 3.57882 6.11664 
3.99833 3.99913 1.84899 4.00047 4.00015 6.11992 
-3.99714 -3.99968 1.89004 -4.04341 -4.09252 6.19945 
-3.56431 -3.96759 1.91944 -3.59348 -4.05598 6.14163 
-3.15958 -4.00896 1.89964 -3.16358 -3.99758 6.13152 
-2.72404 -3.95311 1.89925 -2.73682 -3.99732 6.16462 
-2.31769 -4.01071 1.88708 -2.31250 -3.98027 6.06735 
-1.89362 -3.98647 1.90795 -1.89477 -4.00048 6.10320 
3.99491 3.99767 1.78508 4.00045 4.00020 6.23818 
3.57810 3.99963 1.81735 3.57940 3.99995 6.19187 
3.15692 3.99942 1.82778 3.15807 3.99986 6.25072 
2.73672 3.99964 1.86243 2.73729 4.00036 6.17385 
2.31561 3.99971 1.80303 2.31646 3.99863 6.14257 
1.89474 3.99988 1.83817 1.89590 3.99938 6.20661 
1.47371 4.00023 6.17888 1.47366 4.00001 1.85342 
1.05216 3.99920 6.12041 1.05309 4.00057 1.85098 
0.63286 4.00002 6.15577 0.63148 3.99990 1.87152 
0.21597 4.00141 6.18096 0.21074 3.99893 1.85721 
-0.21632 3.98456 6.23584 -0.21246 3.99501 1.85381 
-0.62897 4.01084 6.12074 -0.63202 3.99808 1.84557 
-1.05019 4.01641 6.19264 -1.05475 3.99894 1.78758 
-1.47378 3.99994 6.11451 -1.47108 4.05627 1.84664 
-1.88548 4.01790 6.17888 -1.90137 4.00020 1.83254 
-2.32615 4.05696 7.41957 -2.29819 3.89841 -0.54467 
-2.75577 4.06852 6.18739 -2.71736 3.94217 1.70451 
-3.14591 3.96698 6.83684 -3.08936 3.81255 1.64955 
-3.55874 3.95480 6.63780 -3.60385 4.05259 1.60178 
-4.05918 4.11163 6.28636 -3.98379 3.97144 1.83621 
4.00005 -3.99998 1.85978 3.99925 -4.00093 6.19166 
3.57895 -4.00018 1.85854 3.57992 -4.00002 6.18397 
3.15776 -4.00003 1.85306 3.15857 -4.00014 6.25949 
2.73681 -4.00014 1.82647 2.73675 -3.99977 6.19546 
2.31588 -4.00018 1.84910 2.31573 -4.00020 6.14354 
1.89473 -4.00011 1.87606 1.89429 -3.99971 6.19912 
1.47366 -3.99989 1.87490 1.47373 -4.00007 6.14779 
1.05294 -4.00116 1.84543 1.05192 -3.99904 6.12803 
0.63198 -3.99813 1.83609 0.63273 -4.00192 6.20551 
0.21072 -3.99952 1.84477 0.21039 -4.00011 6.14889 
-0.21124 -4.00154 1.86002 -0.20737 -4.00849 6.14425 
-0.63099 -4.00175 1.84291 -0.63468 -3.99977 6.18945 
-1.05088 -4.01183 1.80918 -1.05306 -3.99751 6.16169 
-1.47285 -4.03920 1.88348 -1.47226 -4.07579 6.19426 
4.00007 -3.57933 1.83669 3.99719 -3.57694 6.19385 
3.99975 -3.99972 1.81923 4.00007 -4.00121 6.22830 
-3.98452 3.92183 7.04088 -4.01683 4.05200 1.59894 
-3.98782 3.58615 6.16627 -3.99705 3.56949 1.84360 
-4.04425 3.22812 6.17486 -3.90254 3.00383 1.86261 
-3.94621 2.65939 6.36807 -4.01698 2.76303 1.81823 
-3.99075 2.33545 6.30171 -3.99365 2.28202 1.82519 
-4.04476 1.94622 6.23678 -3.93662 1.82218 1.76386 
-4.06359 1.53777 6.22740 -3.98862 1.46216 1.77799 
-4.03044 1.07973 6.17354 -4.15962 1.19502 1.53905 
-4.09160 0.69574 6.21667 -3.98451 0.62507 1.87057 
-4.03558 0.23611 6.11606 -3.84093 0.11265 0.18426 
-3.96701 -2.69222 0.89295 -3.93960 -2.63567 7.77733 
-3.95091 -3.07404 1.79597 -3.99524 -3.18168 6.15111 
-4.01070 -3.59939 1.82959 -4.00567 -3.57353 6.16145 
-3.93376 -3.87519 1.75792 -4.01092 -4.02059 6.19910 
-3.98000 -2.29944 1.80810 -4.01131 -2.33487 6.20667 
-4.01000 -1.90663 1.82641 -3.98765 -1.87338 6.23850 
-3.99170 -1.46581 1.84911 -3.85967 -1.32168 6.45082 
-4.04674 -1.09391 1.85175 -3.86823 -0.93060 6.28958 
-3.74361 -0.44047 0.54299 -4.02058 -0.64803 6.15724 
-4.02500 -0.20184 6.20202 -3.80594 -0.30394 -0.26718 
3.99986 -3.15802 1.82492 4.00047 -3.15990 6.19173 
4.00013 -2.73701 1.82400 3.99643 -2.73296 6.21245 
4.00004 -2.31564 1.85736 3.99879 -2.31703 6.22437 
3.99999 -1.89472 1.85942 4.00001 -1.89569 6.16038 
3.99907 -1.47289 1.88833 4.00188 -1.47637 6.14550 
3.99927 -1.05200 1.85270 4.00051 -1.05329 6.12879 
3.99991 -0.63152 1.86812 4.00002 -0.63188 6.26659 
3.99895 -0.21059 1.86812 3.99993 -0.21045 6.13366 
4.00103 0.21259 1.84532 3.99986 0.21040 6.15340 
3.99873 0.63141 1.83237 3.99983 0.63140 6.15646 
3.99548 1.05602 1.86726 3.99999 1.05249 6.16721 
3.99845 1.47429 1.87730 3.99986 1.47337 6.11772 
3.99609 1.89415 1.81223 4.00056 1.89491 6.16550 
3.99604 2.31607 1.87833 4.00018 2.31568 6.17814 
3.99881 2.73714 1.84204 4.00010 2.73682 6.21105 
3.99427 3.15641 1.83054 4.00032 3.15798 6.15857 
3.99694 3.57785 1.80517 4.00022 3.57896 6.16534 
3.99884 3.99953 1.77730 3.99991 3.99932 6.17225 
-3.96215 -3.93423 1.79642 -4.00178 -4.01182 6.21371 
-3.57219 -3.98331 1.80815 -3.55664 -3.99968 6.15137 
-3.16370 -4.01852 1.81115 -3.18402 -4.08001 6.21256 
-2.73633 -4.00136 1.83608 -2.74139 -4.01667 6.20612 
-2.31551 -3.99891 1.84456 -2.33222 -4.09009 6.28402 
-1.89565 -4.01407 1.85383 -1.89358 -3.98413 6.15672 
3.98900 3.99501 1.74064 3.99973 3.99989 6.23610 
3.57361 3.99732 1.81776 3.57871 3.99984 6.26573 
3.15705 3.99948 1.79145 3.15815 3.99942 6.30849 
2.73675 3.99984 1.84120 2.73741 3.99953 6.17217 
2.31574 3.99984 1.83109 2.31635 3.99992 6.19589 
1.89469 3.99936 1.75887 1.89555 3.99857 6.34660 
1.47360 4.00315 6.26260 1.47368 3.99986 1.74906 
1.05372 3.99970 6.17443 1.05201 3.99933 1.81669 
0.63544 3.99691 6.19285 0.63180 3.99959 1.83585 
0.21320 4.00713 6.22409 0.20327 3.98571 1.82503 
-0.21562 3.98992 6.13793 -0.20869 4.00494 1.82989 
-0.62736 4.01664 6.25947 -0.62688 4.01895 1.76249 
-1.05381 3.99071 6.20287 -1.05111 4.01021 1.80795 
-1.47287 4.06736 6.27167 -1.47271 4.00693 1.81173 
-1.88951 3.94041 6.16424 -1.89611 4.02367 1.80606 
-2.33441 4.09776 8.42111 -2.30641 3.95339 0.85963 
-2.73987 3.99643 6.64312 -2.72960 3.99852 1.74023 
-2.99304 3.54368 9.93185 -3.17618 4.05310 1.89558 
-3.50482 3.83116 8.39844 -3.53344 3.90567 1.81800 
-4.06766 4.12764 6.27354 -4.02514 4.05069 1.64930 
3.99999 -4.00050 1.78490 3.99673 -3.99928 6.31196 
3.57862 -3.99981 1.76785 3.58410 -4.00481 6.27662 
3.15789 -3.99995 1.73912 3.15732 -4.00044 6.19481 
2.73682 -4.00003 1.71605 2.73631 -3.99857 6.20987 
2.31570 -3.99999 1.76952 2.31817 -4.00191 6.17625 
1.89472 -3.99999 1.77414 1.89479 -4.00011 6.18958 
1.47366 -3.99990 1.76786 1.47375 -4.00012 6.21244 
1.05262 -4.00060 1.82767 1.05241 -3.99956 6.15920 
0.63023 -3.99424 1.80920 0.63557 -4.00675 6.21236 
0.21162 -3.99961 1.84057 0.21272 -4.00179 6.19850 
-0.20941 -4.00505 1.84931 -0.21417 -4.00138 6.20136 
-0.64079 -3.96682 1.83819 -0.62878 -4.01138 6.18999 
-1.04531 -4.05544 1.77607 -1.05427 -3.98756 6.16843 
-1.47324 -4.00671 1.77971 -1.47407 -3.99040 6.25732 
4.00009 -3.57912 1.78592 3.99859 -3.57628 6.30662 
3.99966 -3.99993 1.76616 3.99912 -3.99973 6.28487 
-4.01251 3.99910 6.28068 -3.99355 4.00444 1.78553 
-4.01620 3.60643 6.18803 -3.98799 3.56127 1.82839 
-4.01284 3.17835 6.28553 -3.96002 3.09456 1.80304 
-4.02276 2.77018 6.22231 -3.97951 2.72527 1.78560 
-4.02745 2.29945 6.20670 -4.02676 2.36313 1.81233 
-3.98093 1.93581 6.98472 -4.00234 1.86726 1.80578 
-3.97696 1.50392 6.14954 -3.95409 1.40205 1.81783 
-4.01199 1.07291 6.22425 -3.93102 0.99246 1.82680 
-4.00999 0.62634 6.24763 -4.00949 0.65084 1.84049 
-4.16265 0.30232 6.37447 -4.02308 0.22860 1.84947 
-4.07886 -2.85723 1.56760 -4.20599 -3.01859 13.32407 
-3.99721 -3.15614 1.77947 -3.98006 -3.10539 6.75254 
-3.88634 -3.39368 1.77442 -4.16968 -3.89539 6.50500 
-3.95491 -3.93061 1.78844 -4.11474 -4.21702 6.43275 
-3.93456 -2.24265 1.24730 -4.07493 -2.41224 7.04624 
-3.94532 -1.80382 1.34288 -4.00153 -1.96661 6.42586 
-4.14718 -1.62187 1.77887 -3.89846 -1.36206 6.34029 
-3.99770 -1.03248 1.83332 -3.98445 -1.07526 6.26108 
-3.97197 -0.61104 1.79899 -3.92367 -0.57046 6.19029 
-3.93970 -0.17268 1.59459 -4.03147 -0.23686 6.33369 
3.99978 -3.15768 1.79734 4.00314 -3.16055 6.22000 
4.00000 -2.73683 1.84517 4.00127 -2.73941 6.23793 
4.00019 -2.31587 1.77073 3.99717 -2.31520 6.20470 
3.99959 -1.89436 1.83798 3.99924 -1.89288 6.19469 
3.99972 -1.47344 1.80260 4.00014 -1.47537 6.27116 
3.99984 -1.05247 1.79255 4.00058 -1.05318 6.20668 
3.99932 -0.63114 1.82340 4.00068 -0.63214 6.18226 
3.99816 -0.20920 1.85934 4.00195 -0.21176 6.23446 
3.99978 0.21168 1.75341 4.00001 0.20988 6.20223 
3.99724 0.63129 1.84223 3.99988 0.63133 6.21356 
3.99809 1.05272 1.82792 4.00009 1.05275 6.19294 
3.99311 1.47251 1.83907 4.00141 1.47362 6.19473 
3.99621 1.89403 1.80037 4.00036 1.89485 6.33966 
3.99500 2.31516 1.82935 4.00003 2.31548 6.22281 
3.97536 2.73156 1.80796 4.00298 2.73722 6.16588 
3.99626 3.15701 1.78707 4.00002 3.15772 6.26823 
3.99097 3.57557 1.74417 4.00151 3.57947 6.29387 
3.99285 3.99671 1.73615 4.00183 4.00076 6.27386 
-3.91161 -3.83283 1.74656 -3.90406 -3.81204 6.64209 
-3.63942 -4.13631 1.71427 -3.55747 -3.93167 6.31329 
-3.15640 -4.01139 1.79776 -3.19121 -3.98797 6.31321 
-2.72649 -3.96443 1.79683 -2.71658 -3.91177 6.23604 
-2.29734 -3.89840 1.77660 -2.32944 -4.07551 6.23349 
-1.89310 -3.98275 1.84875 -1.89546 -4.00850 6.18620 
3.99313 3.99676 1.68090 4.00037 4.00014 6.25791 
3.57474 3.99790 1.78795 3.57972 4.00019 6.21939 
3.15629 3.99900 1.67360 3.15872 3.99953 6.21849 
2.73646 3.99966 1.77959 2.73810 4.00038 6.26201 
2.31570 3.99964 1.82656 2.31707 3.99914 6.14696 
1.89468 3.99975 1.80259 1.89553 3.99817 6.22209 
1.47364 4.00294 6.22523 1.47367 3.99972 1.83645 
1.05276 3.99994 6.23983 1.05332 4.00081 1.82819 
0.63027 3.99638 6.26936 0.63176 4.00030 1.78751 
0.20252 3.99827 6.22951 0.21084 4.00034 1.78393 
-0.20943 4.00378 6.21983 -0.21074 3.99932 1.78607 
-0.63047 4.00529 6.23215 -0.63418 3.98944 1.78161 
-1.05720 3.96314 6.18759 -1.04864 4.03254 1.79064 
-1.47298 4.01603 6.29968 -1.47475 3.99335 1.81863 
-1.88844 3.92920 6.15732 -1.90069 4.06252 1.76005 
-2.31936 4.03374 6.89143 -2.30837 3.99236 1.82768 
-2.75907 3.99058 7.00403 -2.73454 4.00812 1.85344 
-3.16768 4.02691 6.23215 -3.14514 3.96876 1.76291 
-3.61119 4.07168 6.32828 -3.57260 3.99135 1.71858 
-4.03743 4.07040 6.39148 -3.96005 3.92865 1.79257 
4.00024 -3.99998 1.80572 3.99992 -3.99999 6.28962 
3.57878 -3.99982 1.81832 3.58121 -4.00314 6.21663 
3.15785 -4.00006 1.79384 3.15744 -3.99776 6.22916 
2.73668 -3.99986 1.79475 2.73917 -4.00205 6.21679 
2.31573 -3.99988 1.79970 2.31526 -3.99952 6.25155 
1.89480 -4.00005 1.83694 1.89468 -3.99981 6.22118 
1.47375 -4.00008 1.80921 1.47369 -3.99997 6.20197 
1.05481 -3.98982 1.77994 1.05203 -3.99975 6.17976 
0.63113 -4.00527 1.78422 0.62621 -3.99177 6.29228 
0.21126 -3.99964 1.84486 0.20918 -4.00048 6.17879 
-0.21178 -3.98789 1.75562 -0.20243 -4.02223 6.20448 
-0.63062 -3.99759 1.82020 -0.63157 -4.00027 6.18217 
-1.05767 -3.95541 1.80626 -1.05113 -4.01249 6.23497 
-1.47252 -4.03492 1.81830 -1.47406 -3.98474 6.17075 
3.99996 -3.57882 1.75873 4.00143 -3.57928 6.29474 
3.99990 -4.00005 1.66528 3.99955 -3.99948 6.21199 
-3.97912 4.00522 6.16091 -4.00069 3.97282 1.70817 
-3.96117 3.50813 6.52780 -4.00200 3.58133 1.75386 
-4.05680 3.24793 6.31844 -3.97448 3.11924 1.75070 
-4.09849 2.87774 6.29193 -3.95687 2.68576 1.83461 
-3.98954 2.29973 6.21353 -4.16220 2.52729 1.38329 
-3.86164 1.73514 6.68439 -3.88844 1.76714 1.70979 
-4.00417 1.45311 6.15635 -4.03106 1.51550 1.80600 
-4.13304 1.16724 6.30813 -4.08361 1.12672 1.76844 
-4.13062 0.73140 6.28902 -4.03742 0.66180 1.81900 
-3.59461 -0.04702 9.87952 -4.05565 0.24482 1.84997 
-3.81457 -2.47320 -0.57261 -4.18645 -3.00772 7.78817 
-3.94217 -3.06624 1.83659 -3.99479 -3.18214 6.27116 
-4.00154 -3.58480 1.81628 -4.00885 -3.57567 6.22416 
-4.06673 -4.20982 1.36656 -3.97395 -3.83582 6.73345 
-4.04388 -2.39105 1.75811 -4.17204 -2.52384 8.27441 
-3.86485 -1.73942 0.86669 -4.02356 -1.92536 6.22208 
-3.97155 -1.44811 1.81256 -4.08912 -1.55896 6.48040 
-4.13705 -1.17247 1.82328 -3.93756 -0.99532 6.16834 
-4.21006 -0.78771 1.73301 -3.85546 -0.52091 6.27276 
-4.02875 -0.22839 1.84377 -3.95044 -0.17801 6.14426 
4.00010 -3.15807 1.71001 4.00017 -3.15715 6.18009 
4.00022 -2.73686 1.79288 4.00128 -2.73620 6.25127 
3.99998 -2.31577 1.71906 3.99977 -2.31587 6.17229 
4.00001 -1.89477 1.82137 4.00075 -1.89354 6.20198 
3.99986 -1.47374 1.80308 4.00047 -1.47415 6.28635 
3.99986 -1.05253 1.84709 4.00050 -1.05306 6.20439 
3.99966 -0.63135 1.81101 3.99937 -0.63099 6.16081 
3.99964 -0.21059 1.80341 4.00010 -0.21050 6.22338 
3.99164 0.21437 1.83143 3.99963 0.20998 6.15112 
3.99499 0.63296 1.79387 4.00111 0.63140 6.22537 
3.99764 1.05643 1.82975 3.99977 1.05244 6.15644 
3.99163 1.47419 1.85643 4.00053 1.47352 6.27747 
3.99130 1.89343 1.82475 4.00106 1.89524 6.18737 
3.97512 2.31239 1.82303 4.00430 2.31649 6.17816 
3.99197 2.73593 1.82236 4.00050 2.73685 6.22533 
3.99533 3.15645 1.75340 4.00086 3.15806 6.18714 
3.98514 3.57344 1.75715 4.00196 3.57965 6.19246 
3.99500 3.99763 1.69452 3.99999 3.99964 6.21548 
-3.99171 -4.01029 1.81220 -3.99920 -3.99791 6.46596 
-3.55265 -3.92153 1.78823 -3.55514 -4.00231 6.26059 
-3.17823 -4.05787 1.77081 -3.13664 -3.91119 6.25007 
-2.72314 -3.95391 1.76974 -2.74317 -4.02102 6.22887 
-2.31536 -3.99580 1.77999 -2.31246 -4.00057 6.22626 
-1.89464 -3.99706 1.81355 -1.89219 -3.96986 6.20481 
3.99997 3.99996 1.99882 4.00002 4.00003 6.00018 
3.57894 3.99995 1.99912 3.57892 3.99993 6.00072 
3.15792 4.00001 1.99966 3.15793 4.00000 6.00128 
2.73685 4.00005 1.99914 2.73683 4.00008 6.00080 
2.31578 4.00000 1.99974 2.31575 4.00000 6.00058 
1.89476 4.00001 1.99977 1.89474 4.00005 6.00060 
1.47367 4.00006 6.00076 1.47366 4.00002 1.99924 
1.05265 3.99997 6.00064 1.05262 4.00004 1.99940 
0.63161 3.99993 6.00036 0.63157 4.00000 1.99954 
0.21054 4.00001 6.00037 0.21055 4.00001 1.99954 
-0.21049 4.00001 6.00074 -0.21051 4.00005 1.99957 
-0.63160 4.00012 6.00087 -0.63158 4.00002 1.99852 
-1.05263 3.99997 6.00062 -1.05261 3.99995 1.99975 
-1.47371 4.00019 6.00051 -1.47373 4.00007 1.99974 
-1.89477 4.00006 6.00030 -1.89478 4.00004 1.99958 
-2.31577 4.00008 6.00174 -2.31581 3.99999 1.99879 
-2.73680 4.00000 6.00043 -2.73678 3.99993 1.99964 
-3.15787 4.00004 6.00060 -3.15786 3.99996 1.99979 
-3.57881 3.99993 6.00076 -3.57880 3.99990 1.99985 
-3.99995 4.00001 6.00079 -3.99998 4.00004 1.99921 
4.00010 -3.99999 1.99960 4.00001 -4.00004 6.00042 
3.57888 -4.00008 1.99961 3.57894 -4.00004 6.00071 
3.15787 -3.99997 1.99949 3.15794 -3.99996 6.00054 
2.73679 -4.00008 1.99958 2.73673 -3.99999 6.00052 
2.31571 -4.00000 1.99913 2.31571 -3.99997 6.00042 
1.89475 -3.99998 1.99855 1.89460 -3.99995 6.00081 
1.47356 -4.00004 1.99926 1.47367 -4.00006 6.00124 
1.05251 -4.00009 1.99985 1.05263 -4.00000 6.00046 
0.63154 -3.99997 1.99913 0.63150 -4.00004 6.00045 
0.21043 -4.00002 1.99969 0.21049 -4.00002 6.00155 
-0.21057 -4.00001 1.99989 -0.21055 -4.00003 6.00067 
-0.63160 -3.99998 1.99984 -0.63150 -4.00003 6.00060 
-1.05257 -4.00000 1.99987 -1.05275 -4.00009 6.00046 
-1.47370 -4.00000 1.99989 -1.47363 -4.00010 6.00080 
3.99995 -3.57890 1.99962 3.99997 -3.57898 6.00043 
4.00010 -3.99999 1.99960 4.00001 -4.00004 6.00042 
-3.99995 4.00001 6.00079 -3.99998 4.00004 1.99921 
-3.99993 3.57898 6.00122 -3.99987 3.57890 1.99978 
-3.99996 3.15791 6.00095 -3.99997 3.15790 1.99985 
-4.00013 2.73698 6.00068 -3.99999 2.73688 1.99980 
-4.00005 2.31582 6.00085 -3.99996 2.31577 1.99967 
-4.00002 1.89474 6.00156 -3.99990 1.89462 1.99956 
-4.00000 1.47370 6.00047 -3.99998 1.47370 1.99967 
-4.00006 1.05265 6.00059 -4.00006 1.05268 1.99930 
-3.99995 0.63157 6.00061 -4.00002 0.63160 1.99966 
-3.99997 0.21060 6.00049 -3.99994 0.21054 1.99929 
-3.99995 -2.73680 1.99925 -3.99994 -2.73670 6.00390 
-3.99999 -3.15788 1.99980 -4.00004 -3.15788 6.00087 
-3.99994 -3.57882 1.99986 -3.99978 -3.57886 6.00014 
-3.99993 -3.99989 1.99978 -3.99988 -3.99990 6.00056 
-4.00007 -2.31573 1.99912 -4.00013 -2.31570 6.00145 
-4.00016 -1.89470 1.99985 -4.00004 -1.89466 6.00075 
-4.00001 -1.47362 1.99948 -3.99985 -1.47356 6.00057 
-4.00003 -1.05253 1.99951 -3.99992 -1.05253 6.00043 
-3.99997 -0.63159 1.99948 -3.99991 -0.63146 6.00041 
-3.99997 -0.21056 1.99949 -3.99991 -0.21042 6.00033 
4.00004 -3.15791 1.99970 3.99999 -3.15794 6.00027 
3.99998 -2.73689 1.99968 3.99999 -2.73690 6.00027 
4.00006 -2.31573 1.99962 4.00005 -2.31577 6.00023 
3.99992 -1.89483 1.99943 3.99997 -1.89479 6.00096 
4.00007 -1.47365 1.99958 4.00006 -1.47361 6.00044 
3.99996 -1.05272 1.99970 3.99998 -1.05267 6.00116 
3.99997 -0.63161 1.99922 4.00003 -0.63155 6.00182 
4.00000 -0.21048 1.99971 4.00003 -0.21051 6.00059 
3.99999 0.21058 1.99982 4.00004 0.21056 6.00043 
3.99999 0.63163 1.99984 4.00001 0.63160 6.00027 
3.99999 1.05265 1.99985 3.99997 1.05247 6.00053 
3.99996 1.47374 1.99981 4.00002 1.47365 6.00032 
3.99999 1.89481 1.99973 4.00002 1.89469 6.00049 
4.00000 2.31586 1.99948 4.00004 2.31576 6.00067 
4.00001 2.73684 1.99988 3.99999 2.73671 6.00090 
3.99998 3.15792 1.99953 3.99994 3.15787 6.00042 
4.00001 3.57895 1.99976 4.00001 3.57892 6.00072 
3.99997 3.99996 1.99882 4.00002 4.00003 6.00018 
-3.99993 -3.99989 1.99978 -3.99988 -3.99990 6.00056 
-3.57902 -4.00004 1.99984 -3.57909 -4.00000 6.00052 
-3.15803 -4.00013 1.99988 -3.15806 -3.99996 6.00072 
-2.73679 -4.00010 1.99988 -2.73697 -3.99987 6.00140 
-2.31569 -4.00006 1.99985 -2.31590 -3.99995 6.00069 
-1.89474 -3.99998 1.99974 -1.89473 -4.00001 6.00176 
3.99863 3.99933 1.94710 4.00029 4.00016 6.06442 
3.57753 3.99925 1.94218 3.57958 4.00033 6.07486 
3.15776 3.99983 1.94118 3.15794 4.00005 6.06348 
2.73687 4.00000 1.96016 2.73701 4.00000 6.07991 
2.31578 3.99989 1.92947 2.31623 4.00006 6.05469 
1.89475 3.99994 1.94923 1.89472 3.99992 6.03950 
1.47368 4.00052 6.05154 1.47368 4.00007 1.95319 
1.05264 3.99995 6.06939 1.05271 4.00006 1.96221 
0.63122 4.00017 6.06056 0.63253 4.00143 1.95087 
0.21282 4.00205 6.05605 0.21065 3.99961 1.96355 
-0.21029 4.00126 6.05854 -0.21157 3.99726 1.95279 
-0.63116 4.00195 6.06250 -0.63230 3.99721 1.96228 
-1.05372 3.99112 6.04638 -1.05255 4.00096 1.95132 
-1.47379 3.99419 6.04824 -1.47536 4.00115 1.95368 
-1.89619 4.01719 6.11242 -1.89614 3.99720 1.94724 
-2.31989 4.02292 6.57172 -2.31481 3.98846 1.68950 
-2.73635 4.00100 6.05288 -2.73809 3.99985 1.92556 
-3.15377 3.98878 6.28256 -3.16582 4.02196 1.69363 
-3.58665 3.99442 6.18835 -3.58039 4.00296 1.94515 
-3.99363 3.98791 6.12948 -4.00035 4.00207 1.93537 
3.99999 -3.99994 1.94589 4.00025 -4.00108 6.06995 
3.57891 -4.00002 1.94929 3.57794 -3.99932 6.07338 
3.15781 -3.99987 1.93674 3.15893 -4.00095 6.08379 
2.73683 -4.00006 1.93849 2.73749 -4.00050 6.05661 
2.31580 -3.99986 1.95213 2.31580 -3.99995 6.06967 
1.89476 -3.99993 1.95459 1.89462 -4.00004 6.05521 
1.47370 -4.00006 1.95176 1.47368 -4.00001 6.05557 
1.05269 -3.99967 1.95244 1.05252 -3.99984 6.06208 
0.63157 -3.99997 1.95300 0.63116 -3.99999 6.04289 
0.21062 -4.00057 1.94598 0.20932 -3.99835 6.08278 
-0.21080 -3.99902 1.95606 -0.21029 -4.00050 6.04472 
-0.63186 -4.00162 1.95113 -0.63208 -3.99881 6.06385 
-1.05126 -4.00860 1.94143 -1.05274 -3.99983 6.04109 
-1.47321 -4.02637 1.94185 -1.47400 -3.97971 6.07999 
3.99995 -3.57885 1.94447 4.00059 -3.57969 6.05687 
4.00003 -3.99993 1.92566 3.99878 -3.99981 6.07610 
-3.98683 3.97503 6.26720 -4.01463 4.02849 1.80483 
-3.98285 3.54892 6.22049 -3.99274 3.56596 1.94448 
-4.02740 3.20139 6.08740 -4.00217 3.16206 1.94505 
-4.00369 2.72143 6.10136 -4.00840 2.76100 1.91872 
-4.01059 2.32948 6.06103 -3.99084 2.30435 1.94563 
-3.99248 1.88640 6.03929 -4.00286 1.89533 1.95078 
-4.00633 1.48010 6.06402 -3.96925 1.44268 1.95634 
-3.99414 1.04564 6.04226 -4.01903 1.06955 1.94570 
-3.99562 0.62662 6.05184 -3.99851 0.63037 1.96262 
-3.99275 0.22110 6.05233 -3.99350 0.19473 1.44829 
-3.99874 -2.73547 1.95715 -3.96719 -2.68623 6.87998 
-3.99935 -3.15797 1.94720 -3.99749 -3.15723 6.07488 
-3.98094 -3.54771 1.93764 -4.01407 -3.60276 6.09426 
-3.99432 -3.99016 1.94361 -4.00651 -4.01025 6.07178 
-4.04990 -2.38281 1.92103 -4.00342 -2.31705 6.04659 
-3.98029 -1.87250 1.83785 -3.97082 -1.85883 6.14745 
-3.98872 -1.46225 1.92805 -4.04974 -1.52557 6.28584 
-4.06230 -1.10701 1.95496 -3.97475 -1.02976 6.05383 
-4.05965 -0.67600 1.94420 -3.94410 -0.58894 6.08030 
-3.97033 -0.19223 1.80243 -4.01244 -0.21825 6.11204 
3.99997 -3.15791 1.94375 4.00022 -3.15804 6.05058 
3.99995 -2.73680 1.94851 4.00062 -2.73720 6.06077 
3.99997 -2.31570 1.94878 3.99979 -2.31552 6.05375 
3.99997 -1.89478 1.94991 4.00025 -1.89446 6.05835 
3.99996 -1.47370 1.94701 4.00046 -1.47419 6.05847 
3.99981 -1.05247 1.95599 4.00002 -1.05283 6.04643 
3.99981 -0.63147 1.95345 4.00007 -0.63168 6.04477 
4.00002 -0.21054 1.95718 4.00003 -0.21052 6.04158 
3.99969 0.21148 1.96554 4.00003 0.21051 6.04285 
4.00008 0.63238 1.95614 3.99985 0.63149 6.04883 
3.99820 1.05170 1.96362 4.00009 1.05263 6.06044 
3.99796 1.47349 1.95372 4.00019 1.47376 6.04201 
4.00000 1.89404 1.95546 3.99994 1.89475 6.04740 
3.99887 2.31552 1.96040 4.00000 2.31584 6.06085 
3.99743 2.73630 1.94550 4.00031 2.73685 6.06459 
3.99969 3.15775 1.93448 3.99988 3.15784 6.07376 
3.99933 3.57865 1.94413 4.00012 3.57897 6.05410 
3.99905 3.99956 1.93682 4.00014 4.00004 6.05675 
-3.98296 -3.97109 1.94331 -4.01907 -4.03773 6.08525 
-3.59722 -4.04064 1.91673 -3.57130 -3.98225 6.06309 
-3.14947 -3.97842 1.94644 -3.17078 -4.03875 6.07383 
-2.72696 -3.96370 1.93217 -2.74657 -4.03809 6.06652 
-2.31705 -4.00731 1.93040 -2.31683 -4.00829 6.06488 
-1.89403 -3.99201 1.94718 -1.89412 -3.99255 6.04635 
